0.16684112459954217 0.012820645370521345 0.0 0.02353256014121758 0.09684875647299594 0.4595453932420103 0.8092323125224458 0.24811356929552592 0.0 0.21168786528183198 
0.039846690622277386 0.0 0.036061315069381206 0.1302299555430835 0.3120526469936718 0.34077170752385666 0.5942162326610787 1.083524099724118 0.0 0.0 
0.0034621557304368314 4.082167098983283E-4 0.1824573666079254 0.17861307073424676 0.47170691699631323 0.36739327529122595 0.4279859320224144 1.0834089246327472 0.04937278452923762 0.0 
1.2638951814240824E-4 2.9950740213458466E-5 0.0 0.003012982472199179 0.2053814542631581 1.4466407888904524 0.0037101628676314545 0.01789506488142321 0.0 0.5413590752003726 
0.0 0.0 0.0 0.0 0.600105058975911 0.0 0.025961926860122917 0.18001832025337647 0.0 0.007365526989732632 
0.27964057784479746 0.16976045922118635 0.0 0.0358730795345365 0.034046593608856326 0.39456639107628827 0.0 0.6696545773862776 0.17168899033066953 0.011662114236358942 
0.0 0.0 0.6218858918919867 0.0 0.0 0.23703130480554455 0.03812405629161732 0.7846068939492162 0.0709667693678138 0.06309831846390972 
0.0 0.0 0.0022085891095521806 0.0 0.23126732157191487 0.0286966239343272 0.24538726406276826 0.20655172805252928 0.08843897720673222 0.1035983088730008 
0.0 0.0 0.0 0.0 0.0 0.3094719391816068 0.0574480334188507 0.11878932360399426 0.1850577153402611 0.036148788060521166 
7.42931392650127 0.0 0.054731096802194366 0.0 4.995945796897095 0.0 0.0 0.0 0.0 0.0 
1.1877474187586998 0.41874253848747084 0.0 0.0 1.3875205820091163 0.04123001014341363 0.0 3.1980462122924798 0.0 0.0 
8.332154184021917E-5 1.488595001022719E-7 2.085624124715744E-4 0.8778641297847057 0.072236114176544 0.0 0.0 0.071276586771043 0.0 0.7789847139986812 
0.0 0.0 0.6524135672773234 0.0 0.25155314774376974 0.9572396125674076 1.360674004000371 0.1810016271839433 0.014777885510367144 0.0 
0.043735894487516115 0.0 0.08039661353715653 0.004071245355640887 0.19407546459282699 0.21193676161678135 0.12207040760719104 0.4893425640127715 0.11951654184793165 0.0374036504323451 
0.1232069216537792 1.5108668705923038 1.2525471167062652 0.0 0.0 0.0 11.832275391285377 0.7411949272977094 0.0 0.0 
0.0 0.0 0.0 0.0 0.0 0.43542884836846985 0.0 0.1409688821482601 0.19006885160770853 0.04130620253503843 
0.0 0.0 0.8375662253570648 0.02542568317978986 0.33274650000889827 0.8291600353092122 0.21938014184281993 0.12608105641994824 0.010293893186422255 0.0 
0.05996315587833751 0.009033547619879864 0.3701950043089262 0.0 0.992818861338674 0.0 0.7996808384013444 0.0 0.007039006306522102 0.0 
0.10924779262057517 0.0 0.15682194914884753 0.0 0.05280438069843574 0.14658009268076114 0.17803839124297072 0.8890560220591341 0.09499069959711619 0.027443114529505274 
0.0 0.0 0.0 0.12524050616526608 0.2884164946660771 0.09879862363855298 1.0684096422334945 0.0 0.16725936971935756 0.025745320291819886 
0.011542143940099017 0.010340577955088758 0.009546113336257881 0.015355283227947176 0.6311828775548406 0.26898834471315486 0.17669848770499308 0.462755103060786 0.08145868503319612 0.0 
0.12350384488399643 0.019503533344314036 0.6133398489303881 0.0 0.38823043525871637 0.0 3.3943016190232282 2.0735457426402615 0.061015875470146086 0.040141879375112204 
0.38595239439494694 0.2571270784384542 0.047570687293027325 0.3376037611899238 0.1807800328453104 0.1768909450098208 0.0 0.31238551355669736 0.09224195104766217 0.0 
0.3457606023956622 0.3670978011264211 0.0 0.0 0.34768532967064614 0.24136216905868565 0.0 0.05277625805651225 0.0735781424760451 0.36229206099187083 
0.038037627953993576 0.01665575113129066 1.4323380651315294 1.0894047187713998 0.0 0.01690570222911122 2.343537887487305 0.7663534669550962 0.11102868316210035 0.0 
0.0 0.0 0.0 0.0 1.182678719537925 1.2189678110299924 0.0 0.0 0.2235011914171205 0.0052668774625448415 
0.08226417497263301 0.0 0.0 0.19393582610339283 3.1635832359516507 0.420485970562946 0.8697415204190619 0.015680463534636566 0.0 0.0 
0.17159695121890792 0.008397063832689504 0.5506687728942179 0.02218045570026707 0.29027613341508185 1.1045928702543932 0.4814828917312932 0.1477052371206194 0.012059400334737867 0.0 
0.21630925671671075 0.1820178283581338 0.49277419540980655 0.006033854395071403 0.0 0.4615479192554019 0.18786299303183743 0.007773708594865575 0.0 0.05315826556350924 
0.8851020167086026 0.0 0.0 0.0 0.0 0.21139944653365464 0.04920919858100393 0.1704903813476291 0.15118776700965061 0.1445775688013581 
0.09486680657589444 0.0 0.13617847244225764 0.0 0.23461127709470397 0.21405305837982033 0.0 0.9450720026448431 0.002799370607139894 0.02740145483268644 
6.241079632064582E-5 4.258465854913298E-4 0.013095931788967957 0.10910255308521824 0.9019493306399037 1.5447106851619739 0.0 0.19492214664708057 0.1638548673229961 0.08567807555858582 
4.55487027950853 0.0 0.0 0.0 0.0 0.0 1.8246909540824834 0.01599322677756545 0.0 0.0 
0.001653696032572691 1.4848250713366107E-4 0.005623483053383438 0.008767550208579715 0.07098446872579546 0.5364685953028021 0.8530841366139615 0.013119641504621627 0.0 0.07576226427559024 
0.7964657548927699 0.0 0.0 0.0 0.057416446129720446 0.20394284646684036 0.1233027490716936 0.40371877466512646 0.18204621201282017 0.0 
0.6903487649508898 0.7329508100920396 0.0 0.0 0.0 0.0 0.0 0.05769727714905459 0.07812750966152578 0.39548699722138786 
0.0 0.0 0.0 0.0 0.7162737738794875 0.0 0.011469538681605362 0.2745405187816434 0.0 0.08779821165890223 
0.0 0.0 0.0 0.0 0.0 0.0 11.530544278356297 0.06289755280932514 1.1840151680647517 0.0 
0.0045361283028104 0.0 0.255171468218541 0.0 0.06450439766492598 0.14903380615599846 0.0 0.6854757332757867 0.0 0.019538039546501067 
1.0298211368211667 0.0 0.5278953476899552 0.010547661261614024 0.010652980328768208 0.40331796656429525 0.1798047465701434 0.0108674861065393 0.0 0.26965379244754967 
3.3894562721179176 0.0 0.01972550299649547 1.13998162454683 1.795568098878455 0.16150295750176927 0.0 1.8555549151289734 0.0 6.479680842291182E-4 
0.0 0.0 0.0 0.0 0.0 0.0 0.0 0.0 0.0 5.85168952954419 
0.004922245708499764 0.006028901558772208 0.043190076575088145 0.01667319650818464 0.5662740615466728 0.0 0.0 0.08689634358490132 0.005213909015040716 0.005211362002689014 
0.0 0.0 1.5535988376974896 0.0 0.032953478878307865 0.20555214844376285 0.182681664170727 0.003886273882099887 0.0 0.2342713422102263 
0.05407510034995073 0.020960784689900976 0.2077402753252311 0.27106816511182663 0.10339916616024589 0.2886123171410362 0.04371582194196425 0.9930607818572433 0.03604875533787093 0.0 
0.05849167221888975 0.04077201601335921 0.0 0.09926368823224896 0.17841614848063042 0.0900299073367488 0.9735846264404422 0.24403941615215907 0.077835005018608 0.051525525202063854 
2.5365844349572466 0.6153454160888044 0.0 0.0 0.9120554120109057 0.0 1.6280413473871054 0.0 0.0 0.6997638263584399 
0.006829862682932864 0.004273223449521971 0.7026768461056605 0.0 0.1772837807250896 0.15809321208875954 0.0 0.11912118323017244 0.0 0.009981464882426764 
0.3760713489952364 0.0027019881883800787 0.41748612410154595 0.005391658339307505 0.0 0.08834923783431424 0.5378215111942695 0.007176941903939958 0.06012368446505237 0.05113369906400205 
6.897370499942968E-4 7.302760238113559E-6 0.01679733349361965 0.0 0.0706860251154259 0.8144780026166207 0.0417193123601752 0.6196495667222558 0.16854957029781598 0.29029603488347433 
0.7137180498892798 0.0 0.0 0.097916013611522 0.00909743146750225 1.257030721470643 0.13732034405104476 0.3503217467844956 0.0 0.0 
0.253534949776051 0.14731738950010448 0.9022966882939927 0.0 0.31957495807057257 0.0027617410043286952 0.1565219975854922 0.0 0.005620653270747874 0.023253786550040727 
0.0 0.0 0.0 0.0 1.536201501927159 1.7023715240993487 1.0277863409970776 0.014143412420634896 0.013315140850941464 0.0 
0.5898652706644598 0.0 0.0 0.010793765576567093 0.1437485722914294 0.0 0.8342907107242556 0.0 0.18133998214687752 0.013831655310979048 
0.0 0.0 0.05522639744216355 0.05101177892696905 0.3321491777123508 0.4400387666977826 0.043856082328125386 0.07201984283797037 0.0015656013350892387 0.2670896789250756 
0.16386711132075785 0.03911189288292001 0.8026316004432201 0.0 0.7449806633057781 0.0 0.9502124632086804 0.6011738072796518 0.16990510933009875 0.0 
1.1339994872699297 0.0 0.0 0.0 0.0 0.0 0.0 0.15466598031933132 0.4020088254443945 0.0 
2.7194783683845687 0.0 0.08914456879513662 0.3872117694062648 3.940510239821321 0.0 0.0 0.0 0.0752342297545448 4.8796754791849244E-4 
0.19465343088187217 0.007230134013282757 0.7982999494488843 0.0 1.1397289939451785 0.0 0.11274862602256445 1.0227116902161069 0.0 0.0 
0.0 0.0 0.11813301487010276 0.24199386058460567 0.5022510160094159 0.10832742149244214 0.03594615661087614 0.2894509864469743 0.0 0.011843011588371581 
0.13307646293338818 0.0 0.09549817622716293 0.0 0.2173466159352176 0.19997518246825224 0.42318545713580197 0.0 0.0 0.2872730221376645 
0.0 0.0 0.0 0.0 0.8317658398246403 0.22843915511944118 0.0 0.2346737392574372 0.0 0.3006346861081942 
0.0030397239872085482 0.0 0.14329887949310294 0.15270642490575154 0.17471098601580265 0.23713941779569586 0.016003565376582443 0.40184175106189524 0.17342792372538587 0.0 
0.0 0.0 0.0 0.0 3.1248065227346284 0.38198258814380137 1.1613671868394857 0.015475409847780782 0.0 0.00756732930760853 
0.7511914375168526 0.04024750248175277 0.0 0.108578655161676 0.017152738897814664 0.5951328265241568 0.02997413623355638 0.5107447453946877 0.0 0.24163242287339243 
0.0 0.0 0.0 0.08417550447373587 0.5013916167304974 0.8289645173565784 0.5911624889731525 0.0 0.007882628857312661 0.0 
21.823357746285687 0.0 0.0 0.0 0.0 0.0 0.0 0.0 0.0 0.0 
0.03990786224128868 0.01747468118876086 1.445536497557874 0.5817542046276095 0.0 0.013678920379108289 3.2549948710816374 0.831001820416964 0.12039488539510958 0.0 
0.0 0.0 0.07007448638150475 0.06472673165867442 0.3035861360413043 0.4400387666977826 0.043856082328125386 0.07201984283797037 0.0015656013350892387 0.2670896789250756 
0.06084518654145428 0.0 0.0 0.1434410728638259 2.3398862529762368 0.5202031260216454 1.0834268917453365 0.013750384526132866 0.0 0.016732355825505123 
0.0 0.0 0.0014636286428836838 2.045279818147051E-4 0.17467717869652372 0.02167468050778925 0.5931964423705508 0.14279371928310686 0.10965586558753064 0.021424964586870623 
0.0 0.0 6.743257856580879E-4 1.94817977513827E-4 0.09101038726504437 0.011292952414162536 0.5484754077257807 0.012548717820508613 0.07797886557858894 0.11734741317113782 
0.0 0.0 0.019402549402965274 0.0 0.016282740038152308 0.7653259697561515 0.002830055294855509 1.4066028998191336 0.0 0.04902290404231645 
2.307234209616735 0.0 0.0 0.0 1.992751301630576 0.01948491362571892 0.0 1.7078620509542215 0.00971023158861074 0.0 
1.3106811710070505 1.1068353426460744 1.8530701325329102 0.24460827067570645 5.692485359880136 0.0 4.422800121576825 0.0 0.0 0.0 
1.5269861104339169 0.6774190715991228 0.0 0.3039110803105779 3.092790092086536 0.0 0.47858784967284745 0.4290977324736209 0.0 4.4041383497550813E-4 
0.0 0.0 0.0 0.002240269537603965 0.016147038705773695 0.8136724228510116 0.49197224254489014 0.18059271289308226 0.0 0.12200625924153721 
0.2881189948496153 0.0020700702752590233 0.5025582266594852 0.0053678766212887285 0.0 0.0 0.4822958804248264 0.006435981905283511 0.29271395851664844 0.05402152435441684 
0.009927837753574784 0.0 0.46801881745291046 0.09709748107586016 0.0 0.28783936781676694 0.019425096779053484 0.571918053276899 0.1567167534666803 0.0 
0.1271583726424073 0.0035964484303952623 0.6371954587265869 0.2505370105252594 0.4609193123677005 0.05978502661930597 0.0 0.7099349250877939 0.0 0.0 
0.0 1.4554827805347088 1.4554827805347088 0.030701950687045305 0.2103069900985639 0.5962203802500003 2.97862214708175 0.7134052339314466 0.15182567677903763 0.0 
0.0 0.0 0.047108573761603496 0.043513469311634835 0.7100229391282638 0.7328681677961407 0.02455581794847026 0.0 0.0 0.0 
0.0 0.0 0.0 0.0 0.0 0.0 0.0 20.289623450053284 0.0 0.0 
0.07274457837826158 0.0 0.06447515551852258 0.008118850481973227 0.49101424882732864 0.7000854594831712 0.12260585385191544 0.056882047570480085 0.0 0.024996086018721306 
0.0 0.0 0.0 0.0 1.6646276500914137 3.6269742542604915 0.0 0.0 0.0 0.0 
0.08662022825222668 0.0 1.0261147382852922 0.03890085701112979 0.01575278098455563 0.0 0.5103681826048342 0.40208141948084936 0.43887844382891267 0.6442726127870267 
0.026841318924416928 0.0 0.10165243726609373 0.0 0.15113706434785462 0.18389038835908955 0.4014123851813474 0.6435772023985874 0.0 0.12062503904804031 
0.0 0.0 0.0 0.0 0.0 0.0 0.0 0.0 4.098412536319184 0.0 
0.0 0.0 1.4543402751933991 0.0 0.0501929593454686 0.0 0.6301258209799405 0.08475664293453734 0.0 0.028870552496924898 
0.03036603194025604 0.0 0.024328856883375168 0.18831790402738824 0.36787394620697716 0.3557829474460264 0.29827634777963236 2.4134046580272166 0.0 0.0 
0.0 0.0 0.6177281567890011 0.0 0.3649152468414452 0.0 1.3661566163127499 2.219560770353188 0.37540659924663045 0.1318782114188272 
0.417143068125343 0.006951525870817778 1.3271463711430498 0.011858060610784094 0.23234896134282434 0.11368643825478006 2.6866868281712657 0.0 0.0 2.2710111662014158E-4 
0.0 0.0 0.0 0.0 29.498890476267334 0.0 0.0 0.0 0.0 0.0 
2.31816032450529 0.01665546134349087 1.5956706444002016 0.1830269917165526 0.0 0.0 0.37166698669041803 0.017688001175423105 0.0 0.060987370904826775 
0.0 0.0 0.0 0.0 1.1186700905120797 0.013910225939431645 0.0 0.0 0.03678611762672424 0.1653940040952185 
0.0 0.0 0.9510740793601569 0.1830603751458886 0.4253826212274643 0.6842380608253902 0.544000518573265 0.0 0.08106098377738266 0.12659944208984336 
1.3500835517134084E-4 1.3500835517134084E-4 1.6090953797073563E-4 0.18170565013173656 0.7211963748230716 0.024021296639846743 0.0 0.04286929489244507 0.34977789897895534 0.37004833263074555 
0.20005999584163506 0.05806703238724523 1.8519817154022629 0.18299256593007057 0.0486391105199574 0.2289567596786735 0.05686696362410674 0.010362204732496418 0.0 0.034129363671687236 
0.038654744718315 0.0 0.034260569417045646 0.023792159479674897 0.3267181094135917 0.4658329127852323 0.08158124304784418 0.3715539999175101 0.0046336605515696115 0.022211116130873308 
0.04019206972201143 0.025146873779776917 0.05964277122705348 0.11645423969887253 0.10959081705089926 1.2218758476620528 0.04081040225342505 0.03360681880414478 0.0278159584080214 0.19351398825538443 
0.0 0.0 0.43829393692760865 0.012474441398558668 0.45772562574066755 0.5053973843873637 0.0 0.057315890996344154 0.0 0.16345684888313064 
0.07940488053071347 0.046138489875597224 0.745470365049914 0.0 0.6701490450940559 0.0026229306296414734 0.1486549032064102 0.0 0.005338148508253275 0.022085006849537115 
0.2783076201772188 0.9303390428967973 0.0 0.0 0.06811986695156426 0.31002658044143555 0.005339153383545308 0.0 0.0 6.168601458885591E-5 
0.0 0.0 0.0 0.0 0.0 0.8868147271665331 0.08079705267238622 0.7213866825094343 0.3751328312110735 0.011046125716214461 
0.0 0.0 0.035265665515221194 0.017229855265729576 0.7082376446618306 0.19867364326998693 0.15229645447218187 0.45783349383134486 0.005417710426628458 0.0 
0.0021678501080122695 1.9464751247354195E-4 8.1847756461373E-4 0.0037558080580402165 0.03040804253109996 0.22981026913904337 1.2095753175309456 0.013119641504621627 0.0 0.07576226427559024 
0.0 0.0 1.1212524045926093 0.03403743792509741 0.4454487322428716 0.054413942277246066 0.4619610323561668 0.0 0.2635399859101642 0.0 
0.0 0.0 0.0 3.2538041159251403 0.0 0.0 0.0 0.0 0.0 0.0 
0.31259292292508906 0.0 0.5491344936500054 0.0 0.3488212189928196 0.0 0.5391252208764787 0.807017498372459 0.010970752339471992 0.08403827371490062 
0.07171449838958553 0.23973040246295155 0.300682236753524 0.0 0.6646632154352126 0.3100323651858798 0.005339253006093247 0.0 0.0 3.1978631903488354E-5 
3.713586883762236E-4 9.56572206977145E-4 4.2529032554197986E-4 2.493565550144382E-4 0.20969531927466775 0.02601987897430895 0.6350858348878677 0.035861160274867895 0.18723748502980514 0.003092969582398189 
0.0 0.0 0.0 0.0 2.50610556028286 0.4297539387624346 3.0885289049901825 0.01997145632853885 0.0 2.341843570363737E-4 
0.0013220311171783664 2.660715389563098E-4 5.356290037796642E-4 5.738036621632233E-4 0.04324670704085501 0.06329313052519832 0.01173479760549394 19.67795953924127 0.0 2.8178829235683422 
0.33638550638955683 0.0 0.4966022090751961 0.2717549007096156 0.27774779449689135 0.05586849879708458 0.0 0.6634269607478547 0.0 0.0 
1.4693714740204729 0.0 0.1083140562917349 0.0 2.7925799614986064 0.0 1.750737874077604 0.0 0.03685711829484579 0.0 
0.0 0.0 0.0 0.0 0.0 0.0 20.73827021064184 0.0 0.0 0.0 
0.0 0.0 0.0 0.0 0.5353454310663218 0.3520530356257475 0.2880229173766608 0.18316503235622367 0.10509628976297297 0.3658939157288679 
0.014375500431059316 0.0 0.01274132927308455 0.008848181545326414 0.12150478180456363 0.8828957533753343 0.09544391749013267 0.43469023008705815 0.00542103428237699 0.02598533506183008 
0.0 0.0 0.0 0.20019004910874605 2.5799478146263772 0.9194197102799585 1.1740833730620541 0.1624772057687927 0.0 0.7232032891808811 
0.02877335904183342 0.028351158341631353 0.7570175439295189 0.02071320281963175 1.5431438289339112 0.0 0.0 0.0 0.2096199995032897 0.0316270496423341 
1.8235184913225326 0.0 0.0 0.0 0.19671808949769976 0.0 1.6776254376935227 0.1256296597491919 0.0 0.45737943653844054 
0.0 0.0 0.6836733840316996 0.020754016022356048 0.27160828457332514 0.6768117315165461 0.17907164761699265 0.44539153458124614 0.009889803907856631 0.0 
0.04812962659903078 0.03354908197989506 0.0 0.10795813542810487 0.17042624508669227 0.07247496197829635 0.9017909109228179 0.22604355226678474 0.07209532501970588 0.16349670229306248 
0.0 0.0 1.3415681458949724 0.0 0.028456083054928805 0.1774989836379643 0.15774979714438433 0.0033558864231488265 0.0 0.5043148491272146 
0.26928486237461563 0.0 0.0 0.15128747812185658 0.40069126946928785 0.1961521602341475 0.0 0.2614134233572329 0.41184509947651515 0.0 
0.8559126486949618 0.0 0.0 0.11742389669546807 0.010909919771370069 0.6386571382181758 0.1072585108221728 0.5729651926629158 0.0 0.01733803995452429 
1.721631367744096 0.0 1.487061320906966 0.011249382556482097 0.0 0.0 0.39762165462028637 0.9942782652231176 0.18023240895423898 1.3268174162935678 
0.03687316844351217 3.265094660436101E-5 0.0829017813361449 0.01715887105676989 0.20734051027412384 0.22642262581548867 0.3948215087424464 0.7184443877056266 0.0 0.05966607754423521 
0.0 0.0 0.0 0.0 2.072562807822119 0.20227410931951653 1.4062783392738922 0.08417892607054278 0.01992611626899431 0.008498199154938855 
0.4886702211327329 0.013770608271430671 0.0 0.0 0.519742785147935 0.9674799717322036 0.0 0.0 0.0 0.2485090580046245 
0.006518485893201443 4.56870678755358E-5 0.005817974094443203 0.004040276325201434 0.39233931221144375 0.4497004374749168 0.07875596524300822 0.35868654129532007 0.004473190107354684 0.0 
1.0676515313074428 0.3300027493157825 0.0845155857919284 0.0 1.2801456905526076 1.4693112784867666 0.0 1.6731298458386203 0.009512757937230533 0.0 
0.15170939902676542 0.5071409004149235 0.6360822770884107 0.0 0.2882793471591419 0.3047662267338409 0.006352564088789284 0.0 0.0 3.804770225476811E-5 
0.0 0.0 0.42813100221900624 0.0 0.646020668205683 0.0 0.16567106622796798 0.061360251811317615 0.015303845796262375 0.017125093909404733 
2.558081671049947E-5 2.25991929591813E-5 0.0031720663662398174 0.001510507352932313 0.3855606098338886 0.3119115830307837 0.03300309885988623 0.6492393426282048 0.02500445024566103 0.19945081821605506 
0.4498522437991437 0.003232087348608304 0.49939212381868286 0.006449440001786917 0.0 0.0 0.5794727717050494 0.007732755813740523 0.0 0.05287822177385038 
0.0030559112028895807 0.0 0.14406197833989504 0.15351962105324082 0.17564136141316916 0.1305416912065127 0.0292585620643042 0.524898711153456 0.17999928252383043 0.0 
0.2314203533091513 0.0 0.10628698741159828 0.16098887856462896 0.05120950425012036 0.9253542762873295 0.0033576258907889287 0.6160239895084135 0.0 0.05584733161789212 
0.5759453787259806 0.1900945553944109 0.10397483889226493 0.0 0.0 0.20779598059771448 0.0 0.21974840795607142 0.3850726096055157 0.008042521861697453 
2.3159323874937416 0.01663945411638957 0.0 0.01579438742436137 0.0 0.0 2.469701030897363 0.024217999158695092 0.0 2.437950845196425E-4 
0.02256409720622835 0.015339416773663055 0.0 0.2166167703483449 0.22873686062213952 0.18124054619090438 2.3287283574581448 0.07513906788113904 0.05753353125637927 0.09138708653555777 
0.4208649026315687 0.003023819811991673 0.4672125580410907 0.006033854395071403 0.0 0.4615479192554019 0.18786299303183743 0.007773708594865575 0.0 0.05315826556350924 
0.0 0.0 0.0 0.0 0.0 2.0498364178302992 0.0 0.0 0.17927987153410838 0.0 
0.0 0.0 0.0 0.0 0.0 3.899185034823538 1.3416064349300736 0.0 0.0 0.05121048280210173 
0.0 0.0 0.05354021950763878 0.06191976426468212 0.7435073387241399 0.10789900357293603 0.04182886390554 0.2900386346110655 0.019148014731407998 3.4267075017855296E-4 
0.0 0.0 0.5184321966284179 0.0 0.0 0.17179826327329678 0.09145104142033902 0.9534827895611065 0.02409977958564156 0.24210987624179203 
0.970943749325248 0.027360959287757516 0.0 0.0 0.2436073780794281 1.0459711578158448 0.0 0.0 0.006463395852936449 0.048024747280835105 
0.5613835746005864 0.030077934443236316 0.0 0.08114346159412743 0.012818657662654324 0.4447571908176689 0.42650716611996214 0.5155170281770838 0.0 0.24389018129723333 
5.832907418530319 0.0 0.0 0.0 0.0 0.0 0.11468750325306072 0.0 0.0 0.7212351458019939 
0.08457462414642655 0.0 0.04108153859845406 0.10676039952338763 0.21095058324727634 1.5432999724504386 0.05154590197843242 0.0867003186662341 0.03588040379598108 0.04201911809521434 
0.0013891348640748384 0.0018005507331619237 0.005982755798762072 0.009215947426282284 0.22655541663865147 0.9717311070721695 0.7569906031424927 0.0 0.007756752405550364 0.0 
0.008231436684753205 0.001186297987594293 0.02699923671749025 0.23880332795147305 0.20395470908337893 0.0374748319237942 0.0 0.0 0.1743539820614182 0.028758209524820534 
0.8925267536710472 0.0 0.0 0.0 0.06261923854530463 0.2281288826617275 0.13792549658964567 0.2636461997584258 0.18204621201282017 0.0 
2.553035875239848E-4 3.702856738886651E-4 0.0012554129536479887 0.0017664261595926344 0.04493839362793623 0.9605962016312434 0.647899164636783 0.40715569661251566 0.008112709218087603 0.0 
0.33412825660719647 0.0 8.897960580479734E-4 0.014772026315171372 0.09926816758646435 1.5631099114244371 0.0 0.009600056054196391 0.14014312791250638 0.18914614792421502 
0.0 0.0 0.0 0.0 0.0 5.129841574870957 0.0 0.0 0.0 0.5286716257659587 
0.0 0.0 0.048355963054795295 0.04979086117001963 2.3800308297316155 0.35773569611031564 0.0 0.015464127867657287 0.20169390798724404 3.5112209538085564E-5 
0.0 0.0 0.0 0.0 0.932235922540475 0.0076960939114772845 0.0 0.040952371267879484 0.16885128820787107 0.1850247622457513 
0.11776368093609994 0.005443832026902346 0.033492398763645216 0.0 0.0 1.698253834886048 0.13221861010863156 0.25166385619049925 0.03780405811978406 0.04435193291838983 
0.005967882371354432 6.318641877745492E-5 0.007049302981132967 0.0 0.052851249455111916 0.5758592932097204 0.24006003095935427 0.7307515799989232 0.0 0.3582170995186256 
0.0 0.0 1.3188779197164617 0.16880496376199727 0.031555331588033385 0.19683100005096218 0.17493086266396207 0.003721387397198313 0.0 0.22433169840176012 
0.17852205145916825 0.0066309561076231295 0.21034938885082888 0.09416244485209811 2.1598749447036116 0.007598261744765174 0.14000042659314366 2.1494098937275554 0.0 0.0 
5.589816065941534 0.0 0.0 0.0 0.0 0.1422868448803932 0.0 2.6222505035891697 0.0 5.993451274396515E-4 
2.0153989052046418E-5 2.6403853776327097E-5 4.5937508890611103E-4 1.8752927514668097E-4 0.07261429774471466 0.1143995178576871 0.30784769103458953 0.0894346122064525 0.18779705880376377 0.09975620053281375 
2.925195213131207 0.0 0.0 0.31785712458099835 0.8538750366384518 0.003483350314083868 1.8328881311692167 0.0 0.06978610898956672 0.0 
0.62642822163124 0.0 0.005610307529633622 0.5816320694533197 0.0 2.335998957199135 0.0 0.0 0.05993824533482302 0.0 
0.38220195812838464 0.0 0.22527515301649426 0.0 0.6699572370192519 0.5872111656422037 0.05867560924184509 0.06289404949743342 0.0 0.0 
0.0 0.0 1.1890299354080722 6.055019627032308E-4 0.45869147109711916 0.05603161357239026 0.3182188316404269 0.0 0.2517720447463992 0.0 
0.0 0.0 15.094389626104443 0.0 0.0 0.0 0.0 0.0 0.0 0.0 
0.013054201758747526 0.008909436872288781 0.10335185041800342 0.12272058518571308 0.5519386950219739 0.11233209553021109 0.0 0.12443504007686582 0.03421217696344551 0.024563604167301807 
1.2656271988822232 0.0 0.0 0.0 0.08879578247963789 0.09331318167238631 0.0 0.07652795835106482 0.11698706309671632 0.0 
0.7877600291990178 0.2753339727812541 0.0 0.0 0.0 0.28722195030961495 0.013145820160906853 0.3348486402773872 0.09224195104766217 0.0 
0.9614105126242433 0.0607574851918412 0.6648614134289981 0.0 1.5167533627331655 0.20811437029964464 0.2001022040202797 0.0 0.07679195963968267 0.0 
0.0 0.0 0.0 0.0 0.11792310702427103 1.0239113276163094 0.5713914048018396 0.1361999505690484 0.130665885148607 0.03136850451948255 
0.0 0.0 0.0 0.0 0.002443040452571765 1.2246368553889768 0.0 0.7936868083090494 0.17673741766379097 0.021568455531903653 
0.7141960979174309 0.0 0.009318717746295646 0.1385196244585813 0.12322339554305513 0.06675837201946919 0.2967786588384767 0.2284941656758494 0.18117810188974462 0.0 
3.615777836016099E-4 1.5706982096160046E-4 0.011952048976526122 0.28779474305736413 3.0674331002325546 0.0 0.28609694710581035 0.11506067633506589 0.41413560278257217 0.0 
1.6269294153038172 0.0 1.141683605951156 0.0 0.430007513450344 0.0 0.3448739522866388 0.33089226069248834 0.04766222460896479 0.13453345896033236 
1.7480771321971675 0.0 0.0 0.0 0.27150284101271166 0.0 0.21775028321201048 0.20892237004482866 0.03009349601007436 0.08494320488940767 
0.025219693402242286 0.0 0.020205679577526652 0.012392313548397746 0.1056829278346408 0.09522342975874147 1.3189602981824178 2.6946223607971027 0.0 0.0 
1.7716432798059283 0.0 1.016827155705755 0.0 2.4905917137564066 0.0 1.356709909391179 0.0 0.0 0.9279556229301138 
0.0 0.0 0.0 0.0 3.48962393163356 1.9100383885553474 0.0 0.0 0.0 6.209945686027395E-5 
0.7589132753214375 0.4183128825560144 0.0 0.0 0.0 0.0 0.19729714260150938 0.3375652090103443 0.09299029394036573 0.0 
3.3666114503412126 0.0 0.04410825385677001 0.032198607976839766 0.3194061707211996 2.2949675390851865 0.0 0.0 0.0 0.0 
0.6389360879516129 0.21088505273412858 0.11534648815861086 0.0 0.0 0.2305224693856613 0.0 0.2437821246584711 0.15663381178818087 0.06558168295396732 
0.08643177642644272 0.0 0.03205944807733118 0.11849122450377389 0.21509476497551422 1.5736185212241203 0.2717684654039437 0.09772819443704739 0.040444223649884314 0.047449389919260634 
0.0 0.0 0.0 0.0 3.8655973947311084 0.0 0.3715138349112735 0.0 1.2713938343179074 0.0 
0.0 0.0 0.0 0.0 0.23065866445624203 0.22478245770108526 0.8058672298405392 0.011205778160691925 0.018658840823112623 0.1091727245562919 
1.2139048206880692 1.1305123341288985 2.414014324017248 0.0 7.31738873927356 0.0 1.8818427458543612 0.0 0.0 0.0 
0.18667993919113382 0.0 0.38052748162321 0.0 0.746583091114751 0.6039233711135727 0.029963357209921652 0.07895433645750224 0.0 0.0 
0.0 0.0 0.0 0.0 0.0 0.9381667191259795 0.04336044549767715 0.6440250269121838 0.0 0.23136522266499068 
0.0 0.0 0.0 0.0 0.6888403243445612 0.4529941102960192 0.5713914048018396 0.1361999505690484 0.130665885148607 0.03136850451948255 
0.379565303216819 0.12527802153348744 0.1099784566182341 0.0 0.17702114479493966 0.18912526824312945 0.0 0.2000037559973369 0.12850552811328753 0.05380453113121313 
3.684210676263148 0.8937459838911977 0.0 0.0 0.0 0.0 1.8339394084493263 0.0 0.0 0.0 
0.004591279308115172 0.002872614474632128 0.47236464532126826 0.0 0.11917653280812414 0.10627594244762943 0.0 0.4629970939223676 0.0 0.009981464882426764 
0.15065329439774933 0.4065023536960035 0.024296003697720683 0.0 0.04859745422808283 0.23981690575354475 0.5099729714254951 0.0 0.15849765184814316 0.19364946277051098 
0.4629565814539985 0.0 0.004146251246569444 0.0 0.0 1.6259206306323708 0.2596836159876752 0.0 0.03972683425992393 0.0 
0.62708453522081 0.0022446670663598582 1.0647536164441858 0.011471029483716704 0.0 0.19610937966765224 0.1718203805615461 0.07175023192484567 0.0 0.011898832589744347 
0.17955184020403608 0.06275606739507798 0.0 0.0 0.09908947932382496 1.0419745384645203 0.0 0.31181007687387563 0.09207203471023817 0.0032983268042700393 
1.734984270367202 0.4414245041724579 0.1316065532464093 0.0 1.9934259510624286 0.019491510277241126 0.0 1.708440250632935 0.00971351900446592 0.0 
0.5510802583953381 0.0 0.41293522440572644 0.0 0.2423670186057079 0.048751715605711204 0.17248796298317737 0.6584747643554623 0.0 0.0 
0.00739870558558444 0.0025890149140258673 0.03152738714124669 0.03834687017784508 0.575615757529524 0.5999897302983644 0.020103531897781513 0.1739828278475037 0.0 0.117540700606815 
1.2164280307170265 0.0 0.0 0.18984430759811588 0.13170931337070516 0.0 0.11019469486033068 0.2617109864037997 0.02349519678056999 0.06631855977719542 
0.11703418396258596 0.541694543499459 1.1859987240454426 0.0 0.0 0.5381901824662632 2.321187613264005 0.7169019671607338 0.11062143845218327 0.0 
0.27485155381481563 0.24646075596933004 0.0 0.018224910900533898 0.0 0.15134048208259693 0.35438987858233495 0.17707477232926222 0.14040652218966174 0.31088244745242055 
0.0 0.0 0.0 0.06426997709506434 0.46323435209636354 0.48284962727932107 0.31367801716853055 0.18059271289308226 0.0 0.12200625924153721 
1.6475626392026779 1.277632573928529 0.0 0.31785712458099835 0.8538750366384518 0.003483350314083868 1.8328881311692167 0.0 0.06978610898956672 0.0 
0.0 0.0 0.0 0.03785813541698832 0.27286751332624576 0.6490858687327026 0.2979864350796816 0.17155865496135533 0.0 0.1972743382569253 
0.7028413924200735 0.0 0.0 0.0964238292104579 0.0687548911575433 0.49140301843202466 0.08984495464068802 1.3896541173881296 0.0 0.021371526637280945 
0.0 0.0 0.0 0.0 0.0 28.16686363684787 0.0 0.0 0.0 0.0 
3.414674546841314 1.402724967739215 0.0 0.6683312137665519 0.0 0.07694646231310943 0.0 2.5447437513680433 0.2517079871023789 6.477619224310594E-4 
0.5314463429177727 0.0038183226272305035 1.7825264039807767 0.01569430337268634 0.0 0.0 0.4574795684433306 0.09751016261461945 0.3181551480065349 0.17731693790617836 
0.0010948282794997193 0.007828950471327874 0.0794697908357136 0.01851776140545532 0.6884580838159695 0.09991016547724649 0.1282874102015015 0.2943148488306963 0.0 3.4267075017855296E-4 
0.7723168907762402 0.003973981423398412 0.5049325038794126 0.07875143205373533 1.2227091891334732 0.16776844489572315 0.16130955080302004 0.0 0.061904748003202635 0.0 
7.772524527078888 5.259206345755288 0.015049506752198438 0.0 0.0 0.0 0.0 0.0 0.0 4.2431216951764545 
0.0 0.0 0.03392083403199272 0.046909375772145136 0.5825944174999312 0.6072638958484169 0.3138132927301333 0.21611976690240883 0.0 0.11420460601512743 
0.0 0.0 0.0 0.0 0.9853793462695719 0.01225280756043525 0.0 0.0 0.1717342802482286 0.1653940040952185 
0.48476299221467395 0.05739510377190851 0.4752737409222606 0.0 0.255796639520376 0.05145306112413559 0.18204556685408962 0.5793698399436787 0.0 0.0 
2.53410029174681 1.5507183611594386 0.032566882018302004 1.4117070768007556 0.0 0.0 0.0 2.52937989967261 0.0 6.244635882633601E-4 
6.380910061858557E-4 0.0 2.366819973767071E-4 0.0023197163665782533 0.12876610110970918 1.6406720159135735 0.2378173754289225 0.1632993579201132 0.1520983897660575 0.04531055862892567 
0.4125761280182284 0.0 0.0 0.007549605358695016 0.10054368737006521 0.2529532820225411 0.8670333660323808 0.0 0.1884568689259025 0.014374493816030882 
1.9124025492079308 0.0 1.3655840741472227 0.0 2.0010755259129365 0.0 1.356709909391179 0.0 0.0 0.9279556229301138 
0.10659854491214397 0.05752429383644457 0.717669088033437 0.0 0.6784416750846072 0.07766128738587293 0.10976899098578985 0.0 0.005512328914775498 0.02280562664217701 
0.3565905777912656 0.0 0.20847544581978197 0.008383786828296807 0.3016181912252508 0.011561616598012149 0.0 0.5509265247787303 0.4115308482825182 0.2647861580602707 
15.964913913409983 0.41840664311522235 0.12069446952860685 0.0 0.0 0.0 0.0 0.0 0.0 0.7858870487090145 
0.025429847060549085 0.0011157036670822432 0.09823993991633376 0.13021544352043624 0.2041980772994546 0.47879357627489133 0.021115940574021143 0.5200540660219642 0.22726928029993979 0.0 
2.1548394114091374 0.0 1.86124532899935 0.0 0.0 0.0 0.43859919604664455 1.2243586435902623 0.2219389837599427 1.6338488217285818 
0.01382770872077272 0.0 0.005129001486384443 0.05026925927633353 0.06283226331153033 1.641886007253621 0.23799334492890983 0.16541798477874545 0.14849215975221944 0.04531055862892567 
0.8741732068137017 0.0 0.0 0.0 0.0 0.20878918882387676 0.0 0.22079874553161177 0.38691315186446534 0.0 
0.0 0.0 0.0 0.0 0.0 1.0906700776137632 0.5457879784639937 0.13009697916922094 0.12481088919109516 0.029962916006873598 
0.05384358858946571 0.0 0.04969031633969563 0.006125768284662089 0.3704760322242806 0.43629286880437523 0.1604242386527678 0.3193832721317703 0.0 0.11200168308772201 
5.1392784865363624E-5 6.861504899662234E-5 5.470890374640716E-4 7.770571598365516E-4 0.011513411835479544 0.6026761363291465 0.8421237577486749 0.012951081059882678 0.0 0.094903777220094 
0.801969448731698 0.0 0.0 0.0 0.0 0.1915439061242095 0.11580641636717343 0.22136531923234942 0.15285150278738283 0.14616856309031406 
0.0 0.0 0.0 0.0 0.03819658292073348 0.35804484296938394 0.0 0.09368983180083491 0.4065251444736501 0.04831157753676352 
0.19891097889534962 0.029966264677826995 1.2280182657273817 0.0 0.34910795263808075 0.0030736674005753077 0.4204067232441523 0.0 0.007032043429280384 0.0022145178410369138 
0.0 0.0 0.0 3.2538041159251403 0.0 0.0 0.0 0.0 0.0 0.0 
1.0780005733862663E-5 9.52352039568194E-6 0.004685040063020093 0.0022071156240261527 0.5633715349491317 0.05105587512497709 0.0 0.5486873928464452 0.02113184724652019 0.16856056351274995 
0.5699596696557767 0.0 0.0 0.010429519024627569 0.16401841985205196 0.0 0.8342907107242556 0.0 0.18133998214687752 0.013831655310979048 
2.3977548701988503 0.5816670038450098 0.0 0.0 1.0845633890130961 0.0 1.6280413473871054 0.0 0.0 0.6997638263584399 
6.645505929506954E-4 0.0012832732289792348 6.238205845090792E-4 3.6575897112647274E-4 0.31586246972358106 0.039525644811723 0.9573009831687913 0.0 0.2710951333340829 0.0 
0.0 0.0 1.294005139611161 0.03928162778859313 0.5140795654881856 0.06279756519126004 0.20694965131479134 0.0 0.2635399859101642 0.0 
0.5831873201975303 0.0 1.2245166361392081 0.012240384679952514 0.0 0.936304343792659 0.0 0.013854274904998186 0.0 0.09473846563738997 
0.9373372622397823 0.0 0.0 0.03941252044296856 0.04157928739863694 0.0 0.11869899857133312 0.36843934252066163 0.2422247430248386 0.0 
0.0 0.0 0.07190258674012977 0.04923333417604218 0.27281048866920743 0.39543041240817545 0.03168632288642835 0.0 0.0012928240076127816 0.6058455974283489 
0.0 0.0 0.0 0.264458205631878 29.234432270635455 0.0 0.0 0.0 0.0 0.0 
0.0 0.0 0.2345508347511374 0.0 0.0 0.08939886099546382 0.014378890635536887 1.2480750480151048 0.03144845699646208 0.05824653524312954 
0.0 0.0 1.7856682067451761 0.0 0.0 0.5209599375924344 2.0472971006852663 0.663534808210451 0.5141685996173446 0.0 
0.14585055289409726 0.0 0.13199497019250545 0.10207791047018695 0.21186291886301564 0.3891696271625983 0.6786094755313169 1.2374110309078532 0.0 0.0 
0.0 0.0 0.0 0.0 0.18164296360715262 2.2583752178902925 0.3273541950146131 0.17971405206566768 0.08956135887921281 0.05915787429387743 
0.0 0.0 1.5045332345388678 0.0 0.0 0.0 0.6301258209799405 0.08475664293453734 0.0 0.028870552496924898 
0.0 0.0 0.0 0.0038706046271618747 0.015093906583080088 0.009234719493451669 0.0017862589017931228 0.010109342117185333 0.18515447506631585 5.23708507933669 
0.5498591467138767 0.015494897348785324 0.0 0.0 0.5662735308750694 0.9530866294460124 0.0 0.0 0.005889432153286109 0.2517677511050202 
0.026788133852033914 0.026395062996003797 0.7047869268804615 0.0192840901484565 1.4366742298777402 0.0 0.0 0.0 0.2544683321066546 0.15084936635079968 
0.0 0.0 0.0 0.0 2.4238563882294586 0.5832514164935135 0.0 0.01639764473162474 0.21386948400917946 3.7231814343185193E-5 
0.0 0.0 0.0 0.0 0.0 0.0 0.0 19.798931709734898 0.0 2.8178829235683422 
0.016571432235234336 8.46237654555604E-4 0.8211050046289667 0.0 0.0 0.0 0.04705247798748254 1.0299030356827015 0.034827739183022045 0.006269913980096413 
0.09588397918466629 0.32052521367182035 0.8978744220691729 0.0 0.2546289223892803 0.3020136135399293 0.006295188467109124 0.0 0.01710937518989345 3.804770225476811E-5 
0.0 0.0 0.0 0.0 3.558798132074941 0.9774010900751128 0.10765937611200224 0.0 0.0 0.929071024874868 
0.0 0.0 0.025091214841692012 0.029227101759564698 0.3915064441446743 0.2536615415316846 0.7352129893892237 0.1161518347585758 0.0 0.07577981934848384 
0.0 0.0 0.0 0.0 1.1118206771200057 0.0 0.017803346608893284 0.42614966039513363 0.0 0.06103489246989792 
0.0 0.0 0.04824621940904177 0.02357180462616342 0.9689251088526726 0.2718012560931352 0.12742544399859726 0.5930237334700647 0.5369657936181238 1.4777976218270955E-5 
0.3032321659565134 0.18408212477655056 0.01574776919456177 0.04015652790748189 0.0 0.41272337797050596 0.0 0.7004704544103921 0.17958970062383972 0.01219877640560969 
0.032998446097202205 0.0025357139986075974 0.0 0.0 0.003288391510106188 0.05946054264239062 1.4533739575045685 0.2652773098913836 0.0 0.21168786528183198 
0.3655157007385123 0.010300143766199267 0.1362074703135962 0.0 0.5700202468919676 1.0241364267565396 0.0 0.0 0.07989011663702585 0.005725790740919855 
0.11291171612419566 0.0 0.1620814021005937 0.02155969141320974 0.05885407094086655 0.176158867152928 0.20332635839556648 1.0153345136006966 0.1084828552745721 0.0 
0.27761522423469404 0.9280244710641471 0.0 0.0 0.0 0.44630517860182295 0.005558372420914537 0.0 0.0 0.0 
0.0 0.0 0.0 0.0 0.4145597281739289 3.131998670137675 0.0 1.0585119712472575 0.022249357772940206 0.0 
0.10436425813081435 0.03029152695649326 0.9661136749837218 0.09546078068432827 0.3093469493696364 0.49259624547865993 0.04420203864219618 0.008054422898886566 0.0 0.009204617605781885 
0.5740969120281183 0.1737211371935118 0.10150157677853765 0.00286576814683489 0.0 0.19728750636285292 0.0 0.21397077205582465 0.3713021502223891 0.007813640062753823 
2.7533142178457344 0.0 0.09025370878503274 0.609103303285011 3.4020406441772173 0.0 0.1426227592286524 0.1390103130856422 0.0752342297545448 4.8796754791849244E-4 
0.0 0.0 0.03004004092339266 0.03152267120324258 0.4437213821174192 0.4625103967390828 0.3004648569087944 0.17298554781745382 0.0 0.11531704938812634 
0.0 0.0 0.0 1.0707510282780448 5.982500688921051 0.0 0.0 0.2221120245604873 0.41884385378984695 0.0 
0.0 0.0 0.0019143610331946606 1.622336782854674E-4 0.2174458321999917 0.026981595282538004 0.36191968907667266 0.10980444571396805 0.08432234695317342 0.1035983088730008 
4.577956660154346 0.0 0.0 0.0 0.0 0.0 1.8339394084493263 0.0 0.0 0.0 
0.7877600291990178 0.2753339727812541 0.0 0.0 0.0 0.28722195030961495 0.013145820160906853 0.3348486402773872 0.09224195104766217 0.0 
0.0 0.0 0.0 0.13141251475879953 0.7827589943829006 1.2941569231180834 0.0 0.0 0.008679007026838005 0.0 
