0.5072819845700792 0.011734819659059365 0.022851242253024484 
0.007400776657481195 0.03344562134611587 0.48942706848512013 
0.2166942095544289 0.12524179852852832 0.21210115265685991 
0.0 0.25715885364202623 0.28536116338497725 
0.11902063319340205 0.0 0.4090237237709276 
0.0 0.46804815475159395 0.15880867915825578 
0.20745943933029834 0.2821020141233974 0.06982584198112499 
0.21963600493658916 0.3114517094965753 0.0 
0.03515498362505623 0.1708765025255995 0.3491486930661848 
0.058677728237840655 0.40750353638573467 0.0822207463196739 
0.18921523642867896 0.17776530258135362 0.16351991813500033 
0.20429273802900244 0.14569868529627983 0.1800658048940556 
0.05122987348259877 0.0 0.48706176562469194 
0.06963559658790704 0.32203638012329916 0.18564483937000145 
0.37387588353196866 0.09073333470418292 0.08758478820341381 
0.04714477460321947 0.3285730540578778 0.24588188581288828 
0.007653454109204496 0.33424695585314135 0.2649306847675187 
0.20756093555677 0.17703316105675862 0.1346681051756322 
0.0 0.3718845856864632 0.16351267471252062 
0.0 0.34087412303528225 0.2300694932135153 
0.11866548035779179 0.24707186242612164 0.16296597228907309 
0.29140941446438734 0.23999635612045964 0.0 
0.3419360080829572 0.0 0.21210115265685991 
0.0210075388918511 0.34754850599820025 0.1642219351771488 
0.17826715501163362 0.20689040365755137 0.1348654050511159 
0.1375061406378875 0.05084396419474567 0.32812294267885617 
0.05208858761672783 0.2383637429942679 0.26402703781391323 
0.3356095999572618 0.19568346056932082 0.0 
0.0038332554439546988 0.1674085902740866 0.4353314510188258 
0.36189361013812366 0.02997285757749172 0.13423192345541013 
0.05677873297453649 0.5140129995901411 0.05188704446803655 
0.021775856870496862 0.3602595506848043 0.13377216368760836 
0.0 0.5956231132171581 0.0 
0.11462195231368516 0.4200315307894451 0.03327932696090061 
0.1838302044565448 0.1767444402032008 0.21303950239829755 
0.09713761649672557 0.10226087932207793 0.3269500974065414 
0.05414738452306366 0.08538447477573723 0.41630754858898017 
0.0690267640618219 0.47937524688142735 0.0 
0.28963214119886826 0.09506655631255731 0.13470473185514573 
0.4113525214583836 0.08130717019887633 0.037643383523355535 
0.319570764069677 0.03437454909200033 0.18499364770727322 
0.16615811406509667 0.4145757212824787 4.186039080408273E-4 
0.162955656963272 0.06715329699437877 0.2954581714753507 
0.0 0.20595628689733195 0.3490212575877145 
0.0695858507185906 0.33412515859718633 0.12889682106854664 
0.3560480494375153 0.0 0.18609266735626626 
0.2607533578297223 0.08558761356111733 0.1708013797797674 
0.08456545516098214 0.22492867707841568 0.21152980577289004 
0.4660026048774724 0.04113403637461995 0.0 
0.0 0.0 0.5163174967611202 
0.2084403984657538 0.2504349799982256 0.07167382581769187 
0.16770944708274638 0.0 0.3469179995972914 
0.25435370821645054 0.0079509689057709 0.2494133101851921 
0.448797660538223 0.044921856413200394 0.12386729752679766 
0.25468398817107 0.27746700399746366 0.0 
0.2646893077126627 0.19384359533672565 0.0716203330299672 
0.23356230795826802 0.0 0.299950922632197 
0.33319484654227227 0.16804102194605178 0.0367803369668584 
0.2656620579899547 0.13762512200116872 0.14336361207110715 
0.45024131007580737 0.052178495783713676 0.02689457841132993 
0.3757531335097348 0.14057684757327274 0.0 
0.10227015078338134 0.0 0.43341109146537155 
0.18907089356653872 0.12670520251781286 0.25846061369906353 
0.09574588453760144 0.06416377191508085 0.41453726376556954 
0.34436089355182187 0.13792554193053358 0.09839025486232773 
0.45908766125979583 0.0 0.07808422549198976 
0.12009431306455401 0.10441806043534119 0.29795180960002876 
0.13416451413888544 0.22098913967259598 0.222713540163253 
0.13817336151462625 0.4667357765101628 0.0 
0.1797147494431925 0.3554102757575313 0.033308677940811125 
0.0 0.5242535150561769 0.04840319661449427 
0.061740151118619156 0.5589282924975151 0.0 
0.09085867930921898 0.18744744113995265 0.2872270677155853 
0.1284973312608602 0.3519477877662162 0.08473647323417784 
0.5311871693963184 0.0 0.0 
0.05366854352261256 0.04284488478489083 0.4210870719831675 
0.22702673673470397 0.035528514447416164 0.24308489183988083 
0.4530655294384703 0.079523005055057 0.0 
0.24246751924745924 0.20680573283611847 0.061543952085000624 
0.3961148909131776 0.0 0.1328005240033196 
0.08235886176072006 0.1420562964188123 0.29782279452539645 
0.18835010483263318 0.0 0.32812294267885617 
0.16173409170466596 0.06664989541791387 0.31780117555846515 
0.05092652009228454 0.3281792986682483 0.13274634926297443 
0.0 0.3646052075694389 0.18676448029597129 
0.0 0.5037091496275161 0.11938827044272333 
0.35022783087383125 0.14027540373180933 0.0893195949306285 
0.14085772471749639 0.18652609422222033 0.23963687361630237 
0.23168543986783885 0.11814387301955255 0.1799824012888952 
0.06561130637509704 0.0 0.44789134091615546 
0.0 0.5163940514081355 0.056262660262535555 
0.24911021903993 0.07596413956561986 0.18612538316315833 
