0.0 0.0 0.0 0.008933298208996774 0.006252361818208305 0.0 0.009731797463670852 0.00167771518071032 0.009184318364420333 0.20057225115224045 0.2930248956525329 0.0033536118800782232 0.0 0.0 0.0 
23.834816679360245 0.0 0.0 5.377135018622197 0.0 0.0 1.9017099707750331 0.0 0.0 0.0 6.678114859327823 0.0 0.059962176583514555 0.014458678207983975 0.0 
0.0 0.0 0.0 0.0 0.8008410674169938 0.0 0.0 0.0 0.0 0.0 0.34997585453477387 0.004042335923905332 0.0 0.0 0.0 
0.004412428451503362 0.0018227962909374454 0.007462753854937987 0.20112775918198833 0.07880907083556696 0.0 0.0 0.0 0.028983323644167183 0.03296379461603608 0.022919769941067685 4.746845003678447E-4 0.13312582461354788 0.0047305904651622046 0.0 
0.13158323089632562 0.0 0.007921060352725322 0.3141626260350701 0.0 0.019890744731034304 0.0061428698808822105 0.007314148304121597 0.0919032290351563 0.0010506811595303012 0.021180700562692705 0.006413266934279447 6.774410790535251E-4 0.0 2.028630716744181E-4 
0.0 0.0 0.0 0.0 0.0 0.0 0.0 0.4828882926232351 0.10448257398906052 0.2728055707248469 0.03797722921684218 0.020143018215798038 0.03290430873472654 9.559328057387551E-4 6.418005602477381E-4 
0.0 0.0 0.0 0.0 0.0 0.0 0.0 1.0935552474315462 0.824923296263209 0.0 0.0 0.0 0.0 0.0 1.2544372470945462E-4 
12.346119289726555 0.0 0.0 15.932515476793721 0.5461020073849758 0.0 1.8765021212768653 0.0 0.0 0.0 6.589594045485317 0.0 0.017548371436845397 0.6108182318488998 0.0 
48.977524566327396 0.0 0.0 0.0 0.0 1.1557986270029044 0.0 1.6327925232246923 0.0 0.0 0.0 0.0 0.0 0.0 1.8846828910817396E-4 
0.0 0.0 0.0 0.0 0.0 0.6243798486681361 0.0 0.0 0.00826900426347301 0.0 0.0 1.4127406392887084E-4 0.0013747424925251318 0.0011702432436307242 0.0 
0.0 0.0 0.0 0.0 0.0 0.0 0.0 0.0 0.0 0.0 0.0 0.0 0.0 0.0 0.6121264929792254 
0.39283803024581493 0.0023382248536026767 0.0 0.0440892673383105 0.0 0.0 0.0 0.0 0.0 0.0029455462621447797 0.006435364058862406 0.0 0.11881644393942903 0.0027327984378256306 0.014065989229003073 
0.047553610530706815 0.005897803445908923 0.0 0.24851846308672648 0.08216437889525607 0.01405291847302375 0.07629552080834218 0.0 0.003102999078156959 0.06454512825493712 0.016655300490787034 7.836816721196459E-4 0.009093334998568136 2.792648139112698E-4 0.0 
0.0 0.0 0.0 0.0 0.3465948601474061 0.0 0.1069495554124532 0.11615747231082812 0.2543350967766993 0.07977523205566579 0.0 0.00139233964784075 0.03016421113045391 0.0013158123345624814 5.036950572251852E-4 
0.08291774239277949 0.0 0.0 0.037548891891437904 0.04088776315551794 0.0 0.18931136912138444 0.0 0.24445729382096199 0.0 0.0015227551490592938 4.052919407842997E-4 0.0 0.0011461595525437474 0.0 
0.0 0.0 0.0 0.0 0.0 0.0 0.0 0.0 0.0 0.0 0.0 4.005492353622941 0.0 0.0 0.0 
0.0 0.0 0.0 0.0 0.0 0.0 0.0 0.0 0.0 0.0 15.838961111012228 0.0 0.0 0.0 0.0 
0.024395055665080573 0.0 0.0 0.0071139562352990834 0.024987785222406068 0.0 0.025573027419765085 0.06689608722123473 0.04806775253924016 0.04820542982193186 0.24465718622195123 0.0 0.009001947066056318 0.02517046088926049 0.0 
0.0013529342784525948 0.0 0.0013338590839229937 0.11299195812788297 0.020920997170080433 0.07721815210205017 0.15042003692408876 0.05637326564100858 0.0 0.0 0.14302152851182798 7.120898561098534E-4 0.0046766730251825706 4.4750947763583525E-4 0.05825421453797712 
0.0 0.0 0.0 0.0 0.0 0.0 0.0 0.0 0.0 11.17801537201456 0.0 0.0 0.0 0.0 0.0 
0.0 0.0 0.0 0.0 0.0 0.0 0.0 0.0 0.0 0.0 0.0 0.0 6.005739223161132 0.0 0.0 
0.03240873522903576 0.0 1.2005720365280007E-4 0.009485873241294369 0.03331914835577666 0.0 0.016644717014282887 0.06328019570170801 0.05009829408896031 0.05024178731744082 0.25499231852620746 0.003756391155625777 0.009451243691461117 2.6992677677973106E-4 0.0 
0.0 0.0 0.0 0.0 0.0 0.0 0.0 0.0 0.0 0.0 0.5124428844608545 0.14874773960837545 0.0 6.644797605456466E-4 5.102275766549682E-5 
0.010969929028092521 0.0 1.925660087822959E-4 0.008100213696259687 0.006537985203072258 0.018770323469285442 0.04978217903468037 6.040190279879735E-4 0.4964965353668695 0.024829362161354424 0.0 4.186312422497128E-4 0.0 0.0 0.0 
0.0 0.0 0.0 0.0 0.0 0.0 0.0 23.192050125203433 0.0 0.0 0.0 0.0 0.0 0.0 0.0 
0.0 0.0 0.0 0.11914133111310421 0.5668704380831738 0.00922879487458451 0.0 0.029071366316115854 0.0 0.09540259886833419 0.015270300411340223 0.0 0.03228820099734312 0.0 0.001606032554012507 
51.57277027847468 0.0 0.0 0.0 0.0 0.0 0.0 0.0 0.0 0.0 0.0 0.0 0.0 0.0 0.0 
0.0028097745811541883 0.0018968660222712366 0.09482550199730316 0.013392870815948841 0.10910034061374017 0.0388889197027323 0.07756955145481205 0.24341365177551588 0.0 0.0 1.1098146475606852E-4 0.0 0.0 4.926217313115668E-5 2.0176503379602996E-4 
0.0 0.0 0.0 43.649650494160774 0.0 0.0 0.0 0.0 0.0 0.0 0.0 0.0 0.0 0.0 0.0 
0.011358210698327301 0.010601807429343442 0.0015058739694761415 0.04353738759347446 0.0 1.0476406782796577E-4 0.01210641183923164 0.0 0.0027734988850135677 0.10577083057359367 0.15877497085382125 0.0010941833955490914 0.2527567223849948 0.0 0.01941791741827639 
0.0 0.0 0.0 0.0 0.0 0.0 0.0 0.0 0.0 0.0 0.0 0.0 0.0 2.7628055317451157 0.0 
0.12769895069842277 0.1611349442508929 0.0 0.20403184996055523 0.028393115517767124 0.0 0.00201124303933076 0.0010044181831927537 0.0 0.0 0.010482096954000895 0.0 0.006794390143831642 0.0026080115748199047 5.666374620025225E-4 
0.0 0.0 0.0 0.0 37.14339745176961 0.0 0.0 0.0 0.0 0.0 0.0 0.0 0.0 0.0 0.0 
0.06610743168496759 0.01010704094087056 0.014448452034990624 0.045712677642510594 0.13070796360788214 0.016111028072446815 0.204002646315941 0.05193317730968394 0.0 0.0053098095724869185 0.007120338735997877 0.0017380165434314504 0.008422752388491684 2.8946923990965187E-4 1.510679144632063E-4 
0.027692402787228405 0.004062248250716681 0.0017648117793176593 0.014835191530318845 0.35652546483202513 0.0 0.007771432048480756 0.19347312015484647 0.0 0.0021637672512771194 0.009171760610061608 0.0 0.0 0.0 8.98625084632147E-5 
0.0 0.0 0.0 0.9828485546292082 0.0 0.0 0.08200134852668714 0.0 0.0 0.0 0.0 0.0 0.017285854711222723 0.0 0.013770423202165366 
0.45459193754449573 0.002705792425312823 0.0 0.0 0.0 0.0 0.0 0.0 0.0 0.003066463335716991 0.0 0.0 0.10709868339263878 0.0027327984378256306 0.014065989229003073 
0.5228698379612199 0.0031121916825494348 0.0 0.03235922389765351 0.0 0.0031630197144950044 0.0 0.0 0.0 0.0037652324819136196 0.011301731286949501 0.0 0.0 0.002776662651492899 0.0049137646887190516 
0.011611426921189064 0.0 0.005440641894056645 0.04410087008258982 0.186608550907083 0.035023560004683874 0.08905626382991774 0.09937010494714331 0.2210863024868188 0.12026168848503287 0.0 0.0 0.01224759516703164 0.0016594878665098659 4.444261133909865E-4 
0.0 0.0 0.0 0.0 0.0 0.0 12.151261707732985 0.0 0.0 0.0 0.0 0.0 0.0 0.0 0.0 
0.05554543724573497 0.009450664265563282 0.030104298588619627 0.047950073855488495 0.19826252754626622 0.01890460337128185 0.1328387466315205 0.01616826694384083 0.0 0.03781923019043603 0.007154389612087458 0.0017463280842381862 0.00846303166572098 0.017806110815649177 1.5649843405637673E-4 
0.0 0.0 0.0 0.0 0.0 0.0 0.0 0.0 17.344111906465244 0.0 0.0 0.0 0.0 0.0 0.0 
0.0 0.0 0.0 0.02080050974492264 0.0030512120124096373 0.0 0.015285481492825891 0.00263514365570319 0.015258041246198102 0.31970028093002534 0.17357692077556658 0.0028572187276973125 0.0 0.0 0.0 
0.0 0.0 0.0 0.0 0.37044691681218234 0.0 0.11430963817561228 0.12415122793206473 0.2718379966684609 0.07477089873660331 0.0 8.59588591080199E-4 0.0318694105470531 0.0013901959282704795 5.321692153594628E-4 
0.0 0.0 0.0 0.0 0.0 0.0 0.0 0.0 0.0 0.0 0.0 3.7804738386925796 0.028475510766954027 0.0 0.0 
0.0 18.277432015878585 61.7236773177632 0.0 5.493147292975869 6.097933158592324 0.0 0.2421341081188997 0.0 0.0 0.0 1.3999076513394362 0.0 0.0 0.0 
0.0 0.0 0.0 0.0 0.0 0.0 0.0 23.192050125203433 0.0 0.0 0.0 0.0 0.0 0.0 0.0 
50.133505717004695 0.0 0.0 0.0 0.0 0.0 0.0 1.6327984678394092 0.0 0.0 0.0 0.0 0.0 0.0 0.0 
0.09541779541723615 0.0 0.0 0.043209479434079885 0.04705169372992183 0.006985119030068553 0.22604591374611505 0.0 0.29189251871202027 0.0 8.629316023545363E-4 0.001603991508214655 0.0 0.0013688800568320717 0.0 
5.410257791372344 2.847135561583443 1.6559913283425625 22.324868550548718 0.0 0.0 0.4181864441754701 0.0 7.766714680734833 0.6968962328280764 1.5017218054305947 0.45470369456137016 0.0 0.0 0.006532021951552662 
46.76485571966382 0.0 0.0 1.6115101655056865 0.0 1.3304683040572025 0.0 0.0 1.746505361124066 0.0 0.0 0.0 0.0 0.0 0.0 
0.10601502135248796 0.1337734136573556 0.0 0.16938620726210118 0.023571820531152702 0.04454641477476701 0.0018416031853407517 0.0 0.0 0.04473979014058361 0.010474094529782024 0.0 0.006789203052691571 0.0026060205213998665 0.001865364775453814 
0.0 0.0 0.0 0.0 0.4763949477579183 0.006408856887830322 0.06334345190024133 0.02283705493911872 0.0 0.10879575661918098 0.017889221130145835 0.0 0.03920852663452161 0.0 0.0013608605984248674 
0.0 0.0 0.0 0.0 0.0 0.0 0.0 0.9989730524313705 0.7535752265149189 0.0 0.08409162557548663 0.0 0.008981424603708514 0.0 1.2067980363378613E-4 
0.0 0.0 0.0 0.0 0.0 0.0 0.0 0.0 0.0 11.103903747255604 0.0 0.0 0.0 0.051687606938401666 0.0 
6.411646313464858 15.000757399799197 129.33519468527334 0.0 5.483735002510682 11.14330091807284 0.0 0.4424734019093352 0.0 0.0 0.0 2.5581769774578866 0.0 0.0 0.0 
0.0 0.0 0.0 0.008297721458742706 0.00580752546405779 4.4216037485311614E-4 0.009322770376043291 0.001607200873687777 0.008798301803094759 0.1921422068511788 0.28070907012096497 0.0032126596967367326 0.022390632701498245 0.0 0.0 
0.0 0.0 0.0 0.02176937618067557 0.0031933343422679943 0.0 0.01599746356222381 0.0024206279477027226 0.015845556109221382 0.33201042374117484 0.18026054544192868 7.442601557121535E-4 0.0 0.0 2.083397439738393E-6 
0.0030197473997727693 0.008515285804792714 0.004782788906548174 0.03446156788199248 0.40943142426353674 0.0 0.013438389068255337 0.0 0.00306347087807834 0.014472027526042224 0.025380273345638235 0.0 0.0 0.0024390743599588803 0.006591888608683172 
0.0 0.0 0.0 0.8490804477718316 0.2518254645587407 0.0 0.09185114938299663 0.0 0.0 0.0 0.0 0.0 0.01936218918127393 0.0 0.01217052215750202 
0.017916166338309978 0.0 9.708170459197502E-4 0.019317967040185666 0.007319693737269901 0.059527666240383165 0.009507271481648616 0.006223275932319666 0.0013752132417188035 0.29186301964151956 0.0 9.102886160088867E-4 9.263419172733992E-4 0.10066647017361124 1.856301688318765E-4 
0.012996519999209203 0.014837351278643383 0.004534716840913385 0.008330453983219067 0.022012794920646908 0.06086296974762699 0.019265046605856224 0.0062780671269233425 0.006447245070469143 0.020000375284766392 0.2705952989152983 4.467074216141188E-5 0.08877859042086676 0.0 1.479338878582671E-4 
0.023568297232333262 0.0 0.0 0.017102649847386995 0.013804187868176141 0.021521804272230504 0.08488236200499853 0.0010298979029396296 0.45437391386831943 0.0 0.0 4.186312422497128E-4 0.0 0.0 0.0 
9.87783532915535E-4 0.0 9.738566457462255E-4 0.08249594778414447 0.015274516157883016 0.1539759167987621 0.1784825767092847 0.0 0.0 0.0011969420279346 0.14736589959877303 7.337200443366188E-4 0.05834776891277333 5.032010164012396E-4 8.604954362533157E-5 
0.005609764094676929 0.0 0.0 0.0016358895346571473 0.014010021357401743 0.0 0.007919422709353937 0.020072139344571437 0.17298716093091218 0.045670424098225165 0.7372801047545315 0.019361065082628512 0.018826247832205656 5.699623774342794E-4 0.0 
0.0 0.0 0.0 0.0 1.0881039676526079 0.07587260406354547 0.0 0.0 0.0 0.007531706298247458 0.009403989267119557 0.0 0.14891082336411385 0.03646268208528683 0.04475507680951318 
0.33798882203872566 0.03633752080580397 0.0865335256017141 0.0 0.0 0.1993079977411867 0.011947669643013744 0.0 0.008901194109937354 9.700597524367456E-5 0.0 8.37325080095026E-4 0.0 0.0024995250681470746 5.32957988181065E-5 
0.008709624223020134 0.0 3.22645460149171E-5 0.0025492630543896134 0.008954291476017838 0.0 0.007543031379930047 0.019118158291967523 0.16476549252582182 0.04349981744259354 0.7618915680198113 0.007482480947391961 0.018826247832205656 5.699623774342794E-4 0.0 
0.0 0.0 0.0 0.0 0.7308983445648102 0.009832646025978149 0.0 0.030973540788637455 0.0 0.10164490568688105 0.023051048472501796 0.0 0.03466309569090957 0.0 0.001724161098570723 
0.08512276930715922 0.0 0.03506901873624582 0.62113150141424 0.0 0.07566617257581683 0.2031898877201299 0.0 0.006147175462033806 0.0060235528204288106 0.0 0.0 0.0 0.010071171107066705 0.0 
2.7626733655397584 30.710157750379235 47.441154994408485 0.0 5.555828506229531 3.5819552738466127 0.0 0.23806183734742642 0.0 0.0 0.0 2.029552020766807 0.0 0.0 0.0 
0.12308918189584457 0.032154776955977696 0.013608255049173684 0.3802539295100941 0.0 0.024075218431659256 0.007435163246992696 0.0 0.0 0.0 0.021204363414412713 0.006420431767381048 0.0 0.0 2.0154177101015705E-4 
0.03965660028706423 0.01712588946448466 0.014315705236034974 0.010751839607417346 0.03832135362131528 0.12421198094411844 0.028529113266140296 0.032575690889440415 0.02280731297887566 0.15538973804152195 0.0 1.8004396265930658E-4 0.07317198861870608 9.603292443108834E-4 2.005350143331374E-4 
0.03856294844542746 0.025970432265348883 0.09406448727549797 0.021340651392844946 0.17384415693055588 0.03614217769137634 0.11592426735870742 0.0 0.0 0.002930508591302045 0.004344502678121072 0.02999794577523586 0.004102691541291821 0.0 1.8969050713397908E-4 
0.0 0.07567071266155503 0.0 0.014590218461048242 0.12658012821310377 0.031026627085019402 0.017344876076145387 0.07818149871965306 0.3505919565489062 0.0 0.010463906951718473 0.0010010057546182426 0.0 0.0 0.010791224818490385 
37.360229547915445 0.0 3.036091026060965 0.0 0.0 0.13802836143767416 0.0 8.962796310848754 0.0 0.0 0.0 2.1150630690253007 0.0 0.0 0.004274385478819534 
0.0 0.0 0.0 0.0 0.0 0.0 0.0 0.04047570531120681 0.03402934900712157 0.1237877946026869 15.471316523176021 0.0 0.0 0.0 0.0 
0.0 0.0 0.0 0.031516429976940465 0.004623122746180834 0.0 0.023160192372211418 0.0035044436083436934 0.022940269643797348 0.480665278812245 0.0 7.376345942830581E-4 0.0 0.0 2.0648505947779786E-6 
0.07298982628992373 0.0 0.030070468883363524 22.16341255751183 0.0 2.2727179915777804 6.103035184784793 0.0 0.0 0.17984049177985445 0.0 0.0 0.0 0.3006870560761513 0.0 
0.08364504917118278 0.003964509704475176 4.5164970471465456E-4 0.17364759689452347 0.06112728451397749 0.073986727787944 0.01863928092706081 0.0 0.22842027236642382 0.0 0.011755242480955885 0.0 0.011419821611609012 0.021662415301004444 2.777280862824213E-4 
0.0 0.0 0.0 0.0 0.0 0.0 0.0 0.0 0.0 11.149957211165557 0.0 0.0 0.0 0.005634143028448152 0.0 
0.0773093758839022 0.03550450838486598 0.004031435034700139 0.0 0.0 0.05549006054786866 0.006441361895355827 0.0 0.0540812059175709 0.020816934944841603 0.005071855687234344 0.23672136136297503 0.0055954670235933875 0.0 0.032544697480035065 
0.0014870149650977964 0.0 0.0014660493497095084 0.12418987037865405 0.022994343755012123 0.08487075062084755 0.16532720732932518 0.06196006042177488 0.0 0.0012803163074736718 0.1576308292452623 7.848281002426344E-4 0.005154383782211586 4.93221480631967E-4 8.434299997667198E-5 
0.13907401536530098 0.013088986980896881 0.0482158003305551 0.028254053981694147 0.11355118193257874 0.00792820853821643 0.0070286124016405525 0.20695590313911935 0.0 0.0 0.0 0.0 0.0021100655454491094 1.4585278334202118E-4 8.820671553183928E-5 
0.0 6.905847100123712 36.5353026425415 26.90265101441276 4.83004375720432 5.3618230885908025 6.121408060796125 0.22908758680429286 0.0 0.0 0.0 1.32447868697927 1.4456389174510917 0.0 0.0 
0.06804341887123432 0.0032250419733582335 0.01287921737989419 0.1605514229376288 0.08454520496359673 0.08053016804610412 0.008294858005766608 0.0 0.0 0.0 0.16389119961890988 0.09149707933522515 0.011730208308897306 0.0804041065535644 0.0 
0.30690662259491286 0.03299584204208945 0.0785757112423369 0.05059638792862641 0.0 0.2028606058042808 0.01216063343769334 0.0 0.009059855349448639 9.873507901133421E-5 0.0 0.0 0.0 0.002540954672865053 5.417917618699198E-5 
0.0 0.0 0.0 0.0 0.7308983445648102 0.009832646025978149 0.0 0.030973540788637455 0.0 0.10164490568688105 0.023051048472501796 0.0 0.03466309569090957 0.0 0.001724161098570723 
2.540482263537401 1.9010360648072564 1.7118983672792314 31.281609391401616 0.0 0.0 0.5574331816194892 0.337579668217649 0.0 0.0 0.0 0.0 5.359615802184346 0.0 0.0 
0.0 3.5916813768073825 0.0 0.0 0.0 0.4353273467672003 0.0 0.0 0.6415506240540672 0.0 0.05879651265038477 0.0038808305819137473 0.007846607376491233 0.016305631401772686 4.247524798352971E-4 
0.06050345881192702 0.010294236655428684 0.012654399910641129 0.04207694323647407 0.1739784831745205 0.06680153751168176 0.14418261647945707 0.025788315418627847 0.0 7.696155491099739E-4 0.0 0.0016922912166826168 0.008201158925216638 0.0 0.012489127009865361 
0.11284433306918756 0.07035854680802958 0.06748157674957432 0.08152502161531155 0.0 0.0018819765194797923 0.01736319803234475 0.0390097046369746 0.14798744797115906 0.011003921647581884 0.010985558071251424 0.0 0.0 0.002698983724508942 1.8659746276292232E-4 
0.038226930226363365 0.0018118350979094773 0.0072355703507943165 0.09019811385425108 0.22771601045436074 0.08932178174025823 0.022244124144819875 0.0 0.0 0.0 0.11084849043439167 0.0858547548285693 0.011730208308897306 0.0804041065535644 0.0 
0.0 0.0 0.0 0.0 0.12497962934544456 0.138448588479549 0.12781642653825695 0.02762152982966013 0.04706890094148015 0.09990398244578715 0.006179331874006239 0.05441442854872069 0.0057030202168882995 0.0 1.0471228130167005E-4 
0.0 0.0 0.0 0.0 0.5176485182125886 0.006335475840829922 0.06874625801296763 0.024784914999161755 0.0 0.07815412216888735 0.0 0.0 0.03920852663452161 0.0 0.0013608605984248674 
0.2880386073186327 0.03572378778056558 0.011426975346513154 0.02936706767689471 0.0 0.0 0.13784533278764405 0.09001552178544571 0.017008923495831187 0.0022161237473473853 0.00630851890807024 6.649533156461421E-4 0.0013810711507044292 2.8113317031186333E-4 4.516590071907226E-6 
0.18771436316944382 0.03193827453891631 0.006719924433247791 0.01228975685940867 0.06127502610718704 0.06689740441482411 0.1443895329883238 0.025825324236516355 0.0 0.0 0.0 0.0016922912166826168 0.008201158925216638 0.0 0.012489127009865361 
0.09005389424349686 0.01116887155064394 0.0 0.008868466829858652 0.07809797783984442 0.009096653322251182 0.008083427645718328 0.0036823114560089265 0.09187641546279125 0.2880683534773355 0.0 0.0 0.0 0.019370937556467134 0.0 
4.1396588115997375 0.3896050613629074 1.435185157863181 1.152083193697921 2.2399768314382484 0.05863172491840727 0.22488942311706409 3.778684059498656 0.0 0.0 0.0 0.02380493401810914 1.1065431575194582 0.0 0.0 
0.0 0.0 0.02057275356715348 0.08925946918134009 0.5887908459973347 0.07385879522825942 0.0 0.0 0.025261590696355543 0.0 0.3486221656293229 0.003005433141484045 0.0 0.0 0.0 
0.0 0.0671316476743457 0.0 0.012943784599988949 0.11229618792916182 0.024438164860836605 0.015171557488350858 0.06838533161859547 0.30666267088817395 4.123310928905026E-4 0.009158993142715517 8.761741560461385E-4 0.0 0.0 0.009443175075305264 
0.036239612082875655 0.015650247027594526 0.0130822007103803 0.009825413518294001 0.0350194161797619 0.11399349297961994 0.026127439745078918 0.029833363306048476 0.012096154444814423 0.13814746592000884 0.0 4.305416076037473E-5 0.12758976099028385 9.613815088290584E-4 2.007547471815168E-4 
0.053620932042147684 0.0 0.002905538710773765 0.05781635302410098 0.021906963411934176 0.1781591488843214 0.028454120619189185 0.01862551672859293 0.015629277924193982 0.1486856375085266 0.008688450558531482 5.351467337419748E-5 0.0011933825338171402 2.760798000806278E-4 1.9263480992147642E-4 
0.01812539323494992 0.22642129818145068 0.15656026554437494 0.0 0.02787132144876914 0.0013435726947791718 0.0 0.0 0.0 0.11095279443380755 0.017468612119691054 0.003724686627806794 0.0 0.0016534981192751978 0.004739953339075414 
0.0033292093410092092 0.009387927296439514 0.005272926306668423 0.037993169133016064 0.45138971632641883 0.0 0.0 0.0 0.0 0.015402811111623595 0.021786557716741307 0.0 0.015840404413239258 0.002646063855603696 0.010697754560865507 
0.01818467525257815 0.0 0.008520598431227112 0.035027480156368855 0.1883778595966431 0.0353556320815228 0.0899006411142818 0.10031227179486203 0.22318250822997052 0.12140193661098125 0.0 0.0 0.012363719409194767 0.0016752221203163678 4.4863989127237445E-4 
0.14723220311537108 0.013856796934236464 0.058728058049810024 0.03560650468398499 0.15159648339100315 0.008731360254693841 0.0 0.2532219280670772 0.0 0.0 0.0 0.0011867654213993872 8.941007934606844E-5 0.0 1.0438814866982002E-4 
0.008524188413878394 0.0 0.005718659625744188 0.03683552991762975 0.15586596924166002 0.07841927920039532 0.08986832372216827 0.10027621164021562 0.2231022788062206 0.12135829516482281 0.0 0.0 0.004806141792486137 0.0016594232275109005 4.766179527154726E-4 
0.06902673145534097 0.010501944539757136 0.008726225615463198 0.03510453306578301 0.038190642629466295 0.22563515259093855 0.007880119735479663 0.07715042074431946 0.012189484746894685 0.0 0.0 0.011806244278784813 0.0 0.029672951835828496 0.0 
0.017978421899737387 0.0 9.741904662763025E-4 0.019385093615202516 0.0073451283997130615 0.05960044957391865 0.009528174670383359 0.006236958755158243 0.001378236858115753 0.2925047250767787 0.0 0.0 9.263419172733992E-4 0.10066647017361124 1.856301688318765E-4 
0.013711204839152571 0.01654496335960591 0.0 0.008416517011192145 0.02434671328385708 0.01047420982210941 0.03125093646519035 0.03249964296239703 0.22204246561363572 0.001544022465409448 0.20384391441421323 5.526723287953326E-4 0.0036044194460074304 4.347328475492845E-4 0.0 
2.2096272293338086 24.562440724554083 37.94414105346468 0.0 22.841028941174024 3.627001071112686 0.0 0.12036871849516151 0.0 0.0 0.0 1.0147760103833983 0.0 0.0 0.0 
0.1361315098580639 0.012812052312876554 0.04719565823114247 0.0378859301642762 0.13889630801600972 0.002336878877046584 0.0 0.14709317999479507 0.0 0.0 0.0 9.26656843799352E-4 0.043074506700783464 0.0 8.820671553183928E-5 
0.07005014781587303 0.005492052246780123 0.014321005140077312 0.04530945528972137 0.1873441770821478 0.030263278842990904 0.15374556297131023 0.025587966674978174 0.0 7.636364261678814E-4 0.006969115371374488 0.001701104154960373 0.0082438680681239 0.004837884816428078 1.4908376178619974E-4 
0.010313250658992966 0.01177402280468078 0.003598476472989857 0.01636599853442792 0.022744430024401394 0.06288586076835535 0.01662266436831343 0.006342449916606946 0.005202743742465724 0.019678109874657033 0.270537449062417 4.4661192121656954E-5 0.08875961068095463 0.0 2.623067230741547E-4 
0.24720634044694226 0.056237953953050715 0.015105592004171437 0.2601701010628306 0.0 0.0 0.0 0.01954737204133734 0.004631368625725587 0.0 0.0 0.03483859977576644 0.0014237602854420715 5.02671071931753E-4 2.7820709799962186E-4 
45.68022605922603 7.965038668556244 9.211765692275167 0.0 0.0 0.39388794418238793 0.0 0.0 0.0 0.6024494126714012 0.0 0.0 0.008519060863440687 0.028957717678927006 0.41325621402703405 
0.06099859879676451 0.021154269811314613 3.9375063953722006E-4 0.040428195628326266 0.007575820618247783 0.01774918698351982 0.0267535548057762 0.009051762533161293 0.012448240106608657 0.02156112531489964 0.3567695943425916 0.0 0.0012354418861851874 0.0011181967706391123 0.017256772573522126 
0.04155829761451981 0.028055817437154237 0.10147021537304594 0.02302080791330828 0.18753096472449485 0.06684558992136026 0.13333315675950536 0.0 0.0 0.0 1.1096570581179184E-4 0.0 0.0 1.3190515216452393E-4 2.0176503379602996E-4 
0.0 0.0 0.0 0.29815495018394966 0.08112635781638418 0.11886816845829401 0.0 0.0 0.0032577739541243857 0.0677645827144251 0.017486052290169744 8.227710274643168E-4 0.0 5.02545182403199E-5 0.0 
0.03438533969834137 0.05540755727329924 0.0 0.03845464453703538 0.03764172806322109 0.035371628702223275 0.02378377866318069 0.2363802441690095 0.0 0.0 0.0025058479248736346 0.04364533164195828 0.0 2.0704532546560092E-4 0.009133465035682024 
0.046468668424792234 0.007104507349117181 0.010803271215363543 0.03245891062967508 0.09281097341341518 0.04140985247895749 0.17005014591750708 0.042756248195194295 0.006837091080588812 0.004438869217983397 0.0059524267311968 0.03675531635794547 0.007578613221528152 0.05488895929900898 1.5061177593387795E-4 
0.047890516270556224 0.005939587945787166 0.0 0.2502791558235778 0.08274649349290791 0.014152479975133886 0.07683605597692905 0.0 0.0031249830702978596 0.06500241475633459 0.016773299235186043 0.0 0.005918153187822647 2.792648139112698E-4 0.0 
0.044069621251442606 0.007003825346839814 0.0 0.09744671152788963 0.24601596899115372 0.0646719372512385 0.04559405344046986 0.0 0.0 0.0 0.11736977515717041 0.1135396528554109 0.01281454028449682 0.06786911315722961 0.0 
0.06114786939871669 0.021206036747783343 3.9471419273585354E-4 0.04052712808278129 0.007594359524489474 0.0177086764215436 0.026803880032720134 0.009068789504232278 0.012471656079288386 0.021601683234492616 0.35744070182465637 0.0 0.0012377658350491677 0.0011203001735946793 0.01617094975900999 
0.047837826938495205 0.0 0.015046928607775421 0.3249781309053897 0.0 0.03958880089073818 0.10630964583154524 5.117868734854135E-4 0.0032193070898495066 0.0013494330886183006 0.0 0.0 0.0 0.00525671348260953 0.0 
0.052684040648011986 0.0 0.0028547717041258317 0.05680615716353641 0.02152419413302358 0.17504626428833822 0.027956956177607618 0.018300082505990592 0.014202185214802309 0.14563273892161002 0.008510054320151604 0.011005868072635521 0.001193333103771618 2.7606836482269584E-4 2.1483661107763743E-4 
2.2488399933207432 0.8615396039009241 1.1536722591812756 21.676803505203523 0.0 0.0 4.591969027242353 7.782278197363329 0.0 0.0 0.0 0.0 5.357527280930684 0.0 0.0 
0.011061250680991801 4.435963173843735E-4 6.23409124799175E-4 0.012162520437331 0.024158615201182065 0.06335204317240271 0.011086163197496526 0.0 0.0013991774598592086 0.2870051062491391 0.0 0.012637346579419862 2.98226672858545E-4 0.10252403539831438 4.7780549515200505E-4 
0.06510979645958703 0.011077972507741231 0.03528795254580809 0.06416952622827844 0.1549244861175896 0.018309556558524637 0.1286574754754259 0.015659349855035067 0.04116817231905774 0.03968630989903192 0.007507591292948104 0.0018325417304233167 0.016671638098492966 0.01893095889943316 1.6638475709940736E-4 
0.09315420861524758 0.032713911374611375 0.0 0.143568860980487 0.08780614347551108 0.0 0.017591832524206236 0.02936321511127583 0.041820666204334764 0.009955367742215141 0.018349563211381353 0.02991442919285623 0.04627619959468641 0.0 0.0 
44.28786152765005 4.16816355970266 3.9089389984019385 10.114730589531108 37.082334507051115 0.6238965272648931 0.0 0.0 0.0 0.0 0.0 0.0 3.1532592749079053E-4 0.48138426497064657 0.01567850013967869 
0.0 4.241489675376711 0.0 0.0 0.0 0.5140869283799054 0.0 0.0 0.0 0.0 0.012572150367167936 0.00706042917846285 0.007919534373404976 0.006030145461039942 7.431773004653852E-6 
0.13979528851651218 0.013156869790356837 0.048465859711894176 0.03890557405521711 0.14263449713605175 0.0 0.0 0.23324848507803062 0.0 0.0 0.0 0.0010931566582617275 8.235766040235132E-5 0.0 9.615430118234465E-5 
0.010816826218810069 0.013052390038430648 0.0 0.006639825088000867 0.01920722282834434 0.01272512853483019 0.026551315700008862 0.02761223752105308 0.24318232742521625 0.0015461738632296404 0.20412794483666824 5.534424069969704E-4 0.003609441743488797 4.3533859216863857E-4 0.0 
0.0 0.0 0.0 0.0 1.1518350018784582 0.08031651720983224 0.0 0.0 0.0 0.007972843768693581 0.009954787701514818 0.0 0.15763263769670144 0.002990805567265751 3.382557179678922E-4 
