0.0 0.0 0.0 2.206847028708809 0.02194718643155131 0.3842441498161651 0.0 0.027693921423039763 
0.5186289347285359 0.23312945619375028 2.0740190069253594E-6 0.05373752740741832 0.0020299105731192884 0.06777134043285689 0.0 0.0 
0.19287418879996804 0.548096760388242 0.0 0.0 0.19465807224669882 0.0 0.0 0.04555760158439403 
0.0 2.0761575269181063 0.0 0.0 0.0 0.0 2.0693640702031977 0.0 
0.0 2.089450095300648 0.0 1.1035806088234514 0.0 0.0 0.0 0.0 
0.6782783160485645 0.060697508618001855 0.028144957762640595 1.0380639106325293 0.0 0.07269896177296785 1.4165181781910907 0.0 
0.5309476538036504 0.2978740667361484 0.0 0.0 0.21546061547501702 0.1361077768284089 0.12583743557216573 0.3824851635111634 
0.15940916791074625 0.12130563667990561 0.02222949701935115 0.0 0.0 0.0 5.5442307947308365 0.0 
2.0285748001611665 2.302617897930784 0.0 0.0740557051613732 0.05518701444657978 0.0 0.0 0.0 
0.0 11.830444234236925 0.0 0.0 0.0 0.0 0.0 0.0 
0.04453368537039258 0.057616397038274925 0.0 0.008690926655270877 0.12530587568011659 0.20677491847471224 0.26697452528567805 0.06892266866932338 
1.4463001865611238 0.0 1.995089097119801E-6 0.5374541213096184 0.004999202893266715 0.0606574864081062 0.0 0.0 
0.10841629177673182 0.4716766572667551 0.0 0.041466347595851376 0.21127606911957034 0.15259714332905594 0.0 0.05585862795641059 
0.0 2.0377188845669165 0.0 0.0 0.0 0.48670567062904174 0.051175177829856415 0.001979292057949563 
0.0 0.0 0.0 0.0 7.049229173969939 0.0 0.0 0.0 
0.31072662811061563 0.11857914502717028 0.0 0.7494507660879282 0.011281004381842577 0.0 0.6846114285225539 0.0 
0.0 0.0 0.0 0.0 0.0 0.0 5.850379144248851 0.0 
0.41007216706464034 0.19567096950051432 0.0 0.0 0.3961254887278456 0.11069036231952664 0.1131102970563389 0.3588963632912905 
0.9266248928324958 0.0 0.0 0.20991669205613167 0.1451350450980059 0.05344061095397129 0.3404999619876845 0.1819792004438296 
0.6644904898539861 0.45368987325734794 0.0 0.0 0.2886393454223558 0.0 0.014418780100200422 0.012893272030257178 
0.1924539255232166 0.5469024847729781 0.0016145388920153526 0.0 0.19465807224669882 0.0 0.0 0.04555760158439403 
0.08846238895805003 0.6412823898602006 0.0 0.5605550774944815 0.0 0.14365740471652333 0.017857212003419446 0.0 
0.2660252648737867 0.1310928729602896 0.0 0.27849125685977266 0.047499673883080934 0.536412112119582 0.0 0.32806621992609075 
0.1839774351154804 0.1314450724310218 0.0 0.6000227932197905 0.03872617383012008 0.1820589282221266 0.29332902686695556 0.2120057230170668 
0.012273937595420708 0.9780171854637405 0.0 0.0 0.0 0.0 0.0 0.47823346868887107 
0.0 1.1950930773948318 0.0 1.3901913041155494 0.0 0.0 0.665600719434674 0.0 
1.3582230560646953 0.0 0.0 0.0 1.0650185641607934 0.0 0.0 0.03138513498163416 
0.21478333531371235 0.04261214214359205 0.0 0.0 0.02265595930479268 0.0 1.1370950478791484 0.6694064606880105 
0.41485273667559064 0.7815896738140906 0.0 0.7673143663743487 0.07807798169165413 0.04912026379252049 0.030271728491638943 0.0 
0.2531093588558928 0.14200027726135436 0.0 0.19260783805540793 0.23521144303035602 0.1873894018447603 0.10271581683429269 0.3062147057121804 
0.183101049977339 0.2501722048801605 0.0 0.11309239895928107 0.21134039635965912 0.09797006842681226 0.04641459711137938 0.05113445031225139 
0.11863083489668497 0.1213859153720589 1.7492172453623814E-5 0.06569163368759945 1.619642432723729 0.0 0.5981653993009921 0.03184682690501935 
0.0 1.9814830138289197 0.0 0.0 0.015942486405862422 0.0 0.5556231536053684 0.0 
1.613239457915329 0.0 0.0 0.0 0.0 0.0 0.0 0.2887264595673657 
0.03218541176699659 0.2333187925363615 0.0 0.20394764599672036 0.0 0.0522671021960755 0.444786773702897 0.4942907335464212 
2.4175853565586913 0.7453739703525384 0.0 0.0 0.0 0.0 0.0 0.0 
0.2863952727491852 0.1555202732562405 0.001182015277842665 0.33391496079799704 0.0 0.09339002953938252 0.0 0.029192505683221865 
0.0 0.0 0.0 0.0 0.0 3.554597025822403 0.0 0.0 
0.0 0.0 0.0 8.771944310244734 2.731890449414403 0.0 0.0 0.0 
0.10773701288818882 0.031974814585546685 0.0 1.4287153113619213 1.4616937644081542 0.5223928805979 0.25641286202530894 0.040368376006801814 
3.6998285827416374E-4 0.003212588830430286 1.919641315405471E-5 0.01397981569559523 0.4817930254065824 0.023131023936550817 0.21236524970565002 0.252799114523074 
0.0 0.0 0.0 0.0 0.0 0.0 0.0 4.581772026040387 
0.0 0.4235385907033511 0.0 0.14446112192377 0.23608573516891965 0.0 0.0 0.17710117522326213 
0.33709462140610164 0.16084883754996082 0.0 0.0 0.29708190186307165 0.219441058228001 0.0085281287850127 0.29954982757275117 
0.2427606315447998 0.07305022397551472 0.04734938446607887 0.22964526606696403 0.0 0.07124997622064255 0.07289517379379108 0.03224897625890879 
0.0 1.418654992734793 0.0 0.0 1.6539516031293802 0.0 0.043149344330124344 0.0 
0.12398461113315272 0.09398969627987454 0.0 0.5237902873434395 0.07449582495448528 0.35785428882237674 0.5274331847406617 0.4504345036687622 
0.06952447498765572 0.08994875949407809 0.0 0.04338606433607164 0.22933264766253067 0.020019124070315957 0.27257370265323877 0.07036816331384879 
3.138006122234447 0.0 0.0 0.0 0.0 0.0 0.4258882567779971 0.0 
1.4848093574313144 0.6385663476523339 0.0 0.0 0.0 0.0 0.29436231188775386 0.08469401759957589 
0.17637419376189514 0.2764229085418961 0.0 0.11818848721273754 0.11920456507246811 0.04471753284432813 0.03986373288289605 0.031516016704370424 
0.3821821745210398 0.16409079075200889 0.0 0.09540961232823844 0.0 0.19562988786451707 0.5663597056244334 0.08636046972528147 
0.1304458773049555 0.07768675354156246 0.0 0.0 0.0730207718334746 0.019614621997352734 0.33203520237537815 0.07834539235606171 
0.04459897833234759 0.07834361986367444 0.0 0.01045995341888636 0.1508117229285182 0.2488636829224402 0.24536510686724775 0.0755777586763897 
0.0 0.0 0.0 0.0 1.3978189497602873 0.006822972356212462 0.06606427625293186 0.49554638404352086 
4.069543127240204 0.0 0.0 0.18411121709075626 0.0 1.5604929975805968 0.0 0.0 
0.05723262763157759 0.07404592208658813 0.0 0.03571545797342501 0.18878689885488295 0.016479765918839026 0.3853356052936433 0.037556658758783674 
1.4626710315638407 0.0 0.0 0.03669839102406185 0.4039085901722269 0.0 0.0 0.3845392737293606 
0.0 0.0 0.0 11.572769019997075 0.0 0.0 0.0 0.0 
0.29743091868129923 0.13369849556055563 1.1894388015878358E-6 0.32489675233127774 0.0 0.09086779827101858 0.0 0.02840408907173483 
1.0203127304000112 0.004022531181114766 2.8260287183182734E-6 0.073221988418472 0.0027659271955068755 0.09234426189087983 0.0 0.0 
0.4018502133123395 0.0 0.0 0.7644327265139467 0.04933738348431017 0.18575188918977156 0.4212584991660143 0.27029876044044754 
0.8414293501584516 0.22249489643333692 0.0 0.2281344534506947 0.0 0.050903084339172636 0.007622101552504244 0.055686654207491734 
2.0380207984827354 0.0 0.0 0.0 0.019339927927667644 0.27213157345671446 0.3161572591393599 0.0030066984638388067 
0.0 0.0 0.0 0.0 1.7673720754892153 0.4949574320605143 0.0 0.0611783657291662 
2.1332972526606424 0.0 0.0 2.3996321726169336 0.0 0.0 0.0 0.0 
0.33447197163538184 0.8872495727795265 0.0 0.26232245234431073 0.0 0.08221439426566435 0.0673418769092645 0.044929387882070425 
0.0 0.7217675162017182 0.028671880933707317 0.6682155955993674 1.6539516031293802 0.0 0.043149344330124344 0.0 
0.6199259283738588 0.5047073115698998 0.0 0.568249674127147 0.06180744227318111 0.0 0.0 0.3140423647205496 
0.287345312531755 0.7622372796663653 0.0 0.22536156522897918 0.0 0.05665675270631104 0.3469287456828078 0.0 
0.8955297545633848 0.0 0.0 0.5765941306623718 0.5026476722488336 0.04579104620974316 0.2698131535998394 0.18533917448101003 
0.2674541912777322 0.12022362424100647 0.006261229027251437 0.2968694755065036 0.0 0.08302907129598629 0.039160720026152306 0.027267219955942418 
0.8380413592720131 0.4609053537965757 0.0 1.2360762663963 0.0 0.01988077985137154 0.0 0.12931674485959946 
0.6233223499422607 0.0 0.0 0.1630331177397307 0.22472799356764211 0.18525683970367335 0.0 0.04932695358466693 
0.6032826559088437 0.48790686893587426 0.0 0.005694666345805391 0.0 0.039300866273515506 0.0 0.20334655679625296 
0.0 0.07175655362003791 0.0 0.2459499015095281 0.22498062666020566 0.08183606892418804 0.39848328307290615 0.3003450941698069 
0.37271753701344984 0.506258300983858 0.0 0.0 0.15855929769253851 0.13522837247158323 0.12569967771585425 0.38021162895085625 
1.4066031455564654 0.0 0.0 0.06581129239938868 0.5056764742584832 0.04586801548028941 0.46871701532945514 0.20170947935484823 
1.0040761810011456 0.0 0.0 0.26262121076194767 0.0031921649127703653 0.23267686106912328 0.0 0.061953128124937265 
0.4598491703565872 0.1351276868405839 1.6414759388235598E-6 0.33797604453562935 0.0023511098841811104 0.07849501868008114 0.0 0.0 
0.5246215890664925 0.0 0.0 0.1372174338157535 0.009904607272883949 0.10426731959254625 0.04042693799020889 0.1570738084368259 
0.29444308363856786 0.12207853836343147 0.0 0.8307055888860373 0.12525971263334698 0.1973966860036722 0.06589411749303223 0.4330237964469473 
0.49914245559132037 0.2427005397053367 0.0 0.4757661404298846 1.0383593429803295 0.027910755652493312 0.0 0.0 
0.010097034029927622 0.0029755260107432774 0.0 0.0011122131067459182 0.22196211159663817 0.20677491847471224 0.26697452528567805 0.06892266866932338 
0.42189656178223084 0.13713532940851908 0.0 0.3079058926579789 0.0 0.4894805962168455 0.030922652453329313 0.0075355311148583804 
0.19186257953279937 0.15996314712337303 0.0 0.9354277828606097 1.0977510509506871 0.02950718511609982 0.0 0.0 
0.14061320781761533 0.3995850567260888 0.0 0.03832328356442353 0.15198151753625566 0.14675133308549762 0.05837462270502801 0.04555760158439403 
0.0 0.15287315332867424 0.0 0.029634739911523395 0.3079695656641183 0.27361748674194364 0.14182574349406785 0.860287901616951 
0.26299955232012934 0.1090417901508239 0.0 0.8319297683046524 0.12244771389035712 0.04460956357061719 0.0575473908719103 0.4573314211165547 
0.14404909971883856 0.0 0.0 1.3860958031334492 0.1536732915586332 0.0 0.07067639490355972 0.2700997404594399 
1.0126210986681885 0.746163952530216 0.0 1.4216888000119698 0.0 0.0 0.0 0.0 
1.3766551331414258 0.0 0.0 0.0 0.1697236118636963 0.0 0.9800205607989338 0.02066713188524859 
20.14215693642779 0.0 0.0 0.0 0.0 0.0 0.0 0.0 
0.26330963259831375 0.45582761431495444 0.0 0.051405546471128896 0.05171364162055356 0.20482294394283163 0.02912873842868689 0.25421608807600654 
1.9665637306136385 0.0 0.0 0.6965791849289155 0.025272063997588287 0.0 0.3648700240001199 0.0 
0.17643134994052875 0.18684032327558245 0.0 0.8908244812548063 0.024626601410275527 0.0 0.37200067802432385 0.04889344686214519 
1.6732888362695308 0.0 0.00136164174800668 0.042016951689548304 0.4624455526982839 0.06565548631075617 0.0 0.1722114251031448 
0.06593276015930584 0.9725815340634891 7.063276113928208E-5 0.0 0.9256937470941905 0.0 0.4420117703179454 0.030367224744525512 
0.015152629780539642 1.2073983768555632 0.0 0.0 0.0 0.0 0.0 0.4141140996802118 
0.15949781785333933 0.29909945615898265 0.0 0.15793528681262578 0.0 0.20250957847404097 0.06772437430111211 0.0 
0.0 0.0 0.0 8.77338953506763 0.0 0.0 2.2284107017059323 0.0 
2.654621373327118 0.0 0.0 0.0 0.38541987988796117 0.005246618220075505 0.0 0.0027075333236744117 
1.4481437967899546 1.0670849152422976 0.0 0.665245139178122 0.0 0.0 0.0 0.0 
2.078046107436637 0.0 0.0 0.12785158850369835 0.17295635568732598 0.045228808897603764 0.068819330638719 0.12333833902192474 
0.11965548448330643 0.16941263685731944 1.1756701214850847E-4 0.5197767322039926 0.0 0.29198227544552546 0.0 0.0 
0.27863682177336146 0.12130870195113876 0.0 0.1949652340082506 0.23809027968342378 0.1896829274975812 0.10397299231241854 0.3011269502507457 
0.748119519521486 0.0 0.0 0.19567444953776375 0.002378425985958517 0.1733634407433488 0.0 0.2153865714096669 
0.1968490283206198 0.05923475118958904 0.03839452988903189 0.1862140792600868 0.06395122115613422 0.163532876313728 0.07773845621496313 0.034391654459490446 
0.19287418879996804 0.548096760388242 0.0 0.0 0.19465807224669882 0.0 0.0 0.04555760158439403 
0.5685188027440701 0.0029950985055678166 0.0 0.12346509126824676 0.009759490290412986 0.2665748231710807 0.03247553982031406 0.15964276401232272 
2.0193717824635278 0.0 0.0 0.7152843960251262 0.0 0.0 0.26524492648706366 0.12302566248979904 
0.0 0.0 0.0 1.2784163151540173 0.006065108595533568 0.0 0.7497295804923451 0.9250094362924971 
0.0014300465945229004 0.26913850031990566 0.0 0.554069003683923 0.0017349539366251045 0.2982661717137312 0.0 0.007051935027461991 
0.014332770940899024 0.058911356980629846 0.0 0.2510486518602924 0.2296446661335228 0.08353260013876229 0.40674417997455825 0.27913730192800806 
2.9753503242843253 0.0 0.0 0.0 0.4268878800396998 0.0 0.0 0.003024894099402267 
1.4481437967899546 1.0670849152422976 0.0 0.665245139178122 0.0 0.0 0.0 0.0 
0.1740672112504628 0.18433670678526407 0.0 0.8788876422355371 0.0 0.013807050188066081 0.36396437712992546 0.08455389317840674 
1.4423266444693177 0.0 0.0 1.1658841624811822 0.0 0.21907493981337084 0.35318810444650384 0.0 
2.0513898252883696 0.0 0.0 0.1262115632876733 0.052324272453400204 0.1599669884540528 0.10300954168048834 0.12333833902192474 
0.0 1.5468948065926922 0.0 1.2042213170649556 0.24353579379120985 0.07204211385642037 0.0044173407509336534 0.0 
0.06426954841655784 0.9480473112533745 0.0 0.0 0.9400344530291634 0.0 0.43932781605629223 0.030182830916711784 
0.25754727196709326 0.26323533243965297 0.0 0.9091443587753364 0.013684770179911664 0.0 1.2151669334678805 0.0 
1.745869318264266 0.8468674614857714 0.0 0.629531260969436 0.0 0.0 0.4373242324193717 0.0 
0.0 0.0 0.0 0.0 1.6880876406252712 0.472753607055661 0.0 0.09919293734781505 
0.005215313497339542 0.0015369167737295955 0.0 0.00528360879304933 0.18833577567615495 0.1754493790907802 0.3631527596700439 0.07174574810829361 
0.1692020643045257 0.15732030715571557 0.0 0.6211378728052236 0.04008896579686254 0.18846566610290025 0.3036514109780283 0.22997230983652853 
0.07560575236454382 1.1152689261159923 0.0 0.0 1.0191689722911987 0.0 0.14522248068269367 0.002345460786464494 
0.1708895975066176 0.521933730660615 0.0 0.16301763861655727 0.0 0.05943789790875307 0.8600503890749653 0.04882740179871371 
0.0 0.0 0.0 2.1159586134632677 0.2219401567313237 0.09999802756328112 0.0 0.6183419559571953 
0.0 0.0 0.0 6.800871560582466 2.1180294136558317 2.5265793061989856 0.05835447922185259 0.0 
4.406877544361333 0.0 0.0 1.5447397266780265 0.05647825044801095 0.0 0.28841715897369347 0.0 
1.9596421059979747 0.0 0.0 2.2042967704114833 0.0 0.0 0.210719725131123 0.21569620830231928 
0.3022928444378378 0.1442427423631899 0.0 0.0 0.29201177343741397 0.20385213135243646 0.09581072790426379 0.30400522944435654 
0.23416007316369725 0.11385682683903253 2.0942241807497483E-4 0.22332797433503707 2.028450796248288 0.0 0.0 0.2154180913173446 
2.4175853565586913 0.7453739703525384 0.0 0.0 0.0 0.0 0.0 0.0 
0.11910848174038129 0.06682264736383269 0.0 0.09063760923648187 0.11068606073653939 0.2989054112632912 0.09175863670517939 1.9589027545150732 
2.31935477090514 0.0 0.0 0.0 0.3367431025010714 0.004583994208032185 0.44220756820729334 0.002758746266967818 
0.8942034560182706 0.0 0.0 0.5757401825353308 0.5048279189209889 0.04579104620974316 0.2698131535998394 0.18533917448101003 
0.1886698915308366 0.7475193716803815 0.0 0.016259994743330973 0.14796326047333788 0.037646280356534015 0.08478222860287063 0.5397160745956613 
1.3182933424375125 0.0 0.0 0.03307595728717193 0.3640394824857293 0.0 0.03526116329101847 0.5371473409880579 
0.0 1.7040280387417641 0.0 0.3193653197114665 0.01627968591490438 0.0 0.5673751381978832 0.0 
2.0856254019555003 0.0 0.0 0.0 2.3184702832313975 0.0 0.0 0.003915635017675579 
0.8684444552164645 3.014184861649161 0.0 0.05856220594944181 0.04937351395342538 0.0 0.11953538298524419 0.0 
0.29274614848576425 0.7346631963468133 6.987747713201663E-5 0.0 1.09935053664944 0.0 0.47858982502247194 0.03288022119059506 
0.3684072225916893 0.6054208843161786 0.0 0.030053577690510768 0.06737377613868596 0.26684825784510763 0.03794962103996734 0.07438038153752081 
1.5792146311854078 0.0 0.0 0.0 0.4958310517431839 0.2599726684730137 0.0 0.131015685358517 
0.17580913824541003 0.49960245960590544 0.0 0.0 0.1774351879177446 0.0 0.12355130717266798 0.09121203555460403 
1.9340955557678383 0.0 0.0015738736769671865 0.003942514928361493 0.5225036032686255 0.0 0.0 0.14069338942900667 
3.545771836839203 0.0 4.891191191347727E-6 0.0 0.0 0.0 0.024358075128813547 0.0 
0.054801401613591004 0.8083816166863907 0.0 0.0 0.8015492073660131 0.27487770775642223 0.4364606874330991 0.029985852589167836 
0.19608243169216358 0.1492128999222919 0.1401363543830305 0.012080643561379839 0.0 0.10591864404347567 5.354920440858619 0.0 
0.0960586240841207 0.10974777616605079 1.4981227370037447E-4 0.0 1.01006575351435 0.0 0.9414063709995788 0.051276324309026546 
0.0 0.0 0.0 2.6782544131056283 0.026635352677772863 0.13506822526461737 0.0 0.03009889732335645 
0.8037113215986644 0.36361641716183063 0.0 0.0 0.30132590906145273 0.0 0.015052528666500935 0.013459969948341411 
0.3154980771818966 0.7159576844751574 0.0 0.3636415027028066 0.0 0.07135497183064445 0.38206224630347346 0.0 
1.27142067345291 0.391996035543859 0.0 0.0 0.0 0.0 1.4995426179144604 0.0 
