0.09620446635335579 0.4021889299402468 0.04461351875992025 
0.18702408923230537 0.24519041156611573 0.09507292802680781 
0.25644025015907096 0.02928258460503537 0.23770386726464407 
0.0 0.39388516537261214 0.14057445821990772 
0.002809350254579221 0.13293256580722201 0.393364490606843 
0.03177877161703481 0.0 0.49831689551648806 
0.10174706867400682 0.14674857420784243 0.2571723195719766 
0.04883601191100679 0.2468603863954504 0.22348080907945475 
0.0 0.49052778272259806 0.049048844032002444 
0.21948196996137137 0.0 0.31026326608746796 
0.36261918498689394 0.12177159659411621 0.033713521700497406 
0.21270460241006975 0.07328883009888561 0.23792898798513817 
0.05221823936206774 0.42270562024193326 0.07957146142947547 
0.01665991971438372 0.05718136129200161 0.45962890093281383 
0.13021125773956413 0.37938629165397214 0.0 
0.38811386681430865 0.0 0.14866858255069398 
0.13785823933225744 0.1685348236847472 0.23560191735269262 
0.2695881710555993 0.20755928483314917 0.047644279704139925 
0.48237843914777145 0.0 0.04149926502638633 
0.2829131732910345 0.17906115058407912 0.0825642945440185 
0.0 0.18133254119150982 0.3827817197470871 
0.02605158883005571 0.241279147074757 0.357611109216472 
0.0 0.450147245154865 0.09186818811238566 
0.049726997004697696 0.24193034989393009 0.30452646816397266 
0.09199050803773207 0.14980465918939512 0.31236203399082535 
0.19224579448707976 0.02569653850205438 0.30808681033723295 
0.0774255788908239 0.23212813973369018 0.25043669152860715 
0.22378658780996286 0.03662066817700472 0.2675780214532891 
0.4312054447020999 0.04295366127423338 0.09763648339571458 
0.08310316365371288 0.27433052421915666 0.1873089510436478 
0.519137432505989 0.0 0.0 
0.04554823574286747 0.2957650044114903 0.2059686870088986 
0.09096703573607914 0.28198661628031474 0.13343791994570048 
0.07267418430900084 0.3514572193583392 0.09329491338278877 
0.36337416952936896 0.0796992813447815 0.09152766522834459 
0.3838284212292698 0.08142363066098596 0.05563255736754282 
0.03067015192453325 0.13617352930148457 0.3510635564386427 
0.0 0.5029368093988236 0.0 
0.27235527268611 0.08404225776241708 0.19148850676156048 
0.0 0.2936211350528235 0.22578090284596228 
0.09569198989884516 0.4248663659205549 0.0 
0.2659220995968767 0.0 0.2732447258474156 
0.03576097564045936 0.4704581891443356 0.0512378301377939 
0.0 0.3302310945015599 0.18346891677382607 
0.3127720499175265 0.21356494415187152 0.0 
0.13134811498576934 0.24928501229436842 0.13618553536635172 
0.30431735725342224 0.0 0.23932914851218212 
0.12461840694767898 0.040427506897079475 0.3750672712448046 
0.13719231861289388 0.08186573716312806 0.33011930767564707 
0.16626205844773653 0.3155480327123192 0.02810391545164413 
0.2526450479338982 0.1300146489432396 0.13426737157501714 
0.3123322890309905 0.027756118022389406 0.1871402140829971 
0.2092698797349611 0.17136324754517665 0.13618553536635172 
0.08852979813760624 0.0 0.46836398789114925 
0.16782422862476498 0.09128527739341215 0.2730833335982635 
0.04289040039150489 0.09285151567029633 0.393364490606843 
0.14330064320657673 0.34952769236669534 0.04988245467934814 
0.04118134638889157 0.49963428962241274 0.0 
0.03225924881946539 0.04076700873603781 0.45455574499811346 
0.14447282701648806 0.27419434578797997 0.09209296290082199 
0.3701832548005012 0.16269480060227295 0.0 
0.0 0.0 0.5325925597768784 
0.20490340463900206 0.13760558760985372 0.17825477626433203 
0.1371355329040588 0.21660284531169308 0.18537246716107 
0.2634511126516225 0.25578910503380087 0.0 
0.17747569919812864 0.33683035239105225 0.003361641014403688 
0.007452245989002891 0.08359904972598146 0.425810903165856 
0.07154937011833566 0.05430780515011007 0.4261562004277348 
0.32086332834497 0.17671120142649985 0.044540218196111175 
0.500140441418829 0.04663207523407526 0.0 
0.37272557230603875 0.005527474087401885 0.18129649587201727 
0.04527863675835258 0.33459712482273446 0.14527296249808438 
0.16598340707323261 0.16183495319389363 0.192530048308506 
0.29589431801669713 0.09334681227308868 0.14233175665518913 
0.23594949417323907 0.27021187117115664 0.039510311722176464 
0.14022962793241742 0.11470802941213784 0.26383926866966373 
0.4770666647720945 0.08099189653107029 0.0 
0.21010071795630275 0.2995327965431936 0.0 
0.41984419356858826 0.044764454603928805 0.05555562230816552 
0.1862464975777732 0.21702704009940446 0.12418620395975942 
0.4331761140557629 0.0 0.10350212297954069 
0.3147366677125163 0.1285308445149776 0.09156775335040998 
0.22862865710984592 0.21928400786143953 0.09252732333689749 
0.026696069149615528 0.26825739889217715 0.28840481670098117 
0.34066584522615134 0.036006808529510145 0.14136492655452024 
0.40323178992462627 0.12442758934908828 0.0 
0.19818291302822236 0.0 0.3966942787334885 
0.14069563131691426 0.0017555063129900874 0.4128070445435633 
0.2458966409655806 0.13217609971157138 0.15406471176630723 
0.0 0.0738031593345504 0.4593916106002464 
0.36451056703085816 0.11499341961093883 0.05082198733994041 
0.031898775103320065 0.04200739694070503 0.46003281857758194 
