0.6059712815030825 0.0 0.27944904816311616 0.0 0.05597891588395189 0.0 0.5719103250398363 0.019119174847700753 0.0 0.01790106007862705 
0.002467155562801699 0.004070527380618216 0.0069219854875832 0.0041666326866062085 0.0066742419724266705 0.10958000777989878 1.0693078205956879 0.007528617882981133 0.0 0.023528994901710888 
0.14774690616721228 0.0 0.15426963021107695 0.0 0.09701470779434257 0.604105449222637 0.9868925559930903 0.0 0.0 0.45260025114220925 
0.020834036863456286 0.006311257947448733 0.02283170646713806 0.006355650213406249 0.0722931794932289 0.32537198598637634 0.16222492300193317 0.0 0.0 0.49864973811477026 
0.005857293474618768 0.004917211741699263 0.0029430191784690063 0.24940742319371814 0.0 0.7075717587082956 2.0401837023080756 0.0 0.0 0.0 
0.0 0.0 2.302333852792744 0.34134552450543165 0.06695606078129598 0.02657558978985739 0.14009381392415318 0.0 0.0 0.0 
0.0 0.0 1.0565478609698433 0.1566444776592131 0.8121235842400322 0.0198565858045339 0.24910452293951246 0.0 0.15765629446980872 0.0 
0.08240940394589528 4.915318382295673E-4 0.14304558884154356 0.0 0.0 0.15167266134898547 0.3095535455566684 0.07704711333939665 0.0011655262279619894 0.0 
0.0 1.2967932747556665 1.42223242883162 0.4031245311399687 0.07907421856064115 0.0 0.0 0.20022440460448002 0.0057446176618514136 0.05327191269995729 
1.1340206164877518E-4 1.5181148866017432E-4 0.005483569320093975 0.015973903856702436 0.8621562435443464 0.07824147066602186 0.059239836442309506 0.09337224549564788 0.0 0.35304682145220095 
0.13583214824960588 0.012039668926307236 0.20252191493800512 0.03669249832670146 1.0723624085888304 0.4911865431225619 0.0991830190981851 0.0 0.0 0.0 
0.6749441392944187 0.28006806483186963 0.19938369451077698 0.9726466166396762 2.06872347970706 0.0 0.0 0.0 0.0 0.0 
0.4207798297929746 0.0 0.43935639957818334 0.0 0.21652459447918218 0.20806055663984033 1.136385167978116 0.0 0.0 0.6119795682773789 
1.2102907497696274 0.0 0.0 0.0 0.0858913623240062 0.20883580230889234 2.5974113554730027 0.0 0.0 0.0 
0.013115113765232191 0.0015432869241815222 0.013785011666004302 0.023612321575052775 0.03834022335088645 0.04015303920674008 0.4387539876730182 0.04409414085850233 0.09945487482346611 0.17841499033144853 
0.6564493701820012 0.0 0.4309913736270847 0.0 0.07196072490991783 0.16428033820744867 0.5538873517851526 0.022707243471513896 0.0 0.5332558141304417 
0.5868616802818902 0.0 0.05987762370198213 0.061841551853420156 0.06526139233163072 0.17702298084108048 0.10933153202283055 0.1792481202715271 0.0 0.061744581160518446 
0.3657566341222323 0.10912797067980722 0.01734361319945529 0.12633488424449552 0.0 0.13048689694200624 1.3523576970411704 0.002595496559789613 0.0 0.053817460028098243 
1.655412037635467 0.0 0.0 0.0 0.020004792451648358 0.6793440218665722 0.07469837267203927 0.0 1.436215836237416E-4 0.013467099643298546 
2.7149981789809106E-5 2.1856889454575627E-4 0.04277824349044096 1.0392062648707985 0.21458505809158362 1.7124802449720904 0.0 0.01116885202093622 0.0 0.0 
0.05194887008512096 0.0 0.0948195251983137 0.0023767906641811555 0.4053339759116003 0.4384383431905475 0.18637197358984464 0.0 0.04685379995017922 0.055309855748096486 
0.6468111998788532 0.0 0.12104450560129928 0.0 0.8633722347091274 0.4089817223320696 0.09476645287891558 0.0 0.03576301498329706 0.009954572703315305 
0.029450073614158377 0.04245426000768051 0.190873649594132 0.3239975579533931 0.8838639327999409 0.08858189307303706 0.32952777974971637 0.08896947896443837 0.0 0.0 
0.10373740818305101 0.08582827160193511 0.0 0.018390201134216657 0.2707274099736125 0.19508414355230497 0.47052048068344726 0.0409630828891613 0.0 0.049392162591098944 
0.0951699355830424 0.5515301328462194 1.4497637810999042 0.3108231030248546 0.060968986215701876 0.02419925468531426 0.1275669104540991 0.0 0.0 0.0 
0.5681061069297995 0.0 0.17423371956229186 0.06421223555280796 0.1315275457831275 0.1370048708839297 0.5516595031208257 0.0 0.06159463869270803 0.029115728795277823 
0.7809961789878405 0.0 0.7461096908323533 0.0 0.018454279226507657 0.25409063722669284 0.05708901819097442 0.03419260013958325 1.1178566148460781E-4 0.13887288077707147 
0.0011459675357732883 0.011846607892924622 0.0407738970179504 0.20877954563911677 0.030659748750949855 0.11607225339382683 0.3455765475187134 0.06900842957643591 0.08482150337738677 0.5580269452183197 
0.0 0.0 0.18247105069927533 0.0647637830731633 0.0 0.18717842580018187 0.2229110434298607 0.0011261998407777938 0.0 0.006206014489247554 
0.0 0.0 0.0 0.0 1.614581332975695 0.27724581222314826 0.0 0.0 0.34319983071744925 0.07338636930223671 
0.044244877669484935 0.0039217054702446585 0.06460659662875314 0.0651322222258287 0.49285934342438475 0.22575005912492843 0.04558466175246428 0.0 0.0 0.315512861542597 
0.0 0.0 0.5175561591642691 0.035645764378484816 0.40016898841291565 0.15553329671032143 0.04465362273057739 0.02928819082324411 0.05830663893960424 0.05176893404597015 
0.3400530741985774 0.0 0.0 0.0 0.1730416042899092 0.5773994070865559 0.8780272493918679 0.04019498418772443 0.0 0.0 
0.2590173024587658 0.0 0.0 0.05471004334938914 0.15964532406066798 0.5326991496353466 0.7276591719845743 0.03540083033432261 0.0 0.0 
0.0 0.0 1.9224247391409204 0.285019950563767 0.3289002265730096 0.02486681208165112 0.13108595414816604 0.0 0.18500715928596756 0.0 
0.012796311551157687 0.024219349301742035 0.03498240066301817 0.028809081504188757 0.6261259933380163 0.17725870813238576 0.10372115876797876 0.0014300087544953225 0.008774967541966973 0.3811800457722942 
0.23571184050588653 0.0 0.10870061252203281 0.24488312725739494 0.06901379939685699 0.2612013242367601 0.0 0.19211569137133425 0.0 0.0 
0.0 0.0 0.0 0.0 0.0 0.0 0.0 0.0 0.0 10.052064864092147 
0.005816667342495357 0.0017620439204166405 0.006374397926394484 0.0017437824122799187 0.16552834724247723 0.4584274824282557 0.17420155351676572 0.016632542356401582 0.005192976489113741 0.4070360791608183 
0.0 0.0 5.3253234580086595 0.0 4.595817135868634 0.0 13.257315541901567 0.0 0.0 0.0 
0.08201751210587482 0.0 0.05384854005448514 0.0 0.015924804272030843 0.7445156002726592 0.20921471832566832 0.07947151921573711 0.0 0.006568322355604757 
0.0 0.0 0.2546959490727228 0.022031144891534248 1.2076118646314174E-5 0.3050795526230586 0.15556939718467389 0.0 5.96220927462405E-4 0.0 
0.0 0.0 0.00665798236265417 0.02619732312931041 0.1870428541906018 0.1223176247470638 0.11665076624952103 0.08835657115602517 0.0 0.2886142213070437 
0.0 0.0 4.421410749432016 0.44168131880531636 2.3507089959643372 0.0 16.085038365866954 0.0 0.11566273333576106 0.0 
0.0 0.0 0.0 0.11091530599972395 0.12423644916765443 0.15292330166633658 1.1115309573329533 0.01682365437812532 8.220851862923743E-5 0.3849235472988179 
0.5672161418818857 0.0 0.15965072062032837 0.3692528376276256 0.2844539193105973 0.041085904769897326 0.05160435482194006 0.033431315317441444 0.0 0.3489028380547656 
0.41321191955070563 0.0 0.009660451347998098 0.0 0.5985871366240268 0.03039865999278988 0.3830577242919039 0.03256112249526672 0.0 0.4325368756725022 
0.6581412281382304 0.0 0.15391889953522048 0.039456696773191705 0.10388823914936574 0.924951961562264 0.6358431116542896 0.0 0.026276889102467546 0.09326389043066696 
0.8593563227974634 0.0 0.20097689349714792 0.20997591432229148 0.15498246771684443 0.2081613221012081 0.28197594589659597 0.0 0.020002984328590646 0.07099608067885176 
0.0 0.0 0.0 0.0 16.055882528794164 0.0 0.0 0.0 0.0 0.0 
0.0 0.0 0.1950592906526909 0.07332169657357901 0.11687620472189267 0.2335649223758606 0.19831510405561537 0.0 0.07762835526369549 0.1672911310084804 
0.0 0.0 0.0 0.0 0.0 0.0 1.0128532537597168 0.03625800049077194 0.0 0.020388359599932737 
0.0 0.0 1.5099026486708105 0.22385915532514844 0.14456158271796493 0.6547311890426468 0.0 0.0 0.022867049703152426 0.6616039813193468 
0.0 0.0 3.0449770249479876E-6 0.011318685922383087 4.405297422859843E-4 0.022197268385726297 4.573490702268639 0.08933223299743474 0.5195573147900064 0.009690329583400775 
1.3044029418775753 0.0 0.0 0.0 0.15914204027733236 0.213748161285812 0.28954389486881144 0.0 0.020539844180977887 0.01905104884848492 
1.4411358852475373 0.0 0.06698273024629345 0.0 0.5398044663540158 0.7055284015064731 0.48039181726089797 0.11576473842142826 0.11354499552935529 0.0 
0.0 0.0 0.0 0.0 0.0 1.353918637582774 1.689853469968638 0.0 0.0 0.0 
1.1397715376180975E-4 1.5258136522614807E-4 0.0013038699252620213 0.010590047909364615 0.13741099004583388 0.5467253978262576 0.27905995585231447 0.0 0.06379637229481454 0.33459112890860937 
0.10688521339045728 0.0 0.11244619601640754 0.22888110579099324 0.3192765822557517 0.23228634274552457 0.25054544299652154 0.025466124471021322 0.010156608952191903 0.27317957155862216 
0.00565589445516579 0.006957212194383331 0.03958303066451252 0.20268180776338182 0.0297642821445499 0.1583312983918007 0.37402756575488316 0.074689833891705 0.01699357544269569 0.5580269452183197 
0.032112161118077645 0.0 0.15484344714560122 0.01617161996073201 0.0025330930853307274 0.19959272237484962 0.16721384358303445 0.0 0.0015783528692239624 0.16393910068124848 
1.97057798787826 0.0 0.3817055973776933 0.38233950792385335 2.2062058095166006 0.564781763568611 0.0 0.0 0.23957063835570802 0.018340303517484096 
0.06104567295311348 0.0 0.05835275534828189 0.0031253687307766995 0.022130676487414395 0.05802729141617858 0.8101714888239517 0.03625800049077194 0.0 0.020388359599932737 
0.0 0.0 0.0 0.0 1.4157800602121582 0.0 1.4884265389764315 0.0 0.0 0.013065703676047154 
0.04406952398113555 0.04406952398113555 0.13007504492067434 0.0 0.09806525411775606 0.08451416114833951 0.2221397576498725 0.13606528791743056 0.08489548315590574 0.0 
0.03449110761264159 0.0 0.12969788774166138 1.56200926024907E-4 0.4695111527949996 0.17343368407595564 0.13165743471129418 0.01271256032108159 0.005377209653617755 0.0 
0.1646236540539657 0.0 0.3638791986341347 0.32725715505596714 0.1395520746826404 0.3334498003414046 0.3122929419415483 0.0 0.0 0.009096239279996516 
0.0 0.0 11.572936277656842 0.0 0.0 0.0 0.0 0.0 0.0 0.0 
0.0 1.0501731495701714E-5 2.253081460256326E-5 0.0020532704264980455 0.01039067183974516 0.006403981209856319 1.261953432483664 0.0 0.0 0.6566354780273299 
0.05087767755231971 0.0 0.24532995291084816 0.02562189641598418 1.4044347789746182E-5 0.2466311383291297 0.14840396981712256 0.020509440517441763 5.96220927462405E-4 0.0 
1.9235385953431323 2.168959601475525 0.09026844657505967 0.07143832861661223 0.05474875235146898 0.11505740840834962 0.0 0.13880622010382498 0.5035024518181953 0.38398581888149097 
0.0 0.0 0.0 0.0017044850709818581 0.019260345919947637 4.449069211862303 0.0 0.0 0.292377056373634 2.2651059682914405 
0.35131322183321634 0.0 0.0128305709844388 0.7907237652749196 0.0 0.2436211980432091 2.413559693161818 0.12339585866045606 0.0 0.0 
1.8761275699157767E-5 0.006504899529937451 0.24184605929942207 0.2788274219967471 0.1275865728139665 0.5341938457948185 0.9502670846294654 0.0 0.0 1.6379607002319756 
0.6091615746348215 0.0 0.07289063685474476 0.0 0.0 0.3757178507115406 0.8539303600873355 0.0 0.0 0.0 
1.4750283199101082 0.0 1.7099466206093399 0.4857131400256006 0.5575802409328009 0.15832011774571353 0.3216767485738894 0.0 0.2975971578210424 0.0 
0.0 0.0 0.20856735128628975 0.01436470715178192 0.6875448492737566 0.1485355523849089 0.0 0.0638241548609657 0.04718599225710124 0.0 
0.0 0.0 0.014418536958687963 0.0021608680234978545 0.08337178685091302 0.054603574001353905 0.020763522664524907 0.07242959277183174 0.03214579001702364 0.9920108085826225 
0.0 0.0 0.0 0.0 0.0 0.0 29.96176409659995 0.0 0.0 0.0 
0.0 0.0 0.0 0.0 0.6191125194773919 0.01747386536292773 0.8928918841552652 0.03470693268849617 0.0 0.5084322739957907 
0.07580780438853488 0.0 0.07246368250165997 0.0038811488173246473 0.027482340893062313 0.028946642930864713 0.8337547351171887 0.0 0.0 0.020256696643524252 
0.0 0.0 0.08470503756362195 0.008870134263862668 0.3088384376036882 0.43771338423343387 0.0030991764870133966 0.18441499571632244 0.0 0.0 
0.0 0.0 0.0 4.238927519873814 0.0 0.0 0.0 0.0 0.0 0.0 
0.07107725040298746 0.0 0.04666571890582606 0.0 0.08637108890363641 1.0011545105275685 0.26647714596808186 0.0 0.054154264392235626 0.00845794492557189 
0.0 0.0 0.0 0.0 0.6011637638184396 0.25541419315498165 1.1556276462742971 0.0 0.0 0.0 
0.0 0.0 0.0 0.029005062856516908 0.03527196507565228 0.5314079737373919 0.28464841079192427 0.0 0.14804648739375248 0.011789106375845978 
0.0031279494905637564 8.054968888246665E-4 0.013141034426298012 0.8125159708484709 2.6043788388653626 3.0338986244241832 0.0 0.0 0.0 0.0 
0.0 0.0 0.0 0.0 0.5628120099787678 0.6121819535955887 0.0 0.10417913011719764 0.0 0.0 
0.9872839139333119 0.0 0.6482005613137679 0.0 0.0 0.8332146548915951 0.0 0.0 0.0012580815650241868 0.0 
0.36780821510488404 0.0 0.16362408779769178 0.3290711160179397 0.14032560098061633 0.33529808665463556 0.3140239574338899 0.0 0.0 0.0 
0.0 0.0 0.0 0.0 0.43827383998290415 0.266463093638016 0.030123444504395448 0.018339928897157715 0.049265505925852444 0.6178571525134138 
14.079076392534173 0.0 0.0 0.0 0.0 0.0 0.0 0.0 0.0 0.0 
0.4613575063642159 0.0032137979129729546 0.2142411905431156 0.23637305343638212 0.05786076184108338 0.0 0.5129509270961641 0.049592862156536056 0.0 0.014837110349851827 
0.4589867494712454 0.0 0.10847232044808183 0.0 0.0 0.5493715700570342 0.19279366559874803 0.0 0.0 0.2504856854894299 
0.6404350729757706 0.0 0.0 0.34299545456890246 0.11998220457797877 0.8223204287985741 0.33243102559124366 0.0 0.016507802033431114 0.151215012325295 
0.0 0.0 0.2689160626138956 0.10108404414248094 0.31880500107903625 0.11237192982192823 0.032261990621345264 0.0 0.0791770335784514 0.1706285731836206 
0.08665248666022606 0.0 0.19153406347815505 0.17225742209351477 0.07345563041554333 0.17551702725822563 0.9036367470810606 0.020746235076941837 0.0 0.009000594978117114 
0.7082373667017652 0.0 0.0 0.0 0.0 0.23275220419485596 1.052190863931971 0.0 0.0 0.5038133091569278 
0.009503233954776024 0.0038104611859522365 0.32416943049250896 0.03534052663522419 1.0328501462591364 0.4730882851183356 0.09552852185185245 0.0 0.0 0.028699644382423464 
0.5457209421142715 0.0 0.012758370127877408 0.2562800424199327 0.21143812277176396 0.03053966209353233 0.2648201427122766 0.0 0.0 0.3895272309623221 
0.0 0.0 0.0 0.0 0.0 11.535254159855468 0.0 0.0 0.0 0.0 
0.0059492938370248735 5.097891026533121E-4 0.19281118450817303 0.04408496841788569 0.0367415782122964 0.12441638648012553 0.6819005582590032 0.0 0.1472393322167721 0.34481252613812985 
0.0 0.0 4.2193520942044446E-5 0.0022995516319040095 0.7086387590287442 0.09492503505435165 1.2654622785193397 0.0 0.0 0.04413241819214962 
0.8425946376202934 0.0 0.5532049184205964 0.0 0.5234561519674866 0.1228969956529679 0.3141725501294562 0.0 0.0 0.02617353896041852 
0.05856705802719789 3.493238916120105E-4 0.2215449377291083 0.0 0.21125392629630868 0.08021861406233909 0.2615835846104156 0.04107060689196633 0.002708871773218805 0.0 
0.6396959842672666 0.02536903289492108 1.1763524568640054 0.0 0.0 0.7072334906305945 0.28051441920904174 0.035465245233576914 0.16236315084887298 0.06710620151525876 
0.10353471447272677 0.0 0.05117856352320787 0.16144949892958896 0.4475368559661324 0.23113943281940252 0.24930837906878062 0.03163956288683802 0.010156608952191903 0.27317957155862216 
0.8600668497588123 0.0 0.020107440189903417 0.0 0.24122264078831226 0.0020731307351386013 0.2815435276033669 0.0 4.152864765549813E-5 0.41413810563597153 
0.0 0.0 0.0 0.0 0.0 0.0 0.0 0.0 1.8424318915922662 0.0 
0.0 0.0 0.0 0.3506002255304968 0.1032549667667311 0.24368966402827275 0.014604326401897483 0.0262578483566269 0.041141322578811014 0.3565776613311957 
5.072880254251527 0.27981936979537314 0.0 0.3739032437017574 0.0 0.0 8.352473524785516 0.0 0.0 0.0 
0.2554590696782206 2.7720526610040737 0.0 0.0 0.3559972665336674 0.0 2.6132426658840493 0.0 0.0 0.09375999143342544 
0.1937051467894464 0.0 0.00900324509821468 0.1805655490967897 0.22312395867781645 0.60270021529203 0.0 0.08861734444167202 0.0 0.31374862393650027 
1.7000211942078496 0.0 1.9707726670475882 0.0 0.5575963091011362 0.15832468016402765 0.3216860185511344 0.0 0.29746147654675814 0.0 
0.03437106103304605 0.0 0.032323135883143624 0.05536624105071516 0.019711769332084253 0.020523743111808657 0.2735873613904152 0.060489803591979356 0.08048085659936047 0.16123371857226168 
0.22609025447529435 0.08609982923810733 0.0 0.026966257840967775 0.00856181263643402 0.42618421301416454 0.33690697274361486 0.014896368478736348 0.00438843217475459 2.099199019501878 
7.540443806386002E-5 6.229124762955491E-5 4.038338547107046E-5 0.002606015868338331 0.013865971178226601 0.013436461193423272 1.65987368105925 0.0 0.0 0.24750965816278925 
2.2469983249428114 0.900966970069303 0.5924734890767577 0.6558772582033845 0.056577626099785526 0.0 0.0 0.1047297066430294 0.5029293014213404 0.3835487174856907 
9.412573887101392 3.1375246290337975 0.0 0.0 0.4317995095764688 0.0 0.90967448818974 0.13009509352499254 0.0 0.0 
5.750824930555652 2.408844602997679 0.0 0.0 5.93413599109146 0.0 1.0494673650791888 0.0 0.0 0.0 
0.8923351484503722 0.0 0.0 0.0 0.08980159786230066 0.31164951888730874 1.0121168890430516 0.045158334898701885 0.08567142297613341 0.5332063932427004 
0.26420538736897553 1.4904805718572216 0.9244533734340551 0.3972109516700793 0.07791425026460262 0.07578247892447439 0.0 0.20202714603849728 0.025086054004565615 0.054053149141085374 
1.2139379310179848 0.0 2.14718686261191 0.0 0.0 0.0 0.0 0.0 0.0 0.03918050994509533 
0.0 0.0 0.0 0.03986657789084606 0.19419779120308617 0.15223396952931248 1.1064420518271272 0.016746630893688698 0.01706430829920454 0.2656931860715038 
0.0 0.0 0.0 0.0 0.0 0.0 0.0 1.6109837048981053 0.0 0.0 
3.1479652950121144 0.0 0.5924734890767577 0.6558772582033845 0.056577626099785526 0.0 0.0 0.1047297066430294 0.5029293014213404 0.3835487174856907 
0.0 0.0 0.13682510386494917 0.014328038530618398 0.7530290149777058 0.1475086243972325 0.0 0.1151987151051719 0.0 0.0 
0.10151772544287083 0.020018807863061414 0.1670253238193551 0.024960538664406513 1.3681832145868753E-5 0.34564476818877626 0.0782072740800198 0.0 5.96220927462405E-4 0.0 
0.0 0.0 0.5631909505978137 0.038788779864047086 0.43545333002694286 0.16924722790535981 0.04859089354453617 0.025756586976327638 0.008298505664718082 0.0035953206256416352 
0.04452570033889264 0.01918644371951704 0.07648799927336884 0.08482317638250754 0.2440286026660507 0.07652131075247216 0.278241856243525 0.0405925345725586 0.0 0.0 
0.06065559140216735 0.008974389872453982 0.0032363403760300577 0.07168302234295766 0.2832895926697245 0.5082759585808143 0.9604346981486301 0.10876065530671475 0.039060083865670066 0.032722114046520374 
0.17953049190640297 0.012075626451019606 0.9259361030695962 0.16395961087382513 1.2449807207334884 0.09341906035675206 0.0 0.0 0.0 0.0 
0.17883525106585368 0.0 0.11741415867067907 0.0 0.21731560072087094 0.7178580267700647 0.2868851914548556 1.0414219419695812E-4 0.0 0.008416441695446263 
0.0 0.0 0.0 0.0 0.0 0.001062010646905275 0.20587420155937655 0.13787767032469408 1.4038837249925098 9.102010884555822 
0.0 0.0 1.4129426618066758 0.12327490448272374 0.0 0.1924622871310826 0.0 0.057692019566167256 0.0 0.0064518874416916215 
5.047126479487341 0.0 0.11132473248866284 0.0881022452964073 0.0 0.0 0.0 0.0 0.32402727081817867 0.0 
0.5703767650858919 0.416007208926565 0.0 0.0 0.024821537493718862 0.23420777462459694 0.5421722917845374 0.0 0.006968693510678165 1.4347388886779635 
0.0 0.0 0.009796325533633618 0.011622437119163852 0.12193545121015864 0.07974030779753523 0.09637336241566818 0.0815434640484742 0.0 0.4356335263084892 
0.39089408102543177 0.0 0.0731520740349885 0.0 0.5217706439417076 0.12637422942571983 0.8740512611091242 0.0 0.0 0.009108507328608186 
0.9733312382677499 0.0 0.0 0.0 0.024493076186338825 0.23110852294160866 0.5349977716795743 0.023654968840038162 0.006968693510678165 1.4347388886779635 
0.686822876967909 0.02834496853900221 0.0 0.0 0.6379744635527154 0.9654141238294682 0.12063475021093865 0.09775204173673434 1.4997568175720684E-4 0.0 
0.4580240931804634 0.26514411408972255 0.2483521392262147 0.0 0.002137385047893079 0.20148029287924213 0.907614203554094 0.0 0.0 0.03256410170438528 
0.27831674659392497 0.0 0.012856979554684874 0.08009891254944967 0.037363625377234214 0.7152858577311874 0.8792337591198736 0.1745174929013934 0.0 0.7987029313086038 
0.46430203196654585 0.0 0.08688966721602162 0.004686382851320123 0.625025898077183 0.24235471335761016 0.5720921033968991 0.0 0.0 0.0 
3.174634689597304 0.0 0.0 0.5793474706857321 0.0 0.0 0.42617389391405036 0.0 0.05189501321552519 0.05336159914055549 
1.0600785843811182 0.48148132165790597 0.621464960969127 0.7841486915048266 0.7232006697343557 0.0 0.4319733359497524 0.0 0.0 0.060976248540310675 
0.0 0.0 0.0 0.0 0.5257591641943413 0.3196526934056264 0.03613648719235298 0.02200082416219369 0.05909956026624339 0.4576742362409817 
0.0 0.0 1.6234464307956055E-4 0.6034620330937691 0.0353167163055286 0.26787787759094245 3.918360541073353 0.09355370950199282 0.27505665835067367 0.009648438917143265 
1.184467284832864 0.04697354720196011 0.42195558464638977 0.0 0.0 1.4742956201801665 0.0 0.0 0.12485564189549765 0.0 
3.0222226418067346 1.2118045421919752 0.09339015884069148 0.07390884755362837 0.056642103330999845 0.0 0.0 0.10484905914994302 0.5035024518181953 0.38398581888149097 
0.5562542216242697 0.0 0.0665598851858632 0.0 0.0 0.0 2.0079373746144755 0.0 0.0 0.0 
0.07234729097368321 0.7850592296944103 0.294452578879577 0.0 0.002534137782632531 0.10634428982132935 0.9737267136409828 0.0 0.0 0.03493613873726908 
0.6588208347743998 0.0 0.30382108988905787 0.0 0.06086109559672835 0.0 0.49283319353288996 0.019157413501394664 0.0 0.014836178221843745 
0.0 0.0 7.979171858437956 0.0 6.886119696992555 0.0 8.313164580348348 0.0 0.0 0.0 
0.45492758443269155 0.0 0.10639350669791069 0.3006246705335221 0.10516060851731983 0.9919959383947796 0.3381913979019899 0.025772686264071257 0.016982255033072994 0.08583835309583839 
4.8991497765231955 0.0 0.0 0.0 0.18279760137181103 0.0 0.0 0.41898513415485206 0.5879233094501278 0.4614857290502342 
0.0 0.0 0.0 0.049706967668130736 0.01651745755179157 0.4168949052447747 0.0 0.0919603901506592 0.07625431309184871 0.03434393263338677 
0.06465971102868158 0.0 0.16907216598719058 0.06675104000756096 0.003745485459047016 0.11558072430222663 0.2154172056926222 0.0010883391823885286 0.017074030077969597 0.011267815594819505 
0.0 0.0 4.5684694172129605 0.24559689951901842 2.3270110536921242 0.0 15.922882049923528 0.0 0.11449671543122976 0.0 
2.9804377603123506 0.13041834346352563 0.12161140741817579 0.0 0.0 0.06538354266475567 0.5065122725918224 0.11780179380627318 0.0 0.06526009591956204 
3.6959273795627845 1.2106691837709973 0.0 0.9357697979304481 0.0 0.0 0.0922381374505734 0.0 0.0 0.018944997902001177 
1.220544372031889 0.0 0.0 0.10557682603386591 2.869644796918047 0.0 0.0 0.0 0.0 0.0 
0.1612933859677281 9.620362568213597E-4 0.2799717783075803 0.0 0.0 0.07214511532835269 0.17440152969093653 0.07544599931929992 0.0011655262279619894 0.0 
0.0017425815936786269 1.493200926491558E-4 0.05647547933980306 0.07148758247917175 0.019605398178148305 0.06638889551056094 0.36386384616693346 0.015625343640468758 0.08068494592234876 0.18895209320729553 
0.7356009335815406 0.00793471028846452 0.0 0.0 0.0 1.044500518257343 0.2200788719698095 0.0 0.0 0.09102881958145072 
1.0400919806471958 0.04292427561420721 0.0 0.0 0.9661182608363809 0.45545952804783346 0.13031430795905 0.15240837627297601 1.6477693417383312E-4 0.0 
2.291382283866743 0.0 0.44384614507226094 0.4445832543894069 2.5653696212923154 0.0 0.0 0.0 0.0 0.018340303517484096 
1.7763322513974134 0.0 1.0064906427986184 0.4299801393774284 0.3876983265335262 0.37006314845217747 0.2070847953008572 0.046850317054634265 0.0 0.05326638354543705 
0.8056012859304926 0.0 0.060857227246654315 0.0 0.0 0.08081678393547548 0.6392163292040245 0.0 0.0 0.5126522273619616 
5.855079880743353E-4 1.5353278947381237E-4 0.0024690206408020886 0.15266063826691997 2.8649641544300177 2.6688941761995797 0.6898430063695336 0.0 0.0 0.0 
0.0 0.0 0.09702461038102897 0.0 0.6605427602524838 0.12358983178236403 0.03548265122949055 0.0 0.08708114452153747 0.18766213849353472 
0.0012940817754235857 0.0026681011540179342 0.024945199185569276 0.22635267887564595 0.12269721599025217 1.0651155543535358 0.9074487275613232 0.0 0.0 0.03439729691229181 
0.0 0.0 0.0 0.0 0.7500893221644575 0.18290521862421477 0.008922066429157792 0.0013363742604485408 0.008200397880427396 0.35622103722467574 
0.1090392632760842 0.0 0.4464323365718805 0.19342383818084113 0.1934163469987253 0.13468920174302 0.1494967053327919 0.05563144358735163 0.0 0.012388131101554671 
8.012540500153362 0.0 0.0 0.0 4.601049783785251 0.0 0.0 0.0 0.0 0.0 
0.0 0.0 0.2145825121063136 0.022470631591778856 0.7310956938885067 0.15794417317308615 0.0 0.10198634058595386 0.002764207409550598 0.0 
0.0 0.0 0.0 0.0 12.752429395498124 0.0 2.265167079064248 0.0 0.4598554025951593 0.0 
0.17927907712301294 0.009870720673216803 0.004422119335475581 0.0 1.3251799417345425 0.0 0.5530875252844575 0.04701419530093466 0.0 0.0 
0.1568298596966625 0.06569122963767343 0.5004621115561156 1.0341084684750577 0.11108857958669863 0.0 0.00384699427442971 0.15174648756605397 0.0 0.019554016517561165 
0.04415292952321216 0.0 0.16602951001400085 1.999567121964626E-4 0.5718565548331813 0.15229281295472297 0.0 0.012652775398963976 0.005351921587938452 0.004500776813060587 
0.0 0.0 0.0 0.0 0.45700752210826134 0.27785285601705423 0.0 0.018339928897157715 0.049265505925852444 0.6178571525134138 
1.9876488765198455 0.7969770008107672 0.5240899611979827 0.8895971894670947 0.05402946068089072 0.0 0.0 0.08195532922426296 0.7053036591789741 0.38196078704321845 
0.06274554767603958 0.009283612517630274 0.0033478521050712214 0.07415294108931803 0.29305065257922597 0.5257891754819759 0.9935275503760767 0.04341291687415533 0.039060083865670066 0.032722114046520374 
0.020762862656120602 0.013212602480911717 0.03247669997033282 0.043635202621987945 0.01988436515666924 0.020943835182625728 0.6032485976606661 0.0 0.5050341601909532 0.024471178030434085 
0.0 0.0 0.0 0.07951212869035847 0.1794463367366389 0.3367265362425637 0.28464841079192427 0.0 0.14804648739375248 0.011789106375845978 
0.3569986147866249 0.19463821325594824 0.02014673812416614 1.2416052759358325 0.0 0.3825373387065073 1.1929485732476446 0.1600325810794403 0.0 0.0 
1.1240435574156924 0.0 0.0 0.0 1.0027171803898336 0.4727134474721961 0.13525093224925672 0.0 0.0 0.05275638878483792 
0.0033743511314787518 5.896839097324929E-4 0.014625875342072967 0.006301423359812729 3.4190082478841926 0.12734141484263833 0.6887096153191217 0.20725907227809853 0.3304297833864637 0.35438497183317186 
0.0 0.0 0.0 0.0 1.5924078021831565 0.2734383121431725 0.0 0.0 0.33848656427556484 0.10408066661663541 
0.6515325463678497 0.0 0.0 0.3489388875432962 0.12206125892558081 0.8365696157394968 0.3381913979019899 0.025772686264071257 0.016982255033072994 0.08583835309583839 
0.0 0.0 1.295951854356379 0.1130678161106088 0.0 0.17652652485010975 0.0 0.052915154846225984 0.14791052282332584 0.0064518874416916215 
0.03934162036614714 0.018410831707732833 0.020216101596270665 0.17917951994230993 0.0 0.09977486851623746 0.13560912536015263 0.6529573018115781 0.6478671284203703 0.0 
0.06947986761285585 0.0 0.045616958355204754 0.0 0.06933417965452442 0.9046115430618782 0.2542029328956012 0.09656057388306105 0.0 0.00798073300177381 
0.0818421146392887 0.07973686664954255 0.36450194966822524 0.0 0.3492744859900706 0.13091862670960536 0.6381687207577567 0.05157866170591187 0.0 0.037405218849702576 
0.9016762894831208 0.0 0.8613991152286918 0.0 0.021305848179190557 0.7235266562406781 0.07955654582419462 0.04764918448506756 1.5577919155376375E-4 0.01460709346098752 
3.5509718166843447 0.15538383930859342 0.0 0.0 0.0 0.0749689400822024 0.5807682891937467 0.1350718431810972 0.0 0.07482739572307802 
0.8262577506021499 0.0 0.5424789467058425 0.030952671379592393 0.5249149189882248 0.1232394848634443 0.3150480858419079 0.0 0.0 0.019606934370057283 
0.0 0.0 0.0 0.30063203355063245 0.13374366956373912 0.21921969035336153 0.06364353535351006 0.02960372339981642 0.04161132434713367 0.3698484637170257 
1.0377491174989641 0.13080159278827105 0.0 0.33956790520659574 0.5398044663540158 0.7055284015064731 0.48039181726089797 0.11576473842142826 0.11354499552935529 0.0 
4.593984440310141 0.7672022525642781 0.11825197502612352 0.0 0.2044494026608432 0.0 0.0 0.14421257474362098 0.32798529799688886 0.466581225262238 
0.28062672341753137 0.0 0.6311448635306534 0.3174930274383507 0.07771777780820181 0.1868133434113303 0.004347420263029821 0.04999821342876272 0.0 0.014958382672015777 
0.0 0.0 0.038061092060859864 0.21451458843157736 0.10039183518436853 0.9946922946740382 1.0184395656767888 0.0 0.0 0.10486139807009684 
0.25575468363995596 0.014081303203857712 0.006308475867971281 0.0 1.2426073961544626 0.0 0.5530875252844575 0.04701419530093466 0.0 0.0 
0.566692314658992 0.0 0.0 0.0 0.0 0.3121702633489396 0.7076290483087153 0.0 0.0 0.5126522273619616 
1.0702078671245014 0.0 0.0 0.0 0.16898870374970537 1.454008798231572 0.8942642697153448 0.0 0.0023867320377577296 0.1080719487129377 
0.0 0.0 0.0 0.0 1.6610086393428383 0.0 0.0 0.2281898026186727 0.0 0.13817967291719704 
6.753616939215488 0.0 0.0 0.0 4.911581429155146 0.0 0.8686259345194508 0.0 0.0 0.0 
0.04981641779501947 0.0 0.1733696781436351 0.06373929054666681 0.0 0.14414834565420478 0.22119742735514408 0.0011175422430167955 0.0 0.011267815594819505 
2.2464407735960275 0.0 0.4351408686861131 0.43586352087570746 2.525787759651117 0.0 0.0 0.0 0.10194838181176152 0.018340303517484096 
0.0 0.0 0.0 0.0 1.2274889551972208 0.0 1.4020740632510038 0.0 0.0 0.030976500814935772 
0.11232765524786108 0.0 0.005220890762409793 0.10470813545616112 0.12292696238335261 0.603460704629387 0.19369426207572266 0.08372439992133353 0.07165244891974155 0.31374862393650027 
0.0 0.0 0.0 7.07309323003694E-6 8.159802394817032E-6 7.58746524846462E-5 0.017661493110010997 0.011495362928855854 0.11858243004911528 9.74868828838951 
6.283229122061459E-4 0.006495380487392176 0.022355933232458023 0.114471804854861 0.16001647605340738 0.12033269853107276 0.3582609736272242 0.07154139175836544 0.05326294510838743 0.5593455193560232 
0.0 0.0 0.0 0.23424404054165016 0.04005623208936516 1.1954239952437447 0.1167767526623546 0.25877591978281034 0.0 0.9246337197512366 
5.655887262706251 0.0 0.0 0.0 0.0 0.0 0.08929404191447493 0.0 0.0 0.018340303517484096 
0.0 0.0 4.0446533956220145 0.6957058902382233 2.2913827377760687 0.0 15.679090568542868 0.0 0.11274368329918974 0.0 
0.0 0.0 11.572936277656842 0.0 0.0 0.0 0.0 0.0 0.0 0.0 
0.0 0.0 0.0 0.02405230710136396 0.004112995973383637 0.63013372639813 0.0 0.14003695688809203 0.7983359863609697 0.8000624259166604 
0.4712014705196241 0.0 0.12447670776402603 0.0 0.0971395307918155 0.2276847515734772 1.0292826926857856 0.0 0.0 0.4928443471958397 
0.0028767104351614106 0.004146971392371525 0.0073474615730592975 0.0647394116383255 0.8067423234988111 0.5976231073363136 0.25253455271664704 0.14697100735887078 0.0 0.03387767665314618 
0.042959840610464296 0.061929496919435285 0.2784339920752983 0.18730985008315326 0.8595485854443699 0.08614498008275162 0.3204623771118444 0.08652190337640478 0.0 0.0 
0.5383993017371583 0.0 0.0062208802624819926 0.0 0.6232168054434827 0.0 0.8303744659005864 0.2622658578770691 0.0 1.0027300311204996 
0.04948822978492786 0.0 4.882754540920519 0.0 0.16855590124631306 0.0 0.127043849698016 0.18369030228415162 0.36647640126553255 0.015129014088814223 
0.1512662811680812 0.029828984107487196 0.24887574544079435 0.03719240007836511 2.0386586275873007E-5 0.5150272867228762 0.0 0.0 7.941744486134709E-4 0.0 
1.2190430996784043 0.0 0.8003618921827097 0.0 0.0 0.022747711800230483 0.3141725501294562 0.0 0.0 0.02617353896041852 
0.0 0.0 0.049838824335255175 0.19352817148693147 0.028420049942422882 0.15118064618157054 0.357135510507955 0.0752850966283557 0.05329620162058708 0.5580269452183197 
0.3335435446994215 0.0 0.07800553004776786 0.2282399354000079 0.3332045419827503 0.998034633580306 0.3402501107326108 0.025929575410928826 0.023536846858317337 0.08659753246010263 
0.0 0.0 1.888412425834457 0.27997726272283774 0.054918471971800824 0.6538088237730819 0.0 0.0 0.0 0.04498409788436759 
0.0 0.0 0.0 0.0 13.91000516166414 0.0 2.4707830002131614 0.0 0.0 0.0 
0.0073228401394416975 0.0022183090742732272 0.008024989955872265 0.00219531891566241 0.20839039849279867 0.5771330852674621 0.28774871332439284 0.02233806361869548 0.0 0.5432661345657511 
0.19098790829656248 0.0 0.4663836957629007 0.22890700227172645 0.05603317869634157 0.13468920174302 0.1494967053327919 0.05563144358735163 0.0 0.012388131101554671 
0.11832766323613048 0.0474452139273182 0.7006701055133638 0.12668391264479092 2.5386395447922423 0.0 0.17957804795342952 0.0 0.09460173332938529 0.05532584858001289 
2.106566650571036 0.6576833675068645 0.5354417388919444 0.5363309639058549 2.6445631863560175 0.7407900191902506 0.0 0.0 0.0 0.023052749649155775 
0.24808111764394153 0.0 0.16430763883774685 0.0 0.10358745725944651 0.7212283919549111 0.28823212612058313 0.05687225493709418 0.11865669824734355 0.00942832051974272 
0.0 0.0 0.0 3.622136945807205 0.0 0.0 0.0 0.23281309957217436 0.0 0.0 
2.10803002661718 0.0 0.4083303810098864 0.40900850817547685 1.6144994055278667 1.3546058692941627 0.0 0.0 0.2564916101445229 0.019635686626815183 
0.0 0.0 3.541782877208774E-4 0.0018831490736041072 0.6770407458486665 0.13822139968930783 1.2836674961240533 0.0 0.01433326692407853 0.0 
0.5824514593468406 0.03708575970411237 0.11184585215981138 0.014030741535540164 0.0 0.0 0.7683301388240381 0.5008128117334019 0.0 0.003968386539596974 
0.0 0.0 0.0 0.3278446865419542 0.11996914021611899 0.2260016104354035 0.06561245233268459 0.030519563057763245 0.04289863880221433 0.38129033154993686 
3.407342473832393 0.1490988897562353 0.0 0.0 0.0 0.08413516863984617 0.5591509934100404 0.3178794878923018 0.0 0.47987441792474633 
0.0 0.0 0.0 0.033973869948488236 0.04131434433484042 0.45040590830215943 0.09553378510668752 0.0454552199418571 0.10650407647517128 0.11885578294768033 
1.303545385434563 0.0 0.0 0.03626692523666072 0.0 0.2951135807048529 0.28223021852925334 0.0 0.01827574075481227 0.07099608067885176 
0.020761720147133757 0.029929414672476864 0.04835328941119583 0.21640268133569213 0.7587537781544175 0.2702043791786995 0.28412827756939885 0.22193248351719344 0.0 0.0 
0.7206559846899823 0.028579740738037044 0.8236155676114327 0.0 0.0 1.4024753828711518 0.0 0.0 0.11877330555293415 0.0 
0.8194847778732363 0.0 0.0 0.07078520097122884 0.02247436895850131 0.31618848959273094 0.5349977716795743 0.023654968840038162 0.006968693510678165 1.4347388886779635 
0.0 0.0 0.0 0.0 3.5025893838687523 3.8098369857829324 0.0 0.10168577755059373 0.0 0.0 
0.0 0.0 0.02448964821255874 0.06804836690665612 1.2687165490401198 0.12049903601384783 0.0 0.13546117800157184 0.0 0.5121879426778363 
1.220544372031889 0.0 0.0 0.10557682603386591 2.869644796918047 0.0 0.0 0.0 0.0 0.0 
0.0 0.0 0.0 0.0 0.0 0.0 1.9009329316449106 0.0 6.454050293256123E-4 0.035891529858955745 
4.391438522368785 0.05021860378585527 0.0 0.0 0.1657275865840709 0.0 0.0 0.6565637026104104 0.5625951538848402 0.4416045946426249 
0.0 0.0 0.0 0.0 0.0 11.457413771059866 0.0 0.0 0.2305497629582756 0.0 
0.6584309335901889 0.0 0.015393408803117679 0.30921061401333494 0.2551073082037193 0.036847144157357285 0.04628042419707417 0.029982265250597037 0.0 0.39827973802078365 
0.03267798507480151 0.0 0.10418376057359545 0.002216360809235887 0.3779745319606161 0.4088444034042112 0.25339243681714824 0.0 0.04685379995017922 0.055309855748096486 
2.6244721643078237 0.14476236334727072 0.0 0.19343991727268114 0.0 0.0 11.08426740497287 0.0 0.0 0.032134542633526254 
0.03765823966456538 0.002923773754587836 0.014205632432945169 0.1936178229116122 0.0 0.09638268969483181 0.13099864167947314 0.5929622625022818 0.7246074350805017 0.0 
0.0 0.0 7.638117045616013 0.0 6.591785359295128 0.0 8.948553730867719 0.0 0.0 0.0 
0.022730764396617045 0.008634545897268711 0.0 0.0 0.0048771314332578105 0.629427737215601 0.3920054383929052 0.26688741636204594 0.0 0.3424620210393518 
6.460559175360261E-4 1.6940975903948941E-4 0.002724344377870837 0.16844741785939352 3.1612327811027563 2.4809675742528996 0.7049330522657923 0.07313616468956151 0.0 0.0 
0.0 0.0 0.0 0.0 0.0 0.0 1.689386627573437 0.0 5.73580796965752E-4 0.24750965816278925 
0.019855316571424555 0.0 0.018979435793015236 0.0010165370050005773 0.049441602662259984 0.07726618180575215 0.8283395638908917 0.04744252110237126 0.022692069018394455 0.0 
0.6685483692930991 0.27741414012448296 0.3813556331417541 0.48118484469304906 2.3258116093692753 0.0 0.0 0.0 0.0 0.06145139836214167 
0.5262929689086906 0.0 0.24177823123610823 0.0 0.007905555561561722 0.3316485571869093 0.8103178786360996 0.0 0.0 0.0 
0.0 0.0 1.6234464307956055E-4 0.6034620330937691 0.0353167163055286 0.26787787759094245 3.918360541073353 0.09355370950199282 0.27505665835067367 0.009648438917143265 
1.164915621147927 0.0 0.0 0.026709151954176256 2.5786027966363476 0.0 0.0 0.2405105124260261 0.0 0.13524197757234288 
1.208343525761904 0.05761736911293825 2.2392039432989814 0.0 0.0 0.0 0.0 0.0 0.0 0.04085957952574322 
3.2451419344496557 4.886282174009901 0.1793552464566079 0.0 0.0 0.0 0.5309076064248607 0.1359258503186871 0.26363179349164256 0.0 
2.1371833619890146 0.0 0.413977450733648 0.41466495616635685 2.392732679562274 0.6125320569287808 0.0 0.0 0.25982548544865686 0.005092276578125603 
0.012955580727816296 0.001524514288653831 0.01361732994998891 0.023547962920644896 0.03803799422517955 0.03983651997776048 0.4363817502724728 0.04749547265710101 0.09945487482346611 0.17841499033144853 
0.7277287023558553 0.2171267697826747 0.0 0.24250581810414787 0.009669395180424319 0.25251557863389507 2.6170550023894408 0.005022751946724937 0.0 0.024297587262776237 
0.14647003476448953 0.0 0.16412162460070692 0.0 0.11357179030029543 0.6421538539802643 1.0490500608972975 0.0 0.0 0.48110639617205814 
0.0 0.0 0.0 0.0 1.459223003985656 0.43968538699900706 0.032485367985818865 0.16351219076870765 0.0 0.0 
0.0 0.0 0.0391887857272458 0.946570920020178 0.19545684309898478 1.8280789814548404 0.0 0.01116885202093622 0.0 0.0 
0.5710442478259828 0.01660194189092277 0.0 0.0 0.0 0.0 0.6057122511067199 0.3243122287960335 0.0 0.4383687833961192 
0.42543640100451746 0.02342361387577222 0.010493865570304883 2.1839888610228282E-4 0.6505368373329544 0.0 0.5373065120010687 0.037383168164788316 0.035125123839325735 0.5057788190837493 
0.027852120930475028 0.020029247831574077 0.0 0.0 1.6307678689681775 0.3731120544771831 0.6448749666847747 0.0 0.0 0.040897651122592846 
0.03949858278717881 0.0 0.1904604518407701 0.019891407105022803 1.0903245992208798E-5 0.19147061941205148 0.11521254054373288 0.015922382332877492 0.0015783528692239624 0.16393910068124848 
