0.0 0.0 0.0 0.46988263452574236 0.11891238541400456 
0.0109957213564941 0.1258422384839644 0.11092025950453652 0.35278131692798603 0.0 
0.0 0.3921256918160644 0.02783943475453395 0.21539738716056483 0.0 
0.0 0.0 0.1678546291845991 0.0 0.3539514167637036 
0.2951370177616575 6.7048251456362E-4 0.2092779966436941 0.10324005886601899 0.008264362907565166 
0.0027066734944779444 0.18861905159772863 0.2762535866173304 0.011907087858202445 0.0743852754121379 
0.0 0.24940334013248286 0.2545397039758074 0.0847624314790348 0.0 
0.07871028529907544 0.10889785523235905 0.05407605984629665 0.008462928703398147 0.27996209636619857 
0.06221377047098215 0.037280445930497695 0.0 0.23576533155138965 0.17867463509258033 
0.17944537546439038 0.18971807185715284 0.0 0.1886015390104441 0.0 
0.11965236883046922 0.0 0.5848530894268289 0.0 0.0 
0.0 0.005261870695287368 0.3316633745543614 0.09371453631859562 0.2019690780122631 
0.08081739660845869 0.19361531356222741 0.09905528495307765 0.10207624945762453 0.11652402781998118 
0.019449024998620716 0.0894835113289121 0.3766687345513334 0.0859032794369045 0.0 
0.1656413009770633 0.012109907996031899 0.0 0.006224220723287032 0.37700525843209354 
3.0791084349164335E-5 0.07257902928389788 0.4473289842795821 0.0 0.003754361929081035 
0.0 0.5272929383290638 0.0 0.10419555623792545 0.0 
0.0038327756702663824 0.017611370517024126 0.2803536388700641 0.21493221690551584 0.2541482715541019 
0.07501455385165488 0.0 0.11726751505089918 0.2537671575973541 0.07890424246185553 
0.10770798203894416 0.18141689290176655 0.1820654618995337 0.0 0.09491255497210299 
0.3476304461752503 0.19705379720326188 0.0 0.0 0.0 
0.02677415953454909 0.10113498596114623 0.023978643803057482 0.45581031803886424 0.0 
0.0 0.4496958816998447 0.0015507906897060933 0.0 0.09989968012560149 
0.12048465172201009 0.0018622197563213057 0.29395289591084683 0.09715820069389076 0.1260215712600768 
0.20397395235473811 0.3432214659092741 0.0 0.0 0.0 
0.0012722175102687914 1.5621234501060285E-4 0.38152252564372674 0.15917588030783772 0.0 
0.13903826552723028 0.02728748795471743 0.0 0.29456152220081794 0.11711309830161139 
0.0 0.0 0.0 0.0 0.5586262982517294 
0.0 0.2759316376295268 0.0 0.2526151950459386 0.1084201983539237 
0.17865298077198208 0.3006145502489534 0.0 0.1179398589333103 0.0 
0.007823465107400002 0.08739743356828879 0.0 0.17141491313178686 0.3329640655051305 
0.0 0.0 0.06910281658270254 0.0 0.4583984890530106 
0.1943533576979202 0.08995280914468425 0.0033765477098208706 0.0 0.3020336528773565 
0.0 0.0602554158126823 0.1256983096081465 0.0 0.40965100671531646 
0.0 0.08184825106309729 0.0 0.24676192343314668 0.21329633465754452 
0.028427592079249962 0.012221585548156515 0.28193193577165765 0.17983274201579474 0.10177909450213365 
0.0 0.22380359021419205 0.22380359021419205 0.0 0.10248843173350929 
0.0 0.1827875023419613 0.002310945263563691 0.09379074555714503 0.25724493069669596 
0.16177105749519125 0.018037534125709794 0.0024592597590402067 0.3393563000850638 0.0 
0.0 0.10735291354327275 0.3920890880547198 0.0 0.06573237071106998 
0.11321001193213795 0.3430687153708884 0.0 0.1916699695495573 0.004990116388892936 
0.1331716438167384 0.0 0.2967601804221914 0.006735225459734013 0.11976379102386839 
0.14530597494250574 0.0 0.003692121499661329 0.11036241624314173 0.2424821517647825 
0.10504234592793776 0.2738094519210631 0.01667308732116303 0.02346765175866614 0.1883673033369671 
0.17404472140925384 0.15076749099950157 0.0 0.018895328521577208 0.21104075620454407 
0.30778151289949124 0.11289873860762284 0.0 0.10303137834499956 0.10742835881051822 
0.17325321368376842 0.07132298955812542 0.13536479364233575 0.20095095356002107 0.0 
0.0 0.26282200535448796 0.1158630443204365 0.0 0.20849475174428822 
0.024815310135485658 0.10801698395648847 0.005668449877556211 0.40195552356908515 0.12579330973367717 
0.08013705378958522 0.08013705378958522 0.1609964102067734 0.10611574578578721 0.10576379970358019 
0.15739580717439874 0.03517078920269644 0.12756788373861125 0.0 0.2339316856850415 
0.3774835789987902 0.0 0.13003551631892846 0.0 0.11365517181957312 
0.0 0.0 0.425769971186358 0.10881892342720909 0.11700640906994893 
1.0384624097721826E-4 0.005127694036972849 0.19528865278841326 0.05224334567686957 0.2790164665385789 
0.0 0.20276815822138966 0.44154321682494574 0.0 0.0 
0.2734015577244198 0.09847835818706158 0.0 0.18998935289194585 0.0 
0.1080765942517279 0.35294560556057797 0.0 0.011869561892577535 0.09700373823914475 
0.21972770240287523 0.21972770240287523 0.0 0.0 0.10550250756813813 
0.10562717741937441 0.0 0.18920032575543835 0.17479049411098027 0.08307345943194198 
0.018299190134804022 0.006991569735034891 0.0953899343843965 0.33919289115910073 0.12391156593794272 
0.07957071395028796 0.0 0.0 0.37568347841354943 0.11568171176681605 
0.25668400699482635 0.10501891932487348 0.09793715862404076 0.08285546714882894 0.0 
0.08706165805694745 0.0 0.3448861083344209 0.0 0.2227965031736642 
0.0 0.20424281951739487 0.16283639310425807 0.14062176637471016 0.09441635999376331 
0.12316829637144631 0.36620817621519675 0.10132935545049782 0.0 0.0 
0.06090047491984895 0.08538431375718364 0.1897591949598207 0.011991427868223445 0.2136981232101592 
0.030818466175861505 0.0720193176116875 0.2804703438974567 0.18848468775484709 0.0 
0.15737209782539902 0.11899711155243425 0.0 0.27715411417190816 0.00355262672434661 
0.0010722398346855715 0.25862966624150974 0.28370002767160246 0.0 3.032603666983127E-4 
0.08747558469605474 0.030598099655031623 0.012758862797256397 0.0 0.4529347915009116 
0.24003833326154503 0.0 0.07757624026269268 0.10490818632917782 0.10456024526824863 
0.10194053142741964 0.09796758080644315 0.3432323909860158 0.11150608116512005 0.0 
0.02070100875936225 0.1652254526367672 0.057830637207866874 0.22948903193694656 0.0985985335261682 
0.0 0.20201371709203686 0.09017189746381211 0.08148219854792192 0.1426219558186131 
0.0 0.0 0.1002051517795304 0.23574794152746353 0.3915619066329211 
0.10906880855102427 0.3242870985320752 0.08972984441466343 0.07313398480215545 0.0 
0.009226076463315212 0.08760680646369405 0.17889797646878913 0.19636805773090552 0.09835951718142551 
0.0 0.0 0.6443113750463354 0.0 0.0 
0.004856926924497809 0.012524209300659873 5.243631730875616E-4 0.38550046527527965 0.20860665961460206 
0.0 0.08240262772026223 0.2849331756470889 0.10217312288452217 0.08676949639880625 
0.13478594284417283 0.12953290082228652 0.3241084502687655 0.04564736718489558 0.0 
0.08104478746380504 0.01810981618276841 0.2209564831109305 0.0 0.23391459146977242 
0.11162480213810597 0.0668890885266814 0.0 0.15961819865829627 0.18020553938522557 
0.09317995933202372 0.21463097682856522 0.10327434431393817 0.0 0.09691084739410981 
0.19818677758996156 0.07443135481828005 0.0 0.20662192637973145 0.1217766058560871 
0.08704210020477193 0.17365234017478498 0.33561557757304866 0.0 0.0 
0.24541550731019554 0.09002198003724453 0.0 0.0 0.18651578413680292 
0.0027166208333123543 0.01064054563714891 0.08997342948996148 0.3217934606751065 0.19005273918707313 
0.0 0.1929344015515726 0.007404471635678924 0.3815672727569812 0.0 
0.1284815555146798 0.0 0.33840838150597535 0.07242898818642177 0.0 
0.0881228385708255 0.007405315496289944 0.39348205713074946 0.0 0.09505070692709697 
0.08127995670252795 0.0 0.0020652659035644357 0.16851270684963288 0.2859171578005835 
0.43596140425542446 0.0 0.0 0.010651861373570532 0.07874552609962966 
0.0 0.5592352614319225 0.0 0.0 0.0 
0.0 0.004014827273548717 0.20734006307885552 0.33351957199055443 0.0 
0.1051605089976741 0.1387934265272916 0.0011118367039331042 0.0 0.30921039722964594 
0.16035385868990712 0.0 0.16107652072950565 0.10616854812997678 0.10581642692222139 
0.08836811390903868 0.00198286535658066 0.13990354593337234 0.3038818789353079 0.0 
0.07329986297651678 0.07749605491537381 0.0 0.3681952838561514 0.0 
0.0 0.10486742326192114 0.0 0.08421736415136638 0.40907527028729285 
0.007317005016148078 0.32366176289451115 0.10932449079322044 0.10555011741742794 0.0 
0.0029385928048099694 0.011509972413210418 0.09732505518663156 0.5018928409261671 0.0 
0.0 0.21107455808799958 0.09305058321003651 0.0 0.2795619893545738 
0.0 0.3169635749646158 0.18849119805004022 0.0 2.820829119187104E-4 
0.08162816930093034 0.21277670543402225 0.012956618424675832 0.062130240260862855 0.2268725749261169 
0.0 0.0 0.37866326989942206 0.0 0.19531262568784177 
0.009017501270982945 0.10320219189642181 0.09096479881869521 0.2102307773490839 0.21482257279147118 
0.07886581282807031 0.18165973206054084 0.1549287550917353 0.09959329002829954 2.874364467859922E-4 
0.06524154919372317 0.15027756540826528 0.12816443062439495 0.17740637039295787 2.908085324680806E-4 
0.0 0.1290747106676922 0.2692616543304087 0.0 0.2189410283305733 
0.14440681823791776 0.0 0.39595814709785293 0.0 0.0 
0.0015427183688007044 0.07617596656352031 0.07657568325724289 0.09730028890346046 0.27772618064740756 
0.0 0.2058073494343312 0.2373970228869257 0.1861777976132321 0.004847128015416996 
6.917320977247014E-4 0.2562649666648467 0.05204607872279587 0.23051121030641653 0.0 
0.09345605596601897 0.0 0.0023746519277147403 0.07098150060962849 0.3441480513731624 
0.0 0.05544607913782082 0.0 0.06327837189969714 0.4399153692475267 
0.0868019379950009 0.0 0.28404466086447966 0.14991204112459264 0.008443798887027775 
0.19499795847185925 0.08192124350107687 0.13812498790782884 0.09846628286244075 0.12603445784511433 
0.00894252530768009 0.05227809175734791 0.19863799638510007 0.28365754615241323 0.0 
0.18048411511285617 0.020600262505292188 0.1266252863899585 0.09941380782550498 0.21141388918031215 
0.07372655809451006 0.00822053912604473 0.0011207984932642124 0.4043907906478767 0.02892745299498762 
0.3382907268414134 0.10455708135096775 0.14924173136963564 0.0 0.015354366978877067 
4.941487359005587E-4 0.18306655098059482 0.29362735212658314 0.08026228364464023 0.0 
0.0 0.0 0.0 0.5483889187290476 0.0 
0.07516296290563497 0.15507128337387444 0.0 0.21370851446760697 0.10783392785487357 
0.06678969319600933 0.058943519628052894 0.0 0.0 0.4352811878731946 
0.0712228488055394 0.4763481424789341 0.0 0.0 0.0 
0.0 0.43230659454492537 0.07314817846973065 0.0 2.820829119187104E-4 
0.0691057801447977 0.015697275727819728 0.08355221423226207 0.09571527175728174 0.287067018489949 
0.005709601443916994 0.0 0.45870555044216366 0.022441321250804662 0.08748233070618057 
0.20175834860881878 0.02302848060272237 0.14155100939593418 0.1819999324005794 0.09019959000586934 
0.2327826719445196 0.0 0.1426621451280388 0.2026680955789383 4.5125049445878305E-4 
0.07249485776701241 0.184461840995559 0.05204607872279587 0.23051121030641653 0.0 
0.32607444882567455 0.1098869554297499 0.0 0.010651861373570532 0.07874552609962966 
0.01425543412283434 0.3553096283673342 0.0 0.0 0.18967019894175394 
0.010149837709289492 0.30183485486829115 0.08183158909317202 0.19789302056621147 0.0 
0.17644647945504285 0.1370630520788946 0.0 0.07515494653003428 0.13291166330149293 
0.0936047263849222 0.02863340582012628 0.08758229414599743 0.0 0.37063985372211206 
0.1803728453634413 0.10808507598873454 0.0 0.11250263979372947 0.13810071384880637 
0.41670689251394044 0.0 0.11284423654727495 0.0 0.020467007936216315 
0.09265362043944222 0.06792326050765071 0.10111722142902467 0.2826231386005037 0.0 
0.019737586997002617 0.008485580042290154 0.19574841562427772 0.2678104851992267 0.09962530495527816 
0.30298236854145066 0.21877890090040894 0.0 0.10686012168473358 0.0 
0.18553895464396833 0.31619175455484994 0.0 0.0 0.10291943806801998 
0.26886120219222875 0.0 0.0 0.2767252919703685 0.0 
0.4593138589622566 0.07459716011182205 0.0015514481172707935 0.0 0.0 
0.30182450707609776 0.0 0.22611116569982728 0.0 0.0 
0.18855118601014648 0.0 0.22360945287697015 0.20105833945226534 0.0062594889472780075 
0.295208233454768 0.10828667670664065 0.11593815953738536 0.0 0.11276291251448504 
0.3486669099976474 0.09866501692229855 0.0 0.0636180945579443 0.042148382256062954 
0.0978508812473695 0.32459726464865024 0.0 0.10346436419352653 0.1078798228192756 
0.0034761456191981614 0.3127530704650079 0.08563554175618301 0.010172317674321156 0.10357957414934174 
0.2699088085065968 0.2699088085065968 0.0 0.0 0.0 
0.19717555673916948 0.07232686404845078 0.25974439271183275 0.0 0.10856378460794877 
0.0 0.0989521865816249 0.20642331344964754 0.07037899154895932 0.20652915981396758 
0.0046410324789137305 0.0026307623022540903 0.47805668712140903 0.07517063771141122 0.0 
0.16579953379180884 0.16309390626250808 0.22371705812501155 0.0 0.0 
0.008564978151632513 0.01467139221608861 0.01324132225394393 0.17084362400760855 0.4696872257807995 
0.12605060242619753 0.1239936245070828 0.17008292668110944 0.1311759615914577 0.0 
0.5073540111150905 0.0 0.0 0.0 0.0 
0.35049142314235676 0.0 0.0949014553294457 0.08028724260430789 0.0 
0.2526250487476756 0.04957989765351342 0.002504118096944909 0.19158535651704792 0.08366682135330515 
0.28786424706991376 0.0 0.22238006214103834 0.0 0.10466582295760324 
0.12865371348272647 0.11732495275380417 0.30161967723232885 0.0 0.12171502272182254 
0.05067172304398057 0.01132282061200379 0.2597048055153642 0.0 0.23507518155568435 
0.018159612054073033 0.17243577212943242 0.03680706051434821 0.16194986838407405 0.18622806502729136 
0.23565683953324398 0.006305218402797795 0.0 0.030782028427264328 0.26463551212930897 
0.17244483876154698 0.09045072256620168 0.07435082801992499 0.0 0.24045844328997473 
0.3531288155363358 0.0 0.0 0.1804096222481059 0.0 
0.0021002831779599333 0.10354650342459311 0.014446617554107732 0.016542213909312164 0.47604366915940827 
0.11274406302520133 0.38868138361918836 0.0 0.10213164989709478 0.0 
0.0012786539782719756 0.06313706031184307 0.06346835820194818 0.2590253510433691 0.1203033991606576 
0.07837784738254604 0.11758636422968315 0.03591290791435938 0.2980304507925165 0.0866726230372809 
0.21805047187731244 0.0 0.325743544188622 0.0 0.0 
0.0947978271523906 0.0 0.463365686972574 0.061153051348361846 0.0 
0.0 0.166079866333349 0.02581558573574446 3.2298172329830083E-4 0.4795394200179918 
0.06294966848228437 0.08921646905519473 6.935075527510326E-4 0.094095935126391 0.3115948521180486 
5.335873987058678E-5 0.0026347346777320234 0.10034408877737132 0.0947165897892551 0.35592910555199997 
0.0 0.2573867162108503 3.809128877569268E-4 0.10762671696715612 0.17209463718117274 
0.0 0.07377678727183397 0.23913584361965015 0.0 0.24482459264008904 
0.16415056412945486 0.1635876702884795 0.08875220830677848 0.010542534544412936 0.10734930558859977 
0.145843055907284 0.0 0.034522463814033406 0.16127383281363308 0.18207471500865044 
0.013099095348668675 0.149914628367496 0.13213822069898834 0.30538759185782804 0.0 
0.20611763586639742 0.20541083142523758 0.11144278090746254 0.013237860666872372 0.0 
0.0056350580827452595 0.014500466275828646 0.0198393930216828 0.2352735487143193 0.23947230330488067 
0.49409730643482047 0.0 0.0 0.12223029275327253 0.0 
0.17925117904318738 0.0 0.0957168667784038 0.2975921707485911 1.2137253615585401E-4 
0.024078935663627454 0.4072288715241207 0.0 0.08522844440530271 0.07303652522701747 
0.0 0.16722067761002532 0.17183637560217216 0.0 0.21391896370844973 
0.07428679971441639 0.10415234730403515 0.10842523531628584 0.056843158595595265 0.21104075620454407 
0.17107939966234284 0.240250886369412 0.13586513223225732 0.0 0.0 
0.20972365673230348 0.0 0.05678621194911466 0.048041501149915455 0.1993720709203062 
9.295130989210152E-4 1.1413254394670799E-4 0.2787496495346518 0.26464457163046967 0.0 
0.09637926833164659 0.2220002740539342 0.18933324242566696 0.0 2.833430573891558E-4 
0.3297738254610892 0.0 0.02020524911860824 0.08417466160259526 0.1063775138889702 
0.09344190492229004 0.08980017313035252 0.22469191041337191 0.19591749585144866 0.0 
0.07751757831572498 0.008847772897243363 0.09011361576879884 0.2257698776136427 0.19910166090645273 
0.371805651988168 1.4402888615220496E-4 0.0 0.0 0.27667075425561116 
0.020170147163704303 0.01938405160801965 0.17991517264520357 0.3859642533535848 0.0 
0.025157640763017786 0.04565114722358523 0.0030216753262926224 0.43785470391175396 0.1583863956553313 
2.9975460132835466E-5 0.07065648530297453 0.4354796986842171 0.012889716846865512 0.0037479865007279717 
0.0033038595477545437 0.008519425784924643 3.566910317629157E-4 0.2622315329554278 0.3380567502486068 
0.12193345619981634 0.017934741739279787 0.0 0.08761385007535745 0.3098975504781615 
0.08008426287605767 0.001796986530997931 0.12678863284729222 0.27539522118776744 0.04248311676364243 
5.897315859745721E-4 0.2184769880103602 0.04437153726118874 0.2765193570121332 0.0 
0.2302664689890376 0.2785258212630625 0.0 0.04698211169509494 0.0 
0.3609397214519184 0.0 0.0 0.16371016005071795 0.0 
0.1722491245955923 0.019660329557297566 0.12084772512361056 0.15538057903734503 0.14766620141498746 
0.1158892016032773 0.0 0.18116536052622545 0.17611082118668644 0.08370097718294124 
0.004473784368882373 0.020556766404276002 0.3057615125211953 0.23558115738024218 0.10532164745334023 
