3.5348003802415744 0.6440521421421336 0.0 0.0 0.1367256082510073 0.11631583643004366 0.4149205440092248 0.0 1.117728733833589 0.009165603706267402 0.0 0.018504314264695794 0.11279107176390799 0.0 0.007628162077874544 
2.5652050865139985E-4 0.0041598888347498045 0.009141784106065058 0.11317110762236117 0.11522485970503438 0.04121657384508884 0.07949142555541876 0.3954511692304287 0.7050285770852353 0.0 0.021838254647536144 0.0 0.0 0.0 0.0 
0.0029188945901453003 0.026410684419454634 0.0 0.20894472192755828 0.01226826777990855 0.09482518817026762 0.2070138316684018 0.04394037764423618 0.030366685834714115 0.0 0.02289524708772752 0.08734037476253445 0.03779314162577395 0.016207671342161913 0.031053953245723423 
0.024382333432524703 0.03541442416479103 0.03639456203817311 0.35991680958417066 0.16030680463652855 0.038353052991975486 0.36690187866227303 0.2678238732318652 0.07747625209868597 0.0 5.305869338944896E-4 0.10163798966829352 0.014228871315355385 0.0 0.0 
0.0 20.107433739770556 0.0 0.0 9.617384959013478 0.0 0.0 0.0 0.0 0.0 0.0 0.0 0.0 0.018450983592346988 0.0 
0.023167026258174243 0.07308970853271488 0.002330313241453031 0.16488883527536857 0.02961660699298082 0.1753251712343801 9.621720529611574E-5 0.0 0.07120723596811822 0.0 0.040799835252007616 0.009456944863619835 0.008431178836896583 0.0 0.0 
0.0 0.0 0.0 0.0 0.0 0.0 26.46665179140296 0.0 0.0 0.0 0.0 0.0 0.0 0.0 0.0 
0.1920186866395112 0.05560140467168019 0.0 0.03242591297985774 0.022887685091315082 0.012470175919325987 0.07010736248009329 0.15011260037466595 0.00127617164477476 0.0 0.0 0.0 0.0 0.0 0.025427358206150448 
0.23859104341997622 0.1990840447467518 0.0 0.23523195875852226 0.013732722444581576 0.2226837476759421 0.3793333220378293 0.0 0.0 0.1087786940038833 0.01272032928099952 0.03427802644887414 0.00331368468201162 0.0 0.04639801016666776 
0.46990923489202313 0.539274862436472 0.0 0.027562862275474238 0.0 0.0 0.33475789844557846 0.0 0.03125163063297603 0.007005089042685141 0.05364161072094793 0.0 0.0 0.0 0.001199207743583185 
4.5848796140293056 0.8353799986514562 0.0 0.0 0.17734253325585503 0.15086965312604955 0.3547818402440853 0.0 0.0 0.009378757413567352 0.0 0.0 0.0 0.0 0.0 
0.5318334238226563 0.43521276969921224 3.231243560449049 11.94584861524207 0.0 0.0 5.660209701360596 0.0 4.025831140192317 0.920615358653595 0.0 0.0 0.0 0.9404797992968672 0.051932538662816774 
0.21658193124093664 0.06314902077352105 0.0 0.08550038962539734 0.0 0.006453919106671885 0.0950328733324261 0.07643388886312331 0.0012941082417234533 4.816859647847134E-4 0.0 0.010076801934101327 0.03668741978866098 0.0 0.00687981721604593 
0.004433500398968681 0.04011511080462118 0.0 0.317365522946862 0.0 0.008723007285205866 0.271326360579591 0.025067551917914054 0.0 0.0 0.0 0.08968624731536322 0.0388082265033706 0.016642992709287034 0.007086266816983469 
0.0 0.0 0.0 0.0 0.0 0.0 0.0 0.0 0.0 2.6360516512300087 0.0 0.0 0.0 0.0 0.0 
0.2077979676751722 0.07933734152099128 0.0 0.0 0.11058827648034072 0.013169264451464232 0.7484767041842687 0.1587432124655463 0.0 0.0 0.014421757487619296 0.002405935256915316 0.007971438117757119 0.0 0.0 
0.0 0.0 0.0 0.20397957550297327 0.08419107832584541 0.046734828813739505 0.19944229117853943 0.11268487652486078 0.05309209357417243 0.001761119621660316 0.011252085379058543 0.010895421204434885 0.0 0.01663485995119098 0.013896705834174876 
0.0011624394365368036 0.004829196444423756 0.0 0.020569759942906902 0.0 2.5172363312027493E-4 0.5516514789021929 0.01869764114520348 0.0 0.0 0.0 0.07829962038830526 0.0263467036223437 0.007654172713583064 0.0 
1.9149453061537158E-4 1.2759855519054743E-4 0.0 1.815038845191997E-4 0.0 0.01170711764517789 0.5688707814204277 0.01872488326924187 0.05732323405943549 0.029316598463700553 0.0 0.010355454785014893 0.0 0.0 0.008310505672920706 
0.0010024721013688353 6.059246071954718E-4 0.0 4.1607785416862027E-4 7.820303964555822E-4 0.04057460533625693 0.6578659296211232 0.0 0.0 0.00673943098307148 0.025669618597540307 0.006198198255752015 0.010528051278844437 0.0 0.012982738420172132 
0.21227106776923013 0.7900994065381766 0.0 0.23136536415583597 0.0 0.0 0.16356128201454567 0.0 0.0 0.0024746411920259 0.0 0.07411415333684204 0.005765497133111375 0.0 0.0012125225947647923 
0.8324033350429509 0.6945701750812721 0.0 0.0026501075045626656 0.0 0.17529365573468642 0.0991398006925293 0.06365626748417605 0.06271051382856112 0.0 0.0 0.012713091460643387 0.0 0.0 0.0 
0.2821268250082555 0.06788924909565097 0.0 0.025542048933833928 0.03687967630804215 0.0 0.04912312010203252 0.02870541412694971 0.007125830468738623 0.0 0.0 0.0 0.0 0.01392463758840305 0.02265613368750876 
0.10386595594808437 0.08666735483961294 0.0 1.06218626397809 0.0 0.1909450891179635 0.083948135947925 0.0 0.3901255394387944 0.01235685318936298 0.04882230357734355 0.022399130077655715 0.004591232800029131 0.0 0.005019008202539737 
1.6470808282907228 1.347847986022613 3.324558258453098 21.158713313561627 0.0 0.0 0.0 0.0 0.0 0.019705141415115857 0.0 0.0 0.0 0.0 0.05156989248495184 
0.03299064546232971 0.0540789850528406 0.02239909442165619 0.17282854453006913 0.001002733580829981 0.1694673974556137 0.0 0.0018417261446710316 0.14270031259027105 1.2434479284676503E-6 0.05807296225728311 0.007298277548590284 0.004822741048997894 0.0 0.020169638891679786 
0.19296057845156703 0.7182233552694551 0.0 0.0 0.0 0.0 0.09351673488614967 0.0 0.0 0.0017793450109888725 0.031623993971432104 0.060768694788553804 0.004298533116239826 0.0033326060685671217 0.03966466730529681 
0.0 0.0 0.0 0.4745898704228361 0.04062321830608909 0.0 0.0 0.0 0.06616351396420705 0.0 0.04929443774051115 0.010273912176414319 0.007934782708074621 0.0 0.019494052843392135 
0.0 0.0 0.0 0.0 0.6621003851809869 0.7994718716090433 0.0 0.49732837741402675 0.0 0.0 0.0 0.013758526194474858 0.007374761188501197 0.0035131618434259193 0.0 
0.11792575795876392 0.09920122457554495 0.0 0.05108353992319217 0.6187846039719119 0.04479638227305466 0.07671157464836431 0.11211222630356253 0.004713058477602399 0.0 0.018991082071762807 0.011596324852550225 0.0 0.0 0.0018999984848940491 
0.0015374623579604413 0.013911236561941931 0.0 0.13408298340001346 0.008749752901663852 0.003814965988525641 0.30521564505752535 0.0 0.0 0.0 0.0 0.14830152785435727 0.1284262664269135 0.0 0.0032856843374090795 
0.0 29.59208367619831 0.0 0.0 0.0 0.0 0.0 0.0 0.0 0.0 0.0 0.0 0.0 0.0 0.0 
0.042847487225266025 0.023660048880538683 0.0 0.23089255299009717 0.0 0.0071680625292351195 0.144465789933395 0.0170954040313552 0.0125309996076924 0.0 0.0033720354780408667 0.07986504399612171 0.018377574627389964 0.003511291166793129 2.472413940474513E-4 
0.1806773008393945 0.10385490053908257 0.0 0.0 0.8019371378551279 0.0 0.06994005280864196 0.010968638058528917 0.026600319198025503 0.005962492221106578 0.0 0.10625978320695159 4.916662819088536E-4 0.0019707380075828836 0.007135583021181451 
0.0 0.0 0.0 0.0 0.0 0.0 0.0 0.0 0.0 0.0 11.406427714104838 0.0 0.0 0.0 0.0 
0.2952766670801584 0.27437289539759285 0.0020134825687163314 0.0 0.3131567376286709 0.05636658770281041 0.3039020934420667 0.00651653781267522 0.028519546963206705 0.006392689337736446 0.04387481923431606 0.0 0.0 0.0 0.0 
26.757790320839977 0.0 0.0 15.767299820353314 0.0 0.0 0.0 0.0 0.0 0.0 0.0 0.0 0.0 0.0 0.0 
0.0 0.0 0.0 0.08590632360531288 0.05620883843313133 0.028799452855457014 0.0931616243741392 0.11902775286363432 0.025717415277813238 0.0 0.2358743077430107 0.01229538025137198 7.297002865776976E-4 0.011998563806795511 0.010642094675639811 
6.317018977822593 0.8641843410490027 0.0 0.0 0.0 0.0 0.0 0.008483447862916488 0.0 0.011381440521398164 0.1770141295936851 0.04815080529163577 0.0 0.13059680836757265 0.0 
0.07790035957190904 0.06553115450070628 0.0 0.06731707600715857 0.6394955662984497 0.06188243209462123 0.0542127371100782 0.00636823371013348 0.0 0.06505121483901148 0.01751325444940918 0.0 0.0 0.0 0.0 
6.0013356125045005 0.0 0.0 0.0 0.0 0.0 0.0 0.0 0.0 0.0 0.0 0.5237543059713562 0.0 0.0 0.0 
0.45243730667782084 0.377520663460939 0.0 0.44606751510749826 0.0 0.1661818467831753 0.08386339307398198 0.0 0.0 0.009833162074582708 0.013980754550949395 0.03767454943076791 0.0036420293197634086 0.0 0.0039813653164498175 
0.004891506980401676 0.0013211800076557124 0.01588956525766638 0.09398716018212844 0.06427507244632336 0.05047927090384152 0.1463585647210029 0.019304542558136698 0.3316199090636719 0.0 0.0 0.007378704068910527 0.0 0.05570726482390196 0.01769819020177043 
0.0027942936489098484 0.022381683876013928 0.0 0.09960372328298468 0.031167662966017907 0.05459999691268253 0.4250161363744371 0.0 0.042664787433800165 0.0 0.0 0.00687304188510441 0.0 0.013096914607595446 0.0 
0.3123457319584446 0.26062609386478586 0.0 0.3079482669813315 0.14333497493214004 0.1333927893302714 0.0 0.0 0.0 0.007459247344556397 0.0 0.06735165736293489 0.0028273912373011664 0.0 0.0030908255864772285 
0.05754313998307563 0.01666233358987979 0.0 0.04218828684583591 0.011707759896128246 0.0 0.03275312970260878 0.02592237234854225 0.0565285315390886 2.1525889111464943E-4 0.24352081279627386 0.0 0.03219486821965276 0.0 0.0238809481169297 
0.28493608702429574 0.23775506358492163 0.0 0.28092451799932916 0.13075673112230374 0.22255732036448028 0.0 0.0 0.0 0.007454620064104873 0.0 0.06730987633690139 0.0028256372892690334 7.662992261600104E-4 0.0030908255864772285 
0.0 0.0 0.0 0.0 0.0 0.7689470926390709 0.0 0.0 0.04363847666602057 0.0 0.024916724105210234 0.0 0.0 0.05296351870632801 0.014544692114133033 
0.0 0.0 0.0 0.0 0.0 18.89434890483482 0.0 0.0 0.0 0.0 0.0 0.0 0.0 0.0 0.0 
0.029476924324371098 0.04699611415515762 0.0 0.04868441861915853 0.05152683891465265 0.17523750816349215 0.20517166970243317 0.015742307999987288 0.17459367561841438 0.0 0.26637960831458835 0.0 0.0018078247028272627 0.0012616238217114288 0.0 
0.018011834373504336 0.056825580885007235 0.0018117653804888404 0.19887378173214817 0.030970786364375173 0.18334167799452483 1.0061660711199883E-4 0.0 0.05662035038873163 0.0 0.041193900999594885 0.00509765288547641 0.005561126050046415 0.0 0.0 
0.13779659058735355 0.861819229951381 0.0 0.2511943092115199 0.0 0.0 0.27643798339119735 0.024302738165904166 0.0 0.0 0.0 0.001801956446268911 0.06867336889720026 0.0 0.0 
0.004448088770992176 0.03913504375239862 0.0 0.08440801332524066 0.031969822580242606 0.10823950243996269 0.5413961378131285 0.016308224641371754 0.028091115876579788 0.0 0.0036884807914174065 0.0 0.004488436659837823 0.013801485441128448 0.028910400013305037 
4.307732276408115 0.05174700743942322 0.0 0.0 0.3701141264574781 1.2770787387707223 0.0 0.0 0.0 0.0 0.0 0.0 0.05906806532101404 0.0 0.0 
5.430746175336638 0.10534238334883994 0.0 0.019606854080260572 0.0 0.0 0.0 0.0 0.0 0.4922406020704151 0.0 0.5278212608889158 0.0 0.0 0.0 
0.011930257254245454 0.10794711821679771 0.0 0.6240099429585461 0.0 0.01677430323245838 0.13996661188825163 0.03516795726297394 0.0 0.0 0.0 0.05818382800650715 0.10845184827406604 0.008576873971395777 0.0055620473945825494 
5.275107027584037 0.0 0.0 0.0 0.4478497321269183 0.0 0.0 0.0 0.0 0.0 0.02863004407010323 0.0 0.31415341061569557 0.0 0.0 
0.0 0.0 0.0 0.0 0.0 0.0 0.0 0.0 0.0 0.0 0.0 3.5505894275973944 0.0 0.0 0.0 
0.14534897222588997 0.057158172280713036 0.0 0.07956869944324602 0.04375951044528363 0.17093478334763887 0.2313402999972794 0.020574893274361985 0.1745173655131394 0.0 0.12169251018714432 0.054880290458683215 0.02022052489181483 0.0 0.0 
0.13224616278555326 0.0 0.0 0.10795091262722574 0.019630899700996955 0.010695741913146454 0.06916778481342249 0.031975114256210566 0.011315845413842429 0.0015709174540151523 0.1105699623791718 0.0 0.025023184025396453 0.0 0.02534690007133149 
45.690288699424386 0.0 0.0 0.0 0.0 0.0 0.0 0.0 0.0 0.0 0.0 0.0 0.0 0.0 0.0 
0.0 0.0 0.0 0.11381430713273151 0.028428710298678623 0.04980185701545124 0.38766655768917546 0.0059045762396356324 0.03931185889484582 0.0 0.0 0.0063329051664637245 0.0 0.06851469463199257 0.0 
0.3201365054828183 0.5142335351496771 0.16816203719685305 0.0 0.0 0.0 0.3237101670658682 0.0 0.5477680353697112 7.802451790701314E-6 0.07130663089805236 0.0 0.0 0.0 0.0015941255825932675 
0.0 0.0 0.0 0.0 0.0 0.10886561471101576 0.32162654397530077 0.0022531077201797018 0.0 0.056944059118694344 0.05205290892351206 0.0 0.00852500207875768 0.025642928376209448 0.0 
0.35520440448698276 0.13729765863762566 0.0 0.15557424413930288 0.08898695126493152 0.0 0.2153782331877177 0.01654072552648825 0.0 0.0 0.9172279818581123 0.0 0.2394183542393526 0.007724391642410776 0.0 
0.11598331250085069 0.01300937375985269 0.0 0.05068354654084894 0.08880168249709236 0.14241087694383037 0.1913463174231977 0.017017917152656853 0.14434690029247 0.0 0.29270543661101645 0.055479578049157235 0.002472398335965048 0.0 0.0 
0.19079664215511452 0.1592036595333424 0.10317035625868043 0.8132185451948193 0.025844537537582358 0.010971749286148583 0.07578052880051041 0.0 0.04478194048007084 0.13087939390435488 0.014151369261534461 0.06441430543142136 0.012275501554904785 0.0 0.012970664081903366 
0.8289271224544036 0.18276717113648208 0.0 0.027631420820984253 0.0 0.0 0.3355905592333458 0.0 0.03132936444449384 0.007022513166171837 0.05377503629820067 0.0 0.031541136828194885 0.0 0.001228037454339415 
0.0 0.0 0.0 0.0 0.0 0.0 0.0 6.962218645079432 0.0 0.0 0.0 0.0 0.0 0.0 0.0 
0.0 0.0 0.0 16.10480663157648 13.426296684267697 0.0 0.0 0.0 0.0 0.0 0.0 0.0 0.0 0.0 0.0 
0.1653173241973442 0.13266681522995935 0.435880446409576 7.847384435984729 8.760692258408373 0.0 0.8156464358704106 0.0 0.0 0.10183440863865043 0.0 0.0 0.0 0.8669171731972181 0.05497936009928885 
0.03479686654427052 0.08620876338642088 0.0 0.11814666689261306 0.0 0.03986944642673474 0.1541938336943266 0.0788542391235772 0.0 0.0 0.01871775848522979 0.0 0.12285351279751718 0.007499579248844171 0.005753657487940128 
0.24475140602536566 0.20422434627277664 0.0 0.8056907518364435 0.025605300078998455 0.010870186106245636 0.07507904435359333 0.0 0.0 0.12558941209219154 0.013579388571698506 0.06181075957129636 0.011779341097376349 0.0 0.0 
3.6973889299942375E-4 0.003482360766576646 3.3220840996433306E-4 0.002519689520837381 0.6636993223469846 0.031568068208652864 0.014144650016454534 0.0 0.0627588355015552 0.0 0.3667901602330945 0.011609960752579468 0.0 0.002878765950080847 0.0 
0.10912389467783198 0.8880779052939181 0.0 0.23017233996914652 0.0 0.3513473478497634 0.0918016000505451 0.0 0.16343282140668203 0.0 0.04854158611893613 0.0 0.00266025298215297 0.0 0.0047168777768104055 
0.3063400213494012 0.4920723173970697 0.0 0.0 0.07694397136026776 0.0775099370425439 0.3162992680422989 0.0 0.573299941132241 7.671114748082828E-6 0.0949925803580199 0.0 0.0 0.0 0.00945313140077372 
0.10628971310971139 0.08576022489929366 0.0 0.07376560521469772 0.02885848858787984 0.06552162013619488 0.033180654415411785 0.030616406116897334 0.04549919028154161 0.07725652632998153 0.0013667168480825565 0.01120997557198693 0.0 0.0033896068830115344 0.0031405200251975883 
0.0 0.0 0.0 0.0 0.0 0.0 0.0 0.0 0.0 0.0 0.0 0.0 0.0 0.0 1.271755925675821 
0.6891408695333952 0.3234134285313331 0.0 0.02974978082944434 0.0 0.0011745901427825734 0.1927019667628047 0.0 0.028168081504714507 0.006313907949940057 0.19299005045872827 0.0 0.0 8.945646076140227E-4 0.0 
0.04656187669995429 0.14689818014666794 0.004683542747853641 0.09135841536013421 0.03254213362128928 0.19264378093131407 1.0572153495352453E-4 0.0 0.05949306505674499 0.0 0.041671642144684384 0.005342305959540714 0.005828022720723862 0.0 0.0 
0.2238584444061952 0.18498205475361287 0.0 1.4514704661303488 0.0 0.2422756562289565 0.12226400767525329 0.0 0.0 0.014335716208122 0.020382469860421384 0.0549255310562216 0.005309695737116539 0.0 0.00580441193428682 
0.3489169595990814 0.2855275911218037 2.1199037674848062 18.672728988956905 0.0 0.0 5.0425994874754 0.0 0.0 0.018981909918317354 0.0 0.0 0.0 0.966524607263596 0.05148977074332832 
1.5506125598340585 0.9067496418563205 0.0 0.0471492937825107 0.0 0.0 0.0 0.0 0.0 0.09288324082905505 0.09077500562500022 0.06534394953907348 0.006316852721165921 0.0 0.022462215212855043 
0.5187916400526073 0.3133400833331981 0.0 0.08525732081690068 0.0 0.39980066975683093 0.07659370208536712 0.0 0.0 0.05169036793404616 0.05051711587677068 0.036364501968172945 0.003515385966594174 0.0 0.012500426972645053 
0.4208918237242132 0.48302174863974756 0.0 0.028435468483279693 0.0 0.0021037306211071304 0.30172786433141213 0.0 0.028168081504714507 0.006313907949940057 0.19299005045872827 0.0 0.0 8.945646076140227E-4 0.0 
0.0 0.0 0.0 0.0 0.0 0.1987074165739675 0.5015309931367422 0.0019165970257055604 0.0 0.0 0.031276527395863826 0.0061963011288952005 0.010524828882914701 0.0 0.012978764700598212 
0.1694661036388073 0.04907102309393343 0.0 0.08274319689590805 0.03030504107591803 0.0 0.08478009028274296 0.06709896391602678 0.0031466889069818684 4.3051778222929886E-4 0.0 0.0 0.03219486821965276 0.0 0.0238809481169297 
0.32391069913533405 0.49949975867646235 0.0 0.44254850250817834 0.02755800128930622 0.49784787575800027 0.12500264031097716 0.0 0.0 0.012348020109744652 0.017556370680674793 0.017049796754251417 0.076719757500341 0.0 0.007666212221025142 
0.1592372016361538 1.1887063655651455 0.0 0.31112992878459605 0.0 0.0 0.09647401565813914 0.0 0.0465891980231895 0.009089185661688705 0.01997866512168955 0.011380023800719197 0.0013010057497429108 0.04697363928093657 0.0023626159971456293 
0.0 0.0 0.0 0.07983895355838647 0.038728786827573816 0.003925967643833174 0.1599350490330353 0.015439822561942554 0.3847327049798811 0.0527938284174334 0.0 0.007452360111561073 0.0 0.009030288768168176 0.008118333342304418 
0.16284473274420455 0.13139183929674522 0.02990459013813958 0.1458471568901403 0.0 0.06220151928176532 0.04902448714810807 0.02337172516138032 0.0 0.011733682710866444 0.0011478470629663767 0.0 0.0 0.0037419602306079038 0.0034669805211382434 
0.24680091744307595 0.19913217907948563 0.0 0.0 0.0 0.059017884011793156 0.046515286598359316 0.0446743862666387 0.0 0.011569776164029861 0.0015191046533406648 0.0 0.0 0.003692036247064574 0.0034207252250325897 
3.131243417387898 0.0 0.0 0.0 0.6562970041139939 0.2262801993072071 0.24382963137183553 0.4038007867220255 0.0 0.05990695235290444 0.0 0.08345145469275814 0.07277448373943055 0.0 0.0281224248463572 
0.317956961950292 0.2619274219846953 0.0 0.3116634763423935 0.04744183077108561 0.12228834202216807 0.4312636352390502 0.0 0.0 0.0 0.013586044605982523 0.03042900541441722 0.0035250242326710277 0.0 0.003853458604367649 
0.009206466000217831 0.2881528294301938 0.0 0.03782124685766057 0.006205551785602632 0.004324808604430541 0.05542597106267115 0.08420884002575295 0.313303276503111 0.028136152925204355 0.026715781195873534 0.0 0.12492091758421749 0.0 0.03240976828341949 
0.09194686441750533 4.6593243132068665 0.0 0.0 0.06709934906162747 5.088237780138893E-4 0.10442739441901047 0.0 0.0 0.40901268480232444 0.0 0.007379049103098636 0.0 0.0 4.7227448054339995E-4 
3.6798707285924386 1.3362653603552217 0.0 0.0 0.16412023495865868 0.0 0.31971294907130315 0.0 0.0 0.008451701443492792 0.0 0.0 0.0 0.0 0.12742094915296573 
0.0021165612854605054 0.01695319517111892 0.0 0.07544568004537883 0.04756313721867545 0.05500441221197702 0.4999120207076622 0.01633157184178697 0.0 0.0 0.007239784420462103 0.00730208825913985 0.041676377938859054 0.012318714918946334 0.0 
0.0848298132779221 0.0 0.05477666093550285 0.11395904412324329 0.006925585661045249 0.010723039417946093 0.06934431374926041 0.03205672064143991 0.011344725537073214 3.39699532951939E-4 0.11258483668402365 0.0 0.025112188685622722 0.0 0.023848511272631805 
0.0 0.0 0.0 27.47303793457695 0.0 0.0 0.0 0.0 0.0 0.0 0.0 0.0 0.0 0.0 0.0 
0.0 0.0 0.0 0.12431803061431003 0.7600880048462769 0.01274746499192565 1.8428340693277885E-4 0.0024013535383299632 0.3247277991138699 0.0 0.0 0.005786812662803312 0.011579526551928098 0.0 0.013071191668835292 
0.0 0.0 0.0 0.0 22.22610727535598 0.0 0.0 0.0 0.0 0.0 0.0 0.0 0.0 0.0 0.0 
0.0 0.0 0.0 0.0 0.0 0.0 0.0 0.0 0.0 0.0 0.0 0.0 3.200125082222149 0.0 0.0 
0.20562760284815826 1.102397913994228 0.0 0.3019161156342612 0.0 0.0 0.09361703061138081 0.0 0.07944615989182191 0.011488704367181548 0.04749708630307944 0.011447053746350192 0.001308668857149186 0.0 0.002317493178137848 
0.04713935379920075 0.06373665480533136 0.0 0.01878783548549407 0.3851679399049467 0.09392004359988017 0.0 0.026714794536969934 0.003220630554486783 0.0 0.0 0.010140036608456289 0.061791772915453964 8.827481557459736E-4 7.446567504067221E-4 
0.0 0.0 0.0 0.0 1.117184179047706 1.0237651855389172 0.0 0.0 0.0 0.0 0.0 0.0 0.006114697865962391 0.0 0.0 
0.3707840822353647 0.7014607078991068 0.0 0.49115305245909036 0.10175846167630807 0.18737259036408827 0.0 0.3054453213616373 0.011905732918966848 0.14032936586680325 0.06154860992776199 0.0 0.0 0.0 0.0 
0.005700468618773281 0.017984422566923876 5.733958841665218E-4 0.06294049391929386 0.009801777659501285 0.15355788097436995 5.146695951830234E-5 0.2480137997975124 0.05762435597729302 0.0 0.031502232368134694 0.00509765288547641 0.005561126050046415 0.0 0.0 
0.0 0.0 0.0 0.20813336314727798 0.967384082244631 0.0 0.0 0.0 0.0 0.0 0.0 0.007869486751974275 0.0021927777545621176 0.0 0.07145020351311022 
0.0 0.008816620499638758 8.395272803205947E-4 0.041462232509574384 0.02488842898286334 0.037033950860107766 0.07103186746855447 0.005201511297349786 0.05768855343039533 0.0 0.7126692505958133 0.0 0.0028146306062398576 0.06007692993858797 8.396795680718192E-4 
0.04106331053435768 0.10173379310507044 0.0 0.13942328011168317 0.0 0.06355873645813208 0.2876114417204909 0.04565915923478563 0.01532354712677538 0.0 0.011742786334887503 0.0035597886090630248 0.06575817198102635 0.016408945545129772 0.006891110183692838 
0.133439135510058 0.0596645666685939 0.0023095020412776672 0.04838281940645156 0.6669180499639256 0.045994272760244766 0.028192021333550643 0.04835144631320658 0.0 0.0 0.003840449362954501 0.0 0.010516843935169247 0.0 0.0 
0.02723113709077562 0.15255273046146076 0.004352451057754651 0.11323176111229041 0.03342633655432727 0.19787810877574163 1.0859409679532185E-4 0.002150927851392885 0.07529986277502647 0.0 0.04582767167949767 0.010622341037020637 0.004822741048997894 0.0 0.020169638891679786 
6.919236487917907E-5 4.610495015407881E-5 0.0 6.55824631872423E-5 1.3081912370927894E-4 0.006069776488999174 0.2315161908664619 0.06046273742370875 0.028514316264926454 0.014582965775082904 0.34145768572110896 0.01030223495418634 0.0 0.0 0.01189156588983988 
0.06682795534852823 0.056216853054037626 0.0 0.07409461951004057 0.13693891396183305 0.307613255018748 0.0 0.031804237549405104 0.05902369453032101 0.0 0.28079160427028327 0.010268710433700631 0.003002191806124066 0.002553662199888593 0.0016916079082428433 
0.0 0.0 0.0 0.0 0.0 0.0 0.0 0.0 0.0 0.0 0.0 0.0 0.0 1.1248738915917595 0.0 
0.008717650915331587 0.0133886785179456 0.0 0.026893224107345595 0.010091196563943628 0.08744044623204587 1.0436122086528916 0.009283693178448023 0.4542161746156689 0.0 0.2691537623208262 0.0 0.0 0.015726131397234548 0.0 
0.0 0.0 0.0 0.0 0.0 0.0 0.0 0.0 11.344831213968487 0.0 0.0 0.0 0.0 0.0 0.0 
0.0 0.0 0.0 0.10671442127886711 0.06076545733535836 0.0 0.09128942865050248 0.11663574594659687 0.025200592656593707 0.0 0.23113412772533787 0.02525132181061427 7.297002865776976E-4 0.011998563806795511 0.010642094675639811 
0.02228206071409523 0.09525798183505638 0.007786953850479922 0.07978592296466361 0.08444419214321851 0.2871860591830079 0.33624332995460293 0.02579910798973206 0.2861309213113706 0.0 0.4365532856539297 0.0 0.00296273359248107 0.00206759829745282 0.0 
0.30258530674902373 0.07281225123476767 0.0 0.0 0.03686390887591174 0.0 0.04910211814269392 0.02869314149567059 0.007122783911405795 0.0 0.0 0.0 0.0 0.013918684288371843 0.022874740621569765 
1.0556524361861487E-8 1.041641351858533E-8 0.0 8.719682658453054E-8 4.6215167820377584E-7 3.796083906573952E-6 1.9281963726139934E-6 1.4283216979410674E-4 9.476956555775079E-5 8.835023247932483E-5 0.0 9.857573551680066E-4 0.010636371279461794 1.0525843044278378 0.0 
0.3416126779361082 0.5487305946633478 0.0 0.0 0.0 0.07883698353304998 0.32171462315186095 0.0 0.5831154009805608 7.802451790701314E-6 0.07130663089805236 0.0 0.0 0.0 0.0015941255825932675 
0.6025907220404321 28.468760556367748 0.0 0.0 0.2936484374133247 0.0 0.0 0.0 0.0 0.0 0.0 0.0 0.0 0.0 0.0 
0.44163742842076775 0.17070673708702716 0.0 0.19343062260002003 0.1106404307581968 0.0 0.023862777755335633 0.016329486268683448 0.010776037286910805 0.0 0.9157146726792093 0.0 0.2319491573789838 0.007685940259780735 0.0 
0.37143296019450434 0.42210528259746677 0.0 0.010206151692009178 0.13077767617768293 0.22259297034869194 0.0 0.0 0.0 0.0072692991490800945 0.0 0.06730987633690139 0.0028256372892690334 7.662992261600104E-4 0.0030908255864772285 
0.21549599887792895 0.8021030026094015 0.0 0.2348803856242951 0.08046432643590337 0.0 0.17671366579788197 0.005142888709114634 0.0 0.02840632641899042 0.4957537229842621 0.10795746974887746 0.008398240475152302 0.0 0.0 
0.008413015400081998 0.26331864925326 0.0 0.0456937396168669 0.005876832141919741 0.004095715432290161 0.05248995407530665 0.07974814082533094 0.5325236322109917 0.0349534736704596 0.0 0.020662254072187605 0.04675234571681853 0.0 0.03625572254596854 
0.14420666101701526 0.11635364626518573 0.0 0.0 0.0 0.037231298338945784 0.027432092254568476 0.02634643307832239 0.0 0.06650884779857644 0.1053319816551592 0.0 0.08962611523488188 0.06823085852321102 0.003802167389285419 
0.0 0.0 0.0 0.1467446922281812 0.8972059787814896 0.015047075775622204 2.1752767236966254E-4 0.0028345517071979892 0.11938847435646822 0.0 0.04302863599031647 0.005786812662803312 0.011579526551928098 0.0 0.013071191668835292 
0.01308344255373681 0.019003209246397982 0.019529146503249304 0.19312962458454627 0.08601985840442002 0.03438690322830775 0.7031941271889319 0.2800597891884451 0.08101586527009882 0.0 5.548275553613139E-4 0.10628146631049828 0.014857878040632645 0.0 0.0 
0.0035718570410212184 0.03231880637975436 0.0 0.2556860664721772 0.0 0.11035577075684033 0.2029441317789647 0.02361937452790071 0.0 0.0 0.022961276426825043 0.08759226229185454 0.037902136132555525 0.016254413874484553 0.0287729444162296 
0.2733053744668708 0.22805021772805859 0.0 0.8996868136983561 0.028592547189297865 0.0 0.08313231763560444 0.04252825089297564 0.0 0.14297002112506277 0.015458671544190465 0.07036489346074307 0.0 0.0 0.0 
0.0 0.0 0.0 0.0 0.0 0.0 0.0 0.0 0.0 0.0 0.0 0.0 3.200125082222149 0.0 0.0 
0.04700409698948111 0.0635537754084713 0.0 0.018733927604191115 0.3840627786636674 0.09365055909400082 0.0 0.02663814185528961 0.0032113896086744783 0.0 0.0 0.010110941831129846 0.06161447396250127 8.802152890494826E-4 0.0027861668099162487 
0.0 0.0 0.0 0.0 0.0 0.0 0.0 6.765296333150428 0.0 0.0 0.0 0.0 0.16914180407481394 0.0 0.027780507854189354 
