0.009446641735265294 7.082581973485015E-4 0.08120010471241104 0.19026235866355595 0.09474998071467257 0.0 1.4345342742477907 0.0959851092534723 0.4577361036825113 0.07363507506148718 
2.7176929117582054E-4 7.548942959880287E-4 1.219202116567165 0.018942572380253497 1.7697625277204718 0.14156697936662774 0.09786290284522099 0.09451407805183683 0.06793786156977029 0.5232183022462417 
0.058427184090364265 0.3592945861437583 0.39560301895039 0.056446007230117855 0.020015478535108766 0.03474038383284874 0.020281208233365208 0.17569574004536123 0.04054314784924009 0.1016938545927883 
0.0 0.0 0.04728838218998918 0.006902207038765305 0.03420351361077452 0.029675903758718966 0.012439035621372451 1.2545881797447065 0.4409929432805261 0.0 
0.01847893288502446 0.16332269879565628 0.9099951417937338 0.0 0.3239505459735222 0.0 0.6627906745483195 0.30420150924902517 0.0 0.26752847756755516 
0.0 0.0 0.0 0.8248340309621295 0.013559494940168025 0.09587973154444261 0.0 0.6825268973448483 0.9006905655619998 3.209194760856381 
0.007118134006754958 0.012479341473067064 0.40694431160091143 0.09269782989316407 0.3267311401067003 0.0 0.08912560170993611 0.24823687018668433 0.0 0.028202669684934057 
0.0905387140282997 0.43155048786909533 0.009601446223804093 1.1205002701074451 0.46588144169257206 0.0 0.0 2.0595071679379378 0.10715760589702303 0.0 
0.0 0.0 0.0 0.0 0.0 0.0 10.502803649760182 6.921586776197187 0.0 0.0 
0.0 0.0 1.1613172185216232 0.012334500259911169 0.5029155808855894 0.0 0.5349901451200297 0.0 0.0 0.040023880413237775 
0.15198261849885006 0.26075934503500303 0.4799617221105467 0.061955026287542764 0.02915273587217115 0.03841145708591217 0.0 0.19009178060002274 0.043865145300633096 0.0 
0.0 12.494540842581337 0.0 0.0 4.057231842851415 0.0 0.0 0.0 0.08351108719314598 0.0 
0.011493771851572477 0.1154806313269101 0.2895842804170981 0.032134200470686027 0.9834173525272387 0.0 0.2151290129555139 0.034954507716407304 0.48911288928710217 0.04733332144675159 
0.7937161287803088 0.39013046687395725 0.03797072341956934 0.0 1.842558949259781 0.0 0.15733735692524073 0.0 0.0 0.01801793159051046 
0.01716779913603084 0.172488919070652 0.31651237190221987 0.03904693301128144 1.1949708075448204 0.0 0.2614077224457458 0.0424739467997642 0.12723814664201435 0.04733332144675159 
0.02127469744898249 0.28408405711170887 0.32843796891294746 7.109346049314493E-4 1.6965715946189797 0.027568921196566138 0.3772036359724306 0.0 0.05472493018802878 1.5117281110085679 
0.010556176199577116 0.3926884273017798 0.4509664289321353 0.024332085571955896 0.0884553330775618 0.1267337078608688 0.10160447119503985 0.1647817528700178 0.04826194445109426 0.05909083706552667 
0.0 1.8620516429362728 0.07840151392691949 0.0 0.0 0.0048731214958811515 0.3597395481850708 0.3178134697326623 0.22421445180169858 0.25995688010609885 
0.10467215402591809 0.016452476217609553 2.73186148676854 0.030899422534915125 0.40254497007477663 0.0 0.3576716587389223 0.6131710598006245 0.0 0.0 
0.025718501784922444 0.0011129416824273116 0.20189491562779238 0.021063324014332387 0.05110345694955965 0.29180485500226155 0.7028314002972833 0.0 0.8840551336999437 0.12886606696316003 
0.03428402999313134 0.11972994237147265 0.4183885792918786 0.19787611615869016 0.0 0.0 0.3252135498341872 0.4930648786116339 0.0 0.1464755393617965 
0.0 0.625663421468236 0.9610963472600713 0.0 0.023343446754348515 0.0 0.10906455960311642 0.0 0.0 0.0 
0.0 0.4390908689564388 0.674497846268465 0.0 0.1078540472377822 0.0 0.18385706106736557 0.3627449645964474 0.0 0.0 
0.0 1.2615509496544604 0.05437597083561304 0.020744716191347476 2.1541555751578065 0.0 0.09549623541727294 0.17781395464386826 0.0660258605857946 0.0 
0.0 0.0 0.0 0.0 0.0 0.0 16.306358001024012 0.0 0.0 0.0 
0.200786313723367 0.004110029236947984 1.025594077135024 0.010890489922642086 0.23108062758931677 0.0 0.0896033845174449 0.2286138180912961 0.0 0.04005796360760419 
0.1824552179755348 0.050931817553242005 0.1839181116454687 0.0 0.5229937636797383 0.0 0.11036378221214334 0.14435394730920667 0.6130537703266887 0.0 
0.020456957513196605 0.0 3.8307593667741022 0.0 0.15199004528271987 0.10768033045393842 0.0 7.979056613481334 0.0 0.0 
0.030166128503163664 0.1053490160864353 0.3681353577658019 0.1741089466129239 0.07126621354893309 0.0 0.3315772296725304 0.48636341297631835 0.0 0.22640609611422824 
0.0 1.4479036167442962 0.031954816729357044 0.24753102270726735 0.0 0.0 0.08500867856385473 0.9595169615120956 0.6859491355705741 0.0 
0.0 0.0 2.0216071188329567 0.0 0.0 0.0 0.21806385857516922 0.0 0.29654761246640204 0.0 
0.3313572132522325 0.43286542705498915 0.25187528962375677 0.29764687866300477 0.00918491634607802 0.0 0.0 0.0 0.02588077910186072 0.11813972063668682 
0.0 3.992109653917139 0.2905635834499767 0.0 0.08343185784128924 0.05081474343895036 1.6037395642372902 0.4701351657452965 1.1060370418813925 0.0 
6.715916512778463 0.0 0.0 0.0 0.0 0.0 0.0 0.0 0.0 0.0 
0.0 0.0 37.17420478694483 0.0 0.0 0.0 0.0 0.0 0.0 0.0 
1.93302537466573 0.5816888485707159 1.6281960625943865 1.473881567315697 0.19603776341196463 0.5834375379977613 0.0 0.8845343761103798 0.042516976801433834 0.0 
0.09861802968495853 0.1386392577268838 0.17676474999178537 0.03100526047730842 0.8284314579988493 0.0 0.0 0.31780406825584256 0.0 0.22036171428710083 
0.08070389968156115 0.0 0.0513467524933364 0.27501797677621914 0.13695797833460968 0.0 0.8516635597033673 0.0739772231748009 0.3814887918737058 0.030058663599979392 
0.0 0.0 0.6226978738043666 0.0178695913606946 0.0 0.03060625455706802 1.0507100051040024 0.0742297298366861 0.011337963474444495 0.0 
0.0 2.8105355282214877 0.0 0.22284485596618858 0.0 0.0 0.0 0.018028383776954884 0.012132883025611262 0.0 
0.0 30.945381260588178 0.0 0.0 0.0 0.0 0.0 0.0 0.0 0.0 
0.023422881896506424 2.6706989109088634E-4 0.8982500182784697 0.0 0.07190523712707349 0.0 0.04137094000275235 0.09327664080275357 0.5983447328456606 0.06812161965537793 
0.0 0.0 2.112719760798903 0.14913941795775842 1.4232731942584413 0.0 0.48917310967249505 0.4167667174220487 0.0 0.0 
0.16228922055772346 0.04667022011505299 0.23368866423414217 0.25761643277676527 0.038670147377349834 0.0 0.38669574504114196 0.20932136399224194 0.4002653400220555 0.09599922125285133 
0.05148507889648103 0.0502276683781718 0.3638223249833342 0.007934182183890385 0.017770739338179756 0.07500298156027116 0.0 0.5380066207595503 0.013600752446408569 0.8364278420972336 
0.0061896859711398555 0.09038494114031216 0.0 0.9949848328255095 7.5405828175631 0.05410226309614097 0.0 0.0 1.7316351477950658 0.7358855596759811 
0.34969015563448286 0.35752665893616936 0.022683288664516695 0.0 2.509831453614199 0.0 0.0 0.0 0.0 0.0 
0.0 0.5787636109778584 0.8890524415388228 0.0 0.02159361898528699 0.0 0.22975810358380386 0.0 0.0 0.0 
0.4069107208110224 0.21220501913968468 0.6175094914898774 0.0 0.0 0.0 0.2569969866451073 0.05748556192238194 0.017578015120151554 0.46537507639845155 
0.0 0.0 1.0906946190900828 0.0 2.4053311172038794 0.07941012432898568 0.0 0.0 0.45436594760559956 0.2867378542785761 
0.03007035041905855 0.005160918565787905 1.3358612247653578 0.0 0.16028052709681795 0.0 0.0637466890304012 0.14372593454869478 0.03458879996705775 0.06995981106875117 
0.0 0.0 26.196322323151453 0.0 0.0 0.0 0.0 1.3321662318331011 0.024297815706659225 1.8202848507202822 
0.023023102017464457 0.2804944060251821 0.14510384926655356 0.16268986527509663 0.8013296027640543 0.053608587939526664 0.0 0.09057389759675373 0.0 0.26431701921983286 
0.009273752386626567 0.0523145015980087 0.5349757399831091 0.005632964540239715 0.27008378816001954 0.11226991535269638 0.43583898032006063 0.3793181291053739 0.0 0.03944235575202868 
0.006270007677719587 0.8509957634036224 0.20950834448855474 0.0 0.29244997465305533 0.035998583481993175 0.0 0.9237693762023266 0.05948363986972099 0.0 
0.1709189404717628 0.15273567243957795 0.31667923698702677 0.3074445758795043 0.0 0.27623007557050816 0.42774220388891515 0.0 0.012991265691902409 0.006814037134559137 
0.006785326260921906 0.10818593606636583 1.3258649994400653 0.1818295273098229 0.03969997817982957 0.01719252239532812 0.21106460190264378 0.23873180568666824 0.0 0.08400042797655081 
0.15884098667984714 0.42573846329208265 0.47517246169199423 0.0 0.0014077884605086129 0.0 0.4637377970550168 0.0 0.0 0.22110209325473867 
0.2500495692195588 1.7658240779440961 0.41482963294621117 0.0 0.8832490727511119 0.0 0.8316367337367414 0.0 0.012069054113695733 0.09189735338402061 
0.0 2.1013597257786327 2.440479554650094 0.0 0.14011144826949007 0.0 0.0 0.3325754141298614 0.5674192400759066 0.0 
0.0 0.009555574560139224 0.001328341477497803 0.004651527962962439 0.03605484843051011 0.019698605197116244 7.374627663388779 9.727305308324386 0.03666755368597543 0.3328884811706255 
0.0644172296197712 0.1684266493188227 0.18926597428369588 0.02410798381687165 0.038449627159924726 0.011685463629102425 0.24919528836985197 0.24011473218597038 0.0 0.5279696753640621 
0.8713414571513068 0.025557751286718798 2.393002520700078 0.0 0.30120272443113083 0.20699666784377568 0.27526853833018805 2.7626139468656987 0.0 0.0 
0.0 1.5177093006966624 0.6028404783534641 0.0 0.0 0.0053254038495214005 0.39312756235384205 0.19304928376451164 0.0 0.3821527344440364 
0.10748460726082296 4.268783152895362 0.0 1.4851051508013036 0.0 0.0 0.0 0.0 0.025578848458835537 0.0 
0.0 0.7000268454029723 0.14706341765975378 0.9355543579728453 0.11015571056453756 0.0 0.0 0.0 0.9348733727123295 0.0 
0.19035580123772225 0.49770829900808194 0.10269179584609207 0.02252457460707726 0.6591673277571222 0.0 0.678239757129422 0.13125059495565877 0.0 0.029121016903507824 
0.0 1.7200745608935348 0.0 0.02711583602256899 1.5839845441263836 0.0 0.09112873456097163 0.3418337262969102 0.0660258605857946 0.0 
0.0 0.0 0.0 0.0 0.0 0.0 6.9025904817278345 0.0 0.10944057406668525 2.3747902830866043 
0.01734890797151927 0.17430856217225266 0.2419174458849164 0.04051855810024566 1.0390887971146434 0.0 0.48841228186717295 0.0424739467997642 0.12723814664201435 0.04733332144675159 
0.44850527904834525 0.23389669147819026 0.6806315307782055 0.0 0.0 0.0 0.16164758628697135 0.05868093552128021 0.0 0.4017419343820673 
0.10140269342973943 0.22977616067127174 0.15832802145631383 0.17751675513915954 0.8743595099737358 0.05849425569641651 0.0 0.09882843270227601 0.060796072216354996 0.06163842881919674 
0.0 0.0 1.3897844749969086 0.10474064935593333 0.0 0.0 0.0 0.23492021019637224 0.24125828258682794 0.038119044104263325 
0.18683268777059614 0.06110386858106038 0.2680969566927573 0.049675920250589804 0.0 0.0 0.11908503508608065 1.2034498471909836 0.03756061104653799 0.11597508087289411 
0.4963626485371429 0.6274877053293204 0.015507260119849394 0.0 1.7182057704412743 0.0 0.31424007404030085 0.0 0.0 0.2245169971233847 
0.09959655530374158 0.24109201408904127 0.36839088990438057 0.06825947110211342 0.2013097723590216 0.0 0.0 1.6338666876692853 0.051967678982905226 0.017681167841748432 
0.0 0.0 0.46538187501270384 0.053772400379423956 0.21847397541372268 0.0 0.0 0.7630781481017148 0.09107267505197171 0.586763073084012 
0.0 5.709233912537965 0.0 0.0 0.0 0.1300378515465304 0.0 2.881555834320013 0.0 0.1859134014358679 
0.16591778429361229 0.9086738110371982 0.043617439052798496 0.0 0.39302586789628713 0.0 0.0013716456001986053 0.09944810432951616 0.03291135049114248 0.0 
0.2241798764301482 0.06524559563402449 0.875913203603085 0.0 0.9441692884687185 0.8172506458533236 0.050311957507777644 0.08662055747369883 0.0 1.0691135194096733 
0.0064847599636454365 0.11672148595317268 0.13322448315765562 0.024685281334059 0.6740919511011964 0.0 0.0 1.5947320664795082 0.0 0.016921074912758054 
0.19296292797513395 0.00394988712586037 0.9856330960415373 0.01046615570348082 0.22207686206839714 0.0 0.08611210152893888 0.21970616869459103 0.0 0.1932194779972241 
0.0415437274216087 0.08830361486764257 0.15389310260759376 0.022211926891318557 0.2843978484648533 0.11706396093431241 0.007739853059665986 3.5770925451350077 0.0 3.6973674885764245 
0.0 5.882242231256956 3.5725196556188084 0.7496596394953663 0.0 0.0 0.0 0.06064825514736904 0.0 2.218515740664938 
0.0 0.0 2.0810722440318945 0.0 0.0 0.0 0.3167102485621032 0.0 0.04949395664702217 0.0 
0.11160193806966112 0.2528874133988146 0.1742529063836221 0.1953716735058385 0.9623039840684326 0.06437770123123615 0.0 0.10876875409234803 0.0 0.06549410961431748 
0.0 0.0 0.717212326163185 0.007617604804596793 0.7544051379511435 0.0 0.3491729097195512 0.0 0.38314946614867673 0.040023880413237775 
0.3215820622736981 0.40653500203106757 0.02335364376370533 0.012329219378472409 1.1518468184983142 0.005525563150054388 0.09864068470788387 0.6257741843723148 0.0 0.16525279084726016 
0.40130933919578654 1.0492718755534907 0.2164955124239057 0.04748645479915676 0.0 0.0 0.0 0.10463511407712187 0.0 0.05931700738394165 
0.032386998437910146 0.38362613283890773 0.4652460431504593 0.0 0.0 0.03440745585511797 0.0 0.1702766582060976 0.07510346642206189 0.1016938545927883 
0.013714383405399138 0.0035319380228606384 0.6539273982938694 0.0 0.0 0.0 1.0507100051040024 0.0742297298366861 0.011337963474444495 0.0 
0.031103553325409386 0.0010196594060348913 1.2392972150407802 0.17842814538358398 0.3854710003681681 0.15587852876633793 0.5297720271666537 0.0 1.6219844045427407 0.2310339760727704 
0.040321762615038746 1.2221163417054717 0.0 0.042116094355619346 0.0 0.197314707157855 0.1789465803360241 0.03960808253298607 0.0 0.5527723781074069 
0.3009637650788308 0.3009637650788308 0.30973988557457993 0.21439273552638774 1.6601852826634074 0.049678106640759764 0.03584173650651208 0.20205796981728852 0.0 0.0 
0.30017991248028497 0.8994908712627506 0.0 0.04002211890696702 0.0 0.1791441866303024 0.2201649047592908 0.09692639743198525 0.09227049844196457 0.4381762842708191 
0.0 0.5424508957357261 0.8332716226819219 0.0 0.020238794800789623 0.0934483582835306 0.22975810358380386 0.0 0.0 0.0 
0.027199693043428445 0.09440966743412585 0.5912520357773985 0.0 1.6667296722239346 0.0 1.2221163363806362 0.0 0.0 0.7491873278645176 
0.0 0.2782460957844372 0.47931922793037623 0.0 0.0 0.040393164009267256 0.23189085873716847 0.43919551584697497 0.03622941939618934 0.03901648314667223 
0.0 0.0 0.0 0.0 0.0 0.019684308015549937 0.009811405055422653 0.010265890582463258 0.4974466648582702 0.2735657749171902 
0.014318995903748659 0.012079616177786778 0.02012549624268079 2.0945061157919817E-4 0.0 0.014455430793107092 1.007934870279253 0.0033214162222016713 0.7254700939671249 0.053288235520239376 
0.08370657127437653 0.218860969478627 0.24594050162830916 0.0 0.08462507966491624 0.0 0.31786614338140406 0.0 0.0 0.5094020976059587 
0.044416240452297806 0.21170888544439528 0.0 0.4440820147145627 0.24832973707904893 0.0 0.0 3.094639547588686 0.0 0.0738644960063732 
0.2201930500115703 0.08690713492964841 0.07838478137434204 0.25871026249858403 0.222419679121708 0.0 0.14303393305906745 0.09862514318391019 5.657421893476789E-4 0.5917532516577492 
0.011211839284052779 0.46642146744739293 0.2978448198898565 0.6130983647628512 0.14145538135336966 0.08983195288176878 0.34925121041827 0.0 0.0 0.08844683738448005 
0.0 0.0 0.0 0.0 0.0 0.0 0.0 19.280020615322357 0.0 0.0 
0.0 0.0 0.0 0.0 0.0 0.0 0.0 0.0 0.0 10.26310062035628 
0.0 0.007039008771989529 9.785081214591386E-4 0.003426496850438488 0.026559407053741397 0.01451076059380772 5.432438257484952 9.212966451093846 2.0400370730465225 0.32375993833952965 
0.0 0.27552324252296195 0.0 0.010399485461566726 0.08230147694809684 0.0 0.18286660291906776 0.7535449606576998 0.30623239451639434 0.11286383567210946 
0.18181346948346142 0.055378343766097994 0.6410125643896798 0.0 1.9367220483425376 0.059959567052703895 0.0 0.0 0.06131971079650655 0.4241639804712455 
0.6801320468002089 0.19558854385018887 0.28862319141825604 0.3410727275538825 0.01052497000668344 0.0 0.0 0.0 0.0 0.1327784016867319 
0.4231975285316073 0.05038796050888525 0.25905328674423106 0.0 0.12100268587612248 0.1386472680324133 0.11863658952050343 0.10009830530529577 0.6212654902721013 0.032365912289780994 
0.28637675951973496 0.13596142437876269 0.33229639526540555 0.0 0.04012527784176598 0.008430175985747268 0.0 0.28353116712494486 0.01231532839512623 0.773643826313186 
0.008217646452662167 0.014406980269041138 0.46980352933574654 0.03476109323304174 0.331733440288199 0.0 0.09049012733630953 0.2520374119421595 0.0 0.028634456565234546 
0.022959524901433916 0.16161631815933072 0.5014118106568756 0.23714180214193287 0.0 0.056771912935841426 0.12556194926051734 0.3041509796636783 0.05764734611505836 0.028777657725157123 
0.3433538329653995 0.0 2.434031275128625 0.08057336349632763 0.0 0.13321437933435432 0.11371051996266955 1.2588988350327877 0.0 0.0 
0.0 0.0 0.0 0.0 4.938406512625481 0.265010505551971 0.0027412724781943256 0.0 0.0 0.14343833900750916 
0.26983842159602456 0.16996725783160965 0.0 0.0 0.0 0.4288654860596625 0.2970787850786681 1.621205861637088 0.0018024500183905067 0.4619958261454924 
0.0 2.111998789182629 0.0 0.0 0.0 0.005303929477729954 0.39154229902471255 0.0 0.21446633518140948 0.3837392753181233 
0.0 1.7636039668913366 0.38206646942089056 0.0 1.0731843939501382 0.0 0.8077719992265756 0.0 0.0 0.08900114828387667 
0.0 2.7107219306975625 0.0 0.0 0.0 0.1263610212491204 0.0 1.2821803468543707 0.10566175705701042 0.0 
0.0 0.0 1.7620917188767287 0.5551754965983133 0.0 0.0 0.0 0.11660773019755004 0.05023896096391669 0.0 
0.0 0.6850941609206765 0.3598615858282109 0.03486068321045354 0.0 0.25229023918840765 0.20670670379140987 0.09639919558419043 0.023826669679927956 0.909258457236137 
0.05801692316259608 0.05659998662509428 0.40997998499401866 0.008940781445559164 0.02002528967273598 0.08451851121559185 0.0 0.6062628133548071 0.015326262026777417 0.6946076381463405 
0.0 0.0 0.0 0.0 3.831124641177162 0.0 1.121857237206 0.008370985138403666 0.06105242293372242 0.0 
0.17306708026516382 0.4525048439448368 0.11792508970916339 0.021178411748718914 0.0 0.0 0.3828216792630881 0.07002861821603974 0.470225046316785 0.1556218563672452 
0.4076394918300685 0.0 1.1396625072953486 0.02276328168836577 0.6669292260143734 0.0 0.09311969797575233 0.2099515413274943 0.0 0.02598459538381002 
0.183049758734953 0.2458827410682392 0.1776208737475857 0.03674393664306278 0.13349993731276133 0.01660670470338587 0.21063523745002732 0.2199945474405134 0.030186982545122337 0.03250921255018887 
0.0 0.0 0.0 0.0 0.0 2.3948748186129905 0.0 0.0 0.0 0.0 
0.0 0.18178959886801152 0.15921691244004152 0.025537277614178906 0.5113498666681596 0.0 0.07151916132460859 0.2520374119421595 0.0 0.028634456565234546 
0.4798697893738288 0.014907112289240384 0.6627995934500561 0.012294769553159822 0.5012956375523527 0.0 0.5032274824493373 0.0 0.03716306011917805 0.040023880413237775 
0.18700417489305912 0.05377760750036202 0.26927700858248493 0.2441004116355702 0.041646329267845665 0.0 0.4314490415061288 0.22821931106059476 0.052663367182337675 0.08343624486652988 
0.0 0.0 0.4805377202425507 0.05552357768465455 0.04139632860101332 0.007299678943772556 0.06805277492495353 0.39508181224053185 0.555608862740961 0.5751802737239425 
0.0 0.0 0.0 0.0 0.0 0.0 0.0 0.0 9.605738906010918 0.0 
2.5375547479903453 0.7636047197771043 0.5853136635571193 0.0 0.1356460271531602 0.4037027496335286 0.0 0.6120431691909893 0.029419122567512355 0.0 
0.02744051157283003 0.24252798764370356 1.3513081288285118 0.0 0.32433974844619223 0.0 0.1329216175050186 0.30420150924902517 0.0 0.26752847756755516 
0.0 0.6714341413863187 0.2780407614524862 0.11679750141930811 0.0 0.05685333628069741 0.3263861421991907 0.013883237775438751 0.036090086098605895 0.038866431190346745 
0.03375260714565512 0.11787405708272568 0.4119033075719738 0.19480891871668418 0.0010073874153702402 0.0 0.336145939716951 0.4930648786116339 0.0 0.1464755393617965 
0.0 1.4553548732811394 0.8120369973011805 0.010179816704404336 0.44476604685314136 0.07660774253511893 0.5234019464361619 0.2903016665591208 0.3846108755420621 0.0 
0.0 2.22464291644623 0.440895586634878 0.0 0.19397883995676254 0.008355305717415294 0.8114615045930788 1.5516152911231176 0.0 0.02309280300165184 
0.0 0.17001470663130114 0.0 0.005671846724066351 0.06141405865107082 0.07711197508490505 0.2929424781546115 0.8302055364295085 0.33371644770932557 0.25521740071560733 
0.0 0.8868908717629825 0.021187516339950373 0.0 1.3694256371294273 0.0 0.0 0.0 0.5460884481680106 0.0 
0.0 0.0 0.0 0.0 23.824550814824363 0.0 0.0 0.0 0.0 0.0 
0.0 0.0 0.0 0.0 0.0 0.04832684175413553 0.026999301682064644 0.0195414647531196 0.42904162103000826 0.266793425713123 
0.034032319549466165 0.045624425949454456 0.2432357069685155 0.022793364892718625 0.758255456365313 0.0 0.11630358313182423 0.32393427830201404 0.0 0.036802798245517264 
0.016584840878652137 0.06403676777674056 0.7003056907540739 0.0 0.026197359122324633 0.08526980631691351 0.828646120228107 0.8564824966447856 0.015762003340101274 0.06443304201065178 
1.9193299923545204 14.530917914976236 0.0 0.0 0.0 0.0 0.016995086728314072 0.0 0.0 0.0 
0.175958619130007 0.23635752314164088 0.1707400429767549 0.035320518299482656 0.1414491888826353 0.016243883796039138 0.15941309190350736 0.20497320456417187 0.04589339754977116 0.03074999996640362 
3.660686488448397E-5 0.16117943285552164 0.0 0.005378315116809952 0.05823573451415491 0.0013007686296901755 0.23678842076391257 0.6329818692665392 0.3421904854666841 0.3071941284925409 
0.09742053578943499 0.028015649057863138 0.3871455264768434 0.2841451221679166 0.043105875059897054 0.0 0.4553185453166516 0.24084532523825833 0.055576917388048146 0.0 
0.03331898098346614 0.001441844593538567 0.2615600593967959 0.006539285769879741 0.058802852228031666 0.3507392224270531 0.1612241497845107 0.0 0.5961531265632015 0.2049632083244439 
0.0 0.0 0.0 0.0 3.752364565867548 0.7412792064565958 0.20559183515029816 0.050213938761362466 0.0 0.13085525181491112 
0.1985335098318264 0.0 0.12631423055380867 0.09792958122870021 0.09591584665233285 0.0 0.8120045309618416 0.0 0.34541574578394396 0.1905366323298817 
0.0 0.0 1.1354523226769113 0.012059785858513328 1.9998207044135767 0.0 0.07390023005605208 0.033818555600191084 0.0 0.09529419080166063 
0.014917297771059221 0.0841505105535738 0.8605354209294075 0.024947432766659547 0.0 0.0 0.43583898032006063 0.3793181291053739 0.0 0.03944235575202868 
0.04231734197756609 8.662219527439927E-4 1.6373877599041176 0.12665570447372423 0.0 0.0 0.0 0.26449417386399754 0.0 0.0 
0.0 1.433052243359068 0.0 0.010782029942330072 1.2542000738772459 0.0 0.0 0.8029160497926432 0.0903231924657732 0.0 
0.0 1.7656297435021617 0.038966941040162656 0.29636833149689623 0.0 0.0 0.10339316306656675 1.1670278298966443 0.08647822282501379 0.0 
0.013655447597762216 0.14917088813205007 0.4693493181374093 0.2708191708175551 0.0 0.035256092043448414 0.0 0.17447641464232286 0.05233840635939566 0.10204586957643755 
0.0 0.0 0.3538024726528397 0.0 0.5786934599963136 0.27549933530307974 0.6911065147886115 0.019937979765080445 0.0 0.33056116784355694 
0.0 0.0 0.4967791676024306 0.005276355740002785 0.8749546282581967 0.0 0.7878016677287846 0.022727572919606292 0.0 0.06404193295137003 
0.024446418294416995 0.02062318837879358 0.028890802523262628 3.3296829314589634E-4 0.0 0.045556584378824636 0.25544833785424337 0.016842436804517063 0.5383508020767483 0.027578746519793657 
0.0 0.2759329635367174 0.7903394407213956 0.0 0.0 0.05685333628069741 0.3263861421991907 0.013883237775438751 0.036090086098605895 0.038866431190346745 
0.1351315542928017 0.3621905244321124 0.23454145734054194 0.0033764506465099 0.2851137655740051 0.0378910557852229 0.38014681370577597 0.08542083172513017 0.0 0.22094476764512988 
0.016880215550614752 0.1188229416217517 0.3686461056946123 0.17435050391513363 0.0 0.041739632317822316 0.3041712878876164 0.2819056400434723 0.0 0.12046950288239476 
0.0 0.0 1.848650376683448 0.0 0.0 0.0 0.19940760523674353 0.0 0.2711767535756731 0.360935108929708 
0.1729710766874439 1.862651025173708 0.0 0.0 0.39041937315880304 0.006092594825082126 0.4497625005865846 0.0 0.2463563079725985 0.20034567053237973 
0.037314832883545014 0.42181288354124463 0.5074892105459368 0.0064209046733255705 0.34200138482035375 0.0375036357529978 0.13309712846098476 0.0 0.03519791313615661 0.1241281088862086 
0.03144916098860191 0.0 1.1924553365973443 0.1824088919460356 0.6856962391771714 0.0 0.0 0.07717145143369218 0.0 0.0 
0.027076431650831134 0.365445688765263 0.20198404387871635 0.5498305011785628 1.500039279003539 0.0471486067123187 0.03401675411368393 0.19176962239918402 0.0 0.0 
0.0 0.0 0.12981787578280393 0.13359723080410227 0.0 0.0 1.1135126465092344 0.0 0.08232589616754811 0.05409304061882175 
0.12886965225523297 0.7205857270668102 0.8327697978436733 0.07667195385540518 0.0 0.0 0.1362400134101089 0.23930182720988583 0.0 0.0842009963581638 
0.010696326797183757 0.01875254307981575 0.28035314405067024 0.01633338662754913 0.20522045654678694 0.013798017185832831 0.26937968156842773 0.2162314703367202 0.24550541266554923 0.030417664892993624 
0.0 2.4741134187797074 0.0 0.0 0.5816066005368784 0.0 0.7906389137648577 0.0 0.1844669450171209 0.0 
0.04968321311420775 0.20931224911565555 0.1693957145399377 0.0 1.0298832153694621 0.19947466228637536 0.08428507904249355 0.04415527254647108 0.4282835024913466 0.09366525777267747 
0.0 0.0 1.1390737354511697 0.012098249351599394 0.4932829034130754 0.01966860192852881 0.16428448849410318 0.0 0.38314946614867673 0.040023880413237775 
0.0 1.5844567285765325 0.5823109392649821 0.0 0.0 0.005441472298052074 0.4016958714485892 0.138147017429846 0.0 0.3821527344440364 
0.0 0.02143095448964089 0.3651518472467112 0.08502956221956183 0.8997481800267733 0.0 0.028324354538134783 0.6884246232925519 0.06175143504416886 0.2675093235972792 
0.14865160444507805 0.0 0.12369769334432355 0.08210324211824523 0.08041494594245278 0.0 0.6807769804608722 0.4634723312958846 0.20075655645919302 0.20233181463138758 
0.5620621711438364 0.0 1.5713913790489191 0.031386506421843825 0.28445160191228996 0.0 0.0 0.11928580317028904 0.0 0.026276267122544862 
0.0 3.648865068289462 0.0 0.0 0.0 0.0 0.1928653715311944 0.03368874515556004 0.7245072108032433 0.30571449251811983 
0.040628504105420314 0.4592711569728599 0.5525558037059949 0.0 0.3699149351776094 0.04056461641458598 0.14396028154340093 0.0 0.03807070478088198 0.0 
0.10197123041563977 0.11450950112704958 0.028369211876940956 0.16169890734965228 0.14036810719920922 0.03828692601339284 0.21666361254529454 0.5256153946378863 0.05867523570142482 0.3791543208303631 
0.0 4.098357559112017 1.6774736311729361 0.0 0.0 0.6574382667717414 0.13469853203641347 0.30585004120653203 0.022123102729539074 0.13530773246682953 
0.35663168691591307 0.0 0.9970568863847732 0.0 0.5702212470895099 0.23026386226691065 0.0 0.30119386831401973 0.06812263999337789 0.02581502926335434 
0.18278648747384646 2.7320501576068175 1.839978975319318 0.38059661333138767 0.0 0.0 0.0 0.24094012883265012 0.6083617245289475 0.0 
0.010727514184793823 0.0027627137232530538 0.5115078989450669 0.0 0.10410999408731621 0.07892080156141341 1.1084061412352184 0.07830580085231988 0.01196054885089911 0.01101740188245182 
0.19526291080296324 0.3350161303543679 0.6166410597407718 0.07959804148177141 0.037454599219931016 0.030937068739540354 0.06748843871658286 0.4419273739987052 0.06528585900364112 0.0 
0.04303231979397146 0.4864442768486446 0.585248179145219 0.0 0.39180122767565606 0.0 0.0 0.09904833175391138 0.03277904977569717 0.006612617707653846 
0.0 0.0 0.0 5.413966078412502 0.0 0.0 0.0 0.0 0.0 0.0 
0.43993698849764146 1.2281552286266326 0.4381333868917721 0.0 1.8049788169991225 0.2063853591505231 0.0 0.1886440895101966 0.05299079075709238 0.0 
0.03472850793779212 0.5537148834060314 0.5240542486490091 0.14039410679813424 0.030653123609377 0.013274680196391922 0.16296707525579454 0.21113408133533088 0.0 0.06591577002200728 
0.43848991137321175 0.06892229271161415 2.161060661570673 0.0 0.37247675579363826 0.0 0.3161288794905306 1.4064903516577538 0.0 0.0 
0.0 0.0 2.1711780919014236 0.010248574303329422 0.9266221066585089 0.0 0.09516549544156976 0.0 0.0 0.0016165653090266122 
0.02609181274835905 0.20722028066106668 0.0920854113107676 0.17917334141818048 0.8971015323088539 0.0 0.7184052759755208 0.009255069459888353 0.0 0.0 
0.0 0.0 1.3852478796905656 0.0 0.0 0.0 0.0 0.2177432267737225 0.38809332442918126 0.03851326733080268 
0.43826693506211584 2.0022189774276224 2.8343343121015985 0.03319443018486831 0.0 0.0 0.0 0.0 0.0 0.0 
0.249918315831994 0.9434855514844653 0.4912128707839505 0.03122265951825164 0.0 0.0 0.0 0.09105093005536861 0.04624511387134349 0.6630105368974445 
0.0 0.0 0.0 0.0 0.17134375408720126 0.14106823540190716 3.9462853039763344 2.600953034151948 0.10875975791095374 2.418411253352778 
0.0 0.22686163024191988 0.784870386221136 0.0 0.09798895337543448 0.0 0.1670401940963357 0.32956574494279334 0.0 0.0 
0.0 0.6889051367765592 0.14472694086381782 0.9206906951835198 0.13847755877621237 0.0 0.0 0.0 0.9348733727123295 0.0 
0.046651078234958565 0.007332664186851929 1.2175567144128194 0.01322037350435646 0.417033762122717 0.0 1.3111711311525203 0.5069735426003655 0.0 0.7435779954986119 
0.0 0.0 0.0 0.0 0.0 0.019753666409619435 0.011036003582306145 0.00798760195943133 0.4851319572679711 0.266793425713123 
0.0 0.0 19.531537787793084 0.0 0.0 0.0 2.5807832426417554 4.095705015128336 0.0 3.0479583764560587 
1.2673347858814685 9.594774123154567 6.332229548075527 0.0 0.0 0.0 0.01776382185610557 0.0 0.0 0.49116974357841003 
0.6465545906338959 0.0021148397269779976 0.6840442525618827 0.0 0.0 0.0 0.2769662075978008 0.06195231424739269 0.018943864861918465 0.34348480189680825 
0.20904866993880775 0.03543082959083165 0.15671778529399213 0.0 0.0 0.04453020317190222 0.8937146593674254 0.0731739715391203 1.9393114507110647 0.0 
0.0556374482257917 0.14795046284705826 0.19884890458397209 0.47385341983499135 0.0 0.19213267057858036 0.4799391906946435 0.022202496112396664 0.01235272480748482 0.060501961105684024 
0.06117420936887212 0.14683006339483964 0.3218520645050407 0.34245140572520544 2.743185824617087 0.3397254917111787 0.043660350745292176 0.0 0.012967583006204469 0.0 
0.0 0.1690699171228422 0.26160761578920877 0.3060337378107775 2.31676943247826 0.21347656838285994 0.036062857254657466 0.0 0.010711047595995308 0.6981158166391186 
0.0 3.911536459539214 19.57891764899928 0.0 4.69931401258596 0.0 0.0 4.125673926863787 0.0 3.628303052535111 
0.0 0.11497126232728773 1.3258649994400653 0.1818295273098229 0.03969997817982957 0.01719252239532812 0.21106460190264378 0.23873180568666824 0.0 0.08400042797655081 
0.0 0.35226131116740816 0.020193720731241968 0.6457803793246072 0.3611190421921614 0.22112254151084493 0.0 5.221620286988803 0.0 0.12463239899315885 
0.0 0.0 34.91829775797946 0.0 0.0 0.0 0.0 5.315569211189863 0.0 0.0 
0.0 3.828447457054297 0.2732328949301536 0.0 0.2984909787015669 0.012856986780094117 1.2486616516452156 2.3875963322540206 0.0 0.03553476951641721 
0.0 1.6073390289629526 3.556959641953062 0.0 0.0 0.3201611951479336 0.11483254321969995 0.0 0.04618495622903793 0.11077193471992183 
0.05194495427425798 0.5300414574989165 0.47157042029284735 0.05447678151781477 3.573394552437855 0.699536656569946 0.3662827023098279 0.0 0.0 0.0 
0.0 1.7233509278441714 0.37334606688101624 0.04897344158703935 1.0731843939501382 0.0 0.8077719992265756 0.0 0.0 0.08900114828387667 
0.0 0.025355945060875924 0.0018810549218131497 0.012369144984770888 0.09336323897094954 0.06481670577941188 12.810743348589584 5.451894719840417 0.0 0.0 
0.0 2.9823915811674016 0.0 0.0 0.0 0.1390249740090874 0.0 6.082082457883712 0.0 0.0 
0.13252476098071064 0.16753407697412606 0.009624094192105826 0.0 1.8896636503157056 0.3008445592628454 0.08263603102024385 0.0 0.7407313646761956 0.0 
0.0 1.2384589520981235 1.9024260237234776 0.0 0.0 0.0 0.21275607262813892 0.0 0.0 0.0 
0.005746978999325492 0.08392030888329341 0.0 0.9238202011470651 7.001255200549272 0.05023268890848864 0.0 0.0 1.6077828302232107 0.9987325286662312 
0.014268047981529449 0.10607949266025772 0.13013332872849467 0.024112518618661104 0.6584512650131717 0.0 0.0 1.5577301357999231 0.0 0.07608631409995763 
0.0 0.0 0.5389209738634362 0.062269452111049034 0.046888888150845506 0.0 0.0 0.39221874414768143 0.5515824916002665 0.5868004792291015 
0.6715287528450036 1.7557932626183232 0.0 0.06914193887509244 0.0 0.0 0.0 0.152352385376159 0.0 0.11725117010232666 
0.0 0.0 2.2065817426869403 0.006400656465097156 0.9400262885151642 0.0 0.09654212524374176 0.0 0.0 0.001639949960903193 
0.5041610767637666 0.6373462590450789 0.015750897015962825 0.0 1.7452007597275287 0.0 0.31917714710684697 0.0 0.0 0.018017498240313467 
0.0 0.0 0.0 0.0 0.0 0.0 0.0 0.0 0.0 10.26310062035628 
0.0 0.3960404670801068 0.16400028870381017 0.0688921431972252 0.030037581780539276 0.11204072111343003 0.23302798778490372 0.2199945474405134 0.030186982545122337 0.03250921255018887 
0.0 30.945381260588178 0.0 0.0 0.0 0.0 0.0 0.0 0.0 0.0 
0.01554138012001466 0.06454438725524136 0.6956511979440305 0.0 0.25191514470081566 0.10856773542513458 0.5848207396315751 0.8564824966447856 0.015762003340101274 0.06443304201065178 
0.3131049564333903 0.3417186924796369 0.14186073763176116 0.0 1.2488955356878453 0.0 0.5133385227021611 0.0 0.0 0.21563988772839512 
0.1898217144274599 0.1601839366910028 0.3784655690588722 0.0701262172390431 0.20681515108244036 0.0 0.0 1.6071028019287656 0.051967678982905226 0.017681167841748432 
0.07420862746613459 0.1796358057166824 0.4111261259705316 0.06401333175167014 0.1887871241134222 0.0 0.0 1.5322305993158818 0.048734984631224464 0.1852041309151593 
0.32670880773639605 1.4925665675642463 1.687902929141849 0.022070664101489938 1.8148424844813749 0.0 0.0 0.0 0.0 0.0 
0.03825145803814573 0.46750106952750387 0.7509938961070279 0.11744580025816811 0.4303772854898158 0.0 0.5824638106285315 0.0506529786901474 0.0023382368985448727 0.05319122744209531 
0.0 1.637067503026844 0.0 0.26885506804691056 0.4160680790490809 0.0 0.0 1.049391515015192 0.0864781242274158 0.0 
0.009769424264206215 0.4064158507791343 0.1799783899164234 0.471331112471663 0.1078874485336011 0.06900959556616527 0.615093287618745 0.0 0.0 0.08352258454071824 
0.0 0.4438851926010217 0.1838127812408354 0.07721484240551621 0.033666352007474816 0.03938082769001867 0.22607919371514834 0.2199945474405134 0.030186982545122337 0.03250921255018887 
0.3726433178517061 0.025518532257876623 0.21779623386693794 0.04411240979123603 0.06271861141610978 0.26112690050902787 0.11763555888226687 0.09925369681771917 0.6160233824809468 0.06850041618472165 
0.4395735271506699 1.3318622187382796 0.3140688308010022 0.0 0.0027704118719562 0.0 0.9125978330379796 0.0 0.0 0.43511072952394564 
0.0018490100585128557 0.0 0.01659534923032535 1.958999236502183E-4 1.3592783188526456 0.0 0.7745262410259316 0.0 0.05002778208983894 0.023531307562673593 
0.0 0.0 0.0 0.0 1.607583372641308 0.0 3.273978554635968 0.16407499350940946 0.06208958881413264 0.0 
0.0 0.6699965299712239 0.34476683343308123 0.7495639946614879 2.3127462555125233 0.0 0.0 0.3018153637282961 0.0 0.8300853757142106 
0.0 1.4596775227491647 0.5364527626195709 0.0 0.0 0.005012945232820981 0.370061500550674 0.12726765745022564 0.21357964041554578 0.3821527344440364 
0.1440173292601708 0.38600689739000554 0.8141827230324835 0.0 1.5616810503349429E-4 0.0 0.1822127014580524 0.04753588448772484 0.06566490420496894 0.1062229824957486 
0.0 1.204147834941248 0.9959103752780779 0.22658156367182203 0.0 0.0682866760771209 0.0 0.0 0.021134822643133787 0.0 
0.4797120625052544 0.01490221251810885 0.6625817399683779 0.012290728424619524 0.5011308682901653 0.0 0.5030620782152201 0.0 0.03787775486540756 0.040023880413237775 
0.394183397301832 0.0 1.102042485840592 0.022011870511797985 0.6449140314889271 0.25134026483588023 0.0 0.11759098693997541 0.02437755324963128 0.02615231284913036 
1.0643476063481188 0.16729524527006587 3.3952450556498524 0.0 0.0 0.0 0.4809987246536157 0.5748880074913375 0.0 0.0 
0.0 0.0 0.0 0.0 4.718048795281679 0.25318541380906523 0.2274424088316859 0.05555074295855118 0.0 0.14476272201813192 
0.0 0.0 1.6307388016007753 0.0 0.0 0.0 0.633966641000115 0.0 0.046747039541981936 0.0 
0.0 3.4805429855455396 1.3839191004460818 0.0 0.1500640568364573 0.0 0.0 0.0 0.5674192400759066 0.0 
0.0 0.9239443440626461 1.4192927118327539 0.0 2.722340416033703E-4 0.0 0.8980390420712245 0.0 0.13522290711151336 0.2187436450115707 
0.0 0.2022680411383891 0.06130821057312817 0.08944572647257422 4.1357162752420775 0.0 0.0 1.4712131001648872 0.03735941919346902 0.0 
0.0 0.3191144015891075 0.35330969246785926 0.0 1.644023634390689 0.027395878886415512 0.39200820253247554 0.0 0.05472493018802878 1.5117281110085679 
0.0 1.5385215146763305 0.35728054047064334 0.0 0.0 0.0047609877693758325 0.521320673382899 0.1299877075736419 0.21814440839282004 0.3903203601654016 
0.19452014274231902 0.5213686239395448 0.18538489441349532 0.0 0.0011972638557058515 0.0 0.39438915612224557 0.0 0.0 0.44913950936087765 
0.04233815864939681 0.08999222476211585 0.15683596532214839 0.022636680505088696 0.28983632368021667 0.1193025483694498 0.0 3.606042582546038 0.0 3.888274738727277 
0.0 0.9652811647253212 0.20911813169436583 0.0 0.5149086116956791 1.6893079081153661 0.8478640374945947 0.0 0.0 0.023075640370108483 
0.0 0.0 0.0 0.26330807003292017 1.2753245459832765 0.215207980046964 3.5718436738533885 0.17900246376820958 0.06773847211182382 0.0 
0.2610564622885939 1.1926343539930973 1.688289097957046 0.019772471565803282 1.9326333153815631 0.0 0.0 0.0 0.0 0.21362895359010076 
0.011746719833607042 0.48867292543850205 0.27364072318805066 0.6119774753652188 0.14008132845496735 0.08960222856728065 0.3483580817227035 0.0 0.0 0.08822065518054271 
0.0 1.3903060115433739 0.3011953472645742 0.039509115145575105 1.820753103680746 0.0 0.474863251854672 0.0 0.0 0.08900114828387667 
0.0 0.15743313721809224 0.0 0.005252114015797311 0.08641519746456515 0.0810146689674184 0.307768512842006 0.8722228504029175 0.2609705684739922 0.25521740071560733 
0.0 0.15958799652953645 1.5661872787793147 0.0 0.9575341617517404 0.07550946964386879 0.5158982901479626 0.32979533568434954 0.3927474326755566 0.0 
1.0751490269718362 0.03153573286566617 2.3100972168095444 0.0 0.05922261882283248 0.20036213871662156 0.26644580145058233 2.6740683538931798 0.0 0.0 
0.01828923505698956 0.029105060077887743 0.4304172333514348 0.16517656890086646 0.06761001580659397 0.0 0.3145661965592394 0.4614113252488094 0.08039067016428539 0.22640609611422824 
0.18856319005015923 0.06101890472237302 0.5892729439304962 0.0 0.0 0.04337657664719388 0.5871440808724997 0.29277094917320134 0.4894346798044675 0.0 
0.45547229282212737 1.0650647163317748 0.015589208172661826 0.05124658111130741 0.0 0.22938633289530422 0.2819115768417295 0.07294010122260629 0.0 0.661717680884982 
0.0 0.0 1.0550753792451095 0.0 2.3267792801720453 0.0768167969070965 0.0 0.0 0.7233773966336071 0.2975708909894131 
0.13513199993460062 0.13003453671962617 0.29044439202108635 0.056351105502312517 0.08681084725278285 0.07054372124174957 0.8002298996379956 18.450091046499388 0.0 0.0 
0.0544799191840862 0.33502110911451277 0.43559637567877 0.05726304503414354 0.0269449393721311 0.0355024786323095 0.0 0.17569574004536123 0.04054314784924009 0.1016938545927883 
0.0 0.0 1.0863614512299422 0.07668755579155158 2.5164888211293848 0.0 0.48843047667280287 0.41613400742345896 0.0 0.0 
0.05305792116488322 0.0 0.03375737673909036 0.16985088977366186 0.3053862791845347 0.027772065961285515 0.7404962285224419 0.0 0.3453179021640804 0.190482660285899 
0.532386119330613 0.023290436477888893 1.3818471984036635 0.27190751583759326 0.0 0.18765282120563545 0.26446922534237977 0.0 1.7124351934747055 0.0 
