0.2928353988897474 0.0 0.14826738093139086 0.0 0.028278446469968653 0.0 0.0449427707175043 0.0 0.0025001376799804126 0.014948510100893308 0.03159264391159661 0.008949575955871205 0.014480038674251681 5.858375733703356E-4 0.0 
0.05333166533985744 0.0 0.048979120094008836 0.069413538867355 0.09090116680766944 0.07814836060213912 0.07741182054861233 0.0 0.0 0.012837683170555125 0.06880937062926121 0.03171381054186947 0.010703882485866578 0.0035031395245661684 0.0 
0.0 0.0 0.031129577558427834 0.9114805386657422 0.07723972699954508 0.0 0.0015789333933485378 0.010465368029266793 0.0 0.0014650778036825087 0.0 0.0 0.0018775530826459607 0.0921165419868713 0.0 
0.09468743604652491 0.0 0.11389456861364318 0.0 0.16792848158816243 0.0 0.035689865565099135 0.12322492571348101 0.0012982003943077408 2.731414606676117E-4 0.0 0.007481276411232072 0.02190186592420198 5.866051305004644E-4 0.0 
0.0 0.0 0.4158237434993028 0.0 0.0072963195244269315 0.15407446872004607 0.003370930119625959 0.0 0.0028221385650718917 2.9688908324557346E-4 0.0 0.0 0.0 0.0 2.1663885972499918E-4 
0.004875612169969723 0.0 0.23558000239551352 0.0 0.10857511976534816 0.0530739691091704 0.03931163380006487 0.029833746843082168 0.05294113459178968 0.0 0.0031124769576894376 0.0013423873087409696 0.0 0.015789697646312814 0.0 
0.0 0.0 0.0 0.0 0.0 0.0 0.0 0.0 5.831125267982895 0.0 0.0 0.0 0.0 0.0 0.0 
0.13729346356022928 0.0 0.10868774102597711 0.0 0.1722842174248597 0.0 0.05248671496745304 0.025895012497833304 0.003471559502904541 5.425537834413514E-4 0.007414665975499911 1.011127804225654E-5 0.02604832210516026 2.3587517431028233E-4 0.0 
0.031552794286653044 0.0 0.13144341455938582 0.059542420226222546 0.11256717820390308 0.044471375172985085 0.011712698207144823 0.04671650267227298 0.07417026850534254 0.015696665049382608 0.014929895470945108 2.659063394447681E-4 7.223816708110051E-4 0.00931725363308378 0.0 
0.0 0.0 0.0 0.0 0.0 0.0 0.0 0.0 0.0 0.0 15.486251936684702 0.0 0.0 0.0 0.0 
0.01167473553440251 0.0 0.024034540116062788 0.10551049105126131 0.25146004751519235 0.0 0.022587465347110206 0.0 0.11035533989284993 4.045785579787286E-4 0.035526893863433065 0.0 0.0 0.0 0.0 
0.5238490126192932 0.0 0.08517546278929337 0.0 0.04197489179949977 0.0 0.4476704684591688 0.0 0.0 0.0 0.030337119772574906 0.0 4.096723998431463E-4 5.222930375423509E-4 0.0 
0.18103530012156582 0.0 0.5511019234835415 0.0 0.0 0.0 0.05968976032688301 0.0 0.0 0.0 0.13540205660743265 0.0 0.0 0.0 0.0 
0.003827001729382461 3.2922923243859523E-4 0.4059934210745627 0.005404930275708908 0.11864074365325032 0.0 0.0 0.0 0.0025967325473499384 0.008785877338876267 0.0 0.0 0.0 2.2640099811707461E-4 0.0 
0.08085617781674831 0.0 0.08779413855638543 0.027223577509910325 0.1399501516352181 0.018934455917214398 0.0645036796207209 0.014653391774819056 0.0 0.002097095699123761 0.03264130442100486 7.08637025967715E-4 5.500455317620132E-4 0.05593940790669486 0.0017908270221148191 
0.04255495845470957 0.01566841524634835 0.16701513554448486 0.01332854483149374 0.2694505614431124 0.029233656645501104 0.0 0.0 0.0027824066207919663 8.319822626406058E-4 0.0 0.0012217017266321936 0.0 4.7898600319044664E-4 0.0 
0.023286850748202814 0.0026309360877025552 0.08007400202764665 0.05241082255860223 0.06845365866834725 0.030917242669877512 0.31928022332128847 0.0 0.004310023690124159 0.0 0.02475176517417164 0.0 0.015758727948320655 0.003109200532689529 1.159621192858512E-4 
0.020808457505997253 0.0 0.023723104770011584 0.09105127514789595 0.10993193775741573 0.20744896014450862 0.01800016427894488 0.0034388351322491937 0.05670305859913999 0.0 0.05250082714125345 0.0 0.0 0.0 0.0 
0.0 0.0 0.1483862425024804 0.04120380401559824 0.1622709324797908 0.028866701606171156 0.09327858915781694 0.003483778858975612 0.0 0.0018172383296778082 0.056176748525719106 0.04332551772771904 0.005225612729894464 0.007682562050147402 0.020508028366845784 
0.5990046987410466 0.0 0.032378993377313814 0.34096118623433047 0.04954108449916642 0.0 0.0016494625750099621 0.010935504906543226 0.0 0.0016209147716653206 0.0 0.006060385963871263 0.0 0.003076856403709733 0.03001866911302721 
0.03780541255015752 0.0 0.1574907271056175 0.00592001412708168 0.10178158612194882 0.040210363041451216 0.010590449368211761 0.1053247228442354 0.06615883027529676 0.016098307558357342 0.015311918063439477 2.727102872254519E-4 7.408658001333227E-4 0.0058346176023082895 0.0 
0.0 0.0 0.0 0.0 0.0 15.303590120460663 0.0 0.0 0.0 0.0 0.0 0.0 0.0 0.0 0.0 
0.6665009476809497 0.0 0.210946091345686 0.0 0.48077698040174205 0.0 0.0998397759730297 0.147866240224483 0.0 0.0 0.036047941437663295 0.0 5.958094900231733E-4 7.595999839381621E-4 0.0 
0.0 0.0 0.336878051014997 0.059396349356030324 0.0 0.0 0.11173578451909438 0.0 7.409892745549762E-5 0.0014779015417193124 0.1035741258095303 0.0 0.0 0.0 0.016510585414852574 
0.03004691804112247 0.0 0.024825923555867494 0.1513475189542239 0.2115981773702095 0.01830591503693862 0.02508645876760721 0.00336762178152278 0.05412424885392874 0.0 0.03366143036392134 0.0 0.0 0.0 0.0 
0.009338063446358054 0.0 0.01922356492449381 0.02832701418423659 0.051140988600645435 0.017486441198217854 0.5134718392629332 3.541412966193296E-4 0.0 0.0 0.04196307124173309 0.0 0.0 0.04684308225664494 0.0 
0.022594517550420443 0.0 0.06326681809581697 0.03866543627933271 0.030785174920598166 0.006187897743545906 0.3247056562496931 0.0 0.002131752882107562 0.0024852305218384454 0.020693268561053812 0.0 0.0 0.0 0.023285082451170176 
0.0 0.0 0.0 0.0 0.0 0.0 0.0 0.0 0.0 0.0 0.0 3.3456182261664686 0.0 0.0 0.0 
0.10214004731949028 0.0 0.17136683463011865 0.01388560582466884 0.026504405402773153 0.01135282611958684 0.0657898291505123 0.0 0.02944964872880847 0.012843888788903917 0.07374140118512193 0.010080241009065691 0.0013071924700333703 0.0 0.011876130217983947 
0.24274998164667289 0.0 0.04890073486550228 0.03962691644360031 0.32173540084838226 0.0 0.029838742446662295 3.715050452250714E-5 0.0 0.0 0.0 0.0 0.0 0.00529149222574731 0.010280774478208514 
0.020361259868630893 0.0 0.05701348220583527 0.034843717917881906 0.03967538165115494 0.024502832127727026 0.3546566738974943 0.0 0.002328386870348458 0.0011155804809373667 0.0 0.0 0.0 0.0 0.0 
0.0 0.0 34.84295376745946 0.0 0.0 0.0 0.0 0.0 0.0 0.0 0.0 0.0 0.0 0.0 0.0 
0.18879907399431428 0.0 0.05317163987379362 0.45456367483819443 0.0 0.025868580781446503 0.03497779428978975 0.0 0.0 0.0 0.35253887443329723 3.394181430238597E-4 9.360295739449326E-4 0.0 0.007582700769206628 
0.0 0.0 0.0 20.73491284196397 0.0 0.0 0.0 0.0 0.0 0.0 0.0 0.0 0.0 0.0 0.0 
0.11102083506505214 0.0 0.12228613813330837 0.040120304806774004 0.1203422911242585 0.06675186050353357 0.07296479253510997 0.0 0.002423770885444193 0.0 0.006131819289643127 0.022728163517844013 0.006946297161687795 2.520742306371655E-4 0.0 
0.03359754328831686 0.0 0.050774185844119794 0.03316587555586641 0.027753203850293097 0.023325248136622744 0.3390132509170812 0.0018465359720708804 2.0971316367068867E-4 0.028600148967516146 0.0 0.004674925705898578 0.0 0.0 0.0 
0.0 0.0 0.07452406193096764 0.03398674223801258 0.3991625724115093 0.0 0.0 5.155588643063764E-4 0.0 0.017299765404996687 0.0036470031803797617 0.0 0.0 9.322030307986243E-4 0.0 
0.03286386940079496 0.0 0.1369051238514705 0.005146209444617285 0.08847772125961241 0.04954363605814743 0.024725452425658982 0.10052092537589263 0.06314136568766139 0.015364073401313245 0.014613550659829942 2.6027213451080314E-4 7.070753551271153E-4 0.005568504191232262 0.019407031804780518 
0.0073009360793279635 0.0 0.13353519901926234 0.02241542271133869 0.07058261222587037 0.0 0.34042400053041083 0.1428053081602889 0.0 0.0 0.022535828726295427 8.882589358640131E-4 0.0 0.0 0.0 
0.18747048419733664 0.0 0.12348906222926065 0.016894566994920934 0.11714182497730416 0.02435652909597326 0.06601768740640725 0.0018790262457433378 0.0012602167657532895 0.0 0.037111242554119656 0.02200866863440888 9.43103129518713E-4 0.0193779048951147 1.42342897766106E-4 
0.0060284676472424446 0.0 0.019951737107633937 0.024223161715794823 0.4018909628558468 0.021398999616453616 0.0 0.0 0.002850114346825272 6.356779986144304E-4 0.06200568139199132 1.022898267395811E-4 0.014802763189487832 0.0 6.947619080209172E-5 
0.530895174981402 0.0 0.08047794782762668 0.0 0.0 0.0 0.07375938517031845 3.7274587577340044E-5 0.0 0.03283975214884432 0.0 0.0 0.0 0.005563630807447721 0.0 
0.08783372644936731 0.0 0.17891226609252808 0.013542363838688447 0.02584923595157679 0.011072192589225914 0.0543195156217926 0.0 0.027980308991522106 0.0027222977904300277 0.11133454157292648 0.0 0.0 0.001083052962576772 0.0117888011781103 
0.016893858733292758 0.0 0.09663350838279877 0.033676312921376 0.05686444881932607 0.14570227180052814 0.0 0.0 0.0 0.007947320777122516 0.18488095228900833 0.0028551986454789266 0.001302846629366069 0.0 0.0 
0.02876393683431668 0.0 0.023766699094677494 0.03743224015075545 0.12123128851419326 0.0 0.27392944351924164 6.808355034920954E-4 0.05694255335083013 0.0 0.007586208740781758 0.0 0.0 0.0010138579842189277 6.34932119446617E-5 
0.332406493772999 0.0 0.06696157795481938 0.0 0.1367701646248207 0.0 0.06468263848102145 0.0 0.0 0.0 0.0 0.0 0.0 0.004478121143405464 0.011531608657966014 
0.11255708802179969 0.0 0.07076355978763067 0.5128653354701146 0.12913919327593343 0.35383916311774094 0.0 0.0 0.0 0.0 0.015811143534742923 4.926250698012223E-4 0.0 0.0 0.0 
0.07201689630733439 0.0 0.10633909838467821 0.011306580046036492 0.06989939933953339 0.07343672748029585 0.03774292132052499 0.10052867181587603 0.0 0.004751992420594051 0.033075635307916344 0.008164294431968137 7.535197905673459E-4 0.019296566099708836 0.004169781008329563 
0.030608477472536436 0.0 0.7249557110357221 0.01030084979873604 0.005186358631154888 0.14726690904761666 0.053765798856441824 0.03408937432916004 0.0018285794134431745 0.0014665812769230804 0.03804386988608422 0.07141558201551561 0.0 0.0 0.004151468750749721 
0.0 0.0 0.6309173619837154 0.47254575400676796 0.012360619978027171 0.0 0.0 0.005809779009887116 0.0013581185110876901 0.0 0.0 0.0013487132063211493 0.0 0.0 0.0 
0.0 0.0 0.0 0.0 0.615781343335424 0.0 0.0 0.1692071023144065 0.0 0.0 0.0 0.0049238461320618545 0.0 0.001303674201467872 0.0 
0.0 0.0 0.0 0.0 0.0 0.0 0.0 0.0 0.0 0.0 0.0 0.0 0.0 0.0 1.819307167235717 
0.13692558455891576 0.0 0.15700125663363404 0.003071461618084959 0.04111508690766041 0.09630593700705184 0.0 0.0 0.1099601243215396 2.009558001328178E-4 0.0 0.0 0.03031437608006236 0.0 0.0 
0.0 0.0 1.3835713610509501 0.03799221473126911 0.03756455093820792 0.0 0.012171995137882296 0.0 0.2254507129536025 0.0 0.10117884268025623 0.0 8.152389756589273E-5 9.534714774747145E-4 0.0 
0.12147680276827233 0.0 0.16198671706491144 0.08158710481759945 0.03418050716518966 0.0 0.04022037838387954 0.1315487962811855 0.0014747769676193773 2.521234758695207E-4 0.0 0.0033362286129227483 0.0 0.0016747911540044942 0.019645692636754863 
0.0 0.0 0.0 0.0 0.0 0.0 24.50488504226277 0.0 0.0 0.0 0.0 0.0 0.0 0.0 0.0 
0.3959100195850039 0.0 0.05198011827008466 0.0016261774374792877 0.07716708519412757 0.028827632931838643 0.004229007098481872 0.0019645589454253477 0.0013175814472757496 1.8764977437699828E-4 0.009288352391805683 0.004894421826644588 9.111681176806467E-4 0.025680233378820538 1.3912580233810587E-4 
1.0606746111817191 0.0 0.027016485478874523 0.0 0.07496532230987572 0.015945114734238753 0.0 0.0 0.0 0.0 0.01467535247564982 0.09571444745492451 0.0020587745996725393 0.0010303161486794896 0.0 
0.08659386730617022 0.0 0.09929003427394634 0.0 0.06998785261304899 0.25339996327680525 0.0 0.0 0.0023137579009399048 5.549935050073124E-4 0.0 1.7402879254143939E-4 0.026265104733018935 0.0 0.0 
0.01486724922096024 0.0 0.0 0.0 0.3312542202400354 0.0 0.17493203600614926 0.0 0.0 0.0 0.0 0.004674737386150771 0.0 0.0 0.0 
0.01062548470623101 1.0239494302378899E-4 0.01851096279254031 9.902915526753062E-5 0.43626773874912605 0.0 0.06342884892526564 0.002896255874596021 0.06253045380386513 9.56431937780902E-5 0.0 3.8826021886197344E-4 0.0 5.505132932915645E-4 0.0 
0.8782266678699945 0.0 0.2779568184371187 0.0 0.07968592182695271 0.3296197407411923 0.0 0.0 0.0 0.0011987514308615607 0.04710206839455975 0.0 2.927374714890153E-4 0.0012622623269083284 0.0 
0.004159035653342607 0.0 0.4062673919670258 0.005408577609617465 0.1187208043358474 0.014866084748433213 0.0 0.0 0.0026707491545612545 8.505604460311307E-4 0.0 0.0 0.0 4.885781765476781E-4 0.0 
37.14466576980945 0.0 0.0 0.0 0.0 0.0 0.0 0.0 0.0 0.0 0.0 0.0 0.0 0.0 0.0 
0.027665468980750393 0.0 0.07250316098612625 0.0489054515535951 0.17683009668020594 0.0192036943889338 0.0397932534939381 0.044853500030493786 0.004596316959914655 0.0 0.04318964436564529 0.0 0.012022366566864225 0.0013631329244349587 0.014415758212833417 
1.2506812304219468 2.3501326275840504 31.242139909453464 0.0 0.0 0.0 0.0 0.0 0.0 0.0 0.0 0.0 0.0 0.0 0.0 
0.07023901707630058 0.0 0.13643761603115348 0.03825874543875782 0.022588852689738054 0.00967564874331139 0.04419237736017225 0.0 7.792526291113279E-4 0.01673515286494493 0.1800171583710896 0.011322946232065215 0.0040520193622715734 0.0011267750944116038 0.0029065540116543433 
0.6572562193376178 0.0 0.0355277593278631 0.3741187017000759 0.0 0.0 0.0 0.01139884287940095 0.0 0.0 0.004586395295585291 4.884474962997592E-4 0.0 6.275449665516584E-4 0.0 
0.0 0.0 0.2410945115312791 0.0031771306356419013 0.3043245825773481 0.0 0.0 0.0 0.0026667355607659622 0.0 0.0 0.0 0.0 4.8709352070376604E-4 0.0 
0.0 0.0 0.0 0.0 0.0 0.0 0.0 0.0 0.0 0.0 0.0 0.0 1.7262455016283536 0.0 0.0 
0.09300613983769615 0.0 0.13733150915547948 0.04078168932345185 0.05251935370044267 0.02415563096763024 0.06034428727483088 0.1106690748333514 0.003349890796268945 2.657287948897155E-4 0.023113323611572607 0.004551483634268062 0.0 4.2183220410232626E-4 0.004272200540019502 
0.26348809151622987 0.016516160447884058 0.10995354868919846 0.007552193497599998 0.13613383539855164 0.0 0.06438169965119277 0.0 0.0 0.0 0.0 0.0 0.0 0.004457286487176607 0.011477957339821519 
0.005130987048251834 0.0 0.005641134520559977 0.02466905820972352 0.10171306222781959 0.37337752761223714 0.5688313693991531 0.0 0.0 0.0 0.007607459260381401 4.4076252939783767E-4 0.0015623671253939932 5.757655188392798E-4 0.0 
0.049432629221027674 0.0 0.1475358190635369 0.03562065020761772 0.12171911946228939 0.03178149133741463 0.03659789122475398 0.036034296749259766 6.355539252015781E-5 2.3347838100454057E-4 0.03239756694022037 0.009480455620105853 0.004827251536550386 0.001198771929833899 0.03795249563053516 
0.005410181552472744 0.0 0.035080447271519564 0.012256575404463177 0.11872401194518904 0.08824101505194215 0.11299514134873893 0.15153525440294555 0.0 0.018082694374083254 0.01646374444346448 0.0051992167169350526 2.3237665781380647E-5 0.0077698205327719205 0.009051193177823881 
0.4055692418867475 0.0 0.053248304203262015 0.0016658521327223056 0.07904977063626156 0.03430508212087388 0.004368528959434552 0.0020293729581791625 0.0013610506141983184 0.0 0.009591593544707221 0.005054212288385416 9.409154462527582E-4 0.006868243264868931 7.096414548997523E-5 
0.0 0.0 0.0 0.0 0.0 0.0 0.5068371508994058 1.1031576829096599E-4 0.0 1.6315237909576824E-4 0.3710451345217359 5.270161562633186E-4 0.0 0.0 0.0 
0.07384526536366476 0.0 0.1613129932603414 0.048100297814298164 0.02933717375425181 0.005552474035442774 0.044869982671488104 0.03681374323560141 0.0019435897994339428 2.044657200397571E-4 0.13428640130163122 0.008788025619111073 0.0 0.013645620590925481 0.003818737794987482 
0.0 0.0 0.0 0.0 0.0 0.0 0.0 0.0 0.0 1.5275235900881974 0.0 0.0 0.0 0.0 0.0 
0.0889926869757036 0.0 0.035705764876836084 0.018393835348515873 0.10758096853523474 0.22113130847786186 0.03359295954456506 0.012458828304894516 0.0 0.024531544965291557 0.00617638846742899 0.0015221401208363272 0.0 0.0 0.0 
0.01671423438513785 0.0 0.014830444760719336 0.02052018183085035 0.009462213869672017 0.02461395971012789 0.0 4.065479332565763E-5 0.0 0.004162978419362994 0.409295114838226 0.07401204888915894 0.0013701990084864285 0.0 0.0 
0.06852938824773225 0.0 0.0781283214653079 0.2998630813102268 0.057536322517764145 0.006569701598611672 0.0063274723234495265 0.009354688132755798 0.0 0.0 0.007703585942097126 0.0 0.0 1.3056521408176202E-4 5.486027345295359E-6 
0.0 0.0 0.0 0.0 0.07659246429978334 0.03357165687995511 0.05503544585025104 0.010549608188963914 0.006492825563560452 1.2151944643434908E-4 0.346924298135112 0.009128050332423875 0.0 0.0 0.0 
0.0 0.0 0.29161605126139556 0.0 0.13167605900331913 0.0 0.0620899381898162 0.020400582796025826 0.0 0.0 0.007085972378642769 0.0013056390658092326 0.0 0.012872525148988073 0.0 
0.2716531036361206 0.0 0.1375424362994301 0.032751225100808794 0.02833255311318627 0.0 0.04502876209128805 0.0 0.0025049213252768144 3.953773313466261E-4 0.03078679008205507 0.005868318852716817 0.014038504429824182 4.3625953026357387E-4 0.0 
0.07097725822053372 0.0 0.02067980915838471 0.3789206841490847 0.0 9.323310459210134E-4 0.04034435638450958 0.0 0.0 0.026090041913731293 0.025467402600551206 3.2570436183699804E-4 0.0 2.2757230509197558E-4 0.0 
0.4537408256718824 0.0 0.5458024347699669 0.0 0.0 0.0 0.0 2.7189301992446454E-5 0.0 0.0 0.0300518282421252 4.2445870537869356E-4 0.0 3.947916161335697E-4 0.0 
0.0466141266351201 0.0 0.05344856830203448 0.046473725063990556 0.06912332565946885 0.2538874064117666 0.051398322578729026 0.0018647250485782064 0.0027076167827360014 5.701080053179984E-4 0.017617753125720562 1.847548637987456E-4 0.0016426381572458345 0.0 0.0 
0.676228514731397 0.0 0.11499823554776435 0.0 0.08471828022355489 0.0 0.0 0.0 0.0 3.352429770678646E-4 0.21327804744116727 3.596804902313944E-4 4.944055370731978E-4 5.042557318181405E-4 0.0 
0.019169502477531145 0.0 0.008918736038455053 0.019926143857742894 0.4145299984515287 0.01296013489352345 0.03179461303033368 0.0028546875735427696 0.0013176229324506792 0.0 0.0 4.852953234114921E-5 0.0 0.004203567305994127 0.01659023733489493 
0.06362751360105426 0.0 0.025589267734086495 0.0 0.09391598216743219 0.3119461623900212 0.03715115428623649 0.0 0.0 0.0 0.016682316413515155 0.006138200817957769 0.0 0.0026376433456853305 0.03298047077674869 
0.07544968822295343 0.007281657035502185 0.15522157686746121 0.0010025928508825073 0.13624701425116528 0.0 0.04588501723671876 0.010498315594185074 2.319071244742603E-4 0.023795842447728158 0.035474795170923834 0.001724292627489833 0.0 0.03299877393416156 0.0 
0.004066679058718853 6.322630549903329E-4 6.91053908690821E-4 6.533752037945708E-4 0.2546967317386809 0.007292273532280813 0.13436916851290343 0.00353343052425963 0.0010484469893870896 2.7137761877438167E-4 0.09820117698896538 0.003485319562590635 0.0 2.4208139291523637E-4 0.0 
0.11159123564572195 0.0 0.07026178340870497 0.06329739872816999 0.0 0.06450135009722452 8.779796913792843E-4 0.12088564906474829 2.7177445928459144E-4 0.0 0.20199631440878474 0.0 0.0 0.002900920898366386 0.0 
0.0 0.0 0.33888982170397774 0.02785748909239577 0.028313684175114835 0.0054180175579479585 0.22639560230292824 0.0 0.0036692146589050686 0.0035670031732966787 0.009563187173000129 0.0 0.0 0.005140669914441881 0.0 
0.8982222560640177 0.0 0.07368196969887997 0.0 0.02966069033120919 0.008816831820240676 0.06655614855786339 0.02799088251399708 0.12929605118913096 0.0011938908039984177 0.020995077810050687 5.179528316901264E-4 4.560912974402837E-4 7.778056310171886E-4 0.0 
0.15409848918217095 0.0 0.15358613008412703 0.0059672028749814905 0.06075845082872102 0.0 0.07292054371815342 0.12129626157114938 0.00380758636284525 0.0 0.02532595221397274 0.052321434035783196 0.002662214007846919 3.494976318552629E-4 0.005068296321648972 
0.08806212245658883 4.2993519878377687E-4 0.024035960767372928 0.049642999798634076 0.05590501813913979 0.007618736173894321 0.7182630650806471 0.010360043382958498 0.0024944501305282363 0.0 0.06643992917665174 0.08795921882741255 0.0 0.0 0.0 
0.0 0.0 0.38582155368199816 0.0 0.10314232553386328 0.0 0.04634945307710097 0.0 0.0026021671950863744 2.737480868453455E-4 0.0 0.008768412338230698 0.013838480455103155 4.300435999492404E-4 0.0 
0.027606289376111013 0.0 0.031473111113208996 0.037264816053872885 0.3881844559322375 0.01234076667854821 0.0071276622692180444 0.003550288769522773 0.0 0.0 0.002151665327165013 0.0 0.0 0.022910286855815663 0.0 
0.0 0.0 0.0 0.0 0.0 0.0 0.0 9.992700909880147 0.0 0.0 0.0 0.0 0.0 0.0 0.0 
0.5422154192657624 0.1996396342642562 0.12008501892179288 0.0 0.059406218862624864 0.15326214536301577 0.0789918776592966 0.0 0.0027970371325441038 0.0 0.0 0.0 4.1961130165413897E-4 5.349641845824885E-4 0.0 
0.0019461700394329997 0.0 0.09403511324703044 0.0 0.04333930545515118 0.021185230685545158 0.01569179853436189 0.011908564964960271 0.021132207896012965 0.0 0.0012423895076786578 5.358330134783865E-4 0.14089800423312349 0.17825767188866073 6.725029268899042E-4 
0.07329754031148773 0.0 0.3951259465971086 0.0 0.0 0.01302693400749989 0.0 0.056050196706473994 0.002612799626202221 8.321051086572804E-4 0.0 0.0034528836840397766 0.0 4.8102803082856744E-4 0.0 
0.12295829384738081 0.0 0.07246321003794808 0.06970542110433249 0.11668909490217774 0.06472549352705165 0.044986795409206096 0.0 0.002233144840119063 0.0 0.005649560645126568 0.029213884546347418 0.013211976670253749 0.0 0.0 
0.008981859907206471 0.003307053180663229 0.03525104016821442 0.002813188563462191 0.442691002145005 0.02837201462192809 0.0 0.0 0.002700397089784113 8.074601548163411E-4 0.0 0.0035405342233590167 0.0 4.6694894594534784E-4 0.0 
0.8184240863937026 1.5378859951273132 13.12123331861704 0.0 0.0 5.332325801827183 13.73653581479177 0.0 0.08922629612363554 0.02665949533474697 0.0 0.0 0.0 0.08671285483160567 0.0 
0.014239210530837243 0.0 0.09729557883400254 0.04339001630211217 0.11183676346140745 0.013117509778194715 0.10681744941581778 0.012071773248840807 0.0 0.001985067305751598 0.022917423809967436 6.406193649196888E-4 4.972500819486493E-4 0.05057013203372037 0.047620465720702936 
0.07830081492405387 0.001339223146968538 0.08309450145247996 0.0011794311176513434 0.0 0.16627452349686517 0.0838122598867271 0.005056763831721295 0.0 0.012810424697067797 0.07398053107541314 0.03818428829767975 0.0013263712614959402 0.0037097521185896327 0.0 
0.009669746443053798 0.0 0.014538780479750539 0.04673779270351578 0.027446458632627332 0.3173297556397188 0.0 0.20814163407138836 0.0015126306934817616 0.0 0.0 0.0012025150318965313 0.0035352350662510618 0.0 0.0 
0.05360875672971895 0.0 0.06111775234289459 0.14355630863708266 0.18388380422980094 0.0 0.02405153733356255 0.0032970251577800493 0.021035645389011908 0.0 0.006856640412143815 0.0 0.01676318633519622 0.0 0.0 
0.03974352927851127 0.0 0.04531041807074876 0.17390520266306303 0.2657122895599733 0.0 0.007526485891229977 0.0037489428264587082 0.0 0.0 0.0074911604108967664 0.0 0.0 0.0 0.0 
0.0 0.0 0.0 0.0 0.0 0.0 0.0 0.0 0.0 0.0 0.0 0.0 0.0 2.1808596429688016 0.0 
0.01974984585134622 0.0 0.06446371153765847 0.1691407774435098 0.1263294664399995 8.226469007469063E-4 0.1914179713999131 0.002922840141691885 0.0 0.0 0.0 0.0032222670654758812 0.0038015825191492192 5.538053309281129E-4 0.0 
0.2746893333254606 0.10113854400460803 0.36886446562215325 0.13686065560667915 0.06075797151700604 0.1567495329762502 0.0807892901582713 0.03366426316585035 5.316899858486452E-4 0.0 0.0 0.0 4.405296460177948E-4 5.616330683594622E-4 0.0 
0.0 0.0 0.0 0.0 36.85299893732902 0.0 0.0 0.0 0.0 0.0 0.0 0.0 0.0 0.0 0.0 
0.05162211797141559 0.0 0.04071281493791764 0.04294465345644074 0.06561314517105671 0.25478630991770884 0.04518097133539078 0.0 0.003580956746792112 0.0 0.03217408268641542 2.6287490748027746E-4 0.0 0.032273713558506535 0.0 
0.09599822376905522 0.0 0.08816354225642596 0.0362404204216318 0.11666848011503048 0.03063782729848126 0.05594745508062867 0.0014869350484672038 8.963734669621301E-4 0.042993527622321316 0.056157516441274855 7.247894909856985E-4 0.0017858603836949016 0.004593554493686772 1.2261235302147327E-4 
0.0028949317965795986 1.5255191707536839E-5 0.041239859621330664 0.016746114078647706 0.36559054738970087 0.1311044869037784 0.0 0.003030890742021004 0.0 1.734328423025361E-4 0.0 3.0796409157144957E-4 7.488736519689493E-4 0.0 1.4096758788256336E-4 
0.0044919492674283835 0.0 8.414275831988385E-4 0.0018430383863086567 0.10624821905752978 0.018906109043781025 0.028044257609301293 0.009586170034561593 0.0 0.0 0.32336847408023417 0.006424103568786103 0.025429381240927702 2.1200845577726252E-4 3.294893681024484E-5 
0.021527303746643845 0.0 0.0245426400323189 0.04982995340816489 0.386394230491803 0.01573856131248888 0.007144349252402438 0.002929190711411899 0.0035411688201488507 0.0 0.002169046648253828 0.0 0.0 0.02309535794798336 0.0 
0.006837390656408583 0.0 0.12505688478236995 0.03748698038907359 0.07323281724727962 0.0 0.3532060918580429 0.14816729934813525 0.0 0.0 0.0233819941566839 0.0 0.0 0.0 0.0 
0.046622916722242475 0.0 0.12901735835642536 0.03251347998075064 0.04436781081473995 0.00913304174437337 0.041714084287377946 0.0 7.355524140958798E-4 0.015796651342853813 0.1699218590632669 0.011372308589008232 0.0055058579490916415 0.0043934662100673354 0.011576068974343417 
0.011800511673727527 0.0 0.009306709349105597 0.009816894469876696 0.014998777965091721 0.44978037251793235 0.04914940783631273 0.0 0.003895487378652633 0.0 0.03500006894440537 2.8596432648097224E-4 0.0 0.03459166825972553 0.0 
0.056741333113753775 0.0 0.07371297563951937 0.04324598406073552 0.14759246462373712 0.0 0.03704721090987783 0.05429700252968223 0.004413240003210273 0.0 0.04146934771931615 0.0 0.023507170465739555 0.0013421491546075808 0.021972966923556568 
0.0 0.0 0.21332125110795241 0.0 0.09632289281077405 0.11190355892557273 0.04121247222850834 0.03127630028037256 0.055501001311887836 0.0 0.003262974793493228 0.001407295864698912 0.0 0.01655317810129114 0.0 
0.04750628229260554 0.0 0.14178647543436187 0.0342325441894443 0.11697583035140617 0.030542994029396454 0.0847127353223751 0.04533933905708358 6.942630363665692E-5 2.5504587934179054E-4 0.0 0.0 0.004832298731555082 0.001200025321261757 0.03799217735105703 
0.8454867489611995 1.5887389580903175 13.555110468220274 0.0 0.0 5.508648733023746 14.190759046710701 0.0 0.09217672388387124 0.02754103943695336 0.0 0.0 0.0 0.0 0.0 
0.18597572477499913 0.0 0.5661414076477035 0.0 0.0 0.0 0.0 0.0 0.0 0.0 0.12861168993511535 0.0 0.0 3.5129046589946964E-4 0.0 
0.033980509535081985 0.0 0.030150712140858484 0.041718107949045354 0.09387544197361236 0.07990006827915475 0.0 1.319706703370602E-4 0.0 0.013513561567052012 0.20636941049228005 0.07401204888915894 0.0013701990084864285 0.0 0.0 
0.006336200501647067 0.0 0.04108489621724678 0.014354438658484544 0.13904508319149406 0.1033445473899887 0.08367223496084585 0.15768681689714847 0.0 0.01881676002068161 0.0 8.983111045370714E-4 2.3289210237568054E-5 0.007787055102620859 0.00907127001491188 
0.11824753302415349 0.0 0.1746025820710124 0.051849632330414265 0.005898735055023 0.026167846334535113 0.06537109457794182 0.12777217052056328 0.0036798508545895802 2.919027492039693E-4 0.025389957111193687 0.005021852682423192 0.0 4.63399060885301E-4 0.004693178232732742 
0.0030613767254904006 0.0 0.00460288017269522 0.059500439736998874 0.025983491144855205 0.30041525597265767 0.0 0.19704714470305065 0.0011179167866580285 0.0 0.0 0.0011378139129502496 0.0033450223383786858 0.0 0.0 
0.0 0.0 0.0 0.0 0.0 0.0 0.5035555059316932 1.0960150102537783E-4 0.0 0.0 0.3685241060275123 5.234353984976398E-4 0.0 0.0059701208660634195 0.0 
0.016801417810373247 0.0 0.02525755560054768 0.40343908022808456 0.05740453795324925 0.006554653969109482 0.006312979510072926 0.009333261606905677 0.0012054889175052846 0.0 0.007703585942097126 0.0 0.0 1.3056521408176202E-4 5.486027345295359E-6 
0.4406048260083654 0.0 0.5300012103840668 0.0 0.0 0.00501906669606936 0.0 3.970728149578826E-6 0.0 0.0 0.029332036938342198 4.142922129282173E-4 0.013616329265798402 3.9055450443686266E-4 0.0 
