0.27066944113938046 0.33837813310803083 0.10101839499732135 
0.1459132670230832 0.23284730251842709 0.231892136432036 
0.07185723550269986 0.07959374588671998 0.4553476003256309 
0.07154767968727917 0.0 0.5202236660607693 
0.28509312812436044 0.0 0.35400734291572744 
0.0 0.0 0.638781368224361 
0.20294329234780104 0.8137560596377268 0.0 
0.18209085108601666 0.06224095557959574 0.3915074501454087 
0.10756509508033699 0.1083191295698728 0.36864478064484335 
0.1521835137043891 0.7637038473462728 0.13380299256076983 
0.2871342325835624 0.2891470520240389 0.0028100729888489062 
0.2906773917824415 0.05820159692562757 0.27801402330216274 
0.04926312841847394 0.1073364434237052 0.5039330732433969 
0.0 0.8815007775820619 0.175997802756294 
0.0 0.9528065820260654 0.09716150830032609 
0.4393769986443069 0.0 0.18606418813881928 
0.19910957611635668 0.1658898164015086 0.2234670019369239 
0.23002321284393062 0.10867380379044782 0.3241851497109677 
0.3155739899156956 0.06318657962581468 0.231892136432036 
0.327134418102634 0.0 0.29410923536747047 
0.03617854214192603 0.005099521828944172 0.5189411453132257 
0.36610252322681425 0.053423129456328905 0.20525603000362663 
0.2091566468096875 0.011508179968628011 0.4046580389704182 
0.0 0.9895802249367657 0.0505580868417385 
0.1294225100102676 0.0 0.5096779610298202 
0.17202128133324165 0.21208537888293602 0.29932979415704264 
0.1850049508988293 0.2862604717450161 0.12009534614133043 
0.0 0.3797911932200328 0.22806664601378307 
0.2748614293621753 0.137887878972754 0.20194065338730707 
0.21499144674710444 0.5019673269528517 0.04472825254991219 
0.5060714637582167 0.1761465993724846 0.0 
0.4859613250507319 0.0 0.14046939333691708 
0.3860520675484833 0.06991260223788041 0.1884978918830147 
0.005394464217399778 0.08703389669834027 0.5345716105347299 
0.10581244136488897 0.9597120218944815 0.0 
0.5349546384042831 0.0 0.0 
0.18437901043597796 0.1856715127380619 0.17057085059865806 
0.1928077427971165 0.021251630722919163 0.4536437192614992 
0.0 0.8285651206745117 0.22168455309559731 
0.20311493390633467 0.7180176792181014 0.11758483535593856 
0.14533012091759973 0.9103764960422726 0.0 
0.3015223396920947 0.40138543048781067 0.0 
0.2954784006743171 0.19754678101127002 0.12564051382923197 
0.36445570680457146 0.0660015811467027 0.21060441345105996 
0.2738531584596589 0.0 0.3652473125804289 
0.3283021273304331 0.1617277632430283 0.12487720613547688 
0.16437099953944376 0.8662632825443091 0.0 
0.11378457666510566 0.10027479685492999 0.4536437192614992 
0.004731482637183125 0.8450905146680978 0.2165999575095188 
0.2195186710066066 3.8403506552947753E-4 0.44043156689199947 
0.1748278723647989 0.1760534209072584 0.23100474801703472 
0.05323233670542162 0.10414536734566361 0.5064370810820575 
0.03530891570488838 0.0 0.5900381129407287 
0.07912200914868589 0.07090468708679928 0.4827817420771408 
0.21966603738898052 0.11607745047887211 0.2832053570455609 
0.08614521716845663 0.9745778541875608 0.0 
0.27514596352244863 0.27707474484316924 0.016016796559843397 
0.5161463281029304 0.015350397991529485 0.0 
0.21879569819715852 0.1822914744299173 0.21132967906726552 
0.1394031345868314 0.7346783635952533 0.14682465602344016 
0.3004478640922114 0.10269687934027014 0.26712763905777365 
0.0 0.975369768584853 0.06365658534913816 
0.2670137434451088 0.327263558242288 0.11717573669985805 
0.16436262506949345 0.15550335353664635 0.3423015387951395 
0.3923603671227738 0.13656755882650592 0.16338969610610263 
0.0 0.9222274001492753 0.1347292158502512 
0.09871155903621881 0.05874838435000377 0.4710567857308227 
0.17638530114213544 0.7481126004442448 0.1350609159040107 
0.4030549443697421 0.22100251974409088 0.08509588952954353 
0.0 0.0 0.638781368224361 
0.0 1.0167223123702325 0.0 
0.11252100776941407 0.25247838474845125 0.2234670019369239 
0.2155913373584169 0.5033679663326074 0.0 
0.36293783598075346 0.07267012239679564 0.2039431331368958 
0.0 0.13541610708508073 0.4357652719434924 
0.12909937565228236 0.270355489240337 0.16310396294548019 
0.32470959908597197 0.16289487398779945 0.1070041560868482 
0.008197731048965578 0.7657666984619353 0.034657520924849174 
0.5130553331641161 0.0 0.019759157263996307 
0.05878353335332305 1.0141877012327385 0.0 
0.29717211610571387 0.169371326270262 0.11889201606979473 
0.1910618346379686 3.3425149600676207E-4 0.46645064981978407 
0.2171933686470957 0.2187159005682181 0.12065187978449811 
0.06001734366598073 0.09428833436288424 0.49655138665614107 
0.03402826646320347 3.450204775474365E-4 0.5744030638494786 
0.1900551518788102 0.12995082233963431 0.26993049592943325 
0.39365210617186586 0.011707370896450351 0.1348860873987512 
0.24222986975847588 0.06842937049774257 0.2834931250799458 
0.0 0.9143548909075329 0.16662850317492423 
0.28639583414271813 0.2039671876437682 0.12160252505512176 
0.1091049778484051 0.04835496553781748 0.4710567857308227 
