0.0 0.22305777528600512 0.3281240493797418 
0.2602620129595496 0.00852110112648508 0.26443761506456126 
0.21271279919841415 0.036009861927162705 0.28449806802501904 
0.1260743340807621 0.0 0.4165812108310228 
0.3494343200498805 0.015172814679826816 0.15389841155973055 
0.0 0.2653447242430685 0.24869940159258647 
0.08734194073123297 0.0 0.4885598957842355 
0.3528428482245421 0.08567509346197383 0.07947389636950364 
0.028048456157415018 0.41650710587064255 0.13707256782238417 
0.0 0.0 0.5061376915388323 
0.2067424424083222 0.3054259501726135 0.0 
0.0 0.5126712418308195 0.0 
0.13084815741201067 0.358036371817903 0.03977792990261986 
0.15200827403168438 0.19137165814351859 0.1679851717345965 
0.02677771962295159 0.008523265140117068 0.4888664684431899 
0.21292034062145823 0.2593063050485538 0.06068783910623543 
0.12829917738957206 0.1650255682472914 0.22043022383114158 
0.010567746234477208 0.300186068489405 0.21688758442586484 
0.10052056271507255 0.17180956711294082 0.2863438535099068 
0.03892586298154541 0.25362947414779896 0.21985202205289825 
0.08317212272890502 0.22758169199497716 0.21688758442586484 
0.06981378451678118 0.07943219212605696 0.3663713317625864 
0.12963909320091127 0.0339839853126682 0.37360059019142033 
0.4139862203484872 0.035024655721714384 0.059443176572624025 
0.0 0.027584928873759663 0.4781296109995431 
0.28076478460390336 0.2319632537900132 0.0 
0.0 0.08067241775289734 0.4295665000015042 
0.2885189497006249 0.04971445633209503 0.18337316606316917 
0.13256487247450272 0.27181742854551977 0.1170490490474243 
0.03861629945128662 0.1841739167052961 0.2989892158097684 
0.08388281529728729 0.04220316493482194 0.41661969263515114 
0.0 0.4771489291189393 0.04378988811589974 
0.22034137042849966 0.0027234765850809224 0.30640751985067766 
0.37625183280820673 0.05062550471500512 0.10122336623061874 
0.37799568490945745 0.13417298552943713 0.0 
0.19059513426067265 0.11718594671122001 0.243487924767459 
0.0 0.16573017200243506 0.36509090375874315 
0.25081349057660995 0.2571121094225269 0.0 
0.35322687612280057 0.15251487194024785 0.0 
0.08975505112999374 0.4481853848402802 0.0 
0.20748992128812516 0.1301546980252049 0.18305395547384012 
0.033974448353362746 0.221367512761636 0.253303347565101 
0.04105402017041371 0.048912663650214294 0.41617108568787947 
0.20298223357146936 0.19014216252390212 0.13404997634298293 
0.2665213881284002 0.11894038764854208 0.136569819928454 
0.0 0.11689441783058635 0.4116656728895781 
0.09087334935545968 0.39922472240646767 0.027752032817137326 
0.0 0.3756259457914147 0.1453373935133546 
0.0447503937610296 0.31499080990019673 0.1870698071931932 
0.11694028896847039 0.31998063717300085 0.08185944302984056 
0.0 0.4389275166164206 0.08442251628608208 
0.4646693674238073 0.03931262399203943 0.0 
0.11248835660619712 0.22832721713750453 0.1847730877149737 
0.1707598403940676 0.09453115677649106 0.28423871319004873 
0.28696356707447884 0.08463144598882448 0.14789070239369828 
0.07913885069666439 0.31804164441980876 0.13543304995333086 
0.30083406112579325 0.1934033328184611 0.04673566163913879 
0.13913599621535286 0.08580387212188159 0.30187409482665084 
0.43071022916488927 0.09303229387844598 0.0 
0.3686560900336326 0.07962876055808236 0.05934706028009316 
0.05074971069048715 0.4683039448172298 0.0 
0.2099884039286438 0.09401597533002634 0.2391229083258622 
0.04023426391090259 0.12855040658159794 0.36106877316809854 
0.041542139998523187 0.3833390924355493 0.09362642823652442 
0.15855433506559688 0.03672230187881254 0.31162197278101594 
0.5034820857456985 0.0 0.0 
0.25953903310022025 0.07654338801870329 0.18655983076254262 
0.28292321058729847 0.14154819397924234 0.09960445935880274 
0.44068263838531263 0.009024077877928418 0.10552605867329007 
0.46538068508293107 0.0 0.048868404425868796 
0.33351926011970146 0.04103884696152549 0.15161716733428054 
0.10096847793126176 0.12484845759406966 0.30305113767577346 
0.0940792951221142 0.2438959499671922 0.18323320416495553 
0.0 0.3605421895411721 0.15237890979939606 
0.07612804625503002 0.37218131102114255 0.08622700237070251 
0.37209692287029084 0.13340294390914234 0.05649039250345152 
0.2625874599292798 0.22779191066646728 0.035978124591210144 
0.043790427236647646 0.09227442362437063 0.3704052914579634 
0.12162086601330022 0.1297665078398512 0.2879804607811893 
0.17465881650679507 0.22286443481406024 0.1367358575542568 
0.3736832369255948 0.0 0.14530267440771874 
0.1506180929842528 0.3578715067957177 0.0 
0.1571686012938814 0.0 0.38016388568559856 
0.046523334879352125 0.4293041468340336 0.04771210816771956 
0.275256245817636 0.1916046223574236 0.05999826039592884 
0.326650773839776 0.0 0.19656716541217564 
0.0 0.5002537351218025 0.028327102010594515 
0.057951362335903374 0.19724985335501158 0.2531637258322718 
0.28639160823066045 0.1278078624062756 0.11162976950715688 
0.2528872684913444 0.2089313078350546 0.061383335861121435 
0.20638989303575778 0.1268972321924235 0.2168755215347378 
0.0 0.24651307076980636 0.27212051065350434 
