0.8038191522212861 0.07798526363185933 0.4474067046997315 0.0 0.0 0.029502192325333423 0.0 0.0 0.10220841971742363 0.013736089595959781 
0.0 0.0 0.40553715015262276 0.0 0.6983853055672912 0.08230153871386142 0.18399598802788042 0.48460915332686805 0.3018490136650594 0.0 
2.1202649909502718 0.7210866299577384 0.0 8.810628894749739E-4 0.0 0.057064604146886314 0.0 1.3715096675626728 0.0 0.0 
2.94135526656658 0.0 0.0 0.0 0.8182154586128324 0.7969065401846384 0.0 0.09604124043581129 0.2670168639600642 0.035014801765436046 
0.8859243517151285 0.30752492836879336 4.740150207409641 0.0 0.0 0.0 0.0 1.5341740564682453 0.0 0.0 
0.0 0.0 0.0 0.0811260138120886 6.423145032204611E-4 0.08029433095502078 0.0 0.361944759665721 0.1430793101826198 0.0 
0.03997963127650518 0.04852112045695285 0.02743936612443983 0.05719190715260763 0.17054038881434982 0.23703292422687255 0.04771572121412248 0.0 0.21496116244669855 0.9322357481216486 
0.36206343404559116 0.8003630223285064 0.0 0.060155162114622615 1.0661115842961855 0.0 0.0 0.9190387025645564 0.0 0.48677116485359667 
0.0 0.08752060875861323 0.16742866530670686 0.0 0.1280954171696166 0.23288385025698996 0.16393887052839343 0.05782386612576471 0.3292285429353747 0.31613102158488476 
0.0 0.0 0.0 0.0017639459899933079 4.906880490010917E-4 0.722404889108893 0.0 0.016782381683342885 0.2682699804382208 0.03743296633808834 
0.001031038365378454 0.0012513156105986194 7.076363211130755E-4 0.014633119196195754 0.019278756758845963 0.3579967381302692 0.0324482495335323 0.026459286626620327 0.15523142335560858 0.6667839701767985 
0.0 30.310401360218794 0.0 0.0 0.0 6.577965583335951 0.0 0.0 0.0 0.0 
5.513879687874782 0.0 1.2293691107022455 0.0 0.0 0.0 0.0 0.0 0.0 0.0 
0.004864779711172518 0.8080895219773772 0.32488916424788455 0.0 0.16846639190193935 0.6638403482760811 0.12667936808905808 0.07154490523315307 0.03672412895334379 0.0 
0.0 0.2167695829105429 0.3711651970758379 0.0 1.5966423296820846 1.053251091872355 0.0034903790439893383 1.696969893425013 0.0 0.1031969047963872 
1.7422793537382195 0.31493286869148773 2.1357949495353497 0.0 0.3798289171065471 0.0 0.0 0.009905881997078023 0.0 0.0 
0.0 0.0 0.0 0.09029753811692148 0.0 0.08633327757646805 0.0 0.3944807423470956 0.06781724151594354 0.028157929562241946 
0.34399310142772926 0.4473682598048123 0.3162597586787946 0.0 0.3913244336708599 0.5194078808505789 0.18688624529344572 0.1479761211574505 0.004798135901747104 0.0 
0.0 0.0 0.0 0.07973947107783669 0.0 0.3443761375242907 0.013762793345078605 0.13989591162685805 0.2952598889586351 0.13114928013886168 
0.3131568931143833 0.6820280928878115 0.3562183263929697 0.0 0.05293755921967969 0.7136577342023543 0.0 0.0906095490920758 0.0 0.0 
0.026851785935177796 0.21589686898932445 0.048864308887517915 0.0 0.652890492380369 0.28098121260264086 0.0 0.02290511604618165 0.037600737757781486 0.039403263960665125 
0.12117533482979977 0.19629431660978322 0.3022930081659752 0.0 0.29844591435671103 0.8319345969788674 0.14380674355362782 0.0 0.4684788301280482 0.0 
4.829307567485718 0.3808162279163457 0.0 0.0 3.8996317124786994 0.0 0.0 0.0 0.1549984577324801 0.07752738101934169 
2.212039664367765 0.3131433484576497 0.0 0.24937313283562781 0.0 0.16084644506189805 0.13433096111299936 0.0 0.0 0.0 
0.03397977419747399 0.0360624471151205 1.1738113392267147 0.09992524840192668 0.0 1.4990450251189495 0.00832097129336597 1.1261992550410558 0.0 0.07704169372454227 
0.34659048043232116 2.6550762266552903 0.0 0.0 0.10423827663401188 0.05703204260121155 0.0 0.0 0.08719728367164804 0.17098085088425724 
1.0061903981714133 0.2687920723687161 1.323685078105138 0.0 1.974168540426337 0.0 0.0 0.009905881997078023 0.0 0.0 
3.308361914951475 1.5098529591999776 0.0 0.0 0.0 1.8193468010786567 0.025259615916272 0.0 0.1636075489994331 0.044401694020768025 
0.0 0.0 0.0 0.0 0.0 0.29433912747134744 0.14900760043224484 0.3850658306425731 0.22818148592811785 0.06336096188603445 
0.45158276656852264 0.17096744615239914 0.0 0.0 3.5027157940672864 0.0 0.0 1.6433954576034857 0.11280128594261528 0.0 
0.5268444571111139 0.12962770514522384 0.18932025440907274 2.1440018225229407E-4 0.4281747223866229 0.0 0.3799158790893022 0.0 0.0016708122898641898 0.0 
0.0 0.0 0.0 0.028167303397957366 0.0051832710980168496 0.12012263156517876 0.0 0.2723535110507924 0.04683268971341412 0.4759994932035825 
0.07872430289180932 0.01952233612443241 0.10929918022113908 0.0 0.14846447767539317 0.13180594356827144 0.12773100511578647 0.6812799846660711 0.007431029603638657 0.0 
2.421864488233703 0.0 0.03872822968569525 0.0 0.0 0.7527932244620029 0.7213662262181679 0.0 1.038882253994839 0.0 
0.0 0.0 0.0 0.0 0.0 0.39998484603558004 0.041674541934600524 0.2229095610123688 0.33961453368901134 0.0 
0.0 0.0 0.0 0.0 0.0 3.448136177800565 0.0 0.0 0.0 1.1877599126264065 
0.15361640758163245 0.08888288524142263 0.2697799555808131 0.0 0.17650641174173667 0.24493797461314495 0.11559226798795495 0.301515809618481 0.0 0.0383791146482232 
0.0 0.0 0.0 0.0 0.0 0.0 0.0 2.7572917179639114 0.0 0.9726988460142798 
0.0 0.541827569256842 1.0439442771612675 2.614071711318523E-4 0.17145934985774663 0.20040135718127808 0.0 0.16023218939319384 0.0629202267171706 0.28553905257262147 
0.028178980360267756 0.02750588843501522 0.1393469075043714 0.004909860682677717 0.06308158939419407 1.0493205378767194 0.118731089662527 0.002652924994960096 0.0 0.042112793243896426 
0.06757721363179409 0.9930051756810289 0.34289566948697986 0.0 0.17128160912646792 0.5456786472409341 0.1363427950841244 0.07700253404058023 0.03952553966805898 0.3115707296895826 
2.2741235595025433 0.5729294709151278 0.0 0.0 0.7919828071967174 0.771357069981121 0.0 0.09296208034979282 0.6456781181278601 0.036648252312823086 
0.0 0.0 0.0 0.0 0.0 0.23789543201682953 0.02478639692453091 0.09151103263566597 0.9787949771740948 0.20024461238621258 
1.2882389957295735 1.196145509485037 0.0 0.0 0.0 0.0 0.3576949067927634 0.0 0.00876457476221314 0.014586553264609661 
1.5636679448066015 1.4518846244417998 0.0 0.0 0.0 0.0 0.237267741982212 0.0 0.010031242155084497 0.016694620329576637 
2.1831469145180256 0.0 0.21896591716403777 0.0 0.05412991534532602 0.0 0.29070754886614253 0.6644048523415725 0.0 0.02428032634975871 
0.0 0.0 2.715280692028354 0.002292172081511198 0.0 1.155773659222926 0.28172145829736467 0.0 0.0 0.0 
0.10409469975675552 0.11133786565053581 0.23966827799637236 0.0 0.2052652047746563 0.052212647430039304 0.18658335959540162 0.25836983347275466 0.07150864250760644 0.0 
0.0 0.0 0.811922793811121 0.0 0.9675650494325917 0.0 0.0 0.6988867959876282 0.5949358111515964 0.0 
0.2293881339342488 1.7572409384295586 0.0 0.0 0.02158462770814199 0.03687573505793552 0.0 0.628461355301237 0.10176754167074983 0.31939122266807574 
2.8766116401382105 0.0 0.24500987910483124 0.0016081451758219315 0.9117840248424741 0.007372319557633251 0.005438309350891704 0.5391645655016459 0.0 0.6614108752947065 
0.0 0.0 1.9755795165357852 0.0 0.7759802037418387 1.3266106592933296 0.0 0.024523148564903216 9.797213921425556E-5 0.0 
1.8962351188013862 0.14388161883475162 0.2573606624492115 0.6650178048232557 0.06301424098417253 0.2746182785329103 0.03532353618579014 0.11380731523728876 0.34709893152945265 0.08245549925962911 
0.007132465355667792 0.06369337756755411 0.14575704363558184 0.0 0.03206674603192479 0.11363253283836965 0.1902910567748683 0.09106336683821407 0.05580333344400288 0.6994399224861834 
2.8720532041293394 0.13996319938330504 0.0 0.0 0.0 0.0 0.017161300837046825 0.020567114318666126 0.0 0.22722263248276703 
0.591216671487264 0.7195787308531684 0.026988618749655593 0.0 0.1356064536245965 0.12539598982625047 0.040601038581968986 0.0 0.44576292122775274 0.0 
0.4818419738107172 0.6709898987220512 0.49909519915903217 0.0 0.2445803854258815 0.0 0.1219441875539399 0.06887060990189807 0.0 0.0 
0.0 2.7458626271240467 0.10499191267800943 0.0 0.01339588082800479 0.045129182237774734 0.0 0.021756616952136636 0.08080689381825111 0.35043340655125693 
0.1155838458368234 0.20283589321539522 0.34595703988738463 0.00548690087757332 0.4576401054997185 0.024066395837912567 0.12795056774288718 0.0 0.4657481847799309 0.030349036156571738 
0.06679387190130641 0.5281084363081553 0.11975139534876302 0.0 0.4516054481570547 0.34695152093878284 0.0 0.0823874740822696 0.0 0.04888976539573215 
2.009213984121951 0.0 0.25346228106289387 0.0 0.04812862724884106 0.5690834559811393 0.053566665237107146 0.15875435727166423 0.09775235929702175 0.569825499179794 
0.0 0.0 0.0 0.0011225506564492321 0.0 0.34374703374037485 0.011455896954238133 0.31792876359974176 0.069178141459456 0.3019855448344804 
2.153994578220144 0.1634397674648561 0.2923442700044255 0.0 0.05551172482301693 0.2535341051021595 0.07135834802642517 0.1020265772825696 0.09775235929702175 0.569825499179794 
40.39502463512288 0.0 0.0 0.0 0.0 0.0 0.0 6.912380200395162 0.0 0.0 
0.6008217710252648 0.7312692424178814 0.02742708468268059 0.0 0.0 0.2080791607583409 0.0 0.3145352989931524 0.23336944251161354 0.019736331720278673 
0.003247341039693208 0.27477303031269273 0.8347907766723175 0.0228244211176182 0.03099286780603652 0.0 0.013726769864406628 0.2886307786125998 0.4158468093823798 0.0 
0.20624477608730193 0.27139220128517544 0.09614636507744181 0.0 0.36258635787093085 0.7157240494447557 0.0 0.030878720902123166 0.0 0.05156694962746001 
0.6072913769238639 0.8456846884347855 0.2720103058779281 0.0 0.22969783925712844 0.0 0.1256849146986394 0.0709832662334521 0.0 0.0 
3.832929817654883 1.3456095425486896 0.0 0.0059959402794571084 0.0 0.0 0.06912027380238667 0.009181529530953681 2.348508669608509 0.0797673685819866 
0.1775442423822055 0.21547586348371334 0.12683783431726048 1.365719231188939E-5 0.5120895706301225 0.009555904300915557 0.04281902181958499 0.0 0.3709139657868383 0.07665806576273208 
0.0 0.0 0.0 5.052066529549179E-4 1.7775611830677385E-4 0.011002240110583759 0.004726397124311799 0.06514053728678366 0.27692401661945903 0.26325004103723404 
0.39734000348978127 0.924638543114377 0.22160179528526894 0.0 0.0 0.750528468368415 0.18034214064406306 0.6661353234048728 0.17059495629329283 0.02356733831238863 
0.651485190745745 0.3904119700503216 0.4023675970829427 0.0 0.8260392362062301 0.09060628768864575 0.0 1.1464620769665688 0.0 0.2529000859892523 
0.009059785174949327 4.18226843174855 0.0 0.0 0.0 0.0 0.0 0.14301027788333162 0.599857324725863 0.02035435199266709 
1.4873521059998982 0.48985239737096237 0.04070964731513409 0.0 0.0 0.33805807160361023 0.0 0.0 0.29212178588985965 0.02470508737987656 
0.0048631840442990544 0.10505415520433775 1.8420634978416883 0.15647363028213085 0.0 1.8739732914375482 0.011656602376107794 0.16098362044404374 0.0 0.0 
0.23653279583890563 1.6765864853790646 0.0 0.0 0.2248198525050229 0.4106693191339392 0.04802654769096102 0.7247499253111227 0.0919656016258911 0.16865895697274078 
0.046525852894627094 0.907054058625783 0.0 0.0 0.8315376044020086 0.0 0.0 0.0 0.0 0.02850607331634706 
0.0 0.0 1.7724152883919384 0.0 0.0 0.0 0.0 0.0 1.0127678092753154 0.0 
0.47857144050898964 0.3739580649130219 0.05666970325046204 0.02293200864543194 0.6998096713017384 0.0 3.223094280076895E-6 0.06205404645637471 0.8888019256079145 0.0 
0.006673142049005513 1.2661060981428325 0.14956286349805786 0.0 0.0 5.467809262707059E-4 0.11659001968791273 0.0 1.1109272985722853 0.0 
0.010381517668525722 0.06909146290826126 0.015997585124925256 0.0 0.22454226818418305 0.4115227734019149 0.0 0.0 0.0 0.20998577425302234 
1.4028876024897756 0.296237946699893 0.0 0.0 0.20262331873080697 0.0 0.04594521998998178 0.0 0.09422765625992534 0.0 
3.3723914569530558 0.0 0.0 0.0 0.010216180087143997 0.0 0.0 0.0 0.4053249160990834 0.0 
1.328704887035391 0.5211493685524146 0.0 0.0 0.0 0.0 0.06315637652609087 0.39494290435492296 0.07853086347626374 0.41668898898709494 
0.17082881106485137 0.39519212757282196 0.04571246436790632 0.6117334030055797 0.1559152430307839 0.0 0.166307237055628 0.170820182271369 0.37779133862708936 0.0 
0.0 0.0 1.1627347908475698 0.0 0.5635512915738474 0.0 0.0 0.290177763221318 0.2056710538302654 0.3798728165817319 
3.0773808575410264 0.0 0.3158869743076638 0.0 0.0 0.16069932406662057 0.38140187720526514 0.0 1.0390451231099789 0.0 
0.2188246048733988 0.07605348100268013 0.007230494164731694 1.2762446325209368E-4 0.2931657511493163 0.2096877524933024 0.0 0.055750405128588025 0.0 0.02637648537468379 
0.10653338043536646 0.15764465524957913 0.0931186925355496 1.5093845780450853E-4 0.3467202543463172 0.10092178712206457 0.0 0.055750405128588025 0.0 0.02637648537468379 
0.0 0.0 0.8866670507382635 1.401515523218829 0.8269818125946324 0.0 0.0 0.0 0.19582272014787094 0.014083944727845446 
0.1596130763041228 0.033704375109502964 0.7080230209284782 0.0 0.0 0.0 0.0 0.0 0.2859527099217554 0.0 
0.122363282429297 0.9373709335244528 0.0 0.0 0.5899840018939396 0.03213589616185804 0.015886903636203212 0.4428779431998841 0.059013555188851756 0.033372192106353206 
0.0 0.0 0.0 0.0 0.0 0.0 0.0 15.98827949859719 0.0 0.0 
0.005201291062536304 2.40107187920194 1.472499491594812 0.0 1.2667947413821676 0.0 0.0 0.0 0.11784826228223422 0.050888117178687804 
0.0 0.0 3.149926129994962 2.498328717733722 0.0 0.0 0.6219305960315308 1.1984353836570787 0.0 0.0 
2.1530604278846694 0.07144066099924691 0.28062074257451847 0.0 0.02869229593248547 0.24102751115653442 0.21534115509357218 0.1020265772825696 0.09775235929702175 0.569825499179794 
2.0509310833171125E-5 2.34293341718507E-5 1.7376091659692715E-4 0.06625261843998329 0.0 0.3742410049884104 0.0 0.32729964945597034 0.08025767891934876 0.04423322118908133 
20.25769969019967 0.7404598805179081 0.08692573069740817 21.085085301414985 0.0 1.5702089920419982 0.0 0.021203522403049867 0.0 3.407766407899722 
1.6311635580826915 1.3808528454299527 0.0 0.0 0.0 0.0 0.017161300837046825 0.020567114318666126 0.0 0.22722263248276703 
0.0 9.482533242976963 0.0 0.0 0.0 0.0 0.008158693763511502 2.046026147906191 0.0 0.006480122102838431 
0.0 0.0 0.34868923235482147 0.06909259811107822 0.15726504019864296 0.5632157190918339 0.053532898951953234 0.005820373643161038 0.0 0.31037474619656863 
0.19688991708994277 0.019435802136503946 1.1136484409033012 0.0 0.0 0.0 0.08338807388366343 0.0 0.08357473839771076 0.0 
0.0 1.3158379199642536 2.5596698137501948 0.0 0.0 0.0 0.0 0.06500144869408468 0.0 0.04053119184449749 
0.27066791026095777 0.2072041566272761 0.38641404234479176 0.08223491541069151 0.4195458010976067 0.0 0.13989071592863608 0.07968139100780841 0.0 0.03707629651963365 
0.018353756311389684 0.0038756341379500557 0.8791110818927643 0.0 0.0 0.0 0.0 0.0 0.2859527099217554 0.0 
0.695719904568411 0.846771192529555 0.031759116693562496 0.0 0.0 0.263731730765165 0.0 0.0 0.2278951182011087 0.0192733615928545 
3.72631917173573 0.0 0.0 0.0 0.0 0.02896097001882097 0.7725740420797228 0.0 0.09089661718035215 0.0 
3.439828277814827 1.5079678252571684 0.0 0.0 0.0 0.0 0.0 0.0 0.004453281965769578 0.0 
0.014464411872319019 0.037528740844261735 0.012068064202236647 3.3648597593784603E-4 0.07529165487802188 0.009232555837350631 0.06690842018324748 0.5426845011168738 1.4863878757628193 0.0 
5.9635119898182846E-6 6.217182366903484E-6 3.784722992006261E-4 0.0038270520046499194 1.504425866172281E-4 0.38488450778601213 0.0 0.7731971771279094 0.0 0.0 
0.5980022758546741 1.3915939705768083 0.0 0.0 0.0 0.38925347570072605 0.18700370672986502 0.6173636684543049 0.17291063965711798 0.023887245151637797 
1.1351927542277502 1.8891764791986294 0.0 2.4640847398924954 0.0 0.0 0.0 0.050284874832880425 0.0 0.07306265315245884 
0.0 0.0 0.0 0.0 16.896861685228757 0.0 0.0 0.0 0.0 0.0 
0.0 0.0 29.11445907682736 0.0 0.0 0.0 0.0 0.0 0.0 0.0 
0.39204855553400386 0.30634865930050736 0.21504067965596932 0.0 0.9955723335943424 0.1635892290971887 2.178560270188578E-4 0.07881808018190203 0.41957321676637227 0.0 
0.0 0.0 1.1439972267050367 0.0 0.0 0.31632137885646056 0.0 0.1687541700882941 0.18018287446889417 0.06842504870747017 
1.7161272844942683 0.0 0.17212464370611388 0.0 0.04255042297599435 0.6347120936195869 0.1814358510975682 0.6644048523415725 0.0 0.02428032634975871 
0.6325981096756732 1.046639983717657 0.29106656166414924 0.0 4.08485790676683 0.0 0.6933796507867542 0.0 0.0 0.0 
1.4894900638805595 0.5708300013046199 0.0 0.0 0.1754808925219398 0.0 0.45642229198930456 0.10909330049092918 0.0 0.5966561170414681 
0.11675646299647906 1.0670870950117086 0.02437474405942478 2.7251363239142182E-5 0.11555451908104276 0.0 0.12384926931148321 0.009251535819173795 0.27910194027256474 0.0 
0.0 0.0 0.0 0.030292103685883996 0.0 0.6628379989525386 0.0 0.12193854511422403 1.1955278527860458 0.07453868001569434 
0.4431605381820648 0.43257506716688565 0.17628198655468344 0.0 0.15517585247265478 0.35912910177611435 0.0 0.02927560058392874 0.0 0.04888976539573215 
0.6765582192519541 0.2592831859328289 0.0 0.0012283970318813944 0.13397990317877137 0.229745268655063 0.2655477096105933 0.04216443630822323 0.018106236267286045 0.4330725299104762 
0.18596870509123192 0.4302164709152399 0.11535545711938017 0.731540633125852 0.19482275983124805 0.0 0.1066021431892247 0.19500249381621299 0.13479214390763994 0.0 
5.948194173629355 0.0 0.0 3.6232556942407694E-5 0.0 0.0 0.016026126394197416 0.0 0.0 2.8566714087215863 
1.0305727535423062 2.1046493088851226 0.0 9.721879506716034E-4 0.0 0.06296658413851342 0.0 1.513359816832826 0.0 0.024111959058613096 
0.0 0.0 0.0 0.0 0.0 0.011054411267523295 0.00905131798012931 0.11819059818474764 0.5205190020687391 0.7429172741041925 
0.11122950309234268 0.029414881805578285 0.8018740607822142 0.0 0.0 0.49243460242246956 0.0 0.0 0.0 0.0 
0.0 0.0 1.4862043530555864 0.0 0.040246946420283654 0.0 0.0 0.02681427274830401 0.17179825223295528 0.20992212188684 
0.3966304365315496 0.30226400934869 0.8696147185797781 0.0 0.5668815795818404 0.0 0.0 0.0 0.021220966174133462 0.14581231009015638 
22.72731458320215 0.0 0.0 22.72731458320215 0.0 1.6925060161419592 0.0 0.022854976256308973 0.0 0.0 
0.0 0.0 0.0 0.0 0.0 0.12039479702977769 0.03570930881093866 0.22842696841608548 0.0967802911895937 0.15483855653510328 
0.0 0.0 0.0 0.0 0.0 0.0 0.0 0.0 12.299572927306379 0.0 
0.20631899317356459 1.4624256835293252 0.0 0.0 0.19610221681840934 0.6837615593356331 0.04802654769096102 0.7247499253111227 0.0919656016258911 0.16865895697274078 
0.4062268863482108 0.14101079159169727 3.240096408275316 0.0 2.032371113970387 0.08553517491584868 0.0 1.5268416076590303 0.03569156120131808 0.0 
0.4693774569767788 0.590790126860075 2.0033904808532275 0.14252797467584755 0.08513770795329458 0.21438152172034589 0.0 0.0 0.14499380278137014 1.57239408460916 
0.0 0.0 0.0 0.0 0.0 0.20824010494386955 0.07982808091341263 0.4215298632801065 0.07804203898215917 0.253384945939314 
0.0 0.0 0.0 0.0 0.0 17.598995082446187 0.0 0.0 0.0 0.0 
0.19863905060107315 0.019608466198407778 0.595667739552881 0.0 0.0 0.6516159348181467 0.0918873666208804 0.0 0.3306718166001706 0.0 
0.04785256508706425 2.2166101782467145 1.0317617965795445 0.0 0.24783938550424028 0.0 0.0 0.23075965392443326 0.005491659446636079 1.336733948878289 
0.0 0.7482703390172177 0.015655443618618682 0.0 0.6929986379716372 0.0 0.13392222733810943 0.04844763709433405 0.009727624674873297 0.28876570389363065 
47.16999015880258 0.0 0.0 0.0 0.0 0.0 0.0 0.0 0.0 0.0 
0.1966986155096928 3.0745892282713116 1.5730413746916962 0.0 0.0 0.09116112068889735 0.0 0.3517982045634216 0.0076920119491516985 0.3371629547254398 
0.0 2.404827927328415 0.0495141987630613 5.5357685508313436E-5 0.02075911215731586 0.0 0.14775390803543198 0.0 0.0 0.0 
0.21998215046481706 1.531015967742504 1.1302076508421623 0.0 0.06905724063510742 0.11425023380725391 0.0 0.0 0.0 0.3658351628764995 
0.4832924532364972 0.588222536512698 0.0038491909346336 0.0 0.20949421964395165 0.21525036283176285 0.0 0.0 0.18600153549235152 0.00968221412521049 
0.0 0.0 0.5821883125207432 0.0 0.2191523462608505 0.26205247957014227 0.13809383401887732 0.005867703958307821 0.0 0.33623511713198745 
0.5868748153434449 0.572856540221655 0.23344916659784495 0.0 0.20549844112752855 0.28131940827007673 0.0 0.03513840847112975 0.0 0.00912180285622541 
0.0 1.5764206894457344 2.2793750558016996 0.0 0.0 0.7489519587042718 0.0 0.027689601350050705 0.0034779971281365396 0.0 
5.503223919720692E-4 7.22572143258818E-5 0.006854030160039241 0.007476609766337192 0.0072419477330253924 0.19733612862891223 0.02568612582817686 0.13412587737048387 0.5693693921014893 0.2555266086358937 
0.0 0.0 0.3757608979713715 0.0 0.14144715833775187 0.5065668943082801 0.13294895650951727 0.005649094500896753 0.0 0.3456176069202421 
0.6531840263718607 6.6424309755002575 1.4778092536304757 0.0 0.0 0.0 0.0 0.0 0.012763684760196257 0.0 
0.23533771364954756 0.18389404078070246 0.12908396467103228 0.0 0.6394095285812688 0.01606888679768207 1.2653376250664416E-4 0.045778619831817385 0.3753811640750194 0.4872888199172947 
2.545542925902283 0.19314948518814604 0.34548596173939655 0.0 0.06560252279958288 0.299620971307667 0.0 0.11769536862566297 0.11276473511041482 0.07992525872725934 
0.3992774683171893 1.1252127361117539 0.4364894370366406 0.0 0.7813903775280161 0.0 0.0 0.04817360219177333 0.0 0.2012129450686489 
0.34032624650793336 0.47392192064720223 0.32540624481344055 0.0 0.16873451625568164 0.6648968899539794 0.12688098589138586 0.07165877323532621 0.03678257760432513 0.0 
0.07019966200175254 0.24059474306024703 0.006502495196884067 0.0627760761702915 1.8764953015896422 0.0 0.06705509027005378 0.03485113003621353 0.013995263043577233 0.46501555037567416 
2.414160655116989 0.0 0.0 0.0 1.0898345593817957 0.0 0.3014509918079418 0.0 0.011735462998621216 0.019530891202189888 
0.4051724064249085 0.6742838847301842 0.0 2.4994023071795626 1.8902772543205073 0.0 0.0 0.07634620330848269 0.0 0.0 
2.075183942551798 0.06470529594612497 1.298886808882199 0.0 0.347720737256733 0.20831586376307007 0.0 0.0 0.1923688142134885 0.39613408091812746 
0.42069706433098786 0.5858424461356778 0.21235834743078955 0.0 0.25145570473988055 0.0 0.09454277120816247 0.0533950690519106 0.0 0.0 
0.0 0.0 0.0 0.002488841738599411 0.0 0.762132167646616 0.0 0.1495584851038218 0.0955323907804139 0.03743296633808834 
2.2367443897841532 0.0 0.0 0.0 0.047577039032609285 0.6498961199411051 0.2896460154139096 0.13976110277303877 0.046106189832548904 0.07405810954055922 
0.0 38.68486100701399 0.0 0.0 0.0 0.0 0.0 0.0 0.0 0.0 
0.0 0.0 0.0 0.0 0.0 0.0 0.0 0.0 0.0 11.802336897861709 
0.014322737725864022 0.04572469503796152 0.8873032134477981 0.26295248557528217 0.08959913052631228 0.21777063802312271 0.41697890850699265 0.11753253153638091 0.0 0.0 
0.0 0.38603076409143894 0.7437691063490678 1.8624229503385727E-4 0.12215802146610961 0.11691995309754867 0.0 0.19663348165016734 0.6153488077892642 0.28553905257262147 
3.1360715584990313 0.0 0.26710888000683686 0.001753194027814708 0.9940236311026233 0.0 0.005918012374081923 0.8232622083263047 0.0 0.0 
2.337673832249864 0.17737689380225927 0.31727357018801566 0.0 0.06024541928469014 0.2625516561821404 0.29428049523010663 0.11769536862566297 0.11276473511041482 0.07992525872725934 
0.5012083642112215 1.9322044095404656 1.8630647681207184 27.85644492422298 0.0 0.0 0.0 1.6000507977134595 0.0 0.44524247234743686 
0.8302994400068593 0.17532851585342568 0.49039613570666335 0.0 0.4459602071105655 0.0 0.0 0.0 0.0 0.01136809638505446 
0.8198508014854595 0.9978527799931444 0.03742560347161539 0.0 0.0 0.0 0.0 0.0 0.2300212394004374 0.0 
1.725268717341548 0.0 0.17304151385089747 0.0 0.042777079726791845 0.0 0.07621022665126966 0.48792374386321946 0.3839749827393913 0.02056385956147663 
0.053290062534660336 0.37768588493315897 0.5397111519723538 0.08737963787792483 0.07545726756569174 0.3267093964349073 0.0 0.0 0.12698104019252085 0.28415299129866034 
0.004864003023869922 0.8079605062956106 0.32483729400840733 0.0 0.16843949536904929 0.6637343627227633 0.3869027818642938 0.08041312973570117 0.04127620459251681 0.0 
0.783246782075677 0.07598936479702309 0.43595609879008745 0.0 0.0 0.02874713440098999 0.0 0.0 0.099592570820798 0.051125871307017956 
46.455103385426476 0.0 0.0 46.483913524459204 0.0 0.0 0.0 0.0 0.0 0.0 
2.380829251625616 0.939806536725674 0.0 0.0 0.44844349025343716 0.7989220438062564 0.0 0.0 0.1786442680034887 0.10399999175554803 
1.361025975167935 0.28739832013157096 0.0 0.0 0.4913902418295099 0.0 0.051696757287232324 0.0 0.0 0.0 
0.2051371149102876 0.4021303297565103 0.2895743426525502 0.0 0.24182417682564744 0.0517037752189388 0.3644623177228759 0.15338385530912946 0.003047840687306444 0.11351177140877029 
0.0 0.0 1.203070195436052 0.0 0.49239727977020104 0.0 0.1991358566440358 0.7440979477840621 0.6393847265782069 0.39106269822680395 
0.0 0.6616087222384842 0.21952884743688655 0.0 0.6791454599193647 0.5964381976942648 0.0 0.011496577440121876 0.42884949360393343 0.0 
0.02058334180298078 0.13698702271829463 0.03171826828816437 0.0 0.4237971695820332 0.1056335502839859 0.0 0.0 0.02164738788280757 0.24659213602323388 
1.1173022103005534 1.555519419815096 0.0 0.0 0.09281853971845172 0.25858197311846115 0.0 0.05938966661633148 0.08501041008863211 0.16669271838452954 
3.940922990776464 0.16361054648014953 0.0 0.0 0.0 0.5459269869696121 0.0 0.14385859802797216 0.0 0.0 
1.3819267835888 2.8220625084163657 0.0 0.0016502880058356982 0.0 0.0 0.0 0.030559292215475913 0.0 0.021674823587673597 
0.6265807223675451 1.0427493997011246 0.0 3.865212137564269 0.0 0.0 0.0 0.07725924167127601 0.0 0.0 
0.7696659449218288 0.1361038134174518 0.4595661526634259 0.0 0.0 0.0 0.07970277974978096 0.0 0.0 0.051898281658634665 
0.0 0.0 0.0 0.0 0.0 0.0 5.326891555422019 0.0 0.0 0.0 
0.2685533346448802 2.0572682016979327 0.2400748690722853 0.0 0.610122066977023 0.0 0.0 0.0 0.08755791891485584 0.0 
0.7890304774065154 0.0 0.19379582644306148 0.9828263038495769 0.3411377135714463 0.0 0.0905683181957095 0.6343974112624482 0.03830876804680264 0.021851191821334843 
0.010045329429114298 0.0668540504204986 0.015479529851148817 0.0 0.19101998300986356 0.36443881606602196 0.0 0.0 0.019512476065647304 0.29114785951490824 
0.09283069803289537 0.09929008691108894 0.21373397103536365 0.0 0.1830536260311364 0.20942077436957618 0.20903647130957959 0.2894616025732628 0.007431029603638657 0.0 
6.751118435704112 0.0 0.0 5.355069906833309E-4 0.3376612458554713 1.8654089898739947 0.0 0.0 0.02634618485638824 1.2052054266888297 
0.0 0.0 0.0 0.0 0.0 0.0 0.0 0.0 12.025243422481221 0.274329504825157 
0.0 0.0 1.9755795165357852 0.0 0.7759802037418387 1.3266106592933296 0.0 0.024523148564903216 9.797213921425556E-5 0.0 
0.6482216667995542 0.38845625588945126 0.40035199288056894 0.0 0.8219013081824691 0.09015240816268313 0.0 1.1582887268257267 0.0 0.2529000859892523 
2.0703286117004436 1.4713127845475065 0.2849634683946836 2.0106281918639096E-4 0.0 0.07683226170835442 0.0 0.06547326309433467 0.0 0.30960795413529 
0.07092311513884962 0.018755770646217158 15.409761732224567 0.0 0.004659549150631691 8.100377702660618 0.0 0.0 0.0 0.0 
0.6586673834941091 1.2127562936635963 0.0 0.0 0.0 0.4159098981843178 0.0 1.1483025948371353 1.5308123249786012 0.0 
2.178831291979487 1.6621918191631933 0.0 0.0011910468581013006 0.0 0.0 0.0 1.8175555450819136 0.0 0.0 
0.0 0.0 0.0 0.003481500283688779 0.0 0.010444500851066336 0.01274011039419337 0.15675550158100254 0.6903613189619827 0.9853268510694653 
4.84450927327297 0.0 0.07746893716032366 0.0 0.0 2.738487411447706 0.8001558623068135 0.0 0.0 0.0 
0.0075202093046253925 0.06636302728202136 0.1520490501012734 0.0 0.03345099593391242 0.11853779582599926 0.1985054972555922 0.10428593271686482 0.018727414065894513 0.6994399224861834 
0.0 0.0 0.0 0.027643855788207085 0.007038592455210832 0.2784932890696331 0.05283702370890421 0.11693586311298193 0.4310885653773682 0.1373088466373083 
0.6199602083551214 0.13091265389530557 0.3809751311155454 0.0 0.3374004258250133 0.0 0.035496243998545465 0.0 0.0 0.008808558533497978 
0.6437135026530025 1.4019512334994355 0.0 0.0 0.08013336738219734 0.0 0.0 0.08281005137463945 0.0 0.0 
0.0 0.0 0.0 0.0 0.0 0.24725623866300978 0.02893006590344494 0.10808519841064475 0.5767663026471443 0.2432014942064119 
0.0 0.0 0.7900671318436094 0.0 0.15881847913757932 0.26237196894885023 0.0 0.1439808728794764 0.04600800753954352 0.05149703493154692 
0.0 0.0 1.0102031328591639 0.09093680546829952 0.08203939935802716 0.341021280205804 0.0 0.015302141973363109 0.17027602245367207 0.24058166345751456 
0.0 23.044388082519326 5.381006937862304 0.0 0.0 5.521364896908278 0.0 0.20413110764547898 0.0 0.0 
0.4664992903724552 0.34791724522576284 0.814416535598218 0.0 0.017697191654731933 0.03023433897278823 0.0 0.5152741665385877 0.08343899712010405 1.0083037134444577 
1.2135633924276528 2.2344459112564263 0.0 0.0 0.0 0.7308656667423638 0.0 0.1425853666976834 0.5980750326358009 0.035014801765436046 
0.0 0.0 0.0 0.0 0.0 0.49991509756111696 0.04107730351848816 0.09058977229766314 0.21604247051872738 0.9279928838201706 
0.0 0.6954474334915686 0.23075689360744703 0.0 0.6146343986904236 0.6158825014995611 0.0 0.011496577440121876 0.42884949360393343 0.0 
0.0 0.0 0.0 0.0 0.0 0.0 0.0 0.0 0.0 11.802336897861709 
0.4645115088333337 0.3629715655167236 0.05500480625006064 0.022258290058302273 0.7271947179612238 0.0 3.223094280076895E-6 0.06205404645637471 0.8888019256079145 0.0 
2.7944127116696262 0.0 0.6004701589548861 0.0 0.0 0.16077580952325918 0.37971035297280437 0.0 1.0390451231099789 0.0 
0.2590440511893089 0.5641750959064624 0.2946645608180999 0.0 0.043790062112191566 0.9827353272875275 0.0 0.06419905759568406 0.0 0.0 
0.0 0.0 0.0 0.0 0.0 0.3894903732300691 0.04058111964285728 0.21706104362647616 0.362625129581543 0.0 
0.0 0.0 0.0 0.0736972074489027 5.834969939595817E-4 0.07294168278832966 0.004619148772622996 0.339117280338472 0.17612791277638373 0.0 
0.23924279655861866 0.1453170096693355 0.4444359940600284 0.0 0.3120577496426979 0.37314456567858373 0.09232339595315381 0.007845771822146496 0.0021836520143590967 0.3499902209448691 
1.8129063015144455 0.38281872287331054 0.0 0.0 0.2706200162932115 0.0 0.05958555694538009 0.0 0.0 0.009142568815632959 
0.003855185384099786 0.08031797773704924 0.16102493522282268 0.0 0.12319608601246912 0.2239766221236858 0.1874966055401934 0.05782386612576471 0.3292285429353747 0.31613102158488476 
0.3227536605087065 2.2877352943651053 0.0 0.0 0.3067711185405458 0.560366377689836 0.06553317062810461 0.9889355533889196 0.1254888754870904 0.11902072493563737 
0.0 0.0 0.0 0.0 0.0 0.012561359070338764 0.005727534425830905 0.07259184651553106 0.3226727397109258 0.3036965480685117 
0.09417196260394772 1.0053073863217121 0.0 0.0 0.38844793207408396 0.5155898785228701 0.12882484134266295 0.07275660752473312 0.0 0.0 
47.02553633482138 0.0 0.0 0.0 0.0 0.0 0.0 0.4094387925735227 0.0 0.0 
0.0 0.30578454273229316 0.17632347573668317 0.48170103343179915 0.8404575856057009 0.0 0.2714621426733948 0.8335215408911686 0.11548518594382576 0.5335707772442061 
0.0 0.0 0.43832476358089467 0.21619481450178846 1.2888810435879083 0.5072761045987724 0.0 0.04304959757227175 0.1337317897573911 0.18945361795032736 
0.0 0.0 1.145281115697659 1.145281115697659 0.8278418547276405 0.0 0.0 0.0 0.19602637128912037 0.014098591707598121 
0.0 0.0 0.9556929128330972 0.0 0.5375139825673635 0.0 0.0 0.5705026597437094 0.49539512660272667 0.13268917423006793 
2.289597257594743 0.1737289625300123 0.31074852538800596 0.0 0.05900641264573493 0.25715202167148765 0.24521808078149412 0.11380731523728876 0.34709893152945265 0.08245549925962911 
0.07872430289180932 0.01952233612443241 0.10929918022113908 0.0 0.14846447767539317 0.13180594356827144 0.12773100511578647 0.6812799846660711 0.007431029603638657 0.0 
7.849670070759194E-4 0.180757906373712 0.3497803627549411 8.758618361688425E-5 0.0787754680148212 0.1630021597401452 0.16973166833723974 0.13542803987139546 0.49733580862179083 0.20628598816712174 
0.0 0.11216536896800873 0.11757962903170306 0.03899128072089516 0.2811844743870351 0.0 0.04730277335867188 15.480052606633313 0.0 0.0 
0.0 0.0 0.0 0.1366083145248153 0.0 0.130610909035561 0.0 0.3267174139389194 0.0 0.026175101223720892 
0.0899346895817062 0.6373995676729255 1.2830093200182142 0.0 0.7265668371016318 0.0 0.0 0.0 0.0 0.1973457073684505 
0.04921900518573135 0.7232427065964109 0.30870670028207475 0.0 0.3819786468027265 0.5070031472475113 0.12667936808905808 0.07154490523315307 0.03672412895334379 0.0 
5.294817398589082 1.695653002709149 0.0 4.2581430510818466E-5 0.0 0.0 0.008593467759812592 0.0 0.0 3.352328521499529 
2.70001915183149 0.0 0.34060733129715864 0.0 0.06467614517426257 0.2953900034721141 0.0831388844620988 0.0 0.11013250050522336 0.6419927613779837 
4.980803628748294 0.15530400281113735 0.2308433264705052 0.18231934387509832 0.5611288243342865 0.0 0.0 1.7167725334393005 0.37691473001140396 0.7761589151964656 
0.7450677458792442 0.25863032745158054 5.942716763645739 0.0 3.727606949624726 0.15688154110338817 0.0 2.800406553981814 0.0 0.0 
2.7566235226857465 0.1343379876026136 0.0 0.0 0.0 0.0 0.19481500673961252 0.0 0.0 0.22990719064775858 
0.0 0.013210460362293869 0.8597215532314662 0.0 0.7643485444754595 0.0 0.0 0.2752164979745787 0.1951295228005241 0.3195414546213645 
0.9883433255587937 3.6299923818387 0.0 0.0014320804834513018 0.0 0.09275286346849516 0.0 0.0 0.0 0.024111959058613096 
4.096889426660524 0.0 0.0 0.0 0.0 0.5449102755143622 0.0 0.1435906818266444 0.0 0.0 
0.0 0.0 0.0 0.04391685526787476 0.0 0.35264377483693404 0.04131777184239718 0.13989591162685805 0.2952598889586351 0.13114928013886168 
3.1487022613453473 1.380342656069901 0.0 0.0 0.42693145634577495 0.0 0.0 0.0 0.0044606446483004825 0.0 
0.41384208849075393 0.8451537870915444 0.10129987518798923 1.1005946555501813 0.0 0.049408247848983525 0.12415371435832954 0.5509289751521678 1.2431295295192557 0.06958871681266648 
0.9256825718389222 1.2890609139231264 0.41462008037591486 0.0 0.3501240008814403 0.0 0.19157909942491771 0.0 0.0 0.0 
0.05247842949335522 0.42194320498620463 0.09549912973705375 0.0 0.6555639045784164 0.0 0.0 0.02290511604618165 0.037600737757781486 0.039403263960665125 
39.641845759931904 0.0 0.0 0.0 0.0 0.0 0.0 7.665559075586137 0.0 0.0 
0.0 2.4160003390457145 0.0 0.0 1.345055700899927 0.07326397020474743 0.11395906463911644 1.223375539870521 0.1425745219501155 0.08062595654107557 
1.3022466549803058 0.0 0.5298344104725154 0.0 0.0 0.9986268326974327 0.6354596399651037 0.0 0.9151630878959902 0.0 
2.3633925525388126 0.06316966497274747 0.0 0.0912792618773095 0.00762744251747042 0.0 0.0 0.0 0.5983702470920361 0.0 
1.433584777838563 2.639555267791084 0.0 0.0 0.0 0.04848269710786382 0.09531935008011266 0.0 1.1628067776239113 0.03829037217706422 
0.0 0.0 0.9876924796959221 0.0 0.4042466450392647 0.0 0.16348587870538264 0.5502541206507738 0.5102279221258218 1.1640250406064576 
2.472427410530501 0.5342221761341747 0.0 0.0 0.0639534340157339 0.19689719565722666 0.10177696595387335 0.2890717290770849 0.2128771821604087 0.11025638649379871 
0.2877738746271759 0.7584624557084066 0.1770676049869322 0.0 0.3047716081899194 0.25599615886971216 0.0 0.0 0.22121067766620345 0.11669825780715239 
0.0 0.0 0.0 0.0 16.896861685228757 0.0 0.0 0.0 0.0 0.0 
0.20761502941685583 0.4069877860879523 0.29307220048633376 0.0 0.24474524567297543 0.052328321073136744 0.3500834743495565 0.15338385530912946 0.003047840687306444 0.11351177140877029 
1.252868357190944 0.01310515659856246 0.21985235806325254 2.37407734999357 5.3331698669881344 9.193073088834463 0.0 0.0 0.0 0.0 
1.9272546523704799 0.6650359981356924 0.0 0.0 0.7211139394043864 0.7023338516531076 0.0 0.0846435697430681 0.5879010088595795 0.28881316638332016 
0.0 15.548813949305991 3.630744085594252 0.0 0.0 10.716016228465827 0.0 4.213902630595674 0.0 0.0 
0.0 0.0 0.8358879576791265 0.11373105574444695 0.07075047482027132 0.2940954917658923 0.0019209142265177732 0.23507130388331737 0.15832158419875772 0.24058166345751456 
2.7864752848599337 24.68339493422292 0.0 8.201932048108139 4.18790236392122 9.702563192627226 0.0 0.0 0.0 0.0 
0.34303166716770556 2.627813733807246 0.0 0.0 0.0 0.1920916253478834 0.0 0.0 0.08719728367164804 0.17098085088425724 
1.0313960793603287 0.1000644173947705 0.6004093725931716 0.0 0.0 0.0 0.0 0.0 0.1186965095784334 0.06646272918237599 
0.3964614920992116 0.9225941844161554 0.22111183781907132 0.0 0.0 0.7443858717013156 0.17959097938646781 0.6633607359153909 0.19908996187456304 0.027995944937178784 
0.0 0.0 3.0709621272706977 0.0 0.0 0.0 0.0 0.0 0.0 0.37370378814457 
3.396660401054601 3.1108793630795093 0.0 0.0 0.0 0.8655408815085935 0.0 0.22808086194986427 0.0 0.0 
2.446857813017036 0.9465337958465581 0.0 0.0 0.45826898036025476 0.8164265918890049 0.0 0.0 0.18255840105716722 0.0 
2.19857671273353 0.0 0.3132060858364484 0.0 0.007609088605972778 0.0 0.0909097691420718 0.0 0.3149949552757406 0.0 
0.07877574631259583 0.020832415883468475 0.5679089255158185 0.0 0.0 0.0 0.0010241400905494275 0.0 0.0 0.0 
