0.0 0.23531307336499357 0.3362883894496475 
0.09283767766312198 0.0 0.46071382799201416 
0.31528971857559257 0.05502679044108878 0.18069490408949096 
0.14033438566235906 0.22856439589259928 0.18426895506136354 
0.23330729844268527 0.03768569140402717 0.27859384983130503 
0.13767857747330128 0.0852610670375773 0.3344213432505559 
0.05004299252661352 0.31714224328478346 0.184011930713644 
0.17765940913764253 0.3246255142177549 0.05032605009331051 
0.13759683010950352 0.19136389528893244 0.23625600611126257 
0.3157494015565011 0.19204881879980493 0.053000707108449716 
0.03778883991820542 0.36743993093493826 0.14010368295576694 
0.042516264072478896 0.08652019690334654 0.4411584921178131 
0.00247432800174862 0.09372286270812101 0.46476333174738443 
0.3231897270796421 0.14460511726623548 0.09011140661255065 
0.098237904520569 0.05083203449074951 0.4067533949753635 
0.0 0.0 0.5478703892342836 
0.3632135795027145 0.18707171625552002 0.0 
0.22842110223325218 0.0 0.3246660915383649 
0.0 0.2799242014969906 0.27028842004832965 
0.0 0.464445450058757 0.09417757185030853 
0.27593519758518376 0.09302114166916442 0.1830113596320311 
0.4478030121250459 0.0 0.09022659399009604 
0.14453776904046 0.3211400315488789 0.09186938491785074 
0.1827328220575134 0.04698608476691278 0.32651072471838843 
0.18155506219732567 0.22960208641906296 0.14376564624653296 
0.04816707535064483 0.4188378751804665 0.09213120639332176 
0.09524578095635906 0.18504282748944587 0.2706402830809753 
0.4258166032691775 0.048985553311613715 0.08823414201890344 
0.09285926846176173 0.13840182872849063 0.3287027153601708 
0.24557519011867615 0.1830574518077502 0.1407690051241335 
0.275143757434492 0.27142633093942864 0.0 
0.31039962487086153 0.09757609280347804 0.14265322371682246 
0.5396499810744189 0.0 0.0 
0.08926785548098198 0.09311208284213196 0.3635415853534813 
0.0 0.04712793284948044 0.5220892739016016 
0.2799231925682121 0.04674156443570706 0.23460706664473738 
0.1331978852345014 0.13893391364144428 0.27203457961350624 
0.3679584460990726 0.10036122517153377 0.09621073503286937 
0.1300958576743254 0.05308849913103048 0.36698259635715563 
0.04658238344171619 0.23729345822127992 0.2741040336014173 
0.09030353303548845 0.41317296264113335 0.04782315781844088 
0.26657452982439245 0.0 0.28172380963603616 
0.09832807470457765 0.23408869672218802 0.24242273252358676 
0.03680110966189502 0.1817810070444594 0.3278848194086983 
0.19875540213395573 0.13208210244840632 0.22271078787035883 
0.08765373381978929 0.27173830108488345 0.19988252331014414 
0.23091805725916556 0.14221676156501475 0.18207009047184464 
0.04432755976797403 0.50458949172202 0.0 
0.22673902519014258 0.09679186965921353 0.23377068397288805 
0.0 0.5075114310007958 0.05092252538201274 
0.0 0.4052287708531437 0.14010368295576694 
0.1852002697108673 0.3600853725404353 0.0 
0.22439444613959927 0.26973618681396583 0.04957992699590738 
0.0 0.1453205888114435 0.4181642594853696 
0.23246402471630268 0.3250952659282239 0.0 
0.04661903470204028 2.2004987259302843E-4 0.5187901057233445 
0.511757376896807 0.044126288566311934 0.0 
0.18865822987832798 0.09319050959818077 0.2784124564304767 
0.41241795337318626 0.0 0.13342996807536342 
0.3093837082996426 0.22334341078275594 0.0 
0.008517761651935477 0.32263669380966375 0.23109074022549478 
0.2794715136040105 0.18572166942349377 0.08644847292409102 
0.10447838802690375 0.36126947156694605 0.09444166695029114 
0.05537830803631356 0.26444453755062164 0.23699221731167233 
0.2697227836043093 0.2337537120723125 0.04782315781844088 
0.08157033599565844 0.3239954442686755 0.14022020049621478 
0.3981052535452932 0.09078008722895099 0.04898348926209196 
0.14679434892110513 0.004445936991504048 0.41358949091443753 
0.4173765636940419 0.1407027620997387 0.0 
0.04640200214617677 0.4644987314582825 0.05060031849717199 
0.1362012374388041 0.28466940434036586 0.1487246042634719 
0.004953542195588825 0.18763080512687114 0.3740509660795038 
0.376592106303739 0.0 0.19253410024601322 
0.17259806326825577 0.27310261990203333 0.10409048178069615 
0.1269669186532748 0.3668997248035469 0.04948258703842708 
0.08382908030673877 0.46598908943459577 0.014185132837029135 
0.3683757402751191 0.054595361708519516 0.13684423816392347 
0.038434053151259924 0.04008917568028094 0.4680318140638279 
0.18209854057014188 0.0 0.3629806695741968 
0.4918879365237376 0.0 0.04928433202497945 
0.45097521754592595 0.04606035511826472 0.04980009545370429 
0.18250434672217458 0.1862287273081843 0.17992227141981812 
0.0 0.3666182095257812 0.18312978451982018 
0.23786598965415587 0.2221120719383661 0.09171156631015152 
0.45138086607185024 0.09121958340003546 0.0 
0.04583703119320978 0.1407583312716836 0.37939734219471866 
0.13688312686950396 0.4197912188101597 0.0 
0.27257496599318914 0.14856218014336 0.14055363543193056 
0.32830767649549514 0.0 0.23578699350978177 
0.0 0.5480063209159276 0.0 
0.3632967084574364 0.13652091250506224 0.05007884063499972 
0.1139861027346608 0.17897256996747227 0.2663100803589039 
