0.1750867699567362 0.10223869990161448 0.7708886956177513 
0.17369929368218018 0.2559763635318832 0.5981083015733677 
0.1686801752223213 0.002023205776445716 0.8440552326654676 
0.9199772088660945 0.08117319376154249 0.0 
0.3221943317053284 0.6136375766222476 0.08240487735266123 
0.3352423286611056 0.2628131314053387 0.40412682939042077 
0.2551020108357238 0.7712066550728243 0.0 
0.0 0.7555491894497258 0.24733999044363625 
0.1609629694386596 0.42460683526625614 0.4233452824834617 
0.09487057135125573 0.43569617661860355 0.5113311191843137 
0.09073502503037653 0.09171030199677913 0.8577148364823065 
0.17375722554456793 0.66892825832247 0.17244852820062603 
0.0 0.0 1.0042324570620593 
0.0 0.34376709701891467 0.6653240365038176 
0.1663832620732101 0.5872506133304123 0.25969826718455197 
0.4227750591174822 0.15686562115268357 0.4283275101356284 
0.8402034770594747 0.09228623220799168 0.08818889930732077 
0.33052925316094767 0.16119103133245827 0.5183222524703336 
0.08281104708083774 0.0 0.9225741626546716 
0.4365052968832262 0.0 0.5937095460575087 
0.10589169799584135 0.49400254458790177 0.41332879938278316 
0.33877022730488004 0.5055999239234048 0.1665307157465212 
0.2715435243604891 0.691601627098246 0.0848099507748198 
0.2528617757509494 0.170502786209469 0.589229164461854 
0.3350590192843237 0.35424401684976803 0.33919839890086423 
0.41321950693057624 0.3396205716167779 0.25371453489398044 
0.0 0.24723429058519242 0.7615211014563009 
0.09059035616471563 0.2533523578099466 0.6683742897414828 
0.0 0.6791832644922492 0.33597162289453253 
0.4145094613702798 0.4145094613702798 0.17092192809972628 
0.0 0.4315785450594891 0.5793179950572895 
0.43425087360000064 0.5221886043900512 0.07648932396167449 
0.1677765692220574 0.7856063820212109 0.08716513177835084 
0.09326728743231573 0.8338976208851048 0.08593324483639209 
0.5056198743245228 0.18213149786682742 0.334847354264264 
0.1633099704558021 0.3386642321045541 0.5080233339348763 
0.0065839667517913454 0.5096599754592206 0.4985431937168403 
0.5179598723299713 0.4351647370777752 0.07622422401262682 
0.9226248617740035 0.0 0.08195550855114381 
0.24485389246447778 0.34308830687447867 0.44979546241153606 
0.07853565335224712 0.5919969992393115 0.34830347127575817 
0.3247964751195949 0.08102943088873765 0.6054196281708062 
0.5879426442222845 0.0 0.41556921260349344 
0.0 0.6048695102243233 0.4083535317422029 
0.2528086745290219 0.4302259375901239 0.336113776785421 
0.603674266017571 0.07598446642736897 0.34717527457546477 
0.4102117907329051 0.07703486558168972 0.5194109652065835 
0.42813131859763265 0.25460246940192477 0.3359657445639362 
0.4975586750251046 0.34219817012944237 0.16977741479844585 
0.0 0.9235040114089745 0.08179897192964347 
0.6939322953415465 0.24937814081114323 0.07919326070326846 
0.5705153225112677 0.1853105576254039 0.25472077949108146 
0.7365552955626912 0.2646929137429913 0.0 
0.5030465014649025 0.5102726260225857 0.0 
0.260749128998185 0.10154179867598498 0.712397936234398 
0.2618072522208389 0.2547150707272021 0.5039625953457766 
0.5852203242660491 0.25641508392409784 0.1701572123286004 
0.3411059391910729 0.004091337382367124 0.670386014741807 
0.08388038797300716 0.7499698757763422 0.17064047438364063 
0.7662640060125293 0.08416487187007027 0.17075716867404353 
0.17628521568730776 0.509761286830461 0.32751243429873617 
1.0016247360027037 0.0 0.0 
0.07994419210444273 0.6924756279190625 0.2676735824818097 
0.2526739419311952 0.0 0.7751501389559674 
0.5946240962678717 0.34232133532859155 0.07865890271688321 
0.0 1.0062888851957936 0.0 
0.4952937150602286 0.0930126476739028 0.4229735655741078 
0.4166594847156564 0.5858065536603696 0.0 
0.0898304159118543 0.17406155952135008 0.8305234763325241 
0.07427706038720747 0.3411198094439121 0.6229234518167254 
0.07685381146055857 0.9330657310012201 0.0 
0.6886893238241819 0.08668530986126688 0.26130890232847775 
0.0 0.07670918353846813 0.9363129831604384 
0.5931504238141281 0.4248042327972465 0.0 
0.750327600006224 0.17525060153920893 0.07770459544071569 
0.8407238076877241 0.16318309898804206 0.0 
0.24409778123193662 0.5061980441770525 0.26000675578503285 
0.6683654593963967 0.33280559199846965 0.0 
0.25535571218444486 0.5983549848794768 0.16837290282668865 
0.4981683480986627 0.0 0.5067640951678187 
0.16953699399398106 0.18083807205257382 0.68596787109813 
0.0 0.8399876328872994 0.16756179870868898 
0.16309476593284053 0.8612497051145926 0.0 
0.0 0.1591952774439072 0.8507255506724765 
0.47694552720099526 0.27215850462632063 0.2552883430924106 
0.7493369242572134 0.0 0.25096943422207213 
0.693750665173331 0.17884570978752048 0.1785695416095994 
0.8304112560565147 0.0 0.17120899066053472 
0.347071460345641 0.4018375447121672 0.258070101729778 
0.6667617131912744 0.0 0.3357541930692845 
0.33074268666525725 0.6934516413900036 0.0 
0.1834784454272929 0.38048862941401546 0.45067642328955393 
