0.11765640645456793 0.049097857725289205 0.030843525307495772 0.13776590522147847 3.7232849548910643E-17 0.021573836143843002 0.01082006180427564 0.14561627945493807 
0.0016207526195019123 0.17681460715906308 0.0 2.4859803277047326E-6 0.16795309090086985 3.878072519980075E-4 0.0025653227274302563 0.15970715023743018 
0.06073697350553996 0.05627427526179839 0.16285616280310547 0.07487615912854961 0.14672063182696318 0.002572584396323787 1.4428922496791078E-4 0.0010113015649893089 
0.013592302187253068 2.7452607427294644E-4 3.329082143466637E-4 0.17049485801523664 0.011935499454717122 0.0015068098509570995 7.493763562317093E-4 0.30513345240100176 
0.24102234025806427 0.0 0.262975765485163 4.594052044100237E-4 5.765584751588454E-4 0.0 6.142572969953552E-6 0.0 
4.951597003200964E-4 8.808999102658094E-4 0.1696800517982395 0.18737426646236996 3.9793765823769635E-17 0.17235055170771427 0.0 6.611206819882233E-5 
0.0 0.0 0.5012590850552385 0.0 0.0 0.0 0.0 0.0 
4.55433590909532E-4 1.1945727886275168E-5 0.17213316127892553 7.059689685825486E-6 0.16869046806212182 0.1641221206156372 0.0 0.0 
0.03243226685193468 0.15255035164072575 0.008617707313949079 0.002908918354590866 0.007327571635547065 0.0025776744021197054 5.8798897683942414E-5 0.295281099216118 
0.08729290758841263 0.0370965603840515 0.017064888969180063 0.05272767369577123 0.018891126530595853 0.002525347359328597 0.2865554501313392 0.0 
0.0 0.0 0.0 0.14386654750008307 0.13541315311845256 0.21993731687332407 0.003692996711521867 0.0022047117369101386 
2.1350169591081918E-5 0.0010338500642089914 0.00837806046610304 0.0023152185384224503 0.007996640035314067 0.19328189547229976 0.008962753984418224 0.2915499318958729 
0.0 0.0 0.0 0.0 0.0 0.34081229093297893 0.0025211854275024753 0.16500883805993616 
8.856075369839555E-4 4.4934905184961424E-5 0.3427135216154634 3.1323901755519513E-4 0.0 0.1654008833244342 0.0 0.0 
0.26316918445956566 0.11391794798421555 0.1110711374446851 6.801072709215821E-6 0.0 0.01207474581996903 0.003700562948808515 0.009973990260122603 
0.04429813118554931 0.16165430313772255 0.005341398985016761 0.13529409733221284 0.0 0.15645000701718406 3.882161385150299E-4 0.0016031133717657985 
0.4240553315710553 1.0096511830793663E-4 0.0 0.002128783194483453 0.0 0.08974108206895129 0.0 0.0 
0.014676463289287114 0.03870468605986644 0.022206147434438637 0.014320814946587563 0.1444099880261334 0.2853092995792346 0.0 0.0010466237971795461 
0.008117540723266918 0.0029531261683410828 0.17148157271844355 0.003697536880720235 7.86498531949284E-4 0.0032679432488914844 0.1658847951156119 0.15819169935779684 
0.0 0.16193926135385178 0.17668943539023735 0.0 5.9684026705161E-8 0.16650004839242583 0.0 3.9613098431532604E-4 
0.011609176120292764 0.005474306655887828 0.002965605387121281 0.0063820749313136214 0.00844712165155146 0.33726177308872285 0.16697782578223375 0.0 
0.04637565368191308 0.006174167076380559 0.01620236070169048 0.0 0.024927699807801545 0.1645438167743381 0.13489767034783623 0.1515876525588144 
1.006953319801573 0.0 0.0 0.0 0.0 0.0 0.0 0.0 
0.0 0.0 0.0 0.0 0.0 0.0 0.0 0.5019406069515338 
0.0016856562845092462 1.7472433291709576E-4 2.220915382434231E-5 0.0018164566860161754 0.18080625372552847 0.00240894307748216 0.16292981432060002 0.15966169208448414 
0.029586093699372533 6.766717977454808E-4 0.004286153919608629 0.16439291966652916 0.30354842459294207 0.0 0.0011633377609576603 1.8079863351957697E-8 
0.020733294520315956 0.15111769087918311 0.0037740865943522595 0.16270608572125128 0.0 0.0025026119789604024 0.0025213443183080206 0.15897127971009162 
0.0 0.0 0.0 0.3522628776725589 0.0 5.908238982421385E-4 0.0026102626991687736 0.16457760197736093 
0.01457665437788641 0.18558440761767045 0.004361752698630296 7.209905335780901E-6 0.004352095236338378 0.0 0.15852146822323487 0.1421369513223956 
0.3446232317577827 0.0013443070591277113 0.16923772229503492 0.0015842726252214188 0.0036969854813996795 0.006581955138937629 1.5013987276920636E-4 0.0 
0.06820886104318881 0.29297242419422487 0.061584502962711125 0.028286025262159106 0.019692086875725268 0.030282800231024323 0.01750734696335722 0.014134771495357289 
0.008274391068562668 0.0 0.3338517942284485 0.001421833787718018 0.0 5.794160346504414E-4 0.0 0.15932885957338105 
0.0 0.0 0.0 0.3444170467772016 0.003726614371282572 0.004383953674945957 0.1521661166251494 0.0 
0.2559754514288657 0.0 0.006285836560656266 0.24296933871994575 0.0 5.609186745186488E-17 6.414417615262225E-4 6.318522079488425E-8 
0.24341716182750744 0.004717711886052736 0.026047350717231032 0.008158407145125111 0.027057047116109106 0.148417860263589 0.01813972921564651 0.028708487713420872 
0.0 0.0 0.0 0.0 0.34607116112474084 0.0 0.15528081117292877 0.0 
0.11001003695950949 0.14118840373570818 0.044651740751658474 1.0429407618876293E-5 0.003873198942018743 0.05742273558546476 0.02036743194699813 0.14216831843430836 
0.0086979464791193 0.0031642752693182624 0.1837425388437047 0.003906805107570587 8.425006273094885E-4 0.003528280249149367 0.31532602137337457 3.3035554563651617E-4 
1.1558851114304533E-4 0.0010119473973205905 7.754220403495459E-5 0.3466223847507215 0.0 0.16462763431677985 0.0 9.47133680852766E-8 
0.10840700545585882 0.006337550500286652 0.17674292871221237 0.02312445457133329 0.030111754884434978 0.005646029888353387 0.013488614759354643 0.14078868425330535 
0.010301947078450861 0.0017396378378712375 5.4196853376241946E-5 0.0038503589279602775 0.3239089612685189 0.16079699342119927 0.0 0.0 
0.42002827645517793 0.0 0.0031188188803515423 0.0 0.1155005860849509 1.2733528565874594E-4 0.002904390052226803 0.0 
0.034188832980693536 0.2137232551452204 0.22010337285752948 0.010847917676342115 0.027460908731308697 0.0 0.06612231411053585 0.0 
0.022429639414248477 0.16780331945378532 0.16441576947321576 0.005816935035062074 2.0735610657793846E-4 0.0 0.15814679110083313 4.002783406127992E-5 
0.0038009878660887455 0.0014523111865451445 0.17460753861050718 0.00620316897774083 0.010583772822294748 0.15737005697913306 0.003624470303361311 0.16035088393791405 
0.023254855300647647 0.14537212707997724 0.14971181057501287 0.0 0.013600279457769341 0.006780137485308924 0.0021261375026458322 0.16590224590891264 
0.39983597634292917 0.0 0.0 0.10859051759053268 0.0029019348935769673 8.521951778593923E-4 0.0 5.686347215371182E-17 
0.03751040546583876 0.015940665282392925 0.007332908504796241 0.023162348161069202 0.12936172173690647 0.002411483366541327 0.2867163103853921 0.0 
0.0 0.0 0.17264075789420563 0.189110082682877 0.0 6.101162746828195E-4 5.572652227098377E-4 0.17835248699544295 
0.0 0.0 0.0 0.0 0.15605590937486036 0.18429309080146117 2.9306781189746396E-4 0.16580330217550227 
0.019094014225287483 0.16881084790614861 0.003406161656084545 1.6626530577187177E-4 0.31268268590909365 1.1194600246841853E-16 0.0 0.00214672765310347 
0.2878164539032948 0.12864644701515335 0.0 0.1104010862542832 1.512527185065988E-4 0.0 0.0 0.0022811998146235806 
0.031378132682569726 0.007631964895795778 0.15502054829272266 0.15995548418814176 0.0 0.0068925247046006 0.15047255648280197 0.0020752680364970024 
0.0 0.0 0.0 0.0 0.0 0.0 0.5007973786948057 0.0 
0.28514924273669456 0.0 1.1368492705646841E-4 0.12870681640747444 4.7289320136664867E-4 0.126707630870821 0.0 0.015466679921900183 
0.24284378647291843 5.781969900189102E-5 0.011321571211270183 0.0012759118086554469 0.0 0.0011773686724968447 1.9808832666537253E-4 0.2478035788671692 
0.0 0.3332183148697025 0.16300115562397324 0.001508823682958843 0.0035606260520529387 0.0 1.4279635069332133E-4 0.0 
0.11418545423862185 0.04852499149318819 0.028950537379515192 0.002261537227120433 0.14550082769809572 0.035577967517778 0.15636116431657646 0.0017345374942177017 
6.043154940642925E-6 2.3211302620366822E-7 0.18877378450961546 0.0015993349329561726 0.15692978151537376 0.0020462306619366236 0.0 0.16174937794752076 
0.28325970361592506 0.0048717734818240046 0.10493198651811454 0.10675118670003331 0.0028527812601805333 0.0018767485308804743 0.0 0.0 
0.033403345870544644 0.31004628690404484 0.00843388788412166 0.0 0.1527845496326214 5.602941114305844E-17 6.407275388312195E-4 6.311486628822865E-8 
0.02197533791200418 0.1927775678661418 0.005273559081983185 0.16767386485506575 0.03746410733362429 0.0579027937138859 0.01865199183737918 9.272913405891906E-8 
0.0040894055342832825 0.16510550007632116 0.00415481843132709 0.17420032183910217 0.003993966847325018 3.566306100682208E-4 0.15283783028855924 0.0 
0.014299181723073928 3.4045523470442037E-6 0.16741055651804293 1.5792394317474693E-4 0.32521100253880264 0.0 4.3979629798182975E-4 1.1269249213206562E-16 
0.0011614945869933098 0.1668873657366859 0.1789971646240481 0.010132625317400598 0.14489419826464972 1.1871949669202024E-4 0.0 6.226241402082528E-4 
0.3030572932601694 0.12625226855490812 0.0 1.6228219246307632E-4 0.0 0.09608845122915512 7.646722215690824E-6 6.522446489945778E-5 
0.22951586137122085 0.004635571482857729 0.006920441608512627 0.002231410464638092 0.097663735014356 0.021934296212536626 0.00675938710289251 0.15213349492540876 
0.0023282925290354427 0.0035244658239656024 0.17733767704318337 0.3156298817961131 0.0030047576529665214 0.0 0.0 0.0013650253330211375 
0.003143895254605281 0.3429805373772031 0.0032985939830967597 0.0 6.893520574482506E-4 5.6689549721522174E-5 0.0025904029151848492 0.16126854649797714 
0.008185504445583252 0.01781347042292731 0.022377831724092308 0.19328701870866638 0.20530721327910098 0.00913968470666442 0.03036620512443446 0.018963249397876906 
0.03839071150203389 0.3001574040533379 0.0 0.15989892532638636 0.0022596676409101886 7.080297474238582E-4 7.790633202225955E-5 2.5612721719536394E-4 
0.07590868674879096 3.005984429416331E-4 0.13947987043836566 0.0 0.009347312136287561 0.12994165226628013 0.14986918033788954 0.012263504275281313 
0.08125035110221403 0.03373720785950877 0.17784077592398315 0.02587517722849505 0.03511616588900758 6.876267943551721E-4 0.14772909463857115 0.0014525398963563664 
0.0 0.0 0.0 0.18486025558606117 0.011064920499682015 0.15455552936821945 0.15222112148306458 0.0022037990628797086 
0.011072623564950855 2.6024804647610994E-4 1.2688785750458068E-6 0.17083882667205963 5.734129230299985E-6 2.576117668602004E-4 0.16183578630021503 0.16642406982248995 
0.0 0.0 0.34682006743713933 0.005688529634868672 3.913631608476554E-17 0.0 0.1545668803902292 0.0 
0.3754723984451993 0.03060520208782578 0.03659136778976989 0.0013459960014303859 0.01938427138284229 0.02981032037175696 0.017234192936441392 0.013914237238420878 
0.10839260341773592 0.0020112498880526177 0.019165545246962526 0.010279074842877196 0.045176922920212866 0.15776429241619014 0.16044891026404354 0.0011157328376032026 
0.021220393640779853 0.1654717864712662 8.986321633234056E-4 0.006084066628238947 0.16039072147444922 0.16758016087450686 0.0 0.0 
0.011988192879382804 0.009716454564692098 0.20084627588267986 0.0024424723854016453 0.15040909893207777 9.796855184076317E-5 0.179469695025726 0.0 
0.06534404940409738 0.008746189010060659 5.501392343533843E-4 0.18202558346665004 2.9594425429140523E-4 0.26693130548466365 0.00426990394851449 0.001043758540859299 
0.2611736539411399 0.004491916305704949 0.0 0.007662797163022279 0.015228984893837134 0.09642984655795064 0.11916161878434331 3.953624609597707E-4 
0.0 0.5125609287602302 0.0 0.0 0.0 0.0 0.0 0.0 
0.0 0.34245479405675316 0.0042515517896945685 0.0018289661910265136 3.871291996617179E-6 0.15352921384956467 0.0 4.910606617428716E-4 
0.03292024041918718 0.16996921252572683 0.012273983990648068 0.002817995136225436 0.0 0.16106920067204442 4.15804142682696E-4 0.15245140205405033 
0.04222130485260616 0.18135001590891725 0.03977931379625422 0.019372724129222228 0.212128445044702 0.03176534213999864 0.01726902123440835 0.01152194386127214 
0.0011443445484887863 0.01308864232392024 9.27673241508426E-5 0.007608315645789517 0.0015538653771317657 0.17511996014526768 0.30716851414748747 0.0027684443164928854 
0.461577247614922 0.0 0.0034273307662793452 0.0 0.0021080332133785575 0.0 0.09811527234027978 0.0 
0.2887254621680095 0.02557962711110836 0.04311925710771348 0.00890333485360925 0.1294132650743373 0.0055544455189702364 0.0 0.026466509436059153 
0.0023520001732397207 4.045196661213529E-5 0.01908964546039274 0.1644437594497217 0.15550409693116482 0.005460378535320579 0.0 0.15561150419032918 
0.30468204732301635 0.1292834211578893 0.03629039830445082 0.009915641895931485 0.050419983121316334 0.00594492255674071 0.0 0.0 
0.19743018596413725 0.16432635811816126 0.015111823302183733 0.01029508351440851 0.0 0.004215560194297836 0.13227626547320456 3.5079210452993554E-4 
0.05029799720090654 0.012275838401050983 0.06658261323639607 0.05881234274225175 0.03293726503079736 0.2708164274382829 0.020755831948995003 0.0036539223776734667 
0.04708540791827345 0.05879406722307161 0.15917171522303278 0.01624174437351591 0.015375841397089944 0.1448333202283099 0.03504981693217897 0.028744475925681894 
0.39444249610466264 0.0 0.12810289667135666 4.7631145880553587E-4 5.806707384201914E-17 0.006604344660381892 0.0 0.001269372379272601 
0.0 0.0 0.0 0.0 0.15369041088255478 0.1888282443326083 0.16032204812712403 7.060686167749301E-4 
1.544276934984922E-4 0.014593396480502216 0.15607815409341416 0.0 0.02749840257509129 0.0162472972771484 6.147219879982736E-8 0.2974237850793178 
2.933720325745008E-6 8.794496417557746E-4 0.3503098780973438 0.0 0.16394912826789282 1.2180966704880047E-4 0.0 0.0010144285877194458 
0.0 0.1521512466520097 0.025669022737545934 0.28653933701428286 0.0033219146498747985 0.04148379378594053 0.0029195522682460766 5.557400889345592E-4 
0.4274274616345227 0.10394605225558164 0.0 0.0 0.0 0.0015277980361323032 0.0 0.0 
0.4590425216311465 1.909258765179045E-4 0.0 0.001211804422483119 0.0 0.0014812184296674714 0.0 0.11610608550851974 
0.01821096349191805 0.16104819330997674 0.003528999069217854 0.1693422529047329 0.15690566175073453 5.651435658633243E-17 0.0 0.0 
0.10593555679982676 0.0061395217044648 0.012031199674903886 0.033432536289597116 0.01532626715170722 0.03760767441597741 0.13147509788642384 0.15992823956019872 
0.051532885507006486 0.0013516741842249313 0.055773524194984346 0.02847886018036949 0.1743214679330242 0.14008360911080966 0.0423829076324061 0.019617778407856955 
0.0028093553126233455 5.438642323205744E-4 0.003388085403648485 0.0026492516102951174 9.135664693810217E-4 3.099976666140256E-4 0.17280047053483372 0.34038964106990166 
0.2659890060098786 0.26841687934633224 0.003968102288460551 0.0 0.0 0.0 0.0 9.950376909104537E-8 
0.21461832747412815 0.0031946057380022467 0.13229896543376485 0.007984238659915115 0.1452254400709342 0.0 0.0 0.009202596808990653 
0.048399457412007275 0.19229285435627416 0.024776365556442085 0.0014233239635990423 0.0 0.2122918519846468 0.024302150539454427 2.9734245300529677E-4 
0.2294423269735693 0.030271558025403426 0.046210042027879025 0.024269734808220606 0.024412911314139474 3.5887699582722477E-4 0.020560280482554424 0.14223259560925622 
0.010552980605177092 0.16760873233856535 0.32147703570785524 0.0 0.0 0.0 4.3022907289474055E-4 0.002231258939229046 
0.30940101398614983 0.01035418395677454 0.0 1.3511574673958745E-4 0.0 0.14439868615444734 0.0 0.11669991172962034 
0.2503008669183388 0.11557371042712047 0.0 0.004791858663871496 0.0 0.0 4.5083010603663686E-6 0.14891779527188576 
0.0 0.0 0.0 0.0 0.3367257633165764 0.0 2.8994791409279395E-4 0.1640382179954444 
0.029032758907481773 0.15337625033036253 0.022402981177414398 0.005983673828163695 0.1581608137572624 2.931959394499291E-4 0.13364075748557272 0.0014544314509298982 
0.27308804807318676 0.0 0.00656006845655746 0.003700991652981468 0.008412787107276753 0.0 0.24405008759638655 0.0018855455786637605 
0.26044562725607745 0.006609475220281729 0.010181880451031885 0.0014864203392017457 0.0 0.22170281306784698 0.005300387852115166 5.186737021061872E-4 
0.0931006834829354 0.04030045858174353 0.03929334976115351 0.005600939522858418 0.274691450415413 0.04078135696520343 0.0050552490123164495 0.011865579298135996 
3.7003985892029303E-4 7.742974445970086E-5 0.17764730042340793 0.1736351508632789 0.16420012695047304 1.2199615212668895E-4 0.0 2.75245184886823E-4 
0.16212256835493816 0.02094017193446462 0.20587150951683508 0.030855157987701644 0.028923132395932867 0.03327502651231098 0.02791764538337928 0.0014374685867034798 
0.31967321708197455 0.00838482127803787 0.10654324877583557 1.77760174656135E-5 4.8252409085382376E-17 0.08027477099241026 0.0 0.0 
0.13006256254510112 0.13124973727991837 0.04113779394293673 0.04359132465093268 0.024916604749923656 0.0163267814951954 0.1552169108232008 0.0 
0.24727380613703484 1.2709149882003304E-4 0.03394072599430953 2.2106431737651725E-4 0.11187308349190346 0.005431825445153147 0.10958388811585251 8.788969014008821E-4 
0.0 0.0 0.0 0.0 0.0 0.5012885799792084 0.0 0.0 
0.09875901804486968 0.023008290716277108 0.02199692005420307 0.16489334610051512 0.03730328201356601 0.1659571924957278 7.872650748595875E-4 0.012539024620104526 
0.27101493549025746 0.03500499284929425 0.0 0.014711801236847623 0.02209814279703858 0.025423120752567308 0.13328003359501298 0.0014138666442672222 
0.1493806167481395 0.034801810766854936 0.032029251370092146 0.24798844254340288 0.056101613722257214 1.5454716254151697E-5 8.001818882755786E-4 0.005203611770697228 
0.28518631793715726 0.040107056344660705 0.0 0.1333418166653442 0.0026177421513484014 0.0 0.0 0.04239481940483346 
0.0 0.3331625063868006 0.004933508283125366 1.1434923239318784E-5 0.012607582752563486 0.0 0.15232289456701245 0.0 
0.017906425598432453 0.15424091764266715 0.005488628804940169 0.003107146462371776 0.007471872558003535 0.1643487346089788 0.15150485600888935 0.002209790791315513 
0.26880185718562355 0.006196997990324278 0.02223316348946184 0.028711157553616622 0.0 0.0 0.11156900183964072 0.09359599255964321 
0.020593624871576083 0.16101105553026943 0.15412880483913943 0.16298874699363983 0.002260915197709866 7.084206488598838E-4 0.0 2.56228813335766E-4 
0.0519849452027716 0.03840477383532782 0.029520116783400944 0.06368334032869644 0.1559597276296745 0.019291522479748816 0.006714604201555583 0.13834719787352903 
0.049477797811801165 0.0025055134678763046 0.15980429502795135 0.01333691195057435 0.0030630666908408864 0.275305999459705 0.005023439518664064 0.014080445447860891 
0.29206631940328526 0.006494371649190135 0.0 0.1431718106843589 0.007025082628701246 0.0 0.0 0.11279606129165083 
0.014810946143346366 0.16940280512989758 0.0013678348761185974 0.004136750644111347 0.009823237725590338 2.2153565040102162E-17 0.30861254958220596 3.2332208665641904E-4 
0.3115415261433836 0.0069274213441135974 0.007848895713955405 0.017444951458761085 0.13444591021356733 0.12355453570869582 0.0 0.0019937322872516446 
0.03311602820035705 0.008082369742246982 0.043837763336433966 0.03872184399315149 0.02168578190590182 0.18241704255884755 0.013839156242427101 0.17441277661560045 
0.03910777315605506 9.015964182374434E-4 0.005473083052794219 0.004393382210855197 0.1633967446673192 0.001954803758683633 0.0 0.3044306596974121 
0.0124105771533002 0.005153186606549324 0.003755409815879256 0.16238903817454578 0.17034565068540494 6.880819174039993E-4 0.14782687284690207 0.0014535012963361226 
0.0 0.0 0.0 0.3311815298364331 0.1689625852515165 0.0 0.0 0.001007380930142849 
0.22760077577849352 0.09497749288860823 0.04568716995674878 0.0 0.1434472056933639 0.0 5.681151597127948E-17 2.2779185358586697E-6 
0.27740128580448303 0.0 0.006920804082505165 0.0 0.24109610660652608 1.2454972231200107E-4 1.4390139719497446E-4 0.0 
0.2735071824371268 0.009934012074417636 0.002972127975305426 0.11652105189897666 0.10697930166974304 4.024188866848949E-4 0.0012390960270617247 0.0014794911816534311 
0.0 0.0 0.0 0.0 0.5013519722976696 0.0 0.0 0.0 
0.015744698112891496 4.1162887319127025E-5 0.0013454011560676109 0.004614928044972872 0.002115592412447883 0.005191251715548333 0.3175357543679671 0.16209879428032573 
0.26876179029567154 0.0 0.13147081192968862 0.0012169623822480902 0.0028718716517648637 0.0 0.12335687350147481 0.0 
0.20638232104040347 0.0 0.16054792209190824 0.0 0.0 0.002348400267273317 0.0 0.13386191879764964 
0.03194012537311544 0.036330215263059615 0.032902318696965284 0.045546985650051684 0.024325506556106605 0.0053270471790477164 0.046017397746580826 0.30614542758436497 
1.9470748817076468E-4 0.002227001189302247 1.1394551528750035E-5 0.1873665973006645 0.009827450577844728 0.0 0.30874490299882473 3.234607484927417E-4 
0.01571119764254282 0.0026912267377356062 8.577314961592938E-4 0.17659342358950422 0.008362180215272274 0.15459978486634188 0.0 0.16240706227688867 
0.09146178604185719 0.07410632164660917 0.18064881376840558 0.12763118586866296 0.024515608814661083 0.012533037823867435 6.888596315990374E-5 0.02135077682507493 
0.018760681812062283 9.819734208784455E-4 0.3982923994695402 0.20326787549474964 0.0 8.785601416030013E-4 9.808636052961911E-7 0.00426532462409523 
0.12120800245183928 0.021921421127160348 0.025855925698803062 0.13930857799850707 0.0372593328234138 0.007775400780584035 0.14732449863541647 0.012295170007441703 
0.2651991183649605 0.0 2.9692869640827482E-5 0.12876079840147875 0.0 0.005426596845091911 0.11024400685744135 8.364510574180557E-4 
0.060520926072517536 0.1634433623700396 0.0 0.0032667151994426697 0.003091727741461993 0.28214238532625274 0.0 0.0 
0.0 0.0 0.0 0.5203926482729155 0.0 0.0 0.0 0.0 
