0.0019649647945478464 0.01122153230211302 1.4639952690865673E-18 0.004170361130455212 0.24514588748444094 0.0 0.004221716353262227 0.11111169305939818 0.106897712759844 0.016040802518875137 
0.08170338283875729 0.015653175009809412 0.026446083821173506 0.005545825110966329 0.2812782813259989 0.0 0.00978145629385089 0.00956156116904209 4.4443911580418767E-4 0.24098912433088152 
0.10360107405845312 0.010069638951302636 0.016083496625056422 0.26824520092490706 0.0 0.033025555167072826 0.0 4.5734067030879524E-5 0.0 0.09443133232861452 
0.11182150532664797 0.07579126988358198 0.0 0.0 3.240454673631905E-6 0.0 0.13363657275915072 0.0 0.0886644776303534 0.10738942280324137 
0.0042039238386677655 0.0022641177962918267 1.3178892057219876E-5 0.001082015625447702 5.361960101775937E-8 0.20275151342315748 0.0012444762420708137 0.004453861678153032 0.21731033288088827 0.07683935626926805 
0.06117808518262305 0.012718052618871573 0.017475517369561593 0.08574182119645529 0.19362193434351202 0.0 0.028268933764197028 0.0023390234584642258 0.11518131593743716 0.0 
0.04731830266962639 0.27340776687953144 0.042949688644521505 0.021831129998929593 2.665094741074793E-4 0.04379197189480069 0.0 0.09229260841022008 0.006418845887259678 0.0 
0.0 0.0 0.0 0.0 0.839377098159499 0.0 0.0 0.0 0.0 0.0 
0.0 0.0 0.0 0.0 0.0 0.0 0.0 0.39879873567070845 0.0 0.12285952483824145 
0.00911108118085361 1.5883461509581055E-4 0.2818766410968769 0.0 0.0 0.1650707940259888 0.002637092123196856 8.063058339149803E-4 0.00954454969296145 0.10129868094098439 
0.24774075518882316 1.0460522185890396E-4 0.010474886907526067 0.010345420750765956 0.0 0.15714554573374376 0.0 0.09963308785559219 0.0 2.1023538273040014E-5 
3.4147313280239434E-5 2.8229966177820083E-4 0.0 0.26149889823291256 0.27506937742292836 0.0 0.0096911077186265 9.344965195510861E-4 1.0224567681692989E-4 6.842969781504951E-8 
0.10125695362206512 0.048348236325574376 0.0200272065511988 0.005684686952197332 0.18267117920243547 0.0 0.03980630793532595 0.17644266789281457 0.0013303297648118001 5.25335089299636E-7 
0.025127930090900724 0.20905754027567033 0.010034728880695091 0.0 0.1652986807046389 0.0 0.00236715900972768 0.0 0.11653113362916614 0.020774505738198043 
0.004949128887287132 0.05572627552181298 0.05055705228161473 0.006046151122425553 0.15151803414251333 0.0 0.16842939827072226 1.4501831778959226E-5 0.08616817364274612 0.0 
2.106173897919814E-4 0.005064953601751218 0.0010475621639722725 4.001072469619404E-6 0.22574121232168748 0.021732421604904965 0.2688738863039145 0.0 0.015600440479097057 5.334490412828584E-7 
2.6521271308614864E-4 0.0028783620069344775 0.2540601362319132 0.01914513542165454 0.0015227580472332398 0.044414447343977974 0.0010585870362382547 0.18127565851689106 0.0014584913740366824 0.0 
0.0 0.0 0.0 0.0 0.0 0.35270830395290337 0.0 0.1649002731432397 1.0068478556881701E-4 5.048258015143247E-6 
0.0 0.0 0.0 0.30804699508636413 0.0 0.004217448518818668 0.001217672164066004 0.0 0.0010856598615176388 0.29223028482005253 
0.007187530450663903 0.005732786812966644 1.2456688950831908E-4 0.0 0.38150319605386085 0.09958609992339967 0.08560119521199812 7.643271363367218E-5 0.0 0.006499543300074237 
0.10993542203988851 0.07612374629628307 0.0 0.0027109849309258907 0.19960636203259854 0.0 0.0015730414429624292 0.13661998444948048 0.0012198984791433507 2.3230559560035937E-5 
0.025954792296722273 0.2955586289375549 2.47412828095605E-4 6.178909164093358E-4 4.950475360049381E-5 0.0 0.0 0.0 4.836471957408679E-4 0.3228953937540177 
0.1969517006247404 8.316022256264145E-5 0.008327442082416649 0.00822451763735383 0.0 0.2987334455696377 0.0 0.0 0.0 0.014410938019704868 
0.015504276238047317 0.0031990776909099463 0.004423110546488396 6.000956441639724E-5 0.025793169960942695 0.00809227941358667 0.35992418949453514 7.613791812144461E-4 0.0 0.10921882930673554 
0.011984722668707913 0.013232222919576453 0.035408884745649585 0.2509492876124881 0.0 0.11247314031434537 0.0033340731783746383 7.510025725522173E-4 0.13644257715103755 1.0381858972755668E-4 
6.375556340037691E-4 0.014211116870872975 0.35721247053393124 1.0501805239780852E-4 0.12882264944143437 0.0 0.0 0.0 0.011258777714539564 1.8997676795763851E-6 
0.0 0.0 0.0 0.0 0.0 0.27606509034025817 0.16887858166948963 0.10136981965375991 0.0 0.0 
0.29415956362687345 1.2420494315380085E-4 0.0 0.013910373447614803 0.2720912133499441 9.06045845186481E-5 0.013769403721651287 0.09337109955640793 0.0 0.0 
0.026819470639401367 0.18321351886934464 0.0 0.008672521750099919 0.2162257064562064 0.0 0.0 3.644387580024658E-4 0.001876275941879823 0.08102589971834748 
2.690915141508342E-4 1.778710067184539E-9 3.6035340566331283E-5 0.25214588145707545 0.01731855265274554 0.0 0.18748255258587343 0.11471339258543803 4.47310756569963E-5 0.0 
0.0047536349981894595 0.0 2.297650932578009E-4 0.004846881144533919 0.0 0.36295147685967927 0.0012576215181940272 0.002197245142850392 0.14119992649282295 0.0 
0.0 4.996766688513286E-4 5.2792071210537765E-6 0.4172749801088399 0.010072447305732833 0.12204523348818998 0.0 1.1390622945676766E-4 0.0 4.268240533619362E-6 
2.7241033948943614E-5 2.956478075120852E-4 0.026095509207051833 0.001966471659331826 1.5640842845732439E-4 0.004561981414246398 0.21590788674458744 0.13656623800844067 0.12050140438838905 0.0 
0.022730864563829823 0.01573977281430108 0.0 5.605384520841784E-4 0.34936246509699886 0.0 0.0015731108068934632 0.13662600876576383 0.001219952271085295 4.646521300106293E-5 
0.016642995660067383 0.10880823760823523 0.0 0.005929900628585543 0.11599069307180228 3.862413792938029E-5 0.002761350019946009 0.0388768515594069 0.3259763608757365 0.0 
0.00863720491777368 0.22754373233751957 0.0 0.0 4.707510687512155E-5 0.0 0.1716787744748574 0.0 0.1125807027865577 0.008316597531370899 
0.012019253471335136 0.2600790237241 0.0029200478082013976 0.022408261163009143 0.0 0.0 0.0 0.12137666616536343 0.0 0.10971741179003569 
0.03043942676356569 0.23447368793833587 0.05615379368914929 2.031606699518453E-4 0.0037446867548997574 0.26267401958588654 0.0 0.0 0.0014230320203940054 0.004877180094308283 
0.11591223056521055 0.0629547124235994 3.6444850965606905E-4 0.02992201320163035 1.4827941221788714E-6 0.0011599157010044779 0.0012444762420708137 0.004453861678153032 0.21731033288088827 0.07683935626926805 
0.05676740805598559 0.2364223732566539 0.0017114289454776943 0.0 0.014061246996900156 0.0010179366804738549 0.0018435400956214904 0.0 0.11780421140828415 0.08604521489739075 
0.0 0.0 0.0 0.0 0.24704189502494636 0.18645122465617173 0.00257882773797922 0.14512003782802255 0.0 0.0 
0.0 0.0 0.23586275371897292 1.7133693887244936E-4 0.00937104846624502 2.7245443581690498E-17 0.16119459387412305 0.125046646120792 0.0 2.611188442405741E-4 
0.3074710732435785 0.058201082900670525 7.450715604717991E-4 0.0611719913181575 0.0 0.0040573185318813106 0.012550080977585691 0.0 0.0 0.11636992559126275 
0.00589712628791001 0.09755995142519419 0.022373189347423363 0.11807727723885622 1.5926752221769706E-4 1.852668305738419E-4 0.17397774153073664 0.03117246986956675 0.12967718087481145 0.0 
1.6361025047223907E-4 0.003317594217244916 6.562146091970037E-4 4.314390738626962E-8 0.1476175001207257 0.025413794399131596 0.11109649406654977 0.0 0.008231591908851553 0.21576689478912248 
3.121895838987766E-6 2.4280406550590967E-6 3.261194935407747E-4 0.2711310114231077 0.011334576434538916 0.11208709597090195 1.2593264102021564E-5 0.13610712360410918 7.373066037100633E-4 5.269739029263536E-7 
0.005988426195066173 0.0011573088485858868 0.4273049311076768 0.003757806093861043 0.0 0.0011959434343245493 0.012053563442818991 0.0 0.08757870093216044 0.0 
0.22349981461141127 0.03961380635055562 0.011120181627928898 0.0 0.005816744023575884 0.11908678343794303 0.0031839719665121453 0.0020860180210724466 0.11414037090496425 3.4060387928371984E-5 
0.1099011484763405 0.08743924084000279 0.0 0.015295823491666652 0.019685155182639535 0.0 0.024802122503086284 0.03774849600336889 0.1656598384100069 0.0949697881959923 
0.32655801275301805 0.012925648704637747 0.0027716642916413114 0.16052813427973847 0.008420185195549245 0.001664009686146624 0.0 0.0 5.263789902653195E-4 0.0182043977221731 
0.0016664603870465138 0.004718873773683705 0.0 9.056147365443246E-4 5.5051475345713385E-5 0.23378617058075749 0.17524287311138304 0.0 0.11216326296403055 0.008420550709320625 
0.017929004384766287 0.24160565508084178 2.8814135462696745E-17 0.2811580702133192 1.4302952145959672E-4 0.0 0.0 9.192259347838155E-9 0.0 6.258574447361284E-5 
0.0 0.0 0.21499805291187368 0.0 0.43026804538686836 0.0 0.01803038224735393 0.0 4.39756863996645E-6 0.0 
4.839312619732242E-6 0.010110012622641511 0.2822872634765885 0.006695610088242108 0.2716535518226385 0.016494144094605777 0.0 0.0 0.0 0.10062208292651648 
0.022351014394408016 0.2480869262769036 0.002906491594671813 5.362765719885721E-5 0.0 0.0 0.18134003187032416 1.6823072573624918E-4 0.0 0.11592950318137873 
2.774937078683313E-4 0.0034816208172230344 0.30380736372310874 0.0 0.007245195978080016 0.0 0.0010340365503487773 0.13361946631693053 0.12416048253088623 9.8935726509002E-5 
9.285818091298813E-4 1.9879343554834417E-4 1.171231025295141E-5 3.281556982698655E-7 1.2756366576343071E-5 0.3326808305145397 0.0 1.856794988402459E-4 0.0 0.17439464219049 
0.0 0.0 0.0 0.0 0.0 0.0 0.5861925172344513 0.0 0.0 0.0 
0.027432010229323966 0.0010839177712228865 0.0012051914967217206 8.274118721647684E-5 0.42046788706204885 0.11042445109711661 0.00626303763849451 7.995168695946474E-5 0.0 0.0 
0.0 0.0 0.0 0.2270695591012186 0.19931141695280932 0.12162551340072468 0.0 1.1351449983960845E-4 8.417544167688433E-6 1.0191018585778406E-4 
0.09822263702099804 0.0 0.001041222048372624 0.03274381733236298 0.0 0.051773775017702424 0.0 0.19259101867909895 0.2788502327036447 2.040426584638195E-5 
0.2469967002859714 0.05097277511126144 3.001617815580586E-4 0.022201905932153824 0.0017658862252738724 3.577554134450918E-17 0.0010584273300633074 0.18124830994654048 0.0014582713353713983 0.0 
0.06598005758180085 0.06579440778446834 0.031163021869410237 0.006027241844164006 0.0 0.02666223612470025 1.8505792036684465E-5 0.19901503593267234 0.1137474853299768 0.0 
0.0 0.0 0.0 0.24177530394242977 0.0013322483322506255 0.03885783004684045 0.0 0.15822522265775735 0.14447572919820917 4.28354344045033E-6 
0.2624774789464438 0.01695206216402583 0.002281361282013299 0.003432357390553542 0.0 0.019981227984511792 0.0 0.0 0.22008026610480144 1.6707689661136905E-4 
0.0 0.0 0.0 0.23506418901418694 0.0 0.3287727909793418 0.0 6.259847973239295E-17 0.0 7.321710557585202E-4 
0.006662989329343759 0.006966334662481299 0.22186514618741343 0.1368665029601199 0.0 0.14758580239564353 0.05341512341409704 0.0023755944906185904 9.540761038591198E-4 0.009027699346628597 
0.02480700819328017 0.02483814555534827 5.262700151989415E-4 0.2076752265937955 0.0016674558033028068 0.1073873753586184 0.17843249465562097 0.0 0.0 1.811613499888416E-4 
0.012893944055605669 1.681351636226504E-5 0.36766211080129074 0.0 0.026107921916279284 5.747563850307302E-5 0.01182587540953486 0.08879126582438782 0.005101033158810175 0.0 
0.00176125480615886 0.001642417072592146 0.0012914106519043877 0.31895817881606997 0.0 0.009046874334710542 9.868451994290675E-4 0.10748846204226108 0.0 0.09097816069526399 
0.001199682443197208 0.0011460285084821506 0.0 0.25610371768801404 0.0 1.4165394667806514E-4 0.16692448113903616 0.0 4.636793823337752E-4 0.08345023168022837 
0.15032764477798274 0.032182569881816815 0.0020152029144832745 0.0 0.0024648080288693043 0.1379701991777148 0.0 3.616902318105716E-4 0.022519307938335665 0.18161163954931542 
0.0 0.0 1.0730652188668195 0.0 0.0 0.0 0.0 0.0 0.0 0.0 
0.020685150485794578 2.5052413730626484E-4 0.0 8.958974717571147E-4 0.3083461330584225 0.0 0.0 0.0 0.11074947292989906 0.08181506473173092 
0.1459363074038475 0.026866613284799827 0.18486788324939524 0.029898367046653256 0.0 0.10811558739765018 0.013597428936214953 3.209103152490423E-4 0.004894615317134838 0.0 
0.11425324834380812 0.08280838596256238 2.311550606570199E-4 0.0 0.05945422231596994 0.1762237393199462 0.01268223240138427 0.0 0.0 0.11675146175051203 
0.01768831155282493 0.19197180764081 0.2061713275552601 0.006058894039043206 6.633464445051857E-4 0.0 0.001387928062569025 7.278508286474355E-4 0.0012274114942465177 0.08756819135497791 
0.19532146902159933 0.0 0.21110204149543357 0.0 0.0 0.0 0.0 0.0 0.13632413356069834 2.171586185606895E-5 
0.11897270119312599 0.001962702716915992 0.233148854398958 0.014813454620221208 0.0 0.001006782902791965 0.01094086629022339 0.02062526512468615 0.13666687756765913 5.333126847620041E-7 
0.002852798272247498 0.2857897397717525 0.003175418063924062 0.0 0.012672207415856646 0.22466718981445402 0.0 0.0 0.03662910339555007 0.06145752053157197 
0.07790087823420165 0.0 0.08271412414639648 0.2542470770173766 0.047422579995020184 0.005509591298767509 0.0013875573259690805 0.0 0.13767731676663275 0.0 
0.008784616247418874 0.19008621649159524 0.0021342007205640886 0.2177519851376442 0.0 0.0 0.0 0.0 0.0 0.10970529954952674 
0.004344215765853653 0.24077063165793472 0.011450246341009142 0.0 0.005441974919650402 0.11141409800817074 0.03836226829909359 0.00213507875885118 0.11682482077565946 1.7353544409813313E-4 
0.0 0.0 0.0 0.0 0.5537667741473302 0.0 0.001310382696413569 0.0 0.1692109706923104 0.0 
0.053928103104078216 0.3617161683116687 0.05423505118096956 0.013021097131864293 0.04111938359326592 3.9777422991180313E-4 0.0 0.0 0.0 4.8787182773907603E-4 
0.010170160859203218 0.0 0.21686489824207392 0.44470840640456083 9.488181324199495E-5 0.0013670920304472973 0.004173271842991267 8.788416955451239E-4 3.846178745720233E-5 1.2608284187355144E-4 
0.0 0.0 0.0 0.0 0.0 0.0 0.0 0.0 0.0 0.506600883966712 
0.004392614361841463 7.372241101167578E-4 0.27029821261120857 0.00678450544522521 0.020615701687783226 0.0130588343760678 0.009108350888803083 0.0 0.10792541179192615 0.09483663161477503 
0.06730706376402706 0.0722944121067493 0.01869458236243107 1.344488682314722E-7 0.004517779676809366 0.09959200087256728 0.1714884002449244 4.8293682724535105E-4 0.0 0.08957626579878691 
0.14418653621335994 0.03527613139540553 0.04244068848915412 0.24039147412069467 0.011145677223855423 0.005393396993439292 0.0 0.0 0.0010957020532030147 0.070980866201079 
0.026480410703470812 0.2187509319099321 0.0 0.011591735328755215 0.26934406766166 8.21546764429339E-5 0.005873472641619508 0.08269220576062421 5.458454005058443E-4 0.0 
0.23637204622213415 0.04351567111817632 0.29942925528114395 0.0 0.0 0.0069044033513344545 0.0025602992253906955 0.0042441538597626175 0.0028273711626687526 0.010770581751492954 
0.19978234937636188 0.0 6.926437580890587E-4 0.008578899067408113 0.19061255196640853 0.0031874623656436207 0.0 0.0 0.13512680329421148 0.0 
0.011184606962535763 0.26975426597045105 0.08241772871139204 0.0012706264265194625 0.008589348687687154 0.0 0.07307702112871753 0.0765592402073996 0.0 9.01787159034343E-5 
0.09037658722009898 0.0 0.07433461144716252 0.1820044085492132 0.004041277003660216 0.0019514197327684584 0.0 0.1649002731432397 1.0068478556881701E-4 5.048258015143247E-6 
0.0033309033765379172 0.359449877666457 0.004525492313175305 0.012847567021569337 0.12478233779153261 3.832881852034344E-4 0.0 0.0 0.0 4.7010463072847823E-4 
0.005837461401015921 0.0 0.12447595374833946 0.26940126511757667 0.0 0.033167886368675105 0.0 4.5931168477978115E-5 0.0 0.09483830580510089 
0.09327709833101287 0.09752371663831115 0.02391724278240001 0.007407847476400875 0.00523251338817059 0.01822376677305394 0.04799253510548641 0.2408560907179707 0.0 9.217561956825863E-5 
2.227471050483018E-4 0.002237508314361127 0.38458406891615227 0.0 0.0 0.004070394202941722 0.14350161943758105 1.398557969577671E-4 0.0 4.1621735192577605E-6 
1.5522963441109766E-4 0.00980238093937369 0.11982609679760407 3.65674264264308E-4 0.0 0.0 0.34021903833848105 0.0 0.1385709100570149 2.896886872438853E-4 
0.1433402563370951 0.0 0.0 0.0 0.045250371715398204 0.04747332008321605 0.15096839601990858 0.005632328371783291 4.105771659819327E-4 0.13173951051736202 
0.26129981460174695 0.0438546404088817 0.0 0.007516743677749794 0.011209371728249672 9.073361467800689E-4 5.138039674482105E-5 3.446719541882744E-5 0.10804847223817161 0.09483693197562365 
0.008604252467029857 3.736697389352857E-6 0.3323472685094319 0.0 0.02497034815229327 0.2957378027667109 0.0030336788865145256 0.0 0.0016110924387255446 0.0 
0.005264982700497102 0.20244916069386387 0.0 0.22502007182015726 1.1447124091733261E-4 0.0049262390833078136 0.08571775605752639 0.0 0.0 6.05787951147574E-5 
0.20526771771653907 0.03943456740975197 3.440246033778165E-4 6.372960356542109E-4 0.0057874508383019205 0.1424089912168115 0.14451623027022478 1.3888661390497808E-4 0.0 4.191586423538977E-6 
0.0 0.0 0.23963217829549605 6.594366114783956E-4 0.22005609835521142 0.11619428828137852 1.837347854254913E-5 9.69104228965275E-5 0.011999850421896514 0.00960241175678031 
0.0 0.0 0.0 0.4383206601787772 0.0 0.0 0.0010365538044875078 0.0044261079124997965 0.0 0.10387786423505617 
0.07941135142521423 0.017286131832318606 0.05394365495580125 0.008117454955772792 0.17355622244844449 0.13632331148543472 0.0 0.0 0.010631185520471079 0.03979707401067952 
2.5761007152666754E-5 2.1296913015033688E-4 2.496745775774769E-6 0.19934007628801215 0.20164928613244248 0.0 0.007242465089888076 0.16799997435595354 0.006650973322357769 0.0 
0.016839595635126166 0.02301285440117047 0.030634256862812896 0.05710210683002316 0.013094830006974164 0.10617890403180767 0.001468572295035315 0.2623242658711585 0.011279540390343377 0.0 
9.72222823211076E-4 0.01715251943396408 0.04563793811253951 0.04709267033237242 0.010177383792186094 0.05016507850986352 0.0013611914130417283 0.08036107682473083 5.903616668958423E-4 0.2535104429088051 
0.0024669196103920947 0.0019325861799010017 0.25851910228145675 0.03450839905647591 0.01241868361203875 0.12280778111947852 1.3797759751241466E-5 0.14912522890872737 6.012206085244215E-4 0.03338867873525367 
0.24143416678793578 0.01564760635561003 0.08214290549210217 0.1933413073477487 0.006463861386980803 0.0011739354332480155 0.04577825788794076 7.602622309959242E-4 0.03586604053430363 1.1588847409372811E-4 
0.2225694634487567 0.03671059971592574 0.19153494706071492 5.0050520419886156E-17 0.039380228567138006 0.012589229632314201 0.017330067855522033 5.88589440371596E-4 8.628765976085043E-4 0.0 
0.016986983791349643 0.22203016835533493 0.07011934872997759 0.0 0.0072821802479458905 0.0 1.7000489743730728E-5 0.13386905523262374 0.12439240293186526 9.912052937780056E-5 
4.646386940155081E-4 0.0038663660043797552 0.25690495258579193 0.037387814537126175 0.021814545293378843 0.026934664665774648 0.0 0.002778897417590752 1.5918975367860063E-4 0.18843911488014534 
0.04718782135341838 0.01080207822288892 0.1474558277252876 0.20544572730159488 0.0 7.625575404649055E-6 0.004616540414695425 0.13384740062140543 7.176454716417696E-4 0.01611956207651009 
0.0032991691187601274 0.07957051570292696 0.024311093479973962 0.0 4.6757285226983507E-7 0.1617433706023566 0.02543838122465364 0.12589228446999537 0.11609152672957371 9.250608006998069E-5 
0.0 0.0 0.0 0.15379074701510034 0.1357751665342737 4.521223747113938E-5 0.006871016011018261 0.22018022700406356 0.16852292080707532 0.0 
0.06334898608969784 0.3660339412804966 5.483044702167502E-7 5.740698081313139E-4 2.972392007634157E-4 0.004594232962510995 0.0 0.09342780621292665 0.0 0.0 
0.024530352508109924 0.27227666927495203 0.0031898893768774954 0.022330476760922188 4.949687023783364E-5 0.001075671335027513 0.0 0.18133615985763835 0.0014589781502774616 0.0 
0.0921147563423531 0.01900974690767595 0.27238478366761176 0.2987942179238123 0.0027152362671471015 0.05333336478589313 0.0 0.0010016350453561102 0.03835887877547074 0.0 
9.556639621711662E-5 6.528486699836958E-4 0.0 0.06319112026846983 0.150372850012163 0.0 0.16495704049317586 0.12217164474195934 0.0021613857225833573 0.0 
2.479091280804058E-4 0.005026958196982508 0.0010474224379820464 4.000538798366269E-6 0.22571110249573986 0.02172952288993301 0.1591285910767562 0.0 0.011790485683461083 0.08757774505746915 
0.14921689215231587 0.21120104778954712 0.003378374413763505 0.0 0.0 3.402772037675815E-5 0.010205057645421312 0.0 0.14130713038393106 0.0 
0.0 0.0 0.0 0.025925849787355827 0.40710098117007987 0.0 0.0 0.004428224214577832 0.0 0.10239658542366488 
0.0015371572261151424 5.095324368987997E-5 0.003799643243860344 0.0 0.0 0.1268158359320142 0.35304840339780186 0.0 0.01983062186532889 1.6384444692935817E-5 
0.32213341295558423 0.20226281291986575 0.0 0.0 0.0 0.001527402151032948 2.133974800438895E-4 0.0 0.0 4.4309497278521006E-5 
0.19936056205176875 0.012920771071143701 0.004333381199894685 0.392502093448711 0.004589957745746904 0.013322706916017219 0.0038870221318471334 8.210866160722565E-4 1.2215844260456281E-4 1.183553542407881E-4 
0.010930146825283954 0.011427762664972616 0.2690465756739541 7.970230188786973E-4 0.0 0.11581448421631103 0.04191626069132552 0.0018641918543122918 0.12480447311369414 0.009026280261638075 
1.564212381538436E-5 6.195616233696903E-7 3.961144141428042E-5 0.0109104627611839 0.2172714404500643 0.15125666043273508 0.010771020364182848 0.0 0.13038211027583982 0.014645174747129449 
0.06659922413640433 0.001524173413486564 0.1629890440058836 0.0 4.6218032837793415E-5 0.0 0.16799462091981437 0.0 0.11016476873956181 0.008138126882015527 
8.434710595989737E-4 1.8094028764780609E-4 1.085900439820892E-5 3.415009611925781E-4 1.5620037702744833E-5 0.18343056144366562 0.0 0.19368244444145638 0.0 0.19762162075767037 
0.008417512235982584 0.4665260307685638 0.008265075208096818 0.0 9.368151658146085E-6 0.0 0.0047422511742342 6.350406490711441E-4 0.08052117530649351 0.0020792905815358565 
9.93133943871427E-4 3.9231626125871E-5 6.585591547422252E-4 0.24001161030481785 0.22038114925049204 0.005507196041405937 0.001386954094854574 0.0 0.13761746248913295 0.0 
0.0 0.0 0.0 0.2813682052605299 0.0 0.11699738439007379 0.04111702804965254 0.004494242459025874 0.0 0.10392316639146909 
0.22267892900512237 0.0 0.0 0.007218482942824408 0.4628818466993435 0.0018915694272396463 0.020030276015379024 0.0 7.387522384165865E-4 0.0 
0.0036601792490274163 6.742379096096621E-4 7.095676359846932E-5 0.2992769635178092 0.02870389490316005 0.0039614385992233665 7.288988612559337E-4 0.0 0.10710427004399023 0.0882582048938536 
0.0 0.0 0.22546037693007326 0.17708119931130945 0.0015718269812429022 0.0011350500337663646 0.0015734425802168227 6.884841715234655E-5 0.1101085052375585 0.008260860765644223 
0.0675067558692695 0.05384350612354761 0.30856758603772705 0.016044207052739692 0.0 0.0 0.008346430315935495 0.14634349910626493 0.0 0.0 
0.014228600462072086 0.09458103707823408 0.10000915398849021 0.0884489043480962 0.0 0.2179616697576395 0.0 7.11123076314637E-4 0.0 6.231598619627077E-4 
0.0 0.0 0.0 0.0 0.0 0.3505225868932155 0.21442681233141864 0.0 0.0 0.0 
0.12298128621248726 0.12217856616173427 0.01036138713119552 0.010233323794338322 0.0031997075796613775 0.1573143527364147 0.0 0.0997401145158085 3.510156462759165E-4 0.0 
0.0 0.0 0.0 0.0 0.0 0.0 0.0 0.5039458971079043 0.0 0.0 
0.029990398382629926 0.020766568549447435 0.0 6.979156803447875E-4 0.0020428667631953745 2.8082649676601572E-5 0.31964574036972604 0.13074176784163166 0.0011674110811328378 4.446403833191103E-5 
0.21820141967850973 0.2021511727772293 0.0 0.006124769631153931 0.0 0.0 0.0 7.322043654013727E-4 0.0 0.08809815054466517 
0.06745775232353188 0.013921274392400701 0.0 0.0950651068665905 6.91073554667035E-4 0.0 8.316905254466173E-5 1.880382284144141E-5 0.09957230237405744 0.2569010405983862 
0.0 0.0 0.0 0.0 0.2038381925192325 0.12135038380628145 0.19563921295899006 0.006552530626614881 0.0 0.0 
0.0010560674995398827 1.1304754230968092E-4 0.0 1.0112327983303428E-5 0.2559537901117211 0.018146870784320156 0.0030749063483672605 7.726061701033311E-4 0.30564512891526896 2.8721182555937265E-4 
0.009387891364848572 0.0060095893931943764 0.0 0.001364021068688929 0.26319769247735714 0.0 0.0 0.15695261716264183 0.0 0.10226942653084564 
0.005210259971471606 0.17733689440497777 0.0 0.20057483697180553 0.12710743016531975 0.0 0.013332874032608875 0.0 0.012052177244804514 0.0020067237443543253 
1.6631082698291398E-4 0.002103981444490632 0.05090881612151723 0.0 0.06661043775164939 0.04320585780780049 0.12991991621817472 0.11733271793253214 0.004061634424401789 0.09327678604215901 
0.2655684339614442 0.05601900691061338 0.0530628935370398 9.743593900224078E-4 0.0 0.14887938273062093 0.0 1.3530293230650165E-4 0.0 4.083431211801023E-6 
0.115611014841318 0.039305237874797595 0.1960121760542547 0.0 0.22209769734782908 0.0 0.007631399942353494 0.0013886152503079425 0.0013484205732235675 0.0075253317757065395 
0.23832168244654617 0.0 0.031914593262425246 0.0 0.0012067988733880555 0.16603955132959702 0.001374772962884021 4.884608162297407E-4 0.0 0.09060086835054856 
0.10053970816232473 0.07737331025572004 0.08995365728313433 0.014732836529363991 0.0 0.0 0.20129214525773617 0.15587293792881188 0.0 0.0 
0.18279881035319603 0.03449604023193535 0.0020502802001916565 0.006726151936644697 2.5098954328447196E-17 9.78925933994055E-4 0.14656436677296228 0.003343339889825757 0.13802559701909067 0.0 
0.2875284444584761 6.329505722897807E-4 0.0 0.0 0.0060705956088346206 0.0016769487951069683 0.005857683102636383 0.003206863980248941 0.009210289083998884 0.21366905022956217 
0.0896764832213517 0.005795874225657496 0.07908764460190328 0.19179890298676516 0.001453356533681277 0.06666042013290017 0.08507116596041224 0.02981790565526868 0.0 0.002058263645115177 
0.01391459621206282 0.07816480230849086 0.09951875287816392 0.0 0.002464278383913247 0.0 0.018345465463644232 0.13350365384301752 0.11602697924203996 0.10038026828306972 
0.0 0.2639988795335417 0.24264674704277628 0.002449511556315047 0.0 5.652091440795738E-17 0.0 0.004555705786052736 0.15072636819492485 8.024437330482808E-4 
0.14528959461216007 0.10783609808851587 0.0027204307812865977 0.0 0.001140420052832581 0.02256246263154276 0.037172535358538934 0.1311642268174252 0.0 0.09353652254187235 
4.7920526296522584E-4 0.004688875827326566 0.35064085145179363 0.008921078025689744 0.14998126948829998 1.4980086616502432E-5 0.03105588624872566 0.00282985610565897 0.16098541580050388 0.0 
0.011118418135560582 0.4275255110667602 0.0 0.0011776495177943385 7.035117031572752E-5 0.0050063980445532626 0.0871125414444444 0.0 0.0 0.0 
0.022420913992155882 0.26630790231059553 0.0 0.01102265393271733 4.229612341778263E-5 0.08362992099112238 0.0013119251597492974 0.1602726085011845 0.0069581293536090496 0.0 
0.22768054182379038 0.0033690995104129627 0.2226282003956504 3.295635763197652E-4 4.2395129693808257E-4 0.0 0.0 0.09835880332126763 0.0 2.715036410220817E-4 
0.006306602009472425 0.13631312109299118 0.20064922132563132 0.19950370793389055 0.02000464811464166 0.006144021450658655 0.13305641573081475 1.4208021513000272E-6 0.001163275882021718 2.660274712023747E-6 
0.35537044864697953 0.02203492717957643 0.003918025856092191 0.0 0.1251662365670178 0.0014093527719605263 0.0 0.0 0.0 0.0 
0.27676159678205225 0.004140799929318686 0.21169143982416241 5.468890191101899E-17 0.0015014498345842277 0.012473377848901342 0.01746050221459639 3.302027229448625E-4 8.854654106591401E-6 0.0 
0.38113338065877345 1.6092847465189194E-4 0.0 0.014556479917422906 0.0 0.11042581243322303 0.0 0.0 0.0 2.595445480392544E-5 
0.4643227566714978 0.0 0.006842379743260476 0.0 0.0 4.021073555777569E-4 0.0 0.0 0.0 0.09584244526395631 
0.008012978329972529 0.19325981636003858 0.3941339008962094 0.0040952271808302595 1.585863253208474E-4 1.7615168323827863E-4 0.0 0.0 2.729088200583805E-4 4.670242221360966E-6 
0.019560062566165208 0.22024268525031518 0.20294479894070286 0.045162138990209634 0.0019416433660875126 0.012580397319023964 0.005521199713976371 8.925824167482089E-4 0.00788141823523342 4.1029089344138635E-8 
0.24114188899840142 0.1925694879053255 0.018330291178523698 0.022390996640547986 0.0 0.11974940729966625 1.8935639591640786E-5 0.0 0.0 0.006660842577862895 
1.199960133768855E-5 7.69464987216784E-4 1.5064568557060283E-5 0.25676485934404525 0.0 0.004150883159884546 0.24848875184829283 0.0 0.0 0.012015336475404974 
0.18436549357786083 4.058528709755097E-4 0.0 0.0 0.20492601443492267 0.0022210450956396807 0.007758244237917877 0.004247350626624902 2.4142408270675067E-4 0.1344391077171895 
0.009140231433611793 0.11225049561702705 0.020029834524646663 0.00968442705320722 0.01398879857171164 0.12266818640140294 0.030720840630054324 0.0018455640309117487 0.10481321245604425 0.08767169745977503 
0.002583559886206487 4.829084318621119E-5 0.4127372916340295 0.0010778180699305149 0.0012693504739186023 0.0022877767562548 2.275755230931664E-5 7.211296940777368E-4 7.664229669893609E-5 0.10492395080730475 
0.012467354368433265 0.16920426648136005 0.20441196539917003 0.015462191547803714 2.6220263612744104E-4 0.10238732039748408 0.0 0.0 0.0 0.0 
0.059860758026748076 0.39486723179371724 0.12253347077949037 0.031377622429432345 0.0 0.010696138266502026 0.0 0.00554220388258522 0.02631971130167322 7.933457613335204E-4 
0.0011309641316593225 2.346041726573405E-4 1.2884786035244076E-5 0.2241676265513086 2.504064507321108E-17 9.766517180488186E-4 0.1462238721468177 9.751062508500851E-5 0.1408570736559061 0.0 
0.19025166470233074 0.0 0.2676617760013611 0.0 0.0 0.0 0.0 0.0 7.588254654063905E-4 0.09322163942713597 
0.026850767733512238 0.3018485953690709 0.09642900127337685 0.0 0.0100145449311899 0.0 2.3379285130829884E-5 0.016649144851262402 0.12480971850590039 9.945306206983819E-5 
0.01822468774099124 0.20520661180642308 0.18908966046715864 0.09480088112919303 0.0020188943079069827 0.0 0.0 8.758317972514178E-4 0.007902654321128187 4.1139640166273806E-8 
0.2729340132678587 0.053296846501328675 0.05619239664936395 0.0 0.0 0.004140816702644825 0.1418319686780546 1.382285655820523E-4 0.006221923408209387 4.1621735192577605E-6 
0.0 0.0 0.4291373521161941 0.0 0.0019164061956666591 0.09363105201256927 5.825171570932654E-17 5.839891759179607E-4 0.0 0.0010701313186107012 
0.10965408170577919 0.00434027059146307 0.06381482823479051 0.08339790168677903 0.23816513535826164 0.0025840680076717496 0.0 8.268993218272045E-5 0.002465375516407357 0.04091277312994752 
0.10665260280639999 0.00689305656845519 0.09405925437330474 0.22810720808998264 0.0017339224360652366 0.07928049209771963 0.018483967061299712 6.965330355694998E-4 0.01280068605415421 0.002055813223694352 
0.42008202384939236 0.0 0.005079207574949249 0.004659621839182156 7.699110661585523E-5 0.0 0.11018819700047552 0.008972296099258172 0.0 6.678374792341774E-8 
0.012170312022520509 0.2184525790347767 0.009746999895858349 6.614667008373122E-4 0.22073354564257708 0.1261192276930744 0.0 6.955538302339968E-4 0.0 0.0 
7.289360773768095E-4 0.006065645640872003 0.4030385131684966 0.058654880063593644 0.03422317013353085 0.04225573345442087 0.0 0.002825628978173816 2.490432281507308E-4 1.7919138631782006E-4 
0.15569289210282491 0.00875048136612368 0.04431180342734948 0.004140750319527358 0.26906585778253794 0.0027724430226402615 0.0 0.004337708930777039 2.92316731636395E-4 0.16277912348842577 
0.09178908738370228 0.01792399870654863 0.2772120699105391 0.0 0.0 0.004189562537713395 0.14350161943758105 1.398557969577671E-4 0.0 4.1621735192577605E-6 
0.012624531880679203 0.23271053499385574 0.0 0.011596638226441129 0.3370889837009676 9.274919176667478E-5 0.0036829721469831896 0.0 0.0 0.0 
0.2728106942421691 0.0 0.002931992411209632 0.009116008956835188 0.012762622683387374 0.026130044709678245 0.009413039301350687 0.13797372613489903 0.0 0.09715699512836722 
0.00938217653349301 0.15521537816592587 0.035595169888957015 0.18785791681625424 2.5339053914479374E-4 2.947547712871787E-4 0.029631033467849902 0.03117246986956675 0.12967718087481145 0.0 
0.21388562290601457 0.17132938013765783 0.003999101334405371 0.0 0.1273785007699796 0.0014374651820237992 0.0 0.0 0.0 4.035281571702629E-6 
0.3733280310479523 0.002451159877926022 5.28304372185131E-4 9.78669196059252E-4 0.008887549180090307 0.002819694993017619 0.14272330200940023 0.11479096202691316 0.0 0.0 
1.17615719904901 0.0 0.0 0.0 0.0 0.0 0.0 0.0 0.0 0.0 
0.1939166540402641 0.34055792558916187 0.009301047803508827 8.136013463679269E-4 0.0 0.0014862741225095655 0.01587709198391091 0.0 0.008335380484137674 2.3482202344129064E-4 
0.0 0.0 0.0 0.0 0.0 0.0 0.0 0.0 0.5127544044102645 0.0 
0.2079322920018003 0.008216004026964529 0.009135248496901838 6.27171124428969E-4 0.20688624811914205 0.106138942538361 1.717503197311066E-5 7.600230364437743E-5 0.0 0.0 
0.002552245232835292 4.7705522511644064E-5 0.4077346109182118 0.09758675766020443 0.001548168743358748 0.0027902967215053566 2.775634616645286E-5 8.795289206711243E-4 9.347710550122585E-5 2.1996556600307183E-5 
7.048650153865095E-4 1.3301537292215556E-4 0.2655748756156015 0.0 2.9577757576938505E-17 7.885753415760011E-4 3.5986728561830735E-5 0.0 0.27196292675341616 0.0 
0.0035830476371783914 0.0632142064167305 0.16985103368448815 1.2439015548006203E-4 0.1941309951321565 0.0 0.02905618771730026 0.14816394065468513 0.0 0.0 
0.030002297989334858 0.0 0.2529110547262223 0.0 0.0027011762788021103 0.003457728226560358 9.21227404261107E-6 0.10815582555892292 0.0 0.1258656264102836 
0.0021637572515909513 3.9858353019270483E-4 0.0032420742409148572 0.39432014935722987 0.0 0.004768756162545937 0.001200982466808566 0.0 0.11916483767508097 0.0 
0.26885308558423066 9.717708560535154E-7 0.0028894690440114984 0.008983797360798672 0.01259693003653559 0.027310988287630747 0.00944534520282406 0.13956753587193776 0.0 0.043927326414630166 
0.09682552167192639 0.01827198483742486 7.178192556584983E-6 0.08967869988571989 4.644747183459957E-6 5.73704008253135E-4 3.248756225875921E-5 2.1793431502975762E-5 0.06831849676511566 0.2540472246234545 
0.19330362104629206 0.03989211998531618 0.0 0.18168409851223918 0.0016249476797660718 0.00116681852285488 6.607429765279878E-5 7.29796863116087E-5 0.11490856332888591 0.0 
0.11933503293716355 0.19179481457977673 0.0 0.09839791516259981 1.0833243486602178E-4 0.004662057214984632 0.08112092740978999 0.02807360185708905 0.0 6.05787951147574E-5 
0.2957254330443489 0.0 0.005700803498215577 0.0 0.0 0.001815850656378401 0.25012980862706813 9.257871312227196E-5 0.0 0.0 
0.027972814535843257 0.029968461071698673 0.04799754751602979 0.11640094993305827 8.84804212713081E-4 0.1337607312537915 0.044315311455967794 5.222601896205858E-4 0.11287389884369797 0.0019283862811724263 
1.3762807742134287E-4 0.001493681899812817 0.2550043478245146 4.2907735325205167E-4 0.0 0.006073268100667717 0.1584276138390227 7.237715587749433E-4 6.5739216194562615E-6 0.09117122953648582 
0.259728674864701 0.053600276110961007 4.2693407795535746E-4 0.08929819181405256 0.0015786300624934496 0.0011335594496913806 6.41909114562166E-5 1.401543934463398E-4 0.1090100347270978 0.0 
0.0 0.27076519783038344 0.011443566347449561 0.011302127631431621 0.02894576836101248 2.4477118777968245E-4 0.2062604576037876 0.0 0.0 5.058966101794302E-4 
0.0 1.173062157335913 0.0 0.0 0.0 0.0 0.0 0.0 0.0 0.0 
0.1728308065348646 0.03956385011997051 0.19082734462361375 4.476663498547683E-17 1.7590435918003928E-6 1.2762691388383287E-6 0.12221787560483224 5.848329649481273E-4 0.021694544021318648 0.002115787076433871 
0.009960443931087623 0.0 0.007210510887751168 0.20993853317851316 0.19958041183959632 0.03299664406384948 0.006483160368269422 0.03887520094651438 0.010580130975803471 4.796920233092112E-4 
0.016176624996575364 0.0 0.009055786754095617 0.19592290579252292 0.20164647026588461 0.004697333626118465 0.0060292070723670715 7.25289720313138E-5 0.00908345736384884 0.0680161217261664 
0.0063242761948961316 0.0010431259000507186 9.82081497834323E-4 0.2467643701871032 0.0 1.3965125420571347E-4 1.371421743798517E-5 0.0 0.25868885374135536 1.5811920930242266E-4 
0.01819802123171655 0.0037831094401439697 0.0051982639727476 9.506755523439786E-4 3.1902912529552317E-4 0.004526073048515629 0.2079579849239274 0.262620808931731 0.0 0.0 
0.0 0.3898937119598127 0.0041193231322248485 2.0710626374972674E-4 0.009504433455629298 0.11200438972146357 0.0 1.068285076696756E-4 0.0 4.003027479325321E-6 
0.09228925550791951 0.24925025482544438 0.0 0.0 0.012024423166890707 0.1453176567414462 0.02569917857232277 8.346449778511447E-7 0.0 0.07752907182753607 
1.5760767928751825E-4 0.001993878803598495 0.048244726514477844 0.027876186346751944 0.09804148549565872 0.06359313381762119 0.19122440883802733 0.07194154391302046 0.004980641731051717 1.922174104954368E-6 
0.029234190953666094 0.0018238666690785514 0.28462241621921575 2.293186405952445E-4 0.012488895575763223 0.00291281689689903 0.21762227016800986 0.0 0.0 0.0 
0.0 0.0 0.0 1.0667144568522797 0.0 0.0 0.0 0.0 0.0 0.0 
0.001383769606615104 5.480908820072686E-5 0.00129250027607773 0.011304790687139998 0.2858308328241491 0.24652003442858997 0.006820228421392979 0.0 0.001311993920979807 4.7177979822937704E-4 
0.0 0.0 0.0 0.0 0.0 0.6469133289367708 0.0 0.0 0.0 0.0 
0.14601732267311887 0.009437234897935232 0.01619796751431483 0.18860429433918574 0.03488632844291765 0.15459890544881758 0.01966497419903287 7.41037036466409E-4 6.329915087108666E-17 0.0 
0.06585050038851575 0.01389050491169132 0.20241200836691645 7.338000611244268E-4 0.011811576465866476 0.1168041269599572 0.15098198767591753 1.4510049832978323E-4 0.0 4.379120937198252E-6 
0.34381719062874405 0.005087629884135426 0.006073972962333625 0.0 0.0 0.0 0.0020041995942392974 0.1468227415153224 0.1557307731318926 3.2393225533638206E-4 
0.4070713841672988 0.07215060563380297 8.987584486747492E-5 0.0012866127707767555 0.011321227796764163 0.004480912884330908 0.00883009501874189 1.303311073644351E-4 0.0 0.033178311067042235 
0.5343309530100938 0.003104302954432731 0.0 0.0021532481314229975 0.005550530173788344 0.0 0.011609243405180828 0.0 0.08189873512976144 3.120666628241009E-4 
0.0018510080525794047 0.7759662432733043 0.0 0.0 0.0 0.0 7.735129037672593E-4 0.0 0.0 0.17055987159444064 
0.03343509101484371 0.37111554819348 0.004347847900184942 0.17319620954397827 0.0 0.018900601454402578 0.0 8.294977999052146E-4 0.0 7.2689208338754E-4 
0.008265291753606567 0.005990512125889409 1.808846309473324E-5 3.0338277106820817E-5 0.2461107540760483 0.17258098787893233 0.012589315669169007 0.0 0.0 0.11673372707973927 
0.0 0.0 0.0 0.42027221799748044 0.0 8.879757696379702E-7 0.004721859630573484 0.13690092165977652 7.340174410306129E-4 0.003734653690340553 
0.0 0.09578387717137846 0.05496792620709062 0.07295544401227279 9.75915993458519E-7 0.17463937574996452 0.12073951984870453 0.004336817302352512 0.0 6.321984705061696E-4 
0.8383147733065838 0.0 1.4679925376340932E-4 0.0022510601444100673 5.812033156349577E-4 0.008983281558262928 0.0 0.1826830061579704 0.0 0.0 
1.2381549228359826E-4 0.0013743002605637726 0.0 0.3199173909845043 4.935684098092297E-5 0.0010726282040780153 0.0 0.18082315029574303 0.0014548506241278162 0.0 
0.20793415460171577 0.008216077623654387 0.009135330327929207 6.271767424542987E-4 0.20688810134888597 0.10613989330162868 1.2347393303493832E-5 7.600230364437743E-5 0.0 0.0 
0.2883583694393199 0.02839447265952415 0.08535393903718844 0.01801265186297806 0.0 0.0 2.1174268426936584E-4 0.009559809265096588 4.443576840560926E-4 0.24094496942874008 
0.00851826406796915 0.0062755402876133615 1.8860832620965206E-6 3.1447326752006046E-5 0.25510760790275894 0.17888987887821106 0.013049532181361049 1.1914669600921172E-4 0.0 0.12103227287217716 
1.4327142649059974E-4 0.0037408750914950197 7.712691077589236E-4 0.31626342666485086 0.0 0.0038247681924303114 9.632447921731303E-4 0.0 0.10349160430489368 0.08528122374377217 
0.4647190245219599 0.0 0.00684821924837615 0.0 0.0 0.0 0.0 0.0 0.0 0.09584244526395631 
0.0 0.0 0.008423123361070123 0.2489407528149172 0.0 1.4088293349302425E-4 1.3835172438755593E-5 0.0 0.28021659199473575 1.6543488234904645E-4 
0.0020585322095687756 0.049648400433631265 0.015169022010357417 0.004322547613996821 0.0 0.10744310391835189 0.13991268856163758 0.1362383458744379 0.12563214368744544 1.0010840128225802E-4 
0.6441231156168808 0.0 0.0 0.0 0.0 0.0 0.0 0.0 0.2160542472830414 0.1884324182933432 
0.020121466231260945 0.36117284290216434 0.0 0.014556479917422906 0.0 0.11042581243322303 0.0 0.0 0.0 2.595445480392544E-5 
0.00449119681031428 1.4887289448816188E-4 7.656254363749597E-4 0.0 0.0 0.12723813755318547 0.3663763034775183 0.0 0.005874482016601232 1.6378346241364242E-5 
0.0 0.0 0.23521895487232067 0.18474578636255004 0.0016398602042732339 0.0011731525560186764 0.0016415029218718666 0.19842700216724998 1.2115553105796539E-4 0.008655554018595218 
0.05291492622578971 0.0 0.0 0.0 0.016555523140235853 0.019159075883632384 0.20901223087186052 0.0043221773178126486 3.1573885988336756E-4 0.22253508791153062 
8.530185607239222E-4 0.14519045562072694 0.12339592418174679 0.0 0.23722797886309968 0.0 0.0 0.0 0.011386392780578862 0.0 
0.1377300696915489 3.0319200800102745E-4 0.0 0.0 0.1530897875844297 0.0016592296631762985 0.11127891292099504 1.0423305849734579E-4 0.0 0.1344391077171895 
0.1397419363678837 0.029630597060849577 0.0017848779738891078 0.18457646258708657 0.008576550456352708 0.004146206994548476 0.06906842866408336 0.07554650297692478 0.0024968510937072564 6.0604442854029806E-5 
0.08655086981581678 1.597635633553192E-4 0.0 7.200476039018651E-4 0.02712453738789684 0.031592887935296105 0.07851430672721858 3.042338976727979E-4 0.06566914223063271 0.23375929266357695 
2.315757120066585E-4 7.355447845667507E-5 0.011373732080121384 0.0 0.283771514680911 0.1807246256131773 0.005365146853474243 0.028987793585106565 0.0 8.805298733888921E-5 
0.46562271093785385 1.9660296483344178E-4 0.019687294627532326 0.01958622469717415 0.0 0.0 0.0 0.0 0.011351007876739254 0.014526929104194319 
0.007149611232157599 0.17243682646739214 0.05268443682443815 0.0 0.005471493562989332 0.0 0.02224194349926033 0.11012725407252312 0.1012081603297748 0.10241882337187817 
0.0026820292176381274 0.28942751115762183 0.002407291743493345 0.0 0.09667270175205195 7.446045505959771E-4 0.0 0.0 0.0 0.118616244055014 
0.0 0.0 0.0 0.0 0.0 0.6310809985194725 2.9260317091732833E-5 0.0 0.0 0.0 
0.06192876429086951 0.41165585942322264 0.06341957847064117 0.029405959200819388 0.07342792654235594 3.5025221148834193E-4 0.0 0.019417568674338706 0.0 7.966406767879373E-4 
0.016986983791349643 0.22203016835533493 0.07011934872997759 0.0 0.0072821802479458905 0.0 1.7000489743730728E-5 0.13386905523262374 0.12439240293186526 9.912052937780056E-5 
0.0 0.0 0.0 0.025002963883092696 0.39260935369344485 0.0 2.4701985786193644E-5 0.011672290316107767 0.008993554198327692 0.10259503492358803 
0.015177689775869148 0.17089797851239868 0.1574756312526464 0.07895105719817835 0.0016813539925163953 0.0 4.7093852232516946E-17 7.294008821136012E-4 0.006581404158834256 0.08769796896616017 
0.24227572490232363 0.05025702796805275 0.0027601855704478062 0.009895797906988005 0.0 0.0013215175548907374 0.0340822390704927 0.06568806273455197 0.16258029426675819 0.0 
0.7520961041617651 0.0 1.3170130166480676E-4 0.029469224551510995 5.404045187295684E-4 0.008352681095429894 0.05968700194955467 0.1826830061579704 0.0 0.0 
0.01002990113784164 0.13458609741414537 0.07430134869113406 3.6403155392206155E-4 0.047038187161008 0.007695263804305208 0.1642997889794738 5.778770308084122E-5 0.0 0.09464203978351884 
0.003059562408598338 6.314027127155519E-4 0.22071453632820495 0.17483557397609834 0.0015887854006881353 0.1572065776814595 0.0 7.570220886929495E-4 0.07738969784782299 0.0 
0.17177947546174993 0.0 0.0 0.13489755956496663 0.2736083203408696 9.06045845186481E-5 0.013769403721651287 0.09337109955640793 0.0 0.0 
0.14844712032544408 0.004903500534685904 0.21574633575246147 0.21451463240873223 0.021509824460006516 0.03969937522992301 0.053352042773575754 1.4131010254858184E-6 0.0011569706171290046 2.2332372603381355E-5 
0.007106013378726121 0.0928798994685135 0.24508223158871056 0.0 0.008128604737650764 0.0 1.8976495605454512E-5 0.14766773524996615 0.13836429465261882 1.1025385642293343E-4 
0.4422198419115079 0.1503451561526752 0.07932493261360522 0.02251624100743604 0.4394799597621863 0.0 0.0 0.002711635522788959 0.0026331448723479153 0.0 
0.380179263141999 0.005625697123964909 0.0067163557498144694 0.0 0.0 0.0 0.0 0.1614392193451817 0.17123406212797507 3.561803156820366E-4 
0.05514026011326204 0.3637288031264198 0.062453768490162855 0.02156118973462285 0.0 2.0593074687640157E-4 0.0 9.816713335880235E-4 0.14791542937496777 0.0 
