0.04267879637522097 0.08475804499647134 0.38172549448934256 
0.25552293252090924 0.04467213353686832 0.20929894517509137 
0.001619742668086664 0.08284092215100913 0.4251502676515315 
0.08538695147852637 0.33763679888642667 0.08716097474290048 
0.2976495780011185 0.1271880651871206 0.08434473921122498 
0.04281549126324874 1.7136191579203672E-4 0.46669621619594753 
0.0 0.46707762281000853 0.04241021750752618 
0.04288841345255108 0.12735698191928235 0.33924133196039735 
0.084385826950099 0.0431445146420719 0.3820055659154143 
0.1274784820489342 0.38159675650513397 0.0 
0.0 0.04294888134072355 0.46628396659044963 
0.25219034818250136 0.2127649060491908 0.04457507628164878 
0.12728719220039236 0.21092277071747714 0.171257515913568 
0.17276945723028947 0.2946842549788885 0.0424443660782179 
0.08446751327711466 0.21287145301837024 0.21198322717319004 
0.2891147582901145 0.08991438076817238 0.1302843123330149 
0.08899908352651376 0.12488313404125746 0.2953008649256757 
0.0 0.0 0.5090583014249024 
0.04252708700596123 0.2976351382345695 0.16943777882960087 
0.12710599984712906 0.12641256709394083 0.25566754697850935 
0.2114566134638947 0.2979179844910418 0.0 
0.2533992309248696 0.001439006652667636 0.2548888109638486 
0.0 0.25398457432869065 0.255119502020818 
0.21208165950049296 0.0 0.297033423544704 
0.0 0.21208238281960493 0.2970344365976604 
0.33982338910204735 0.0 0.16970032499467905 
0.46415068564092743 0.04480756546265829 0.0 
0.0 0.5088685926875165 0.0 
0.2513727164087201 0.08970373770897848 0.1687805425348922 
0.29321020906867057 0.21607697514877297 0.0 
0.16962142684148668 0.25483372571949997 0.08474405918870197 
0.21239492850171424 0.12749745270782878 0.1694365966166521 
0.08602840232447402 0.4237547832132077 0.0 
0.16925721396478952 0.33999795238514124 0.0 
0.0 0.12727784053160762 0.38187788038416903 
0.16883249266640352 0.0405645473693488 0.2999524641661975 
0.3381936558966272 0.08657571535412592 0.08455212291104272 
0.12493267033765874 0.08203066788584264 0.3028243850863828 
0.42859608319686004 0.07996415050970009 9.448744068344026E-4 
0.3352206877391265 0.04742132477441279 0.12638350052642258 
1.1504504396734784E-4 0.29828348152867556 0.21083147845452915 
0.08541831481070626 0.37993779847168924 0.0440679721440394 
0.21313405102440838 0.04649089178823126 0.25040336054170836 
0.17301798603682583 0.12714462486535666 0.20927631712220313 
0.04123848766406544 0.4679777048148903 0.0 
0.3367599240629057 0.1302916034457856 0.04240784807822634 
0.2973374016654806 0.0 0.21198458982085233 
0.2530449348837424 0.12755698391612058 0.1286047602502925 
0.0 0.38133493029722554 0.12789565116422463 
0.041176144331455194 0.25581997835438697 0.21275830596581163 
0.2131209611801703 0.21178962289152672 0.08458023191466016 
0.04541611654137639 0.37959403858284696 0.08460005194981665 
0.33837140314107617 0.17056905583971224 0.0 
0.2521699858953344 0.17071123932089774 0.08661946978679638 
0.3830009115967502 0.08354391919196087 0.042361840483224396 
0.0 0.4247191446952422 0.08454212510474503 
0.04160082444334734 0.33881866983771936 0.1285431193064487 
0.12594327908209232 0.04494355248411029 0.3388118325067631 
0.3789335589994423 0.13064566832121288 0.0 
0.08599247353585661 0.25385779509268513 0.16928239051336658 
0.03568144613790727 0.21380559781607314 0.25996942274642787 
0.08426452344058319 0.16935222601797387 0.2557137283873909 
0.3797347533761096 0.04519426811364985 0.08458390195996872 
0.29648814988496197 0.044347174249319485 0.16866122016909638 
0.1253961019368887 0.33431044870742477 0.04449900807513654 
0.1235637189933127 0.16960805666978448 0.2173817905303858 
0.4242369583595726 0.0 0.08470049590007725 
0.1697751400631325 0.08558165695092702 0.25410842487150337 
0.0 0.3398924816221259 0.16943539091967189 
0.04247112768442527 0.04196425201020853 0.4250229897351707 
0.12748802244520335 0.25356809659762236 0.12833205328125058 
0.12504414617882303 0.3021376722397624 0.08250862761595275 
0.2962362666583042 0.16946889517047273 0.043999598452127184 
0.0846262296417026 0.29703767996460284 0.12800598730081078 
0.04165039677360406 0.16918132775174935 0.29868921098845364 
0.0 0.16970783712034326 0.33974200166513696 
0.08530516574994113 0.08483977941083595 0.3390411687588022 
0.127257574545528 1.5163942490780675E-5 0.38175331220741876 
0.4663460788210346 0.0 0.04234379398780786 
0.42577281956299406 0.04110269374792716 0.042391866151353166 
0.08438970745778715 9.36913962610166E-18 0.42479308906174856 
0.5092233056176116 0.0 0.0 
0.17050794692244514 0.0 0.3397645081528768 
0.25519944223374846 0.25380718968821103 0.0 
0.17034654667057916 0.16941721308289684 0.1691371841034727 
0.04647697365837308 0.41845856482999433 0.044573186141136 
0.20711575685603814 0.0920850143432042 0.21028490284975004 
0.21390346645276476 0.16749636573075305 0.12791741856172653 
0.38126100009310876 0.0 0.12787085576562623 
0.21161062310453518 0.2567928639597629 0.04083419441994403 
0.16986478449163664 0.2114533111932625 0.12789000501556497 
0.04697013804179132 0.4182348646001464 0.04459901956293573 
