0.16357827521938112 0.05441170989745471 0.2948887513269862 
0.03736206896664219 0.4695805150934012 0.0 
0.33962549861229974 0.03568477164793106 0.12846085603855972 
0.504836799514818 0.0 0.0 
1.4665491245156649E-5 0.1712412826120139 0.3399397588503005 
9.413724092902589E-5 0.21602787934680026 0.2876506236662447 
0.08294772581041895 0.0030725175900158277 0.41834032441350877 
0.006040506770056762 0.08234255501524353 0.4248931598711772 
0.08790473652531108 0.13277127422015852 0.30029978076669817 
0.0 0.04241487574983499 0.464358446156582 
0.12407684977897053 0.051553911901487094 0.3375544260189362 
0.24229913405851206 0.05288608252282136 0.21292801313463355 
0.21143733001411938 0.0 0.29506243978355495 
0.09145669373816859 0.07986551198508757 0.3400712789499716 
0.1385529449716602 0.1222575392570373 0.24702264990396455 
0.08423762968551121 0.16588257566509415 0.2578038464231169 
0.21035622620553113 0.23462794556653305 0.06853522771628452 
0.13634947943359188 0.377521399387995 0.0 
0.08514013607389923 0.2553346268886756 0.16409843894121545 
0.29572552802282476 0.03976636549497582 0.16987409475329934 
0.12689427219652827 0.2918478418913891 0.0864374094643615 
0.20312733783150055 0.30070909439177135 3.185326856592488E-4 
0.033516944365470924 0.21337572001902164 0.2666594200641056 
0.08690163083921283 0.04181506488653219 0.3782522716802953 
0.048937180897167414 0.28840248236675126 0.16975354328540587 
0.18022608147752592 0.33187832454515775 7.91298357394395E-4 
0.37340685151836994 0.13352947590220032 0.0 
0.041959856205915545 0.3780558079434816 0.08703702586406772 
0.08697906214310895 0.41971808262386856 4.11128611023044E-6 
0.04659901974644686 0.1245485537625246 0.33972463736777303 
0.1609864953557915 0.17956174319451826 0.1721583946479464 
0.16971808942646166 0.29448969848792866 0.04273494153579751 
0.2939597883646523 0.2092688398344511 0.0 
0.26860783602290644 0.24283897266858898 0.0 
0.42046433969070257 0.0860870909833485 0.0 
0.1650772778800191 0.21760785474966235 0.13083366218271347 
0.0 0.29308189903359905 0.21141081240345505 
0.08372185762993521 0.2976010483229977 0.12606102680167922 
0.2944966811009439 0.1253641690932676 0.0842807361290137 
5.711832753069597E-4 0.25969676003709774 0.2465040654021015 
0.213254683785307 0.12822564407974774 0.17183717756901926 
0.04444551591718319 0.0043678603129294735 0.46418508667885144 
0.0 0.3745631117287922 0.12930061410785812 
0.2921175698060963 0.1817604962025391 0.03967172251779923 
0.34475422369272457 0.07407564449537342 0.08483532278937743 
0.13858564475697374 0.24634032435568978 0.1185006925870601 
0.37909070844092363 0.04569533937494099 0.0880419883557103 
0.1664296154876416 0.08032049944465028 0.2570375423271879 
0.04491838393056936 0.17313160044087725 0.28872545263688626 
0.1306006997558671 0.0 0.3732405406158709 
0.0 0.5064764848412668 0.0 
0.043622073598561 0.039455676554931034 0.4246554061403179 
0.1291573213228579 0.3407118758052761 0.04100415279453473 
0.08430604210306598 0.3766981104013899 0.04244001504918974 
0.06468061663893465 0.22971314310194202 0.2122752447824531 
0.22623104152775927 0.030421405767200347 0.25044076029744167 
0.1691793507997438 0.12521440894113287 0.2122752447824531 
0.21330414257593008 0.1587152459457655 0.1412418976255969 
0.0 0.0 0.503426235391446 
0.21126888742418856 0.08294065123031243 0.2121424105259155 
0.0 0.33486126711011044 0.16874568764756293 
0.3392076583555695 0.16582200875019362 4.097756375913854E-6 
0.42061234773804235 0.0 0.08573957356103244 
0.4190966599293797 0.04314209791024489 0.0425536727434203 
0.13130651296806337 0.08492079617244967 0.2971868517747796 
0.12955948447985532 0.17069199078209032 0.21330137010571362 
0.25493219374136433 0.16319666613423692 0.08666220654288459 
0.03407334132162799 0.07704650761019105 0.3926400570145465 
0.3331242306004511 0.13118508097863124 0.04262521269718738 
0.1712647525125976 0.0 0.33995723543327766 
0.12762654381352653 0.20965932540372098 0.169726473447422 
0.24103271439895785 0.006655482478848261 0.2595766837199177 
0.38132612337998945 0.0 0.12606209044656408 
0.3785866034684315 0.08262562833829193 0.042325448642482597 
0.2527769436987277 0.1233126151145705 0.1287275902117511 
0.0 0.4210211355760598 0.08399553425508846 
0.07679493484241573 0.3431368158425719 0.08668297613223469 
0.25452810306170964 0.08466472265934677 0.17371572829224585 
0.0011132163218540987 0.12053188724245127 0.3853876444614095 
0.29433796189616 0.0 0.21223501124912011 
0.468356084794656 0.04515805612580042 0.0 
0.169553086867526 0.2550066268119912 0.08828955692191659 
0.25104272912069997 0.21394640772332213 0.038927566675624234 
0.0 0.4669336017643509 0.039757289719889156 
0.46268407360126673 0.0 0.04259466848613337 
0.04221415942483241 0.25249128270378696 0.21249998614657273 
0.045970911962404166 0.4153151354070304 0.042465966273808844 
0.20697063185154552 0.2437859472417347 0.053099214109131695 
0.05704518225757331 0.3317136154398387 0.12058812527171034 
0.3361469374308907 0.0 0.1707787115336046 
0.08735044429543107 0.2488094721635409 0.1691598799183957 
0.08697906214310895 0.41971808262386856 4.11128611023044E-6 
