0.010498704701401993 0.15998693204590325 0.27974460282921143 0.0 0.0 0.0 0.10287145941320426 0.0 1.629883207849028E-4 0.0 
0.0 0.0 0.0 0.0 0.0 0.0 0.0 0.5079671955151017 0.0 0.0 
0.015443245857907512 0.17320947098870684 1.5687727936922473E-4 0.17106946434512293 0.0 0.006347460152785879 0.005917488772459862 1.3279963891037712E-6 0.14950680288313256 0.0 
0.08701753948342017 0.0013911496468064434 0.10585372704428095 0.0 0.011898923898483656 0.007024446947954356 0.09909678038728006 0.0 0.09736654825554666 0.10626216559091574 
0.057904251260886365 0.04699844544260714 0.09100054883985029 0.02950212287631751 0.22638678729344727 0.002900491668031315 0.04753967983179793 0.0159723522067269 5.554917113865854E-4 0.008354212432368984 
0.12545448818447982 0.014445031968668243 0.04647321857628543 0.006380688463389416 0.005434647924764054 0.0018654677451233343 0.12284522625313234 3.220272783121673E-8 0.0 0.22461488471717903 
0.0 0.0 0.0 0.0 0.0 0.0 0.0 0.0 0.0 0.5046469990782949 
0.34178004250409416 6.988274658969117E-4 0.0035781423144639604 0.0 1.6337873610125386E-4 0.0015643506107438795 0.16083415121792535 8.324776820184357E-5 0.0 1.8274056846161857E-4 
0.02149374416316603 0.13920544433929638 0.19323397759123198 0.0 0.0 0.16826470719148487 8.67967803946988E-9 0.011761734777326527 0.004879987300622299 0.0 
0.008077904660701527 2.9562608539361276E-4 0.3099709737449332 0.10143833877874511 0.1423274280768344 9.989331312488998E-4 0.0 0.01635439557226585 2.8597908208249225E-5 0.0 
0.0 0.0 0.0 0.0 0.0 0.508826928259964 0.0 0.0 0.0 0.0 
0.15457855409785726 0.02517302627809429 0.04449602232883204 0.02487994755353243 0.004836383267125314 0.029023375617442695 0.01673290812466171 0.010041739755556627 0.0 0.21547663225255337 
0.04138396156002923 0.004858807681582463 0.040318914687075824 0.0057840209233239745 0.15489615610271448 0.0 0.0 0.12666001993247947 6.965881969821416E-5 0.1485424969162854 
0.0997968527462778 0.0 0.08592842348970824 0.0 5.867375597766E-4 0.12775246506604426 0.0017134922450071678 4.6068303668982965E-4 0.09860001611515366 0.09808645030224514 
0.09949538051127829 2.2123124230857526E-5 0.024837514725213315 0.1126708972500732 0.13523136696111204 0.12481381038060711 3.1271952188699113E-4 0.006938672624565301 3.135028797034152E-4 0.0013290301984192204 
0.37452446153247043 0.0850393147787273 0.0 0.011140090624116415 0.013483397003648883 0.00850047024383791 6.493213187333562E-4 2.378411023846259E-6 0.0340282941906089 0.0 
0.06325341427570084 0.12275728138862435 0.1988618273429052 4.228099125925872E-5 0.0 3.768145251328279E-4 0.0 0.13264822299136858 0.0 5.750287374206477E-17 
0.12562778976494754 0.022987718965126986 0.009566059914964363 0.0023212003676240057 0.00728368906681555 0.003265386215667831 0.29154931876488244 0.0 0.1439449732388508 0.0 
0.18965347756333661 0.002288040839344711 0.009961783834154608 7.403243610417494E-7 0.11519314080135817 5.625105881562836E-4 2.3965688022777338E-4 1.1649322677542037E-4 0.10124972119896813 0.09913316664608626 
0.0 0.0 0.0 0.1771802448811882 2.712738193752552E-4 7.394262287293336E-4 1.2622764204924942E-7 0.002679410897896481 0.1847002842935362 0.1458906915013699 
0.0 0.0 0.0 0.15496812847829744 0.001320896668639555 0.34900270965439695 3.812150016934684E-4 0.0 5.397864254810858E-5 0.0034695431788753645 
0.0 0.0 0.42352388706095195 2.684952708622146E-5 0.003454500497031416 9.590355379687407E-4 0.0 0.007515146490003804 1.05781239998813E-6 0.0920837680905564 
0.0012228395161782038 0.10688581566534333 0.35055092289470574 0.12669914016081485 0.0 6.174787723685544E-4 0.004180305220198222 2.2898013968888913E-6 7.76721500644582E-5 0.0010902648193369825 
0.41765623576489347 0.0 0.0 0.004918814365908737 0.007272072526020218 0.1798869804289038 0.040744651179694634 0.14540403327638596 0.005923721631079271 0.0 
0.001356247379061459 1.636220664875769E-5 6.327018220805491E-4 2.2029775844325557E-7 0.35413622009853757 0.14762001716323447 4.7680310170282274E-4 0.0 4.5673322014137665E-7 0.0 
0.0 0.0 0.0 0.34190755026113306 0.0018071432336314078 0.0022066377028789473 6.760525321656307E-5 0.16587144620810793 0.0 5.682791822214295E-17 
0.1504577576284337 0.005571672463664893 0.25602386091608537 0.0 0.0051995390784794066 0.003904666159133905 0.09537934605927993 0.004257639734632596 0.0 5.781980250582185E-17 
0.02666410551194365 0.0056490082635425 0.031195008796205015 0.0036223330588000904 0.3081712896897452 0.0015311613032644431 0.0 8.222897944245626E-5 0.14753601816871073 0.0 
0.0 0.0 0.2540920579833841 9.812789631064719E-4 0.0016728808342589391 0.0 0.006081536341284191 0.27126109722921543 3.40384046652123E-5 4.740268473435917E-4 
0.20504870342052375 0.1077828328632408 0.0032301154381093157 4.886358118257299E-4 0.016175979988904785 4.745790048981165E-6 0.18551277534703928 1.5470050303391581E-6 5.774014533564543E-5 1.8618950294562752E-4 
0.43216885828067386 0.0 0.04912630486811629 0.002830774039446882 0.019273801080755187 0.0 0.006616397171499837 0.0011168906299089938 0.0 0.0018798678163980636 
0.2894879641890841 0.0 0.0 6.446368207148724E-4 2.4446014186883228E-5 0.10650618009624996 3.042133108360647E-12 0.0 0.11824248989046936 1.3399956144638492E-4 
0.13716654381836263 6.284109385435008E-4 0.04577410304278988 0.11988609634471213 0.019398574066856522 0.009110544315102699 0.0022872807356638567 0.17274562463812043 2.327035968539479E-7 0.0 
0.19552780551599397 0.0 0.04864338237727863 8.953091735461096E-7 0.13566213563419688 0.03072833342190517 1.2416539967248437E-4 0.0036178764484843823 0.0 0.10128766157731092 
0.3189188226456916 0.013701435729146814 0.0 0.0 0.0 1.9895238253036021E-4 0.0022931713808560946 0.06212432450054337 0.11909324532763275 1.662628717772844E-5 
0.0030473964061249895 5.095700071872853E-5 0.2527478397789326 0.0 0.0 0.27670664694987834 0.0 3.25030541816155E-5 2.6537014122478357E-5 0.0 
0.05310933685476047 0.3441642911748586 0.0 0.0013616566890208156 0.002145733722675307 0.0 1.556951535213184E-10 0.1466423787280244 8.686972858985832E-6 0.0 
0.11916189202684961 0.0 0.010645317059768088 0.1293173123597569 0.015215971834563854 3.04579132227521E-17 2.5822448455071226E-4 0.12859310663582013 0.0 0.12503847190503256 
0.11290130822891763 0.0 0.010367153158660072 0.004369287781144159 0.13167098492477186 0.13989083316420395 0.002265231250606746 0.003097643174355647 0.12613848037499814 0.0 
0.0 0.0 0.020132332282385076 0.16689942509810313 0.18784609688791654 0.0024067042313267346 0.0 0.004160463671450243 0.12599480224952433 0.005690735420184341 
0.0 0.0 0.24747669206591935 0.15242283713948332 0.0021310753227817827 0.0 9.221617802895719E-5 0.1236380039612659 2.69335395935223E-5 0.01169046054394643 
0.044692212091938244 0.0 0.0029122443871570044 7.724605186321018E-4 0.17567192377191607 0.14236291303981646 0.13754236536560194 0.0 2.109731794492449E-4 9.528980237894148E-4 
0.1074342960620618 0.010827175369701764 0.058761835781349296 0.10959114796278355 0.0 0.011234426256585424 0.10585894355478166 0.11637107842995538 2.5667132050548193E-5 1.5916488364320234E-5 
0.0015423216782082247 7.159982052395164E-4 3.4351954658172044E-6 5.389577829907308E-4 2.2842750909676703E-5 0.1711294711208547 2.8772189120140773E-5 0.19465174783838027 2.948508105219226E-4 0.14765018560742557 
0.042412913260709555 0.017099680674009764 0.058435287926716956 0.007681976022267592 0.0013214106935378503 0.0018370917379582998 0.0 0.2927970743693889 0.15251277612794187 3.012321103369515E-4 
0.2607174474331548 0.13387293650585688 0.0 0.0 0.0 2.360189887164568E-4 0.0027204096949207633 0.0030880189956317442 0.12011201757369064 1.6768515226725334E-5 
0.09935490094772892 0.007805185613214039 0.026526596285843928 0.014821335094071894 2.343894302331948E-6 0.01697198478063586 0.009784894278695196 0.0 0.13046679994854196 0.21267473294310413 
0.005186284818591448 9.502312022256433E-4 2.4499865615783598E-5 0.4554650672474478 2.7350034787362095E-4 0.0 3.272023463906532E-7 0.0 0.19004779420562143 0.0028985059086762913 
0.010492862079139598 1.6780872305765862E-4 0.0011820898454677241 6.247527756614788E-5 8.207394621758823E-6 0.3314489705025813 0.17265018580269179 0.0 2.6006227970582517E-5 1.1206903638854081E-5 
0.060189829247139864 0.013558479028098227 0.06870171596757871 0.008415683942955107 0.13939272514264026 0.02558449464475175 0.02209061574911956 0.16114276266134633 0.021624716632715084 1.7342827940958598E-16 
0.12059948981655076 0.010894298353338737 0.001297821829053215 3.3264647594755115E-4 0.13716971737751713 5.318862637115532E-4 1.1561823568193633E-5 0.004486585377777334 0.23560667507588623 1.4734880919023463E-9 
2.9295083649329276E-4 0.0015491693495855003 0.0 5.3413360035507746E-9 5.305022264160513E-7 7.225773978106283E-5 0.35724743957527905 0.15108736922878357 5.553127787389141E-4 0.0 
0.2904145245251444 0.007045186441244968 5.268349349068976E-4 0.003949372167964984 0.11385852694654361 0.007324250850417311 0.15840510988375014 0.0 0.0 0.0 
0.11016675455056582 0.0 0.027407271066767137 5.88532640742882E-4 0.0 0.01117725825119362 4.51644649563941E-5 0.12439551617306145 0.0 0.24378717409679132 
0.02683545748688515 0.0020105420520437024 0.028323824877138627 0.0037234854363677235 6.77745347910066E-4 8.909850060860754E-4 0.0 0.14200586595578968 0.15807082162060138 0.14650140906303905 
0.12181162296719303 0.0 0.11497674735068467 0.007787690612554214 0.004437400146828093 0.0020822339489302414 0.08921940703389733 0.17132451107715835 0.0012620804591823814 0.008361760077563582 
0.40713582698901984 1.9975129480019943E-4 9.214862628272845E-4 4.7437739612088306E-4 1.766609204049312E-4 0.0 2.896640211416557E-7 0.07394546219524258 0.0 0.048168781449503234 
0.034416772138176045 0.18156363982651397 0.007511212534796162 6.48027131699916E-7 0.015610890614940719 0.0 0.1679193679938515 0.17043384699211228 6.280520429107507E-4 0.0 
0.08075743217032724 0.00469616231605233 0.020456903978079956 8.412795985458865E-4 0.001224905217060058 0.11709980149104529 0.023879247604305504 0.0029709382301303143 0.2667180674829114 0.0 
5.730136449391183E-4 0.002799461342901271 0.3971139317169542 3.335130738486835E-4 0.13667462495048083 0.0 3.969562648687027E-4 0.0025799738718785244 9.791059802992268E-7 0.0 
0.078951828974874 0.0 0.26742822084793627 0.0 0.0 0.11613745622252078 0.0 0.06247377960504878 7.015046025254038E-5 1.928123220799604E-5 
0.13652804441425334 0.013825044087400803 0.013527120021143922 0.11841720558178746 2.5044603672873394E-5 0.011066192879173903 0.0 0.08457094876825111 0.12229848634895857 0.012705427613101113 
0.11337525245818389 0.005440057130496581 0.029826895877020285 0.002103271094423613 0.011708651449498002 0.007882751133041913 0.22824729095024887 0.0028603631857373702 0.0 0.10732477449524215 
0.0 0.0 0.3293385296546734 0.0 0.11230035684642056 0.0 3.774451312174021E-4 0.003834467736935258 8.076932905514672E-7 0.13350818781644883 
0.25415041153012824 0.025735669615057206 0.007502201430498695 0.0 0.0 0.008020521278472017 0.10499171171093194 0.1154177276640339 6.877318428022277E-5 0.009829048589565398 
0.37488263600752925 0.0 0.01765716364372597 0.0 0.01652734935015435 0.042945271178184204 0.0012644034739746864 0.13065962443887388 3.6495384866681204E-5 0.013239947268492262 
0.027490317948689984 1.7355522335394362E-4 0.3009941987712229 0.004833954358054125 0.13893427958102647 0.008907045122605213 5.086744312511503E-4 0.0016297105063260312 0.1352352321337911 0.0 
0.14455467379114037 0.01654247422027002 0.00842035640741703 0.007135758843110519 0.025884348004280532 0.10464987118446391 5.25649353080282E-4 0.0038802515597037785 3.418088667551543E-4 0.21698837826559852 
0.05018994721015791 1.6528837427501372E-5 0.0 0.0 0.18231563275316398 0.15166567056419097 3.23127735506073E-4 0.1786005917518402 2.3823908286379624E-4 1.028831971568228E-5 
0.15679990072240713 0.0158396406969536 0.1857240227393111 0.0 0.027610320130715228 2.179217742956053E-5 0.026665818552101633 0.1122249669853529 0.003147204003849232 0.0 
2.029261703757401 0.0 0.0 0.0 0.0 0.0 0.0 0.0 0.0 0.0 
0.09029533853568877 0.004340539768818623 6.464059170208645E-4 0.14718649200319164 0.008277226332309094 1.4157179021415114E-5 0.11420254951010242 0.00118820572886302 0.13827665247019294 0.0 
0.35091385289218907 0.0 0.03899335095576982 0.005167644916009881 0.015139050334466228 0.006925721906249998 0.06629799248623316 0.0 0.1033765304172245 0.0 
0.1431637217973642 0.00912873754300779 0.03855030000384912 0.0 0.0 0.11348035695125823 0.230277361835207 0.0 0.0 0.0 
0.0 0.0 0.0 0.0 0.0 0.3627522925724366 0.0 0.01138952240641507 0.0 0.1513298937384657 
0.11543239847790022 0.16413087610627422 0.05727585858175721 0.0010057864146051632 0.00926898690682116 0.0033921572100522215 0.0 0.029786565529256032 0.0 0.1466822866173807 
0.031560055871706544 0.1665014497322325 0.02200848366398154 0.001792175025881114 0.006271786915825665 0.14725625825489083 2.8321139943639147E-4 0.004133170162470834 0.12545206632847533 0.0 
0.010879929400953683 7.578582372112229E-4 0.30248659969711256 7.437331840431729E-7 5.139968465738968E-7 3.552146600197764E-4 7.333433520579418E-5 0.0 0.0010928817340403153 0.22232707784018269 
0.03628638028436754 0.19143612886625735 0.0253043977792661 0.15664326710683613 0.01158090224850182 0.016163747692978327 3.300055816847299E-4 0.004816081649194001 0.028250217779479034 0.04547714862167843 
0.016396340503555314 9.559603739933124E-4 0.016751873009532688 0.001820339528604138 0.1649162593462249 8.193929903213345E-4 0.0020254899202340557 0.16981121753719136 0.14619800657160528 0.0 
0.2575935055970321 0.009427117907560807 0.2455914692301261 0.0 2.4201190222487279E-4 2.6888381351470107E-5 0.037443186952229195 0.10202105251629419 1.010896057793691E-5 0.0 
0.46546643708857016 0.0 0.15462328567718941 0.07060146048340755 0.015743575689424544 3.703760392387117E-5 9.310708725878466E-4 6.902020472495233E-8 0.0 0.0 
0.08144439946988802 0.005656463421833742 0.08114055607330153 0.005533767945778933 0.09914466951562403 0.0022821376319569894 0.09778486533540162 0.029500558862677616 0.12198754496897928 0.008550437372177679 
0.3693560618989239 0.0013245038480692813 0.001177733266610159 1.2770709392975602E-4 0.004295605399195093 0.025325298748449795 0.006237168488607416 0.0015989330057606436 0.09640052800829432 0.0013224795228840597 
0.48121166907010837 0.07164573246234517 5.476718147034736E-5 0.0 3.8202167871603923E-4 3.2749382089924587E-4 0.0038145316166420533 0.0 0.0 2.4024211287547694E-4 
0.015861324486127367 0.001070697442035749 0.47333789954930067 0.011884425268189499 0.0 0.09346850133997466 0.0 5.811400095669376E-8 1.5748879402088648E-4 0.0 
0.0 0.15496602123897818 0.0 2.4512656574793793E-7 0.0013208807966111778 0.34899851600243104 3.8121042097533347E-4 0.0 5.397799393526354E-5 0.003469501488492539 
0.03323394983138397 0.0019875230957770718 0.32879521747116175 0.006808488473132623 0.14102031956198063 0.005775813377900626 0.013536876140352717 0.0 0.011045864661552047 0.024623164414423644 
0.0 0.0 0.0 0.0 0.0 0.0 0.0 0.0 0.5039273310139087 0.0 
0.12980060336565355 0.0 0.2346716408595954 1.2539975152958975E-4 0.004057988597812278 0.006754619695287017 0.0 7.633741144959952E-4 0.1930421179034404 0.008107580781675148 
0.16994665285230606 0.0 0.011825051694043052 0.02997069810660397 0.013904630077201552 0.12622562850469776 0.0 0.011047928962541228 0.0 0.14106440286853716 
0.015962691277442164 0.24325115119514085 0.2644236543060579 0.0013416868217725276 0.0 0.0 5.827801155886917E-4 0.0 1.548728960532069E-4 0.0 
0.19933382441490052 0.014561668624587631 0.02191343345312308 0.004464995563318367 0.016624830375140256 0.006064172962390626 0.09346007056446459 0.10730821597622242 4.910060200323313E-5 0.1118032489889103 
0.02282093880980955 0.132468176460013 0.03930885355002597 0.17187568710097417 0.004756658275748636 0.003104203121181109 9.016812266394059E-4 0.012618439557600314 4.2546524218304747E-4 0.14483017658833813 
0.10976731399942727 0.008019563908989844 0.4210602107800665 0.07522531081658036 0.0 0.0 0.008249384883126522 0.0036158058175076394 5.226829486545374E-5 0.0 
0.05628040379227932 0.29827740863468555 0.0 0.0033681950124709423 0.0029192620004876197 0.12698214228077911 0.006542634358866454 0.005379628595224501 0.0 0.011075408258758704 
0.08064065764537373 0.008146172521691093 0.09551605112784459 0.0 0.026195180384505655 0.17051948753840257 0.026321913565480647 0.1174179186956968 0.003146430040763165 0.0 
0.1955403281958343 0.019261452637110554 0.026737376154900565 0.0 0.011433483850501663 0.1315420479382841 0.1309013895393044 0.008154048501704847 6.980672996331954E-5 0.006887946918864981 
0.08885881572727862 0.17245024274181917 0.02399468237694457 3.134265049292363E-5 0.004936639550779672 7.975570168030921E-4 0.0 0.10020935029894779 0.12199672226598378 0.0 
0.10241519178031554 0.0 0.048090141320597 0.0 0.0 0.0014982088271641573 0.00615358257384795 0.23677896224214265 0.00917251859275271 0.10923487302905927 
0.32167124298313327 0.0 0.10685596325488313 0.0035075075081556213 0.009847774781668211 2.3167416925490446E-5 5.902890523741017E-4 4.3173645627509605E-8 0.08814754511114122 0.0 
0.04281699140070005 0.009645039489462248 0.06751343703236087 0.007032553017797223 0.11734935902096828 0.008372578721192167 0.003641152515518742 0.24078335024716682 0.021693802514736557 0.0 
0.056564520976612194 0.0039089036041870615 0.07640197317855847 0.03255768542654887 0.0018857980324864063 0.11747180947761465 2.0457474955753824E-7 0.13413982239631783 0.09953339414183135 0.0 
0.08280205411296836 0.11445255819344546 0.2012191359738185 0.0 0.022805191642540194 0.007934591657534636 0.017834924555847786 1.5952930148111495E-6 0.0 0.09886561116997991 
0.3160506755196176 0.02151699615021981 0.0011121486538948173 0.08055962744894606 0.0 2.6724744655757884E-5 2.9700151356668003E-7 0.0016437139369223693 0.09905787742093618 0.0013578643161771748 
0.33023330274359713 0.0021149294951105153 0.027991964948286433 0.14609230441429277 5.622530236962652E-17 2.6551703708161133E-5 0.0 0.002942621706662473 2.5140185409146833E-5 0.0 
0.09894258759959774 0.011136515645246278 0.0017056738770833604 4.1429731235140147E-4 0.15552801569150118 0.13730576726223848 9.406869499179956E-5 0.006711172073970938 0.0 0.15818639316480396 
0.22296982654083403 0.0 0.23715446877059682 9.77590063385219E-4 0.06553694102970369 0.0 0.0 0.0 2.99106828578341E-6 0.0 
0.06871249219316833 0.023915298722569114 0.10120108143405429 0.14687688565464552 0.1534473921375566 3.6955662368590703E-6 3.110627321980656E-4 1.0498917425342696E-6 0.021537720332488245 0.0 
0.2702536288088105 0.0017061981239239184 0.0 0.0 0.10802500928227785 0.0072990309344706655 4.092826737305853E-4 0.009305772641832475 0.11104732178761188 2.8944758278622932E-5 
0.11995567694832973 0.0121177042438641 0.0 0.00863601824128789 0.0060901822030169205 0.11849251274626887 0.13715026046179982 0.11600629945835356 0.0031086030955759752 0.0 
0.0 0.0 0.0 0.0 0.0 0.0 0.5147549799983437 0.0 0.0 0.0 
0.4530839544479319 0.0029017080078299878 0.007065490268806068 0.06377959114337309 0.0 2.7621161302448583E-5 0.0 0.0 2.6001714621162224E-5 1.1898134838251929E-4 
0.1266427812598907 4.286516732539026E-4 0.028857372663724054 0.08886436753941948 0.004546553310145317 0.001055823983939544 2.2979112212258767E-5 0.0037286882284937885 0.2655536253721677 6.723242497373939E-4 
0.14401561521360598 0.02345285791671325 0.0414554403593941 0.00506443599298049 0.0126149475915378 0.03124453070390062 0.012500782101614927 0.12660280390967368 0.0 0.12352211059223803 
0.0 0.0 0.25562053383489863 2.808173852555682E-5 0.2578886219951357 0.0 0.0 0.0 5.035479957630735E-5 0.0 
0.05676039418107155 0.0039537326661063105 0.050802651090680315 0.006592598402617102 0.0 0.0017091421132076168 0.14726709655050083 0.1444437209358862 0.13619384223869022 0.0 
0.21494407434735632 0.007866281906865709 0.25804001565284646 0.0 0.008010926519940299 2.5630464690119904E-5 0.09257954317194791 4.331784770375508E-4 0.0 0.0 
0.3540571606289397 0.0 8.002856058879682E-4 0.0 1.5337563160400567E-4 3.941411884272125E-17 8.245110022999667E-5 0.174425852504272 0.0 0.0 
0.30574666308781345 6.623228018016959E-4 0.0010094934136101413 1.0576992221225003E-4 0.0 1.9603372439465043E-5 0.0 0.0 0.11398522241215153 0.0997731262324062 
0.005553863544184667 7.124751622972509E-4 6.206836393493741E-4 0.3267048737164724 0.0 8.541876313320252E-7 0.18248808422529877 3.0263131167826945E-10 0.0 0.0 
0.03236778641184078 0.17116586258425592 0.007172437450388015 2.270900089670808E-5 0.0 0.16178406365778053 0.0 0.14939810497670125 3.2443643704749997E-4 0.0 
0.0022669907108176265 2.908199961641772E-4 2.5335228954892795E-4 0.18236999298602488 2.2515574010713893E-4 0.15515615177093078 0.17551837098164025 3.0263131167826945E-10 0.0 0.0 
0.0 0.0 0.25998658680630865 9.759604432871976E-6 0.013933819455621482 0.0 0.1247547591395414 6.270341576941653E-4 0.11657572850533757 0.0 
0.0 0.0 0.3433895734736396 5.838505833410825E-4 0.11729067445521077 0.0 3.4841132113556933E-4 0.06332341418154709 9.50962125437638E-7 0.0 
0.2983275052492828 0.0024005182365545844 0.0 0.0 0.008614408369284591 0.1274544737385758 5.709929399689129E-4 8.259078224346021E-5 0.001119141098368412 0.09770743673127293 
0.0 0.0 0.0 0.320654720085801 0.18386443461729277 0.006725594908528676 3.621576802297174E-7 0.0 0.0 1.1102802461769298E-5 
0.006673634377219438 0.1514239903624382 0.07645720239887766 0.0 0.006026301188229385 0.0 0.0 0.2691634263795423 0.0 0.0030200000974166486 
0.27337057473152854 0.016934771331103056 3.001335892474093E-4 0.0027481180709473508 0.0023926062726343927 0.0 0.10337539948380059 0.0 0.0 0.10670374743864831 
0.03544895295533082 0.18252058525218945 0.04465676854041104 7.841902719624788E-4 0.0072268319175201445 0.0026447928173046536 0.0 0.10673195785920014 4.133102136827798E-4 0.14673426499290515 
0.1359786848861758 0.10415187798679264 0.003720819084715156 0.003824898968597542 0.14130776352955007 0.008918684915060092 0.0 0.006591498894752751 0.11232427333917644 5.737838000339452E-17 
0.0012435426541155092 1.862808320831093E-6 0.36632810658531617 2.3302522642561944E-5 1.0272115362997081E-4 0.0 0.28774291848356925 9.844623513329798E-4 3.199576809263672E-5 1.4288806352352501E-4 
0.02505663608741406 0.14544567681392398 0.01782856871635361 0.007918245685598277 0.1808636298301052 0.003153391716579569 2.094005665397713E-4 0.004797783037072615 4.226336250642693E-4 0.14386628208725272 
0.0 0.5309454988491374 0.0 0.0 0.00675010783362884 0.0 1.248795575491205E-4 0.0 1.3358586534990588E-4 3.17911766095264E-5 
7.731146469395113E-5 7.793205885888246E-6 0.2058441576301504 0.0 0.0 7.409799371392113E-5 0.0 0.0 0.2086846676075287 0.09815389591796672 
0.08035078852149341 0.008381592771938073 0.021964969715788877 3.9898277639138096E-4 1.9783166074802736E-6 0.003827795277963031 0.1412539094136187 4.698458736071956E-9 0.2652061147765881 6.745044721695999E-4 
0.034893526816654384 0.0 0.12009493265960729 0.1408231751770233 0.03268721747041189 0.10904945342402426 0.0 2.6292829485330905E-5 7.893054346246108E-8 0.09748577451171865 
0.007455838527942373 0.05151155642552216 0.27568612678809523 0.14479289109771754 0.0072071195288529915 0.002190926854994906 0.0 0.014776194315676682 1.369676609046936E-6 0.013950680383156507 
0.12732294030452743 0.04948903165659384 0.019647247377207196 0.10472881793234404 0.00851423764556772 0.011883529119574264 0.11427767751198414 0.03162059871949071 0.029841151221218023 0.022929172623045332 
0.00577410027408658 0.18900759596150932 0.002774774485114142 4.39922176225147E-4 0.18138580789198092 0.15609224604745747 1.951327142189641E-6 9.110111647965146E-6 4.291110002093776E-4 0.014845207758068827 
0.03581418224401608 0.1266816153088194 0.22083305389133462 0.0 0.15226183661921275 0.0 0.0 0.0 0.009924604776154608 0.0 
0.0024569558923240734 1.9770109433945194E-5 0.0 0.35341485142622014 0.00361877243462774 0.14812453038052564 4.279272536895966E-4 9.594052247696225E-5 0.0013000358973038887 0.0030204264121843414 
0.04726096669374937 0.0 0.2620207100100771 0.001673100516582974 0.0021491902600300023 5.543980038213152E-4 2.0056803847487312E-4 6.673631377245167E-7 0.09785825135468659 0.09745087510927987 
0.16553408699552394 0.21195663710605492 0.09421389279261369 0.0029028345254251977 0.01889485546515799 0.0 3.4958921492137994E-7 7.199625154410589E-4 0.008808688252077831 0.002285869299021741 
0.0 0.0 0.0 0.19624912730328994 0.1808636298301052 0.003153391716579569 2.094005665397713E-4 0.004797783037072615 4.226336250642693E-4 0.14386628208725272 
0.021268945438192122 0.14382693725623957 0.0018385218610485888 0.010915511890634232 0.009062999612849088 0.1492565970950063 0.17358267787355028 0.008444352741857558 0.0 0.0 
0.22144862682893707 0.08838398927273032 0.03295004520106606 8.192648922208968E-4 5.212152390283401E-5 0.01736874864672225 0.03374269352934493 0.011676955748689296 0.0 0.0982575661251409 
0.019749701992741488 7.227774197693428E-4 0.4908810974843305 0.0 2.4141773791189292E-4 2.6822367587328904E-5 0.09688480361349842 4.738607997084462E-4 0.0 0.003607926943446044 
0.018439176515845916 0.16967000158159415 0.004945225707072128 0.03737965513621514 0.21236853844498943 0.0037026857783602285 0.004500857706327137 0.05365156285902028 0.006348605520259317 0.0 
0.028841291183787976 0.1685270279414539 0.015774946729721323 0.00896146574992641 0.0028828165206493898 0.0020373298531214013 0.15653906062010278 0.004800048333261011 4.260239830154009E-4 0.1491628955073275 
0.0 0.0 0.30659853836127304 0.0012529839890174166 0.0025108520540842116 0.10241172491710858 0.0 0.007248403715262224 1.933469248512191E-6 0.08881553790115482 
0.0 0.0 0.254435617396221 7.60157304958267E-6 0.017749971625472722 4.8195927612737087E-4 0.02500072007850793 0.10068169650485055 0.12420386299189298 9.637312091244951E-4 
0.07309204093412094 0.14185131884122815 0.22979339519962486 4.885750404534517E-5 0.007695325156916252 0.0012432466483218503 0.0 0.038032391689707776 0.021529490254381056 0.0 
0.13810505456242333 2.5884824458785583E-4 0.0 0.125363538052533 0.010576868829732635 0.09540657154012804 0.0 0.1352748110040356 0.05752916493661954 0.004389883582289332 
0.0 0.0 0.0 0.0 0.5266418174728056 0.0 0.0 0.0 0.0 0.0 
0.0 0.0 0.0 0.3474217931363946 0.009651714199494581 5.690802864042253E-4 2.5334834241923864E-7 0.0014056236150285686 0.006399435943238275 0.14584165864367546 
0.17075800732152493 0.008193439883730067 0.044923219081034506 0.002051394266500818 0.027862726602606587 0.012314576884029945 0.13257697730130877 1.5218902634686295E-4 0.0 0.11305589145714194 
0.06882089644540902 0.13356221552789604 0.21636538332711602 2.2999990839669E-5 0.0072452496940113706 0.0016281237267722977 4.5724682924271157E-4 0.0038654069240909193 0.12086782915248549 6.137705361928965E-17 
1.024269406923575E-4 7.144510875048035E-6 0.26869828336460366 0.15610057332829042 0.0025319629318515694 0.0 0.0 0.005946182752570697 2.1388659194423933E-5 0.1040857287229653 
0.13569433471719528 0.001637060303294295 0.06330264975773779 0.0014033145485291335 0.1507472226857744 0.14622847725043595 4.723085178427494E-4 0.008274276617498447 4.4693192530564044E-7 0.0 
0.12065311669597625 0.0014555981885564114 0.05485317392831652 0.16146598263321654 0.003103021666022504 0.13991510927721879 0.0 0.011555362579722492 0.011270920856172463 0.0 
0.3303738614610163 0.0 0.08245449643630015 0.013221974568452527 0.0 0.07506357388752302 2.5011522255665608E-8 0.001098575906372053 0.0 0.002282148517258742 
0.09898874962770707 0.02090566809178175 0.13665261251704588 6.131581284699294E-4 0.003746409219309873 0.010647600132197023 0.024897943529028424 0.023447217033315666 0.09974138666555667 0.10145353638504684 
0.21960314285348834 0.03057960897888854 0.002786056508462112 0.016541132085724688 0.013733874800469665 0.21086758185253984 0.0 0.008185253548987107 0.012417380808752706 0.0 
0.1502696351321182 0.14202833250356503 0.01776819818951186 2.496441344066301E-4 0.0032639902373691014 0.03576343252350318 0.1623878875625136 5.372415251521759E-5 0.002620650058779995 2.699110531212505E-4 
0.010606795794282073 6.123217943231926E-4 0.28951827374379946 0.0038189699556459298 2.0995923620131509E-4 0.007194101424320209 0.11087434856076775 0.0 5.264530853277474E-5 0.10194522226787507 
0.12734415784024153 0.12036016708377927 0.015057441463756337 4.960703135749598E-4 0.002769021046707179 0.006905464528250108 0.12686921946887775 4.197321240236408E-5 0.12423628589047114 2.749872084969486E-4 
3.073623113131422E-4 0.010061101954045998 0.2675664865595044 6.189103701328954E-4 0.002730615165119516 0.11573111654165985 0.13565301027832988 9.062342360894435E-6 4.268609370546873E-4 0.014767366232254166 
0.24994127821966516 0.0030153723483062893 0.004338090278358848 0.0 0.10211193127607507 0.14897331986078483 4.811741818322965E-4 0.0 4.6092031014960157E-7 0.0 
0.4932771961934169 0.08998728967019289 1.0191925090545304E-4 0.004058757344967781 0.0 0.06628918553632784 0.0 0.0 1.9328206555143797E-4 0.013902811101689734 
0.13842109809230188 0.002213720864709276 0.009620501574233413 0.0036718802148386002 0.14367203043167093 0.008819045334945454 0.0 1.477263057049055E-6 6.48816828033852E-4 0.214117581284207 
0.0 0.32619670593780037 0.04375040622536967 0.0011393553450744706 5.691640476145418E-4 0.0028013184706910696 0.007587770480213027 4.759661435187165E-6 0.004230630095725395 0.14283013553693252 
0.16578604391279853 0.03360479942839382 0.20809744546892583 3.2808178496389437E-4 0.04667371656586728 0.0518340963115988 0.03990865357275176 0.008118542316050695 0.002838616638815254 0.007280064213584667 
0.29059857626246977 0.10172837617937433 0.0049665304237987975 0.11741655854032672 0.0 0.02118303491092217 3.775806530071348E-4 3.073907239809529E-6 2.2450332233311243E-4 0.003925795624532418 
0.33889543156845087 0.17401569031593217 0.0 0.0 2.3138168017558282E-5 3.036048518338512E-4 0.003536281396412809 0.003972702891323867 0.0 1.6768515226725334E-5 
0.2773224410784347 0.027948418834293543 0.15168318068301173 0.0 0.0 0.01791122666360656 0.0330332745735428 0.012180361584329544 2.5667132050548193E-5 1.5916488364320234E-5 
0.15046159131322998 0.0 0.010469262356071056 0.005704242631337292 0.004935586636710533 0.09597563515335769 0.1358173659389203 5.884603229219862E-4 0.0 0.15580797434364607 
0.0 0.0 0.0 0.5523308133833389 0.0 0.0 0.0 0.0 0.0 0.0 
0.2910437551728428 0.010651292585635986 0.0199578263201504 2.932718278597119E-4 0.1047147773736443 2.236936686125948E-5 0.003366385987094365 0.01254012729103355 0.0 0.09787922296508858 
0.0 0.0 0.0 0.0 0.3430971768507215 0.0 0.16230681490016652 0.0019841796040389577 0.0012515932696469281 0.0 
0.23661262192256016 0.023311219806933913 0.04082456559920563 0.0012259019236844923 0.014221469297221434 0.002003123974309802 0.11093051511337178 0.005815229968841735 0.099394814326253 0.035142339946685856 
0.19679408091919756 0.008405523340732352 0.2092094181106582 1.223039797167213E-5 0.0 7.231092693522741E-4 0.0 0.0 0.0 0.09826190717044826 
0.0 0.0 0.3674244437266731 0.10712086014336962 0.0049241892858328615 0.0019561463360359887 0.0 6.783696194873648E-4 0.13230721779074137 0.0074435959898354505 
0.16067232692604597 0.0 0.034724948362455536 0.12007462015283311 9.435281353401626E-5 0.006231406199296794 0.12671299197879377 0.0023727763529781897 8.38148949009949E-4 0.09713815001586838 
0.03329564661275239 0.17607253088791658 0.007378043702513692 2.3359980789692464E-5 0.015141311966866659 0.14491776568431453 0.0 0.0038594764644910413 0.010960818927100055 0.1443302872551203 
0.020093569465038652 7.353618954470466E-4 0.4994279627612057 0.0 1.8887428076411387E-4 0.0 0.0 0.09847306849675114 0.0 0.0 
0.040653045757675296 0.001836552799920202 0.23556764833540245 0.0015041877953274772 0.12590915206839176 0.029326389935567975 0.07393543804081014 1.0801792235059554E-6 0.0 8.76732070862285E-4 
0.0051161847976286855 0.16747159612630574 0.006187884634659578 0.003694500136776707 0.1671621282417351 0.0029236019166543024 2.65984157622874E-4 0.14616837350177042 3.435737799898709E-4 0.013831894373065123 
0.2324079757799092 0.0018700910052334154 0.0 0.09560358968790895 0.0033542986708517976 0.13729902179578607 3.966526893310803E-4 0.03724728072926612 0.0013000874791462972 0.0030205462543821788 
0.0 0.0 0.1829703636545356 0.16577887498941576 0.020825676564097603 0.1263198663489871 0.0 0.008589037782259962 3.136031701929973E-4 0.0013294553590729118 
0.1735467608090366 0.12821288500970965 0.026252926874903482 0.003005624183057217 0.04082339813962457 0.04217626864834002 4.375352360017043E-4 0.004964366888830621 0.11735687050103252 0.0 
0.020733861692110514 0.10964386863151344 0.1427837405559919 0.020881969121653916 0.0 0.0 0.0035897673161989626 0.0 0.2546976235435339 0.0 
0.028571011751345493 0.15142192971315466 0.0 0.2780425538277536 7.813494099973556E-4 3.3618135301652423E-4 0.0 0.014535718537753053 0.023801583625043164 0.010356522234944397 
0.0 0.0 0.0 0.0 0.0 0.34550204384897715 3.8358432413618493E-17 0.17393576829315546 0.0012813165666458646 1.6767622602323996E-5 
0.09908149978939917 0.011328795917123935 0.0078087987403442395 9.518195390645146E-5 0.1615672063423964 0.20821696980983093 2.091702585492536E-5 0.008085991996519873 0.012549994058939673 0.0 
0.2625273796498713 0.10493108715438948 0.03743817277935315 0.0 3.484993660132427E-4 2.39863857708824E-4 0.002793848953875474 0.12556785421277775 0.0 1.7190342354931747E-5 
0.144540202597645 2.996488422361428E-8 0.0 0.12941731215189836 1.1840927081871683E-4 1.436950334099444E-5 0.23619544496463551 0.007697849844683224 8.11375260644618E-6 3.381457246695124E-5 
0.05738437529837304 0.2996446989344406 0.010907693142453467 0.0 0.1577135915013002 0.0 1.2208205428163501E-4 0.0 0.0 0.0 
0.03343585048258408 0.16335103312062668 0.0 3.2934922030215027E-4 0.33479584627801134 0.0 4.0177458164529424E-4 0.004617793850136965 9.726933086380611E-7 0.0 
0.10671772552207077 0.007411742425580396 0.10897381196868976 0.007338274882571344 0.1314747646045231 0.003026320118091529 0.0 0.02886431933876633 0.11935663557178947 2.995671386099342E-4 
0.017917164154278846 9.935596258757184E-7 0.41749024002685575 0.0 0.0016029857765971786 0.012950380240817318 0.0 0.0 0.09726660984780372 0.0 
0.34258311077939047 0.001228496552020904 0.0010923647064823145 1.1866712234029761E-4 0.005071075856502558 2.219763174746379E-5 0.0024123481004620457 0.0013820700138912423 0.1508778641929769 0.0013197204249010555 
0.0 0.0 1.259592373382656 0.0 0.0 0.0 0.0 0.0 0.0 0.0 
0.14418151686966005 0.0 3.258976386211544E-4 0.0023515161613857183 0.2446279701985234 0.005216692958979392 0.005320501679281291 5.751581628328713E-5 0.0 0.11351880281772547 
0.005449432910130394 0.018829422343320967 0.002181755472434296 0.17081863121867805 0.31556377457292467 0.0 0.0 0.0 0.0 5.126875469186163E-5 
0.0980598815019373 0.0 0.042696423587863 0.12753115553462824 8.475654641935989E-4 0.004931173125483096 0.0 0.011865557359162665 1.7774426430101477E-4 0.22807107751270683 
0.5880174550816982 0.004731533631659417 0.0 0.0 0.016979401487330296 0.06915866522811856 8.947164857537995E-4 1.2836723610831554E-4 0.0 0.004030980732955203 
0.0 0.0 0.2961827002580878 0.0 2.49557838974947E-5 0.12187107943361643 0.0 1.4225869788161122E-5 0.12463054141339515 9.415109193911814E-5 
0.1813500970768221 0.041102255127591976 0.06790495968140857 0.011825444782254602 0.03427758933628091 0.0 0.018110051949302063 0.16907600487017937 0.001678474954279262 0.003844099840058092 
0.38404255440714746 0.0 0.09584909439782753 0.0028225191632863353 0.019217596368246333 0.0 3.5556050902001553E-7 0.0010991873444928413 0.0 0.002285869299021741 
4.1839517073857097E-4 0.2005846113418371 0.013263827344676238 0.16066171182842673 0.13616039400971863 2.8856203254874746E-5 0.0 0.0 7.932812417830417E-6 0.0 
0.0 0.0 0.3038031983546035 0.0023125847221347655 0.0016477290996819852 0.0013855593332153286 0.0 0.11311502572260605 1.148414491652221E-6 0.08928936430712334 
0.13615508364652562 0.10653652972734994 0.06057081719952422 0.001783661007499781 0.03762034282417945 0.0 3.621308460465888E-4 5.00438458570595E-4 0.09520840555598786 0.07166508738416877 
0.021346204488105668 0.009776066252201905 0.009436817141604563 6.57080468153293E-4 6.911578519640486E-4 0.3207072330593663 0.007734637972872619 0.021374897634804185 0.11872535257195319 0.005312171061293347 
0.4247095397476415 0.0 0.025093638996563167 2.804310250900547E-4 0.052881268576651735 3.212703823500062E-5 3.5631510890002226E-7 7.33814177165069E-4 0.0089781623111895 0.0023298481001346742 
0.16068857281828924 0.0 0.011180865573561004 0.006091964064972878 0.005271061975032427 0.10249916741885354 0.11584519566385103 5.858535087651764E-4 0.12539025925597092 0.0 
1.3945141584140157E-5 0.1708594973937223 0.011303674071494617 0.17081869476433736 0.0 0.0016900932727792074 0.16487136262751295 0.0 0.0 0.0 
0.0 0.0 0.2370203065041848 0.0015071676632542408 0.1360880573177921 0.1256045055435445 0.0 0.004278192489780558 3.1361212801825513E-4 0.0013370138995764484 
0.09617183987812537 0.0010702019638169952 0.0015891262900609906 0.0028231786060010228 0.14260914216220788 0.005528538914101368 0.13332509880814017 0.12792550757128374 3.169828193146887E-5 0.0 
0.04453794906345741 0.03290374833399963 0.2768357393316156 0.0032462927338426334 0.044092239308717765 0.01501367751945111 4.4029537518438974E-4 0.004995684009006592 0.11809720241026868 0.0 
0.04952533708012866 0.00500295944787323 0.058661037332706924 0.007401227583610023 0.01713967512340783 0.11117199129667242 0.0063649590202043286 0.2634579343883979 0.0031102607835107087 0.0 
0.09137371267018443 0.014566804268309804 0.10405178906206708 0.01234146683938515 0.0 0.04177101322707442 0.008185316708956506 0.14725838236687125 0.13884774475797698 0.0 
0.41678647944759695 0.01744265711608558 0.013266253414590553 0.12361516873578265 0.0 6.024487817377457E-4 0.004078552818164232 2.2340655642065155E-6 5.327458192923984E-6 0.001063596649210415 
0.007828166507239902 0.17762019055076556 0.09235746138846117 0.003180652705338641 0.002167982559650657 0.18277097793060573 0.0017450647353845087 0.015668697489906763 0.018112954043282024 0.010191219121797343 
0.3355727754459822 0.014043835748595558 0.010681232951712437 0.0022259915785467865 0.15539337518470223 0.0 6.825716636528019E-4 0.0 0.0 0.0 
0.3725502844502983 0.005417738647541519 0.005384366431496643 8.536557514295416E-4 0.0020741469420008404 0.15893034170372933 1.9868065028013786E-6 9.275753241003538E-6 0.0 5.297122872450971E-5 
0.19431403756695942 0.019676544461539314 8.1580986787079E-4 0.13298180588913397 0.0 0.013632253329770548 0.020246342961113488 0.1100176258138523 0.03402503313643869 0.013351834939745838 
5.705165281985133E-4 3.7967258394605645E-4 8.111140169613359E-4 0.16505540510229963 0.16754303106510285 0.0 0.16979700722759286 0.015975044165400517 2.3942974845415644E-6 0.0 
0.04002787757455125 0.03248894475631819 0.06290658714792856 0.029561135671612577 0.1657028907143554 0.00208205839408891 0.1689894373666993 0.01595729694117528 9.645177856553355E-5 0.008338953860600337 
0.26061120864067056 4.6701968213946725E-4 0.27880154398984 0.00821892782782768 0.0 0.007392539044007958 3.9350119238155796E-7 0.0 0.0 0.0 
0.00853739784746481 0.3575338650022582 0.001163088502736288 4.0343312321470074E-5 6.126797290724716E-5 2.3416116628634197E-5 0.0 0.0014402146954670054 0.1560018121061951 0.0013720430486486158 
0.027210932708229454 0.17633493322173027 0.0012134718696777363 0.16229045423222016 0.0019757185248154927 0.0 4.097006184940723E-17 0.13634856814697277 5.610779382255138E-17 0.0 
0.0 0.0 0.0 0.17251449326275475 0.1732656243510546 5.213061256769586E-6 8.836732165308236E-5 0.16510525859198388 0.0 0.0 
0.02336584062684517 0.31279407651319663 0.033099672620179016 0.1497084833062697 0.004386063364280765 2.74388865663496E-5 0.0 0.0 2.58301267715857E-5 0.0 
0.39615842555146125 0.0 5.646886887955716E-5 0.0028301816476661197 0.01944602730118899 0.00393909499596847 0.0 0.01326326065455715 0.021892422858077364 0.08640981508673945 
0.027578183823999097 0.011791849095766584 0.06460106805852027 0.0068515665242615004 0.16371573700687486 0.001716666712572134 0.14817369194028568 0.0024305218943221065 0.00650944668643955 0.1235792533557458 
0.48582935004493816 0.003632837246655628 0.0 2.3056842150656615E-4 0.0 9.79891687053392E-4 0.04226924828057463 1.1315826284673167E-6 1.3237438383364666E-4 5.089112109139996E-5 
0.0695332663422544 0.007893866222557106 0.02142125376517317 0.0 0.15189077106507035 6.983129690699408E-5 0.26059443467126236 0.012867087123889403 2.0591934504248812E-4 0.006911091876680399 
0.06872702892486418 0.004901376167344454 0.262257594415703 0.0 0.0 0.009374010596568368 0.05514050546060802 0.1154177276640339 6.877318428022277E-5 0.009829048589565398 
0.17207316248997298 0.1396645490325968 0.010985501649732691 0.029307076124766778 0.024589245423275074 0.0024178857659668176 0.0 0.1520148122455171 5.775820517231962E-4 0.0 
5.018963912868248E-4 1.026212591864767E-6 0.25755763811166904 0.14985946563453514 1.8637793319750768E-4 0.014487616240281918 0.0843071232584609 0.0 0.007754615908710334 0.0030490967094244942 
0.0 0.0 0.2806523861122522 0.22613145232034468 0.0 0.003253536570475755 0.0 0.0 0.0 0.00571986591486254 
0.17529116506047634 0.01791913079765145 0.09600245573666892 0.0 0.0 0.011336271676395011 0.10681860525006551 0.11742603762998093 2.642304169512049E-5 1.606079491702818E-5 
0.2856134244132404 0.0 0.010931452203799631 8.598493399688351E-7 0.005516121233408079 0.1268019859919221 0.14088996497932502 0.0 6.196745884985312E-4 0.0 
0.3620750620213787 0.0 0.02792899692030153 0.12427217463440386 0.0 0.0038995430930155077 0.0 9.116582907085204E-4 0.0 0.07794281851468672 
0.009665870246864786 0.206618122303309 2.1425533304416276E-5 5.349053676969492E-5 0.20194431882593922 6.541593781686992E-5 0.19142361672523098 0.0 2.452622461311978E-4 0.0 
0.06890426347306294 0.014750448480949198 0.03823894117176283 0.007938965124264452 0.0016383069544249089 0.0019024949745019917 0.004172765934115847 0.15388739340082588 0.22530257303582638 5.736923742169325E-17 
0.1617804436450022 0.009407768455508687 0.04237623108584502 0.0017008449694662403 0.005477900375202919 0.11470413853077553 0.03558892342421781 0.004427798351197843 0.108288100054548 0.019425738264860368 
0.20044463110404637 0.03672546908933614 0.04147348714630187 0.18197779276119885 2.72905089851871E-4 0.0 3.2649020900970025E-7 0.0 0.18963416594190508 0.0 
0.0 0.0 0.0 0.0 0.34582757530794367 2.8512003718749945E-7 2.501340758359546E-4 0.1650264235872182 4.6295222070248133E-7 0.0 
0.4074964752678037 0.0030470953907927346 0.02881604769239731 3.537424063169057E-4 0.07400718177952177 0.0 0.040491637244540385 0.09142451036465457 1.6036565761510946E-4 0.0 
0.1964034697300004 0.011360559591336007 0.05259200419401709 0.0 0.0022339248388244153 0.002471657778664855 0.19521828480942416 0.014451647452945124 0.023853981707509096 0.01037932163832342 
0.4081564123267603 0.005809181072306805 0.027978556263860425 4.2644032221882565E-5 0.0 0.017431434682344312 0.0031656204507841384 0.06254838942017849 6.06224714930903E-4 0.0 
0.2744106371908888 0.0 0.06848723081867929 0.0020167798416937176 0.013731584701150091 0.0 2.540593085855263E-7 5.232231747240474E-4 0.0064015969353391974 0.14589090715168615 
0.4727540056227276 2.3346281794379953E-4 0.0 0.013527202444770058 0.003977445583852729 0.0 3.5487875652241653E-4 0.0 0.0017053904396125625 0.030186952265725514 
0.14931927111267976 0.010415357025286861 0.2650450522493667 0.0 8.176697796864748E-4 0.0 0.0 0.0059205439540483415 0.0 0.103631816565498 
0.4799432202747743 0.006830903513455343 0.0 4.696976175708205E-5 0.002596830179719169 0.0012132272959113775 3.7015439237816987E-4 0.01178547136349024 0.03207615887068702 0.0014033470567904832 
0.0 0.18536276785420375 4.0880513090788466E-5 0.16923659944258848 0.007282478595287424 0.18700312727223475 0.008640359616307531 0.0 6.059249999757035E-4 0.0 
0.13413896125848654 0.05449384610403888 0.04692804562103213 5.245509939508909E-4 0.0029790692384380735 0.03232438033880174 0.03518287535921528 0.0 0.23181716168873015 5.4594774332860994E-5 
0.005071171493080726 0.15935126262515176 0.004350895413084057 0.04517759708799791 0.006032307577026045 0.002051364537865722 0.002397145020473575 0.026302515310108823 0.008899098984000424 0.25941251538016874 
0.07704996904032979 0.0011946755417175216 0.0936840861656104 0.17127986599631398 0.021022146508737752 0.0057751484661325535 0.00967642524198136 6.069070582365005E-4 0.007844357672818367 0.12064118940003457 
0.018693257153136484 0.3995879930176752 4.1435793516104115E-5 7.054121349715401E-4 1.2532488813358936E-4 1.817515528811381E-5 0.19062215862943585 0.0 2.437655832092122E-4 0.0 
0.18052245787545193 0.07178753949348672 0.2763183951322537 0.0018118755836516373 0.0 2.1288647054454985E-4 8.794408521160488E-9 0.0 9.337049235397782E-4 0.0 
0.014482620676642828 0.0 0.058146000292378444 0.15000942981489873 0.006293720329990173 0.14777123628969466 2.842018337421671E-4 0.004147624501274519 0.12589079171336248 0.0 
0.12058944216176595 0.002096901010618707 0.12409939523683004 0.2235982989800311 0.004312918593652484 0.008697540807344434 0.008105104237474296 0.0 0.010642495093272046 0.004591038517914192 
0.029959549711725302 0.0017467399107064135 0.008380274650403382 0.002362555831406667 0.20081339988304556 9.924658272540238E-4 0.0024533155067526804 0.20567887751147337 0.07329429994294016 0.0 
0.014308152900385245 0.0 0.05744553291179966 0.14820231132289247 0.006217901773744241 0.14980548217927953 0.0 0.004136536345967227 0.12555423842850102 0.0 
4.827475388919306E-4 1.7691414974940157E-6 2.2333705789486408E-4 7.776278100442458E-8 0.5030219711776173 3.193890778448457E-5 4.7680317043577566E-4 0.0 4.56733285981181E-7 0.0 
0.3262300025510639 0.015653414771573698 0.0010862384249139727 1.1800160449625942E-4 0.005042635869045074 2.2073141326427354E-5 0.002398818989152805 0.0036259674260164607 0.15099161485862872 0.001320715395751218 
0.04890241484400952 0.010468620001033194 0.06275026335107117 0.007953791706516987 0.0016413666092331206 0.001906048019235527 0.004180558871403562 0.15417478905758625 0.22572334162197544 5.747637855458452E-17 
0.002909795994121378 1.9286383425541774E-4 0.25309913564378095 0.0 0.0 0.2770912433164964 0.0 3.254823038782533E-5 2.6573898090843038E-5 0.0 
0.216558246601837 0.11383276709032829 0.0025211825896235504 5.146869935362691E-4 0.0 4.755783174237486E-6 0.1859034062813109 1.5502625311726926E-6 5.786172772734459E-5 1.351677155646227E-4 
0.13529392898650527 0.12787394549081466 0.01599743914967529 5.199704679633056E-4 0.002836016146484011 0.0073336235063153595 0.13473548177947367 4.4575674214280155E-5 0.1319392986259469 0.0 
0.0 0.0 0.0 0.536886024196303 0.0 3.151797635117091E-5 0.0 0.0 0.0 0.0 
3.7009243697013155E-4 2.4629251721599644E-4 5.261673384743766E-4 0.1715725981670019 0.0232888814807796 0.14564757261647274 0.17350001555308353 7.515458151692408E-4 0.0031016289754780494 0.0 
0.19446609006017154 0.009331019044582181 0.05116036960513331 0.007569129524283729 0.0 0.008404938684780679 0.13602120787536767 1.5534687091177366E-4 0.0 0.10883890944923895 
