0.0 0.0 0.0 0.24996816815057837 0.25056232795091343 
0.0 0.0 0.3335284450004602 0.16665077805553588 0.0 
0.1744003976794297 0.001798630755523272 0.08604929241353074 0.08353589743522072 0.16823405855642867 
5.130109038888918E-5 0.2506904267348467 0.0 0.08329077385265532 0.16670888097742062 
0.0 0.0 0.5000373988255031 0.0 0.0 
0.08309000038841259 0.0 0.08237223757653996 0.0 0.33569291276469554 
0.1667017610203762 8.658116526149863E-7 0.16670262683202883 0.0 0.1674744909201458 
0.08392526325706677 0.0834564667159277 4.062237900760438E-6 0.16651672426384806 0.1666440079855665 
0.25239867235540764 0.09028644697859582 0.08059082896639326 2.0532867755899693E-4 0.07845367371735906 
0.0 0.4190255868813362 0.0 0.08382938111494356 0.0 
0.003172113833494 0.1672131462049877 0.0819883311507984 0.08504893757903637 0.16286188023771853 
0.08095023467156304 0.16429022641933524 8.691084150467155E-6 0.16840801931750324 0.08809185599944092 
0.0 0.0 0.41730110752344524 9.133760474894586E-6 0.08329166139240249 
0.1667343751227259 0.0 0.33349249689688926 0.0 5.553633908523983E-17 
7.933009260622242E-4 0.08351599318199232 0.08323049944133606 0.33316377916145656 5.558926349356589E-17 
0.07810748187211573 0.07752891598117422 0.15753623480600965 0.0 0.1870807893540747 
0.33324600792037923 0.0 0.0 0.16723726460051108 0.0 
0.0 0.16712467907573894 0.16712467907573894 0.08301621984605909 0.0832827469710486 
0.09076308440218779 0.16830834965167618 0.16833377957126064 0.0 0.07322815743478582 
0.0781601173523748 0.0 0.17288278541161886 0.16888821438863968 0.08092829902834275 
0.0034828403018053356 0.1589542420718239 0.25572974346601013 0.08526989165175027 0.0 
0.0 0.0 0.0 0.16709053429289275 0.3334200172864763 
3.424823792248936E-5 0.16735912072475 0.0 0.16652426167708875 0.16665155116033065 
0.0 0.0 0.16732856043488029 0.3327437283709943 0.0 
0.0 0.25085587170287815 0.0 1.027861385421195E-6 0.24977154139696203 
0.33350572915980536 0.0 0.0 2.5258074769637634E-7 0.16655160200330907 
0.08123815460766425 0.0 0.33478166937860415 0.0844702486166749 0.0 
0.008172809253531721 0.07309751355807913 0.33894023584873534 6.383009798984072E-4 0.08288786554907371 
0.0877300370374411 0.1640287086316089 2.2820273421640433E-4 0.08476513409327649 0.16369764459426928 
0.0021975519174128443 0.3324495562669995 0.07870049307131378 0.08510326754501767 0.0017611478126773905 
0.0016261499110569748 0.16571949289202864 0.0 0.3327737879338145 0.0 
0.001029747530218967 0.0 9.55185830153533E-4 0.08434141523173537 0.41406422498155304 
0.0 0.1659197172239663 0.0 0.2514371340698889 0.08342666583967391 
0.08129371769670093 0.2551060245454353 0.010639641001828676 0.07024361760501188 0.08329208165588445 
0.0 0.08260629958639504 0.0 0.1673282769386967 0.25210471833237813 
0.17055105453807595 6.542023251239104E-4 0.24780490047663337 0.0 0.08133995850861318 
0.25283952788350783 0.08410614064068327 0.16361385569241235 0.0 0.0 
0.0 0.0 0.4167487688544315 0.08332747759418996 0.0 
0.00484261798507558 6.266008027809896E-5 0.07700269734194305 0.25312255751316665 0.18099743687323377 
0.0 0.0 0.08333131628032794 0.08261572734210526 0.3342302718096374 
0.1738903312865167 0.08109006687352077 0.0 0.0820207758878766 0.16393258460346397 
0.0 0.24975095365814795 0.0 0.1680190602513789 0.08284881344307846 
0.16346433759656148 0.0 0.2550853284032231 0.08498391736879109 0.0 
0.16604164036407087 8.623831336067728E-7 0.0 0.25096483388749524 0.08335680034546905 
0.08977606797638653 0.1664780559061531 0.08999291574632681 0.08606266897633598 0.07439853673379088 
0.08213040742237208 0.0 0.0 0.25125204264927187 0.1677132883346764 
0.0023611448929537044 0.24793653655946576 0.08391897290000432 0.0 0.16591315572781665 
0.1663820355623786 0.08366783112264435 0.0 0.0 0.2504254562514988 
0.0 0.0 0.33333765828598577 0.0 0.16670511413566322 
9.465862947336901E-4 0.08269459866534071 0.08364337126610842 0.16584803772012385 0.1673443680744168 
0.0 0.0 0.0 0.500020102147591 0.0 
0.16862304518767654 0.08460144779198167 0.07931766061158955 0.16777384346278673 0.0 
0.0022650464204960912 0.08591213984658855 0.2503328222119861 3.758216054795213E-17 0.16384565366601078 
0.16701208371395018 2.862653735469153E-4 0.0 0.166429735145624 0.1665724621708651 
0.3323474279814382 0.07802193842548553 0.08981205693148084 0.0 5.39202643771206E-4 
0.0020963266534961117 0.1710724881204989 0.24536384342515744 9.293081701578456E-6 0.08243351072418324 
0.0 0.09745444368586677 0.0 0.0 0.4046878868611391 
0.08455924335106729 0.08264440734099546 0.0 0.3330234952415995 0.0 
0.41817382402725056 0.08204316318015151 0.0 0.0 0.0 
0.0 0.0 0.24967353504406148 0.08317702615910594 0.1674966786834104 
0.08204143491933893 0.2514028865490723 0.0 0.0 0.16696974569259196 
4.3204236789772476E-4 0.08055984886845625 0.4194129299173116 0.0 0.0 
0.25207870127537063 0.16334648604626975 0.0 0.08478911295788145 0.0 
0.0 0.16673253221977422 0.33348881082851584 0.0 0.0 
0.07956446708962349 0.33669883411373247 0.0 0.0840522786582202 0.0 
0.08024008705829425 0.09124863127768262 0.159071606368295 0.16947717481752703 0.0 
0.08375329015723205 0.16636438803855583 0.2501176781957879 0.0 0.0 
5.127834936934898E-5 0.2505792993523739 0.0 0.24932930237393003 7.264770435551008E-4 
0.00471481897540522 0.2485344965682092 0.16269230531831005 0.08474973342531669 0.0 
0.0 0.0 0.0 0.4163011080356497 0.08377118523234449 
0.08343100007964535 0.08296496443384335 0.33377364223631156 0.0 0.0 
0.24934134728032295 0.1579173796670337 0.09383944415489176 0.0 0.0010166775742004623 
2.0672534423790323E-4 0.08761536170980787 0.001149521237893038 0.32800392172661386 0.08382110614479449 
0.16964625713730805 0.08172255871153995 0.0 0.1750633204148789 0.07784614289241779 
0.08258406014720604 0.0020200296668805 0.07847809816671103 0.08361169328706572 0.255034735000485 
0.08077524725358388 3.887289125008219E-5 0.16210503243711497 0.09509215531270412 0.16883642511157917 
0.08354301456541068 8.290546574303136E-5 0.16774522144074017 0.249212548325224 0.0 
0.1719602183703471 0.0809914504343053 0.08048107139466947 0.0 0.16696394645886647 
0.33463885321767134 0.0 0.0811152608682634 0.08485624756941629 0.0 
0.0 0.0 0.16735195875630451 0.16598981751288447 0.16670717357552198 
0.24828155249030742 0.08566548706928673 0.0 0.0 0.16665939553268216 
0.0 0.4166758840005655 0.0 0.0 0.08343415061418764 
0.1702845345221088 0.0 0.07840506520059373 0.17440904421247597 0.07772852303307509 
0.07958614713074343 0.17152739046816165 0.0 0.25206834311840165 0.0 
0.24625262347172308 0.08608887079296378 0.0 0.08227363690004186 0.08858940820677541 
0.0 0.08413353510775569 0.0 0.08302763276828022 0.3333990652776988 
0.0012704784601716393 0.419426064609704 0.07979746868487243 0.0 0.0 
0.08445197714350339 0.08685016624173106 0.0 0.08132115864228777 0.25300275704482783 
0.0015358705603702428 0.08096107581367841 0.33270474128170624 0.08474349622833505 7.120810317365677E-4 
0.002856087635717881 0.08283720574710507 0.08455853708749675 3.344890650839022E-4 0.3311357661199166 
0.0 0.16978979523649396 0.08403497218914426 0.2516451043178851 7.977139232959963E-4 
0.08288416370941311 0.0 0.1662573325374062 0.0 0.25115255671551595 
0.0 0.0 0.249121704544719 0.0 0.25113260525556597 
0.0 0.0 0.24988259194231494 0.25004616981332406 5.431076375203591E-4 
0.09588904786838451 0.06885224203799914 0.08613706474465532 0.24872399320037064 9.871602350696917E-4 
8.12058580079395E-4 0.08585725188911882 0.24605200060710164 0.16851118709824173 0.0 
1.1782452330432858E-5 0.3341123703757069 3.709523275530617E-17 0.16616485269711848 0.0 
0.3337912154751273 0.0 0.0824760799772417 7.526065949677023E-5 0.08501163200879557 
0.08114100180979768 0.0 0.4198136499037052 0.0 0.0 
0.24961492417138104 0.0 0.0 0.1679275469009861 0.0828036889644455 
0.09131898486474828 0.06709372319461702 0.17219345002764158 0.08493437116267549 0.08516099917220461 
0.0 0.3335196873547436 0.16676578103564943 0.0 0.0 
0.16718234312254263 0.16624848243323734 0.0 0.08281292407223495 0.08465413261987068 
0.17860665031187486 0.0898151714826965 0.1490630259058184 0.08520949376732295 0.0 
0.0 0.0 0.33395828339563194 0.08325258118448323 0.08327182662693364 
0.16751676155064346 0.0 0.0 0.0 0.332766085644089 
0.09030416803680939 0.16268093004069858 0.08049170751226487 0.0 0.1669860118729813 
0.08294484677340576 0.25019313164339074 0.08848617255903879 8.228042619918529E-4 0.07951974197192715 
0.07647054718954445 0.0909641756796321 0.26359768410607876 0.07295825539874717 0.0019419313731019502 
0.0 0.33430201411513993 0.0 0.08329836643244573 0.08281517310918836 
0.2483175186599427 0.0888265626483873 0.07928771767667284 0.08499321459040395 0.0 
0.14677254888248126 0.19178442665023798 0.09739649329098204 0.07766419392412754 0.0035285891025129703 
0.07264746481538895 0.33354060517549716 0.09442640189586463 0.0 0.0 
6.148622581488641E-9 0.1661374792904995 0.08340276320792206 0.0 0.25150397655526274 
0.17807200411108198 0.0940629478480753 0.14400432444317138 1.157034257852174E-6 0.08620097074151026 
0.3424618641692121 0.08154070562630548 0.0 0.07763155031011378 0.0 
0.3329073359565172 0.1674077052258244 0.0 0.0 0.0 
0.0 0.16905603908137218 0.0 0.08025488007266858 0.25127284238053754 
0.08716746885975762 0.0019979966976633695 0.08318835606561012 0.33758848835520805 0.0 
2.3960700883137706E-4 0.2548684211390359 0.1657585242229895 1.685286535985424E-4 0.08006452384035177 
0.25058984020426495 0.0 0.0 4.599824211226957E-4 0.2499636297566272 
0.0867207310509846 0.0027713417456679836 0.0 0.1662040961491633 0.24499093665246902 
6.82780297016423E-5 0.33365077180165315 0.0 0.0 0.16655244348611709 
6.4019636765091865E-9 0.08289962823851599 0.16628836567589586 0.0 0.25170257014024866 
0.0830195292169236 4.311848618194072E-7 0.08301996040178541 0.2509609314104523 0.08335550415590065 
0.0037663260229906918 1.9561454769837804E-8 0.08844791514219216 3.0168984855516884E-4 0.40788189575073525 
0.08378823030447709 0.33193909413697564 0.0012443470393881813 4.629315502944664E-17 0.08420433124458165 
0.16721298576608132 0.16603366611522194 0.1683205185283188 0.0 0.0 
0.0 0.16696542619681234 4.052134498327511E-6 4.642421838073626E-7 0.33317938310970185 
0.0 0.0 0.06913331132930285 0.3448072342404693 0.08657723249385238 
0.08564630522854323 0.0 0.0 6.591470935660744E-4 0.41396399604817324 
0.0829843255269196 0.08274106405645161 0.0 0.2511426471587532 0.0833289552878083 
0.16660904566686255 0.16567838734897486 0.0 0.168284183376338 0.0 
0.09480100434923845 0.23321204939599002 0.09574509555461379 0.07549162339034265 0.0034005941116635715 
0.2527980891311658 4.2640384849239375E-4 0.07931766061158955 0.16777384346278673 0.0 
0.42087165084106576 0.0 0.0792049051317398 0.0 0.0 
0.0016194187315430614 0.08536519032368384 0.25267385798768544 0.07779378279078882 0.08291869929700019 
0.07766815654795182 0.0 0.2694313744163178 0.07084370961785456 0.08732504535106679 
0.0 0.0 0.16305632046451757 0.2544128015606785 0.08383058301639473 
0.0 0.3337636473148542 0.08370381903429082 0.0 0.082797544552656 
0.09675358646531025 0.09621313243612474 0.06139579293582373 0.16585949828689397 0.08008298325546574 
0.0736020872188616 0.17876899427734608 0.16882891172160855 0.07979622569098141 4.200882615900062E-4 
0.41587442750329817 0.0 0.0 0.08488080377892526 0.0 
0.25052763191046457 0.001213661753430716 0.16036440878148797 6.259896812950608E-4 0.08798036540172867 
0.16066854852074533 0.2576405552708013 1.4481293132169451E-5 0.0 0.08376408221257813 
0.08383111748865409 0.0 0.0 0.41811357229606233 0.0 
0.2616483702069877 0.06968660270021311 0.0 0.1699234415522366 0.0 
0.005216721888869659 0.255612823125066 0.07893450593063996 0.1612939905000148 0.0 
0.0 0.08387880962292474 0.0 0.418351440157397 0.0 
0.0011601977590179476 0.0868847211630855 0.081669784586448 0.08265504831582138 0.24878092524951836 
0.0874818633722376 0.08699320008576467 0.24808329954176453 0.0 0.08052822911053502 
0.16705151466587126 0.0 0.08268264986521794 2.2969133502684342E-4 0.25057420624816984 
0.005277169425524217 6.828287113779345E-5 0.08391252032436637 0.165769326823992 0.24803614714857816 
0.2532740714228101 0.0012391586805191655 0.16213018960282266 0.08686178436653266 0.0 
0.0834700884089617 0.4213369164457838 0.0 0.0 0.0 
0.153709166573271 0.255646019606304 0.0 0.08543458764020594 0.006805367475049116 
0.08401182707766237 0.25006486489629115 0.0 0.16676450282435312 0.0 
0.0910452477801923 0.08006640075855759 0.08156371753970025 0.08665957405241695 0.16378493333506172 
0.3334335900869526 0.0 0.0 0.0828136106881461 0.08465483450155221 
0.08321206350759736 0.08274725081545342 0.0 0.0 0.3342549859564711 
0.06818082866317757 0.0 0.26412385091542145 0.1683001784675262 7.400434269963094E-4 
0.0 0.08176723952993277 0.16401689448004733 0.09621366942975362 0.16439732952056804 
0.24975588965964773 0.0 0.0 0.250548283935064 0.0 
0.33304866088671264 0.0844406710846889 0.0 0.0 0.08319731769656763 
0.16739472811420028 0.16645968106758594 8.21183464683305E-6 0.0 0.16662409696739441 
0.0 0.0 0.16783091393905047 0.08199127347160975 0.2510225707178995 
0.2503969483312945 0.0 0.0 0.08280934594617102 0.16685055536010976 
0.0810666089239401 0.08603477279634336 0.08270733171385619 4.5854858572604473E-4 0.2508783532452755 
0.25004334624090674 0.0 0.2504742869457628 5.55686200594729E-17 0.0 
0.0 0.16669835324194293 0.16669835324194293 0.0 0.167470197542545 
0.1675226461384952 5.607010686380938E-5 0.1654344327798929 0.08270918736837225 0.08454808950178587 
0.24973157701452986 0.2509501378125478 0.0 0.0 0.0 
0.08771281212752176 0.002503176301509699 0.24888440732453354 2.5681787152307567E-7 0.16832641426548156 
0.08842844392960147 0.0018928263087161876 0.0 0.3329796035189992 0.07805592137159821 
0.0 0.16866718941557513 0.07766038190398368 0.1727525249344106 0.08163593669931576 
0.5000290659964541 0.0 0.0 0.0 0.0 
0.16740450842060048 0.0 0.0 0.0836453142047872 0.2499636297566272 
0.16551577578669463 0.0024355625460120373 0.08312802029681324 0.24892327110239007 7.12835458516216E-4 
4.0751507178984366E-4 0.07638464442002021 0.0 0.25821907907533254 0.16630760637184855 
0.2513727613086411 0.0 0.08827864850182587 0.08435790651562382 0.08623346519535044 
0.0 0.2498072618193278 0.08772886666218896 0.08389749735967698 0.08528064769569595 
0.2529006477233871 0.0 0.0804648381304125 0.0 0.16693026934923952 
0.0 0.5001525285901582 0.0 0.0 0.0 
0.0 0.0 0.0 0.0 0.5000508258005016 
0.0836762637737178 6.584062164935294E-4 0.0 0.08357254110206258 0.3335416997641758 
0.0 0.0 0.16590266699774603 0.0 0.3341408938309315 
0.1635168264628075 0.09461696546589068 0.07788953405854498 0.08632606861849879 0.07825484124498995 
0.0913572368002403 0.16941012809184777 0.07660830350906322 0.16403056013544215 0.0 
0.16971783906761187 0.08171926500562868 0.0 0.24927794448756593 0.0 
0.16744946890500848 0.33261533211967104 0.0 0.0 0.0 
0.0 0.0 0.08356263356455466 0.41677448991266847 0.0 
0.16843182924522138 0.1671842034222596 0.08416837450516201 0.0 0.08039457799164675 
0.0 0.16615239259884945 0.16615239259884945 0.1683002319597412 0.0 
0.0 0.0 0.2507458574892281 0.16653183133196814 0.08328516419095748 
0.1672035591347992 0.0 0.0 0.33302331288481607 0.0 
0.0 0.08426337370251684 0.1690238896720874 0.2533609213058092 0.0 
0.08165014100433732 0.25020382878250336 0.16868983562847994 0.0 0.0 
0.0 0.0 0.0 0.33393410309482086 0.16662048036957522 
2.514387146467107E-5 0.08355837033203535 0.1676601595969064 0.1690232823848562 0.08014459153934768 
0.3336699883199742 0.0 0.16708070759705476 0.0 0.0 
0.08251227726970964 0.16746042516140636 0.0 0.0 0.2520822444497202 
0.4169247181494737 0.0 0.0 0.0 0.08334028549795243 
0.08414229649368295 0.0 0.08306563867483686 0.16633979065620771 0.1670215246492754 
0.16739746492120075 0.0842245249871438 0.2484023156883907 0.0 0.0 
0.0 0.07764236073103477 0.07764236073103477 0.26204556526066913 0.08329566229565709 
0.1665350490142549 0.0 0.1665350490142549 0.16868783494556822 0.0 
0.16151390938818808 0.25899613634312324 0.07976209398123142 0.0 0.0 
0.2463123694685231 0.16991405640268895 0.0 0.0 0.08405383443037627 
1.9361085504352326E-8 0.25070851252940957 0.25074907598674706 0.0 0.0 
0.07578192168979016 9.792234579782364E-7 0.3384405018980575 1.711702646349898E-4 0.08600602788908199 
