0.06685420126381077 0.00273658313135724 0.022627405988925008 0.15791454297389168 6.034761412133235E-4 0.14015399951754726 0.0 0.0 0.0 0.12718536412231948 
0.023028663091840998 0.14800284084088583 0.10500518930986757 3.064622924793197E-17 0.0032083244523398507 0.0 0.00610406142307549 0.0 0.10829922805789745 0.1280827765173255 
0.009869346218076391 0.006693219706072216 0.04945875635971911 0.05993387882675806 0.13698047342204728 0.004499207573353666 0.2541150311992254 0.0 0.0 0.0 
0.0190822327113645 0.2096067286971275 0.0 0.0 0.10464560234840975 6.617021892751809E-4 0.0036835742243393594 0.008517458568628677 0.002970396854057807 0.15601936402369293 
0.015378049005522315 0.04866955061634635 0.036828539780265686 0.012543392485734856 0.3407246336545194 0.0 0.013674616569129766 0.026474899968553633 0.0 0.007273131833739442 
0.022648006741675643 0.0 0.09387978636298763 0.027292778964876484 0.13759742498221925 0.022794446988243424 0.008792099675255294 0.001311201661708169 0.10939733086717493 0.11919317898894756 
0.18329152648619562 3.998781088065305E-5 0.008875646706359583 0.16453635398521166 0.0038430576206936865 4.003315152815615E-17 9.179211266306173E-4 8.299385313391938E-4 0.1546429160466735 0.0 
0.01583992267734637 0.15422230801772696 0.012460169429035035 0.0 0.16017636059691137 0.0018106992021032046 0.0020752953042514123 0.1559559776326494 0.013105521879812336 1.5223140670902642E-8 
0.0 0.0 0.3612627358336914 0.0 0.0010983906072987064 0.0 0.0 0.0 4.909830569144499E-5 0.1459280048729717 
0.008559117326494302 0.0 0.17631562524209043 0.002072618296904506 0.1712702194605037 0.0 0.0 0.0 0.008281230124856535 0.1351445301174419 
0.0 0.0 0.0 0.0 0.0 0.0 0.33161609830693534 0.0 0.0 0.16987212201879404 
0.04537078157987687 0.13687483370958783 0.008908328626682543 1.4717211230451407E-4 0.0020663320079540646 0.0 0.0 0.011002037904858887 0.3143800081500433 0.0 
0.024712961408294595 0.17216233038647996 0.1533743230034784 2.7492760021119596E-4 0.019490950950846353 0.05025882745163334 0.11524964450735019 0.014924607241101949 0.010142006172249989 0.011995750663869624 
1.1607253665209568E-4 0.015787472662485303 0.1872612469206255 0.0 0.1540145010408937 0.009926137199075157 0.0025560332985236443 0.0 0.14550724922605857 1.0165033728868348E-5 
0.0 0.0 0.0 0.0 0.0 0.0 0.0 0.0 0.33489110511718145 0.1669949220119573 
4.820982686105006E-5 0.2130577353372673 0.019828771018684153 0.19519354323430735 0.07492651102996983 5.585029887978818E-17 0.0 8.28900841843524E-4 0.0 1.8624811254526772E-7 
0.0 0.0 0.0 0.0 0.0 0.3331391001139662 0.16984722607148395 0.0 0.0 0.0 
0.1642096926305929 0.020336552514737163 0.1864856895797056 0.0 0.0011280930793190291 0.0 0.0 0.0 0.0 0.1490637570057546 
0.0 0.0 0.08639152958379955 0.1564269248225432 0.0 0.0 0.0075053181909289605 0.1211304896808187 0.0 0.17352587760318844 
0.010399796539625656 0.2114915342044842 0.002005526795337158 0.014903414846988533 0.20765928071147952 0.0015870427730890798 0.06257621326276608 5.669051995990885E-17 0.01151688569826383 0.003765898170983084 
0.0 2.586154987023071E-7 8.740731365235563E-6 7.209595465842394E-8 0.3560751816228792 0.14896114924359352 0.0031555827857766227 0.006766275519084491 0.0011411148683183716 5.729954016625248E-17 
0.07668142040393335 0.009645726705351377 0.08800150752982135 0.005862696099386702 0.0 0.1592069490623245 0.013731980504390302 0.14693188876104868 9.365271651456355E-7 0.009002361689610073 
0.0 0.0 0.0 0.0 0.1847102258411705 0.16517485102924476 0.0 0.14616933986928768 0.0 0.00893019546387051 
9.546435654148498E-4 0.06591784343833303 0.03600853504716329 0.0020976532655541573 7.158637085489036E-4 0.06617917330467418 0.1633133771744476 0.1366992973696324 0.020606956052597037 0.02749872491652341 
0.3681998869338935 0.007305636097992372 0.00266965001420831 0.0 0.0043110671100910335 3.169753634201444E-4 0.13556297876155712 7.327847857248029E-4 0.0 4.156750513593827E-4 
0.0036735578004574204 0.1771529296347259 0.0 0.04111476012958496 0.005494351772294697 0.0 0.002694686389841622 0.10452508439491147 0.0 0.17142900527995536 
0.17760390901924422 0.0 9.419633267123127E-4 0.1656135815145075 0.0 0.0011370321828305112 0.0 0.16284749351551542 6.885122774809768E-5 0.0 
0.11710243293208045 0.0 0.1186061475375981 1.447154237167955E-4 0.17863757483152745 0.004051070830429684 0.002914168658294972 0.006520264357281385 0.017890378703660847 0.06503749397668585 
0.0036625635915686493 0.1761627951710719 0.0026538249004849717 0.0 0.0 2.0259259121760466E-17 0.0024064530444004545 0.3247980743790351 0.0 0.0 
0.0 0.0 0.19397125673943086 0.17639913767181278 0.0 0.0 0.0 0.0 0.0 0.17301954575590525 
0.05832977356199872 0.06102648198950319 0.012615754389774489 0.20343913780965633 4.905213818966315E-4 6.64835503747601E-4 0.1712613013981819 0.0 0.0 1.5110764455764873E-7 
4.0484565210469894E-4 0.1772514418545481 5.302710094391186E-4 0.16959845839604895 0.0 0.0011959980500025355 2.782410497609578E-4 0.16471640091205858 6.964139384781254E-5 0.0 
0.0 0.0 0.19317969706564503 0.17106674189325027 0.0 0.14156048050981307 1.4986640696326972E-4 0.0016834497180753213 0.004762520944762906 0.0 
0.002475260311743296 0.17966578821602036 5.283455988970585E-4 0.0032992200826395 2.943675722135164E-4 0.009811515182238521 0.0016317264456538855 0.1690457729267025 0.14982093565340662 3.970542689799477E-5 
0.34412206052467187 8.290766364168831E-5 0.0015286334323715203 0.14515329839835006 0.0 5.82789568844951E-5 0.0028685563435519004 0.0010277918362244258 0.004396656444480498 0.005030623312001289 
2.643240115294576E-7 2.432113156493555E-8 9.787364105040688E-5 5.07453345479441E-6 8.751347898450095E-5 0.10373116127828447 0.19796279266642253 0.20015564531285843 0.0 0.0 
0.007284100635301595 0.17760075396383565 1.8020005302323903E-4 0.16268237374802183 0.0020865099160232345 0.0010469902650725494 0.15252159316777072 0.0027346462633082817 0.0 0.005677309444660117 
0.02851610906463537 0.001489375462711026 0.017253701732238034 0.005897971941721859 0.15968989602391917 0.0 0.009794136811466202 0.012599757613346417 0.0 0.26632659746807047 
0.003814590059552791 0.0 0.19071668093840355 0.0012306205106402482 0.016868354249912357 0.021763549995407264 0.0 0.13818471031848192 0.009735333056615593 0.1245162929725736 
0.07927516580594467 8.4894588301692E-4 0.005804584972388649 0.039311156906874895 0.0 0.0031772397955188844 0.1220211568126859 0.12122113192765924 0.13555400263855588 0.0014586767671840501 
0.04004583926369161 1.4432347725715045E-6 0.04056153042736212 0.07345388739302353 0.0 0.13346434928556894 0.1666303357671946 0.004600431164461221 0.049420932688053566 0.004196744495978814 
0.003553903053258801 0.06373856844065509 0.19107950335937354 0.0785410994332348 0.0 0.009529064530690474 0.0 0.17356795870647262 1.1546543666167373E-16 1.8678642698854436E-7 
0.011650352751670751 1.0175824928254986E-5 3.1124082698308083E-6 0.2409256019628884 0.0028816885400714987 0.24930379952186624 0.0 0.0 0.008175805452839396 3.998567067858893E-4 
0.03352233482860776 0.04501474432400003 0.04516025519885521 0.025174229797190147 0.05488556181931865 0.0 0.13943416383674995 0.019445037021026634 0.16126567846979128 0.0 
0.007896465046504684 0.13405929999524516 0.04725240524696436 0.0029393786939975034 0.012521415262578153 0.0028262723809457445 0.011790031557169567 0.0022716703810386494 2.6488623594395676E-5 0.3177767938746627 
1.16483955196431E-4 1.726528983362363E-4 0.013514210495850632 0.16799352236078874 0.002310192843260693 0.0 0.004024425672925949 0.0053313126325473855 0.32304800779710574 0.0 
0.0 0.0 0.0 0.0 0.0 0.0 0.5021303214896129 0.0 0.0 0.0 
0.18639506241767115 0.002756366703930246 0.019453363448718196 0.0032471171834221996 3.129264889745456E-4 1.093966977213336E-9 0.14377352071692098 0.1492859850046414 9.461949954150873E-7 0.0 
9.747182885069917E-4 0.14902690167471608 0.15192779366553058 0.17559477419622238 0.0 0.0038793606490854396 0.0030437173158922837 0.009663459944346219 0.022805308720862734 0.01890080128713459 
0.0018484112946081457 0.2550773325717307 7.45277284348352E-4 0.004653836028520008 4.1523098759123264E-4 0.01383999300008565 0.0023016916517426237 0.23845372203417892 0.0 3.9764039887852536E-5 
0.004995445725295268 0.006979613245867562 0.008108676874418063 0.34058895588949384 0.0 0.001995170079321126 9.50435381976324E-4 0.0 0.1460309122781327 0.0 
0.00684433946947437 7.477224880662193E-4 0.006934063076794386 0.1621798464019102 0.17644692869688733 0.003021662845847428 0.0 1.679534191621219E-4 0.14944970837137098 6.585343779479826E-10 
0.22861576359656818 0.002172212324247063 0.0 0.009011827813531855 0.0025376407496520716 1.9658996736553316E-4 2.6926686930313607E-17 9.621049169483836E-5 0.1432513012326132 0.12534551487587137 
0.17038445646366307 0.1671470023269827 0.002596901422937451 0.0 0.0 0.0 1.0077722010023222E-4 0.1651821365471763 5.611192332786839E-17 0.0 
0.0020420809743870315 2.3517762316164998E-4 0.01597375224341934 0.31467948634136705 0.165194961735881 0.00447055530115022 0.0 0.004555277076112352 0.0 0.0022394225059373363 
1.4748855553609602E-5 1.3183972113841257E-4 0.04623890071443048 0.003336365828065888 0.19007773569196298 0.001063345090411328 0.12690955949438598 0.0 0.13798363972886385 0.0 
0.09495665331524905 0.08819199599653857 9.855264802811662E-4 0.16988617712414164 0.0014126010646177425 2.9455566744979693E-4 0.0022491192353851996 0.010494531369929597 0.017658078627122025 0.12993192418928767 
0.03725436366541766 0.035336351798811706 0.07352285424508499 0.2557489650614051 0.028433345025851296 0.04648163878019359 0.003014468825001699 0.009470935126485083 0.02258156201192895 0.0187153623555257 
2.820200696128326E-4 3.117829636435261E-5 0.1772688512973738 0.02195655557561158 0.020222440844035895 0.284323755491282 0.0 1.6132382628148543E-5 0.0 1.863284183065825E-7 
0.0030476425153962835 0.14696891389991748 0.14360604306814823 0.01138846202465055 0.008244703143512734 0.005205828848790613 0.0037731741389396495 0.012427986322571787 0.0 0.17143278769158962 
0.054719439408302886 0.0 0.028908411827726785 0.0 0.0 0.05236242204279745 3.225877679471259E-4 0.24931388055318737 0.0 0.12547277065103887 
0.03529506966163001 0.006797460560963119 0.0206629889153131 0.001701908033862748 0.06670022445907442 0.0 0.03295592221066144 0.10837130923351876 0.10230358707744248 0.1260014153708341 
0.009800653987109425 0.002013593816413482 0.03343452063483457 3.1490364175980784E-4 0.1654697897059648 0.005310928706934333 0.0 0.14286158234357071 0.13486274580123161 0.014600583049595276 
0.0 0.0 0.33734016207223194 0.1773626159049837 0.0 5.629256636568033E-7 9.745132543333959E-5 0.0 1.5614548136039428E-6 7.911238586603548E-4 
0.007720118360782611 0.35869347476587904 0.005407454899612987 0.178126498492372 3.85675230524324E-4 4.7761156680929525E-8 0.0027590210689305843 1.8199937955768813E-5 0.0043941380597735434 0.0 
0.0059732647311340524 0.36925404308155535 2.3004667297117806E-5 0.0 0.0 0.0 0.002372553915544862 0.0 0.16346776760313247 0.0 
0.18960550394636505 1.7651635879336946E-4 9.896903301768489E-4 2.1366461455879325E-5 0.13026426102815922 0.18081214753582867 1.1032295530230072E-4 0.0033451481518455735 0.0 0.0 
0.0 0.17361052907956528 6.520793866450137E-4 0.0 0.16826873682430224 6.79958713310636E-4 0.169810695708864 0.0 0.0 2.746734468356449E-8 
0.07773559617976815 0.0015034650432597407 0.040425710695791844 0.06283871567654305 0.15337879122432185 0.0017746833194839321 0.0 0.15038800934258623 0.025153824064795455 0.0051712988096180275 
0.03199077819263698 0.031926645806936806 0.03428629928797423 0.0 0.0 0.03468588330878365 0.0 0.02915625847550676 0.1709509766079673 0.1697549336366062 
0.01138529809543097 0.0013931392577164012 3.0481699796782193E-5 0.011212469950383008 0.37601771882116597 0.0013261768443110188 0.0 0.0032950599304988654 0.007564216598675084 0.1397950073804982 
1.4370325108693346E-6 8.048107736974933E-11 1.4613210588294134E-6 2.63586098141515E-6 0.21723392277823303 0.0 0.12544358637877231 0.0 0.007093874700828745 0.15689865587287222 
0.1786596643292174 0.33033773661505633 0.0014764740777143172 0.0 0.0 1.4533716092052237E-4 0.0 0.0 0.004589326757037548 6.525500337806945E-8 
0.35063783982866475 0.13972420275012382 0.003413230933829757 7.622694834174035E-5 0.005634152083308658 0.007027941848271543 0.0 1.5842431929079737E-5 4.4280632407839115E-4 2.029009695956503E-4 
0.013461032453152477 0.02433187756931643 0.17456603774863513 2.6065003451590585E-5 0.020967479330182278 0.0 0.09249966851084318 0.005772345843015755 1.488105682891472E-5 0.1698840520405469 
1.7730164755777929E-6 2.9467946917685E-4 0.008410972704238164 0.16922098926543266 2.536943786807867E-4 0.0 0.33536368786674436 7.317019725667989E-8 0.0 0.0 
0.004977126845793996 0.05002840927846692 0.05917293773942255 0.0050780565133611375 0.1408663446905623 0.0 6.874697024515243E-5 0.0016638308998297676 0.2779199081779752 0.0 
8.868128531673717E-5 0.002299311131959039 0.1789939828233559 0.1677907262417426 0.1563781810678743 4.212784666380913E-4 8.1468027149845E-4 0.01579619405035204 6.910730148060067E-4 4.736238073817014E-7 
1.503343546831416E-4 5.591745488047907E-4 0.19058968507050172 0.0 0.2531228374225012 0.006455236747651119 0.005342052174322908 0.043691257659678656 0.0 0.005623985994976172 
0.020753840767649412 0.0 0.18230747479083473 0.0258173076396908 0.12550458713116683 0.13740551319961275 0.0 0.01714536061748462 0.0 0.0 
0.00692671964391243 0.3126151671714571 0.17140723265801203 0.0 0.0 0.0 2.1261456201598433E-6 0.0 0.0 0.012534618754551861 
7.908070930761898E-4 0.3462349089037717 0.0010358072844232455 0.0 0.0 0.0011969489278788432 0.0 0.16471603125780743 6.964123755956712E-5 0.0 
1.0231395727986457E-4 4.831158659155354E-4 0.36314999912225665 0.0 0.16675897615296936 0.0 0.0123256739641759 0.0 1.6905978064401462E-4 0.0 
4.177734018696983E-5 1.7732378130148102E-9 4.965237539788925E-6 4.2509716850758714E-5 0.20801215305785511 0.0 0.12440679213918654 0.15056920664763745 0.012904671452395138 0.008334668864293059 
0.18587324734780866 0.003594928753339049 0.09666174175847535 0.15025338089585027 0.0 5.180819339912677E-5 0.0 0.06526641670621315 0.004457607367479055 0.0051003629284567574 
1.390596579560687E-5 0.12312122650954664 2.8233445720587838E-5 0.20572857860896504 9.544369665700723E-4 0.006543569181558407 0.013974172303927012 3.88982316337309E-17 0.015854066457631592 0.13668477011151695 
0.18297161505107817 0.022660123154626045 0.009304384263023041 0.0014958234234229073 0.0 0.0 0.004245609327491426 0.1463136682653765 0.1330727145315467 0.008668566871211439 
0.05689363051213489 0.011049857581364302 0.19228121776719012 0.0018110041528100536 0.011187119065754097 0.0026060069993756375 0.0 0.008810187814979007 0.10637738393925264 0.11170649956176479 
0.0 8.65715208440124E-6 3.251617543715798E-8 0.0 0.34108964425389127 6.771140435319793E-4 0.1691002770544376 0.0 0.0 5.671859926394083E-17 
0.14751631077590294 0.0229901144730894 0.08686696649617437 0.027090212662795918 0.056953556903725534 0.028464646845034754 0.012899344357761716 4.1494800513602436E-4 0.13604598965071837 0.01442455124861111 
0.1861546971870346 3.9257546030302165E-4 0.007577781245251129 2.3826969632588457E-5 0.0 9.21324688881267E-5 0.1519585348204777 0.001664550985487608 0.148467034562201 0.01714690065242358 
0.00976909994834714 0.009073154891781121 0.0022393072374527223 0.3304106555263805 0.0 0.001051953197712557 0.15324457447742584 0.0 0.0 0.005673401208317736 
0.013285988606255732 0.2332258759059774 0.0 0.004452288780482499 1.4261264974144973E-5 4.982170600668732E-4 0.12796346222448088 0.0 0.0028957842052309015 0.13305039701918492 
1.4925303168738063E-4 0.0014894273354218335 1.5971578076606777E-6 0.0 0.0019738810140723035 4.669601573998245E-4 0.22885018128801582 0.10217499543453652 0.0 0.1708302897201356 
0.01188541366687723 0.0014719492821874535 0.013616436028548515 1.8772107669005355E-4 0.0 0.1816488990281281 0.008448423594450227 0.1440469929237079 0.13282427208530664 0.014602397201880125 
0.16015965360079107 0.004324287818313723 0.011734815749424676 0.011067539989852696 0.18084446758096448 0.0 0.0030032942855667656 0.12955448865638827 0.0 0.015266422821383437 
6.306234269073905E-4 6.293592068061332E-4 1.324075152301187E-4 5.0078164366078715E-5 0.0 5.341428570400254E-4 0.13086039074885206 0.029144716898985443 0.17088330524404477 0.1696877357292312 
4.715193664772102E-4 0.007996509478251989 0.3461126914507548 0.00606532391277214 0.008529878699078095 0.0 0.13649478998366615 4.506458672020195E-6 0.0 7.272110193350454E-5 
0.002065709079431671 0.0019216009741729575 0.23747486587891822 0.003758571272290918 0.19110838690781942 0.04943972472934338 0.0 0.02082164753203335 0.003487257277040729 5.663000775547053E-17 
0.0 0.0 0.0 0.17639287677937684 0.15479726882031128 0.0017498917449251727 0.0020056020994394484 0.16712835119496874 0.013093349930376984 1.520900195134666E-8 
0.006477993388972446 0.006880464657261311 0.0044617238451068846 0.34699036171079806 0.005491746016542804 4.139283237395596E-4 0.003085089932737482 0.010347754915868361 0.002821635585842962 0.15511266805245422 
0.09893990863387879 0.010938149890835563 1.2201346350460041E-4 0.18484382814078867 0.014256029495309104 0.18360388220791038 0.0 1.5768153275007092E-5 0.02151672735948495 1.9007470791871153E-7 
0.2209782854551333 0.0032642276675545726 0.0020050352139693375 0.01774471336684406 0.0 1.2293004483263767E-9 0.23183999416709328 0.0018330777620326488 0.025227682458807927 0.00506745160823365 
0.03810355456935116 0.0495275341068845 0.006478446360494277 0.001877996384878219 0.1438710100496718 0.0 0.20956791853317897 0.020839713847749856 0.036715874602564605 0.0 
8.722568206476638E-4 0.015311834673313486 0.0 0.23365507837426172 1.4197336773652132E-5 4.95983729421755E-4 0.1273898473394286 0.0 0.0 0.13145078237675664 
0.0 0.0 0.11472018366230871 0.01436313520190308 3.6265791329994783E-4 0.006632860503293026 0.11096377809586322 0.00662871033630236 0.25975002016135296 0.007161086916604349 
0.0 0.0 0.0 0.0 0.0 0.0 0.0 0.35873035583327706 0.1445417436784204 0.0 
0.16949719581651218 0.17983778101085374 0.010141567623423246 2.3386361500432387E-4 0.0 0.13719708929929855 0.0029033937286000906 1.5636664085577264E-5 0.004502868416185542 0.0 
0.0 0.0 0.0 0.0 0.0 0.5033224864340209 0.0 0.0 0.0 0.0 
0.06024872920074242 5.608954423312081E-5 0.20898989530564213 2.9864419933749755E-4 4.85232729682967E-4 0.02320444702563 0.20094581105400877 6.093681841799737E-4 0.009952492769233061 3.217388129460821E-5 
0.007576742000996466 0.3408487213861016 0.002654034968584207 0.003935928628488004 0.01528044956454017 0.0 0.0 0.0 0.0 0.13654467849170002 
9.480329635123735E-5 0.0 0.02178081170705097 0.0013283137629077047 0.022122024448559305 0.025285634576798905 8.122254508992738E-4 0.16973290937341576 0.0 0.2728820476321872 
0.0038329052224104873 0.1801715017992941 0.0012831590025552564 0.16290034298524547 0.15868408069893042 0.0 8.039596669274075E-4 0.0 0.0 0.0 
0.012691376009890166 0.3376059329387675 0.01063920855558595 1.0515812243522206E-4 0.0 0.1412175954292265 0.002934663746165107 0.0 0.004551222647732593 0.0 
5.712524717284528E-4 0.19077215766872868 0.0 2.2613943342530513E-5 0.005756972934912566 0.0 0.15407986855493466 0.006137090312745173 0.15477539843579066 5.920844649154358E-5 
0.18327303102487705 0.0 0.0012780587350683405 0.16225285088077468 0.15805334728563694 0.0 8.128851823966037E-4 0.012754758313881594 0.0 4.173148690904786E-5 
0.003990217312567286 0.0 0.04763241710091219 0.12341342926447665 8.110931645318357E-4 0.11131104935436081 0.19674932119328212 0.011053371831222413 8.366056168422563E-5 0.008760443252502071 
0.0 0.0 0.0 0.0 0.0 0.0 0.3696660452889227 0.0 0.13404261728549713 0.0 
0.0060864108323318376 0.00677334974262686 0.09079617183734517 0.1608070869834095 3.867634293147319E-4 0.10293103379896477 0.01629419457727349 0.0 0.13400423216395727 7.43063762617883E-4 
0.0 0.18236449472639998 1.1403387107665159E-4 0.16769162833392867 0.006022300233366916 0.13843038667539673 0.0031272975020734083 6.911199840007303E-4 0.0 0.01272584851961235 
7.616708646749154E-5 0.003673066613455075 0.05121838438668277 0.0 0.15290912866010736 0.11752821532368751 0.0 0.0 0.0072007206773656495 0.1717720046469973 
0.006746271686756277 0.3171186947806981 0.0022584798595935316 0.007111188919524701 0.1748711347620092 0.0 0.0 0.0 0.0 0.0 
0.0 0.0 0.0 0.0 0.5084334741464964 0.0 0.0 0.0 0.0 0.0 
3.591677792868074E-5 0.002480042426393255 0.15594733764353616 0.003230926807267691 0.0011026146619563916 0.009076874012606238 0.1633133771744476 0.1366992973696324 0.020606956052597037 0.02749872491652341 
0.11660074354108807 0.0017242645968270835 0.0384733125377067 0.0030301445669297256 0.0031759126301591214 0.1031815849409412 0.002935708723340435 0.11238983804862859 0.0022038736044334276 0.12485086503732752 
0.0 0.0 0.0 0.0 0.0 0.0 0.0 0.0 0.5007874822795628 0.0 
0.004351809253776567 3.8010221691561886E-6 0.015094623522733303 0.3364406121418865 0.0040602147593252645 0.14474603580433956 0.0 0.0 0.008243777333067118 3.99849174547922E-4 
0.006217118663318498 0.011237932207373187 0.19852364463081076 2.6509292416463483E-5 0.0023491121860819654 0.1387473423725523 0.14155317055691535 0.00871373791623933 2.283187248280594E-5 0.0038835455137681673 
0.0 0.01041411110127519 0.18334309821387076 6.439718733351514E-5 1.9109314265048128E-4 0.16340619765043005 0.0 1.1520496364190825E-5 0.17203277037639741 0.0 
0.1830410662031929 0.021322081185030997 0.023909560850687895 0.008205590268548432 0.004932154931679915 0.25859674667247456 0.0 0.0 0.0013083836999639204 0.0 
0.16309060720409083 0.018030232006651454 2.0112460305249968E-4 0.3046929453004084 0.02349935975090703 4.2224648519465375E-4 0.0 1.6319656843459958E-5 0.0 1.884914285161033E-7 
0.35583220297077744 0.0 0.002710453766645594 0.004019597594836686 0.004075064206841332 0.0 0.0 0.0 0.0 0.13519560425457539 
0.010378317351816 1.854581557763389E-5 0.009795687797139633 0.1864604458997821 0.0035028964423063987 0.16244516252398739 1.8322702736621511E-4 0.15087964680248597 2.4423170323001E-6 8.047456618749383E-4 
0.05914920512250111 0.006890170494592652 0.028231265776992462 0.0116557871746706 0.009375019813095856 0.0010051647176730972 1.6941280516208094E-4 0.2011391135599376 0.01716852564193311 0.1669413465782692 
0.03392379884707538 0.06443605640817913 2.8531732441599504E-4 0.0 0.0 0.07672061889242132 0.31696285310561545 0.021102821477190413 0.004601136470315797 2.8290820000632396E-4 
0.0 0.1676014993865468 0.017658005019222347 6.15728883209091E-5 1.8271227701875122E-4 0.15623961193780173 0.0 1.1015236307760039E-5 0.1644878448349511 0.0 
0.21101556903482865 0.0 0.29135756271095214 0.0 0.0 0.0 0.0 0.0 0.0 5.577462178172131E-17 
0.16999706881061158 0.14032820641576557 0.16495826728284277 0.01721947355937934 0.0074029876347949395 0.021237382979634536 0.005820997956751479 1.9205134425554204E-4 0.003757296485008901 0.011370254919369268 
0.002477836253858002 0.13431825952421617 0.0020188080689118133 0.01716331778362475 0.010164418413325963 0.16500731143667224 0.010024642657014728 0.0 8.927616996551803E-4 0.16706104653995538 
0.17717084182616327 0.019977378951608952 0.0 0.005403832779901504 0.1449531807980123 0.0028230991557746435 0.15456389353272953 4.016278455075307E-4 0.010544271865605657 0.012962941049814105 
0.022526293073697745 0.08378743363270606 0.011200904088955896 3.801684020970492E-5 0.1555430480281508 0.2357493367892158 0.0 1.640133577342172E-5 0.0 0.0 
0.2336364471123391 0.0 0.002603692382519025 0.21246224818410572 0.0 0.0396887343190537 0.0 0.04770238875097716 0.0 4.694326559831593E-7 
0.06641462943302298 0.20507830552581377 0.025261478446052543 0.03689977730385652 9.682568970137029E-4 0.0018600323043246882 0.13055507170965056 0.026430688406484663 0.012827027466458193 1.871394993211475E-7 
0.20819740410186238 0.174866563393071 0.002145902056150073 0.18454061600888486 2.702271581728974E-4 3.1404614637392865E-9 2.3294791998870908E-4 8.186384346485417E-5 0.0 0.0 
0.12902893169564042 0.20065337056638352 0.0 0.00637114627699882 0.007948222914069953 0.0 0.12718715654380827 0.01076285245376794 0.012070023519594679 0.012613011517943818 
0.022687442806096414 0.0026428140276200866 0.010828467201422644 0.004470727955476361 0.0026476436621694958 0.2726463404876645 0.017951001393129763 0.0 8.736591629201423E-4 0.16692361023420646 
0.18614294929407108 0.1563428611577665 0.036083305830236605 1.2582131207437E-4 3.7336397647580124E-4 0.0 0.0 1.22183102882026E-5 0.18245305599257214 0.0 
6.314103888481196E-4 0.09263250575262318 1.0282267828759642E-5 0.0887786395903475 0.005476799061410394 0.14239801950874212 0.0020859973393971996 0.012805339616935803 0.14926742026219356 0.01607858300805353 
0.17623660058691237 0.16368160661480002 0.0 0.00678321451731702 0.0013833972916825494 2.8846609478526983E-4 0.0022026214880030413 0.0116094530682061 0.017356847016459336 0.12771539748632435 
0.0 0.24859511972553514 0.02619125656951035 9.13280585198157E-5 2.7100819829806085E-4 0.23174258689637148 0.0 1.6338362119405193E-5 0.0020186402940942498 0.0 
3.739628141491984E-5 1.0829270012721956E-7 3.801277310676895E-5 6.867612837651555E-5 0.3360518579182606 0.003480957633635199 0.004878792561497251 0.15602470497207493 0.013372239921761599 0.008636654728708887 
0.0 0.0 0.0 0.0 0.0 0.0 0.0 0.5032967404731465 0.0 0.0 
0.016813142902361074 0.18003662668836323 0.10399620809452809 9.675407656236128E-4 0.0 0.1889763589254778 0.012416591985494031 0.0 0.005866731632188565 0.0 
0.0014805968099780317 1.1624011588607496E-4 0.02928342073831034 9.416956761154489E-8 0.17133454032667614 0.15623368600521953 0.0 0.00874492241477711 0.17061304303653255 0.007185780023222119 
0.0017593185507937931 0.12769943938898917 0.06909030564518409 0.013189314220743879 1.2032224807663425E-5 0.1325845896298295 0.004399416130217731 0.16038439202335703 0.0 9.711090321704794E-6 
0.007508643540505768 0.14605664122004905 8.263378144045316E-4 0.010276885640205586 0.0017271873252585489 0.0 0.29673824055541037 0.038673149588767296 1.339418170606409E-4 0.0 
0.07475422959677598 1.0402767525262438E-5 0.061691947005201156 0.03222162368632738 0.0 0.003657556619944505 2.510251455042172E-4 0.32686003830375443 0.0022742022228571797 0.008070539839565702 
0.16831282443937376 0.019414258678714068 0.020049505496738673 0.0 1.180709255398652E-5 0.11702167058475434 0.048938830264642 5.283475429142042E-4 0.13056168166645316 3.921810906069627E-4 
0.0 0.0 0.0 0.0 0.0 0.16445171143921294 0.0 0.3387407257689094 0.0 1.3004922589850552E-4 
0.1979318008781201 0.0 0.0013777309148827153 3.0768566590877366E-5 0.002274192884926068 0.020636043982704258 0.019368356823701017 0.14244420068589297 3.3574666116298216E-4 0.12277630272016239 
0.002114603833163466 1.9686251778118415E-6 0.007335106309599915 0.17890912419165014 3.3902477115410607E-4 0.016212596268519883 0.14039779973513392 0.15057643374557217 0.009910113077700827 3.223800464693504E-5 
0.01630883359222861 0.17450583164547626 0.0 1.5779844709194945E-5 0.13066247759161867 0.18105745878836998 1.104726325375866E-4 0.003275327901639413 0.0 0.0 
0.14736868713554252 0.024546896154125027 0.17481148915216954 0.02102760794032102 0.010067819435614044 0.0 0.11779890864271142 0.006246741540209722 0.00924691266141117 0.01558433619684922 
0.1789436217137365 0.0 0.018184988196185463 0.014416074758396881 0.317073967869737 0.002357127760799616 0.0 0.0022359347256726016 0.0 0.0 
0.18487652771188515 0.0 0.0 0.002072638310025907 0.17127187323905982 0.0 0.0 0.0 0.008281310088091486 0.13514583506775135 
0.002653027381982882 5.9333241836118445E-8 0.18359181500967556 0.0023192202007715195 0.0 0.0 0.14751739190471885 0.005872852430894263 0.14594478372545244 0.01586163957853956 
0.026723453017460555 0.02749168012834003 0.14237906598785077 0.0 0.0029550771828291077 0.0 0.0 0.3280291075356723 0.0 5.290474475485976E-5 
0.13370206265940693 0.001977154914840953 0.0716796579152263 0.0040072327768672115 0.004200004622530387 0.13645310314794531 0.0038823455315944396 0.14927055199661513 0.0028675440612002637 4.626677572479164E-4 
0.0 0.5410854971525598 0.0 0.0 0.0 0.0 0.0 0.0 0.0 0.0 
0.039573443587957016 0.03849314288644831 0.04366875069029862 0.0 0.0013149197919216323 0.04449698311175752 0.0 0.036760215967306574 0.31428458802345055 0.0 
0.0017037280929364804 0.0023410196570541834 0.18905086580329777 6.417729922526881E-5 1.9044064350609097E-4 0.0 0.0 1.1256936288623957E-4 0.32304800779710574 0.0 
2.1983380954178583E-6 1.176749860969342E-5 6.163182759049169E-4 2.7825354216592875E-4 4.617021365155402E-6 6.949031616684655E-4 0.1726546144191021 0.34084731820523007 0.0 7.804881912475362E-5 
0.2046223472102216 0.02534145849167849 0.23383752977247083 0.028127692988808548 0.0 4.097198375458471E-4 7.169886036376659E-5 0.004632253112364945 0.009158003827129198 0.01543449319356203 
0.19237437889150785 0.0 0.00940343164798523 1.5535157677052112E-4 0.0021811736649050934 0.0 0.0 2.1495114603379048E-4 0.3143181703159347 0.0 
0.0 0.0 0.0 0.0 0.0 0.3272351729684115 8.648384611841533E-5 3.2411586464815574E-4 0.1759157910559991 0.0 
0.01969854782588607 0.002410373454100338 0.0625686202831479 0.15358060675930452 0.0036815764232025075 0.006137826735480673 0.0076678725447143995 0.12378999519398819 0.1440459981478989 0.001505749004693766 
0.08312873892276042 0.009683497571811157 0.03967643381469388 0.016381131191463092 0.00970119376758701 0.157487407170986 0.01795867027723762 0.0 8.740324006422879E-4 0.1669949220119573 
0.0 0.0 0.0 0.5510174440754962 0.0 0.0 0.0 0.0 0.0 0.0 
0.08932108879020349 0.0 3.514538374796789E-5 0.08690220021616489 0.16147765124900854 0.028766263709937474 0.0 0.0 0.0 0.13514583506775135 
0.0 0.0 0.0 0.0 0.0 0.0 0.0 0.19942720188375468 0.3038448976279428 0.0 
0.040105716730070524 0.001767249661574404 0.12857353021236875 0.1756854333626577 0.0 0.037390038097990415 0.11412287231123977 0.0 0.008957806074362553 0.01646969171343468 
0.0 0.0 0.18476493763498003 0.0 0.15076234071408606 1.6904791603655891E-9 0.0 0.21861706693149596 0.0 0.0 
0.0025466882335006442 0.027249769004973317 0.17928641654415806 3.227733398959683E-5 0.014902046455213501 0.14026526893527855 0.027353616277930863 0.0 7.059049612826051E-4 0.12765773462965802 
0.0 0.0 0.19647304901655646 0.17398310938273212 0.0 0.0 1.0976309587665091E-4 0.0012329691259890536 0.16947713659304445 0.0 
0.023414595178401387 0.21382614834961225 0.07896964065517077 0.0 0.02060604754866413 2.0317385057536428E-4 0.01914970121631802 0.0036897109942335836 4.302356825802801E-5 0.1794667353378444 
9.58208816975624E-4 0.0012470460247651664 5.005470986145684E-4 2.3778077443053605E-4 7.956749352560618E-5 1.558800484386082E-11 0.3935586421460959 0.19254149798429068 0.0 6.03304870071639E-5 
0.3649432963769314 0.0 0.0019355610099737353 0.0 0.0 0.14139050401632305 0.0 0.0 6.886821642507267E-5 0.0 
0.0 0.3400602383677574 0.0 0.0 0.0 6.750533208356071E-4 0.17338258169775028 5.707855004048394E-17 0.0 0.0 
0.025642069392188677 0.0033926361557989086 0.07303022427717527 0.0 0.1350500443937385 0.0034440985974222463 0.020582779885545625 0.24076230484559172 0.0 0.0 
1.1370169352999072E-4 0.0 0.0035675745014740116 0.06367691151324961 8.236521560227632E-4 2.0041784502534576E-5 0.003875280946067641 0.002042538923615652 0.12376654223836053 0.3149198988638689 
0.0 0.010175800401423353 0.3439234623655766 0.0 0.0010696412322181751 0.14987628271181622 0.003155581438693479 0.0067662726306368355 0.0011411143811891442 5.729951570571699E-17 
0.06524310688910703 0.012854160412087378 5.951758129657141E-4 0.0423902074616566 0.0 0.11815968520930432 0.018190638637908655 1.2675508084333503E-4 9.43520245054112E-4 0.25837995375555367 
0.0 0.0 0.3794618097371082 0.0 0.0 1.911833471995196E-9 0.004357984248213093 0.16097988597834112 0.0 0.0 
0.36267003251366825 0.0 0.03966491239457519 0.006262697500885033 0.12337480185898024 2.7429629580606413E-9 0.0 0.0022401316811542847 0.0 6.585858679406521E-8 
0.005310682937515867 0.17348732665169536 0.018388561379624854 0.003069382515347393 4.192681595670095E-6 0.0 0.15753676048786533 0.15006548868037117 0.004775325331182724 0.0 
0.0 0.15415242574323973 0.12318037070002302 0.06305752859308812 0.15244496392847023 7.694821747986661E-4 7.947671827571848E-4 0.015410090415707312 0.022263038110075448 0.0011131314599954216 
9.268905380327948E-5 0.010148565044153561 1.5113827840725026E-4 0.1797625102563071 0.18361440557199077 0.1503027260504796 0.0 0.0 0.008560249676115777 4.151990803038278E-4 
0.0 0.0 0.5787837575216166 0.0 0.0 0.0 0.0 0.0 0.0 0.0 
0.00473615349978566 5.235981880513089E-4 0.18469874580858012 0.3192057535096044 0.005602071572497517 5.853273766779269E-4 0.0 1.6492959079822214E-5 0.0 1.9049306288931918E-7 
0.01515455080560761 9.915768302914354E-6 6.534115508459505E-4 0.005729432859308729 0.33359943564214445 0.00602741754861691 0.0 0.0 0.1448012340743615 3.9296712462524795E-10 
0.00481204579567842 0.21647558495361788 0.2241291894944601 0.012194540110506646 0.01981234865282866 0.004666151652342979 0.00304805658652988 0.010949801927901365 0.010206517655776334 0.018512420055270262 
3.127922047614015E-4 0.005304651320655301 0.18882305605528898 0.0033260257656858166 0.004725795920339863 0.14738768582026238 0.0018652634184418357 0.14236437698346915 0.012351030534376037 8.148311877213958E-4 
0.0 0.0 0.0 0.0 0.0 0.33735740107198353 0.0 0.16578431991996292 6.81734441715983E-5 0.0 
0.007355855689603327 0.0 0.002491012893796248 0.1703263070341427 0.011741097729472738 1.3557728069474501E-4 0.010912413394477443 0.0 2.42655050678375E-5 0.32303658978946537 
0.00699520949421074 0.12272076684444515 0.3683333928195569 2.2523901767611065E-4 0.0073395246582749684 0.014300512705269604 0.0 7.546613630265712E-4 0.0 1.8702321347612413E-7 
0.08411260964502819 0.0849444646167878 1.8638399370552935E-5 0.16092673015490644 0.009927651164008849 0.0033070635811603515 0.0021701478587733184 0.0 0.14956970967436745 0.01610756499708868 
0.00266998687455554 0.1650526961019423 1.0517115204699419E-5 0.15960001463106846 0.009847351257251974 0.001847441542413658 0.002143535128354169 0.0 0.14768848872733845 0.015908505829104445 
0.0 0.0 0.0 0.0 0.0 0.0 0.0 0.0 0.0 0.5005067389616809 
0.00847907997256406 0.0543054281918761 0.0025503844773985826 0.06274958071936372 0.20529169512007722 1.5820214535483863E-4 0.016714022887593737 0.006120411402053268 0.15209680966689007 0.01756611420575059 
0.0 0.0 0.17351643489168575 0.0 0.1675482283575576 6.770472039047701E-4 0.16908358474154397 1.597729075066491E-5 0.0 2.7670785224872958E-8 
0.1461099268380467 0.032662200216593544 0.0 0.0 0.0 0.16120101833982614 0.1731646090084231 5.696973497425368E-17 0.0018797808986418068 0.0 
0.0092416811396852 0.0016238956260096974 0.0035329364213673134 0.2048355445223122 0.006439444799166096 0.0012141449161309286 0.010440213362584464 0.013464706354407826 0.12124746142060078 0.15367878561154957 
0.026479057492756617 0.024833489406024926 0.17782664847385338 0.21140878255602716 0.06403594926333189 4.1816059482907266E-4 0.0 0.0 0.008739084032122457 4.0047302517803526E-4 
0.17419935638867065 0.004868729844413473 0.18136750299077825 2.9807025673495547E-5 0.0 0.1417426819349155 0.0 0.0012020446720883585 0.0 0.0 
8.580373140455073E-5 7.5357102179015E-6 0.002661004738206789 1.4238677834998395E-4 0.0024869494920130956 0.168279762042671 0.3308147390505469 0.0 0.0 0.0 
0.2614222577196764 0.02947737593286036 0.0 0.007973559029806631 0.21388388403688743 0.004382855498946083 0.0 4.113705572744306E-4 0.008095231712193042 0.013209424984661348 
0.007487756594767281 0.1699872626318479 0.0500830495432857 0.016587915345196876 0.004209502390881439 0.2699573754224098 0.0 0.0 0.00847083684743403 0.0 
5.6549190716669694E-5 0.17707337983335195 0.002614046314155712 0.0 0.17356156864716127 0.011597624193286294 0.002611837141379587 4.69824299610586E-5 0.15230276935590153 0.0 
0.209147843422658 0.194248271456863 0.0 0.008049943559087665 0.0016417393389829005 3.4233559557988655E-4 0.0026139492736360253 0.013777456353820406 0.020412729411174113 0.06531377206010025 
0.08136426285535762 0.0 0.04342295475974333 0.11574873036786354 0.1292808391395727 0.01687324495234578 0.004940567662836264 0.056964939378970555 0.059740860430691996 0.0 
8.418216794591674E-4 0.03762695181674305 4.033756567746557E-4 0.017467902831590047 0.001522918550580091 0.07055870150659184 0.042684700297200145 0.012084139829931007 0.0 0.37532615229716504 
0.018987180873141794 1.7904089569790538E-4 0.0022317549292791205 0.0203666533043669 0.14470653567855654 1.5399499836733755E-4 6.215866510819501E-17 0.18870814514860565 4.368623509136801E-5 0.14008415777588443 
0.04422953074005607 0.00960077545100105 0.15234067484073596 0.0014348234215600818 0.008863337188056066 0.0036514409008882877 0.0 0.1453551657000152 0.13718652667292972 7.807879579439917E-10 
0.0020014998526039717 0.06024668375658173 0.19413912587689997 0.026986421132830903 0.06143557969020136 0.01804245873257507 0.012654177135709847 4.0706142990447396E-4 0.1341701177734253 0.014170115101209113 
0.012594694887057003 0.01614650189544609 0.22475218510843564 0.008474439783512906 0.010374941923673648 0.2134817177346948 0.011271688392654371 0.012942725068520771 0.03450262380316945 0.013947522004785377 
0.0 0.0 0.0 0.0 0.0 0.0 0.18358687151313557 0.0 0.0 0.3761382250723811 
0.1526643770139057 0.0 0.07449723705327956 0.013793527556726621 2.2098014203811017E-5 0.13571286817704303 0.004393844579804298 0.0 0.0 0.12399466686168574 
0.2616043249759062 0.005190620822428556 0.0018967740476636054 0.0 0.0030629933394403213 2.2520953678730276E-4 0.09631687246283001 3.2141788280862585E-4 0.0 0.14333339346071725 
0.09214913829001267 0.2845425668637886 0.03504986010774938 0.05119779648959452 0.0013434395322969293 0.0025807623335150636 1.739880027776956E-4 0.026430688406484663 0.012827027466458193 1.871394993211475E-7 
0.0 0.0 0.0 0.38015855631886325 0.0 0.0 0.0 0.16915204548801246 7.442912023140995E-5 0.0 
0.179934454090879 0.0 0.003517563192811269 0.0016303602026275631 2.0548271693767477E-17 0.0 1.7631778898796458E-5 0.33102441252451503 0.0 0.0 
0.1945998902033415 0.0 0.0021686610031261665 0.17696352893562936 0.0 0.14190920221748513 0.0 0.0 0.0 4.5152357165158014E-7 
0.0 0.0 0.0 0.18837929314704271 0.24851231286635492 0.004091685217161798 0.015364636785369134 0.04959023819146845 2.1018445336864984E-5 0.007850954914515675 
6.274998609186437E-4 6.33705694756002E-4 0.19512527611243774 0.005664954881167133 0.016193950129629514 7.916716207222936E-4 5.4354138526770026E-5 0.0 2.96859027012957E-5 0.2843334292992638 
2.6143723218176535E-4 0.00543423809759342 0.16159813814854912 0.01113570387276614 0.0019088683338042084 0.0 0.3216026418167671 0.0 0.0 0.0 
0.6153631845034918 0.0 0.0 0.0 0.0 0.0 0.0 0.0 0.0 6.83190375942435E-17 
0.08648576565907785 0.011442708895652619 0.047847793497805914 0.018251402503248988 0.01283690527615323 0.0 0.04444067982663008 0.1461374567294461 0.12832560357227943 0.006914866375577753 
0.1656941967247372 0.01930137967253447 0.07908401973878516 0.032651263683116674 0.019336652154496314 0.0 0.017959187887662896 0.0 8.740575922781727E-4 0.16699973519195707 
0.021473428312479035 0.0 0.16661973383326747 0.174469349708557 0.0 0.0013151721033738846 0.0 0.17161069160521034 7.255627063485107E-5 0.0 
0.0011710731382636047 2.2387386281800198E-5 0.0218861463614487 7.327942420256549E-4 9.559465934343613E-4 0.23315455940224675 2.8635195006698857E-17 0.006292438997339981 0.12452806361013868 0.14357728072961687 
0.2206725231682619 9.211554850593752E-5 0.14157393454250725 0.0062499055537321045 0.0 0.01920559097385034 0.009766992343052974 0.005213076003613297 0.1488536927828216 0.0 
0.1877591409076812 0.1746606778614453 0.03727322858872994 0.006221574040455375 0.11229157197721684 2.6719812433560995E-9 0.0 0.0 0.0 5.753244503553633E-17 
0.3565932336086384 0.0 0.0024836235253807744 0.0 0.0 0.0032786538029445033 7.96544360213632E-5 1.1336032240185884E-5 0.14280360449515317 0.0 
5.454757549302674E-4 0.004771293603495776 0.35430651954595516 0.002502757251656593 5.8915686814229256E-5 0.0012012110179901489 0.0 0.0 0.14317383422666677 7.284834316821538E-5 
0.1787113512898941 0.0 0.0024220157259170778 0.0 0.17336261217564392 1.0428029486746873E-7 0.0041499522420383106 0.0016200395187004754 0.14194451849047346 0.0 
0.0 0.0 0.0 0.0 0.0 0.21708004267937403 0.11232280191020144 3.261766692455927E-4 0.17583863866925295 0.0 
0.0 0.0 0.0 0.0 0.0 0.19448474199030152 0.10063141171110934 0.0062012727471037156 0.06343003858538432 0.14182829297660862 
0.18152368470603603 1.4347996458707207E-4 0.053055174064319297 0.004025416908978489 0.0 0.01409607368346786 0.015074510119804275 2.974491091736121E-17 0.0 0.24934569895583786 
0.04382601534442811 0.0013385672567473293 0.34216970274882313 0.015140350618294393 0.02868130640089194 0.019161430767443418 0.03339667224902913 0.03886458491233616 9.428076637661994E-4 0.0 
0.015132334872690424 0.0 0.0 0.17181683114922064 0.17127187323905982 0.0 0.0 0.0 0.008281310088091486 0.13514583506775135 
0.3359670576762533 0.03913611862005263 0.043885369419886085 0.0518044774626837 0.009819184871202606 0.022282500738236396 0.0 0.0 0.0 0.0 
0.040687829701477746 0.0453684030351013 0.030042328364266697 0.13586243178125482 3.684798649100106E-4 4.994247053228756E-4 0.12865156042639786 0.003951920091519205 0.13447781905802175 0.0 
0.0037456318974838105 0.1685016914753661 0.0899991239027493 0.027603133247716908 0.06283954748917335 0.018255853512266294 0.012936421713511111 4.161407149650842E-4 0.13716270969294578 0.01448617185553174 
0.0023507155781464445 0.016569904637844326 0.06516300841566454 0.0768022224156382 0.004271320255380718 1.5125097472323942E-5 0.16517229640014658 0.0 0.0012092412401573122 0.1696953808876281 
0.008304811078405631 0.23609269243515255 0.11955980785167611 0.0 1.7572035136969137E-5 0.018965195976428647 1.9472451744701114E-5 0.0 0.1435359753478702 0.005617480863520919 
2.344207278616795E-7 6.788389814555527E-10 1.8558629758007815E-6 2.10663850804713E-6 0.16476558210135808 0.14435131568362805 0.17914471695016032 0.0 0.018473816458966178 0.008515442793541255 
0.1881517511456971 0.001868466424322401 0.0 0.1724995546970219 0.008255970893263062 0.0012291653375727763 4.1300841468791796E-17 0.0016803828647308982 0.011239009154785436 0.13053684932159756 
0.003868168905736355 0.16783358990122876 0.015976254704046337 0.31349200849642817 0.001454384041616334 4.2488568404404115E-4 1.3680806313427687E-4 6.949665051702068E-4 0.0 1.8624714967618092E-7 
0.34963560730717025 0.0 0.006835074190620281 0.0031679979382226863 3.992791424556478E-17 0.0 3.4260796545795856E-5 0.15085232582335723 0.0 0.0 
0.32731411194375576 0.0 0.17557637497024195 0.0 0.0 0.0 0.0 0.0 0.0 5.583205974368764E-17 
0.004986939000732706 0.005042033162827324 0.002276368618963586 0.1778667797780688 0.0028585446404590224 0.002836636064266215 0.0 0.3219764923004959 5.847141457245747E-4 5.1987209320175514E-5 
3.8666599994478833E-4 0.0030891114576325667 0.009626181690825176 0.16574690676389625 0.1673449628876801 0.001521933033883503 0.16614350464725755 0.0 0.0 0.0 
0.17239165008813842 0.002549287508881402 0.17788780533922552 0.022159651360392916 0.0 0.0 5.3995916722895654E-5 0.13091879849620594 2.1580519472350406E-6 0.01542725596492006 
0.04722611437971132 0.009029884289942072 0.030176591709085113 0.004988375202952968 0.001042167614329237 0.09023105011288765 0.06469790923294148 3.4972412075344705E-4 0.26152276829911847 0.007902244721257893 
0.009932223620604618 0.174246403942565 0.019467369501886652 0.007898624656710453 0.3170738735222327 0.0023571270594203034 0.0 0.002235934060355096 0.0 1.5866075345928003E-7 
0.06799105326113507 0.06324785783368304 0.013497324593303588 0.0022529468866748065 0.04066285249373546 0.34235071205921214 0.0 0.0 0.0 5.884212529758062E-17 
0.0936178109649716 0.0 0.01023890020567815 0.1883660817635083 0.05130340666211934 1.771294078798254E-9 0.01064196323818416 0.17143014605798368 0.0 0.0015115493157290911 
0.23311693281954174 0.026847067705378466 0.003836494155050455 0.053772034139398586 0.0037767769263079252 0.002884032158167903 0.16530672329974724 0.016779086091231066 0.0 0.0022357480166178122 
0.0019445499811588756 0.1342705758042187 0.1574413662373855 0.007188283513998259 0.002051500993550162 0.01901925674084766 0.00503230351367523 0.14196361534806343 0.009170006725573018 0.026694026860795344 
0.0066901099098960375 0.17114461454069865 0.0 0.0 0.0 0.16035575092115098 0.17208765618306424 5.665225306148548E-17 0.0018693052235214003 0.0 
0.16516307932663635 1.3039197712450642E-5 8.760496711914372E-4 0.14998858343908075 0.0 0.0 0.1831548601547092 0.005056650235377767 0.007107584018395218 0.004223015272918212 
0.0025873263028609404 0.15994280198615465 0.0023467095354951393 0.15811915014129208 0.009716871998083637 0.0017915715507317734 0.0077719812363643325 0.0 0.14816677186335125 0.015960024875191166 
3.120780089083888E-4 0.3661807650835103 0.0020530715814890874 0.17655749630906506 2.5853728850359643E-4 8.514940131211421E-4 2.2321870365432878E-4 7.844474857415062E-5 0.023865941208030293 0.0 
0.0 0.0 0.17429145296635346 0.0 0.1682965891997839 6.800712622353654E-4 0.16983880331427514 0.0 0.0 2.7793508581449194E-8 
0.025166377108208182 0.0022102363384143993 0.013392700810162847 0.002107583850657922 0.03681138549174368 0.09117394506833812 0.32547865445293733 0.0 0.0 0.00813291087298003 
0.006744511584286873 0.003994331454236455 0.0024541525117621472 0.19069733017783366 3.400593501040314E-5 5.805935397821802E-5 0.0 0.30639973361803285 5.762889344375276E-4 6.471669330663466E-8 
