1.3560387031000435E-7 7.300556500280113E-8 0.005771836245972904 0.0233396028380851 0.30886769302338724 0.028312406484980478 0.0010030742349791618 0.11538998250819935 0.0 2.5394452712324355E-5 0.0 0.010008035689319482 0.0 0.012714381897153107 0.0 
0.36796884696000687 0.014761231263056961 0.0 0.0 0.004916703014059117 0.022351703537257236 0.0 0.019083364914896185 0.0 0.0 0.0 0.12652331273223102 0.005715713330594862 0.0 0.0 
0.0 0.0 0.0 0.2427135637282588 0.011030346295912215 0.0 0.0 0.0 0.0 0.0 0.0 0.0 0.2528533484008075 0.0 0.0 
0.0 0.0 0.0 0.0 0.0 0.0 0.0 0.0 0.0 0.0 0.0 0.0 0.0 0.2509675788238521 0.24989020145619809 
0.0 0.21924505396856703 0.004045922635749455 0.0 0.0 0.0 0.24610842502480804 0.0 0.05205693551850489 0.0 0.0 0.0 0.0 5.789328318379966E-17 0.0 
0.0 0.0 0.0 0.0 0.0 0.0 0.25754823961144097 0.0 0.0 0.25754823961144097 0.0 0.0 0.0 1.331341344329489E-4 0.0 
0.0 0.0 0.0 0.0 0.0 0.0 0.0 0.2567923215713116 2.6665080043493917E-5 0.24954868532158553 0.0 5.621810483501974E-17 2.251634605689319E-10 0.0 5.621810486001791E-17 
2.6896946279476613E-9 2.729213139876406E-13 1.2976486124535868E-9 3.0477574083715536E-5 1.4885508989158116E-7 1.7332266673133043E-13 0.0 0.0017852067004466765 0.2628621196589633 0.0 0.25244467114516966 0.0 0.0 0.0 4.6795952750003015E-6 
0.0 0.0 0.0 0.0 0.0 0.0 0.0 0.0 0.0 0.2542788914526184 0.0 0.0013541912059821335 1.0391849518171128E-10 0.0 0.26149932531080916 
0.0 0.2709178815201293 3.934069910103215E-6 0.0 0.0 0.0 0.0 6.01567275082625E-17 0.0 0.0 0.240662400381213 0.0 0.0 0.0 4.749968615772257E-6 
0.0 0.0 0.0 0.0 0.0 0.0 0.0 0.0 0.2523005869537891 0.0 2.801099207625381E-17 0.0 2.8010992076253816E-17 0.25241225035408493 0.0 
0.005859650173938418 4.040786082391229E-6 2.390793907507034E-4 0.001968216978656327 2.168501714249696E-5 0.0 0.0 0.254608917109592 0.0 0.0 0.2505596505552828 0.0 0.0 0.0 0.0015887304001227617 
0.0 0.0 0.0 0.0 0.0 0.0022389077689849825 0.24781626924920194 5.359127282560798E-7 5.521540361382851E-7 0.0 0.0 0.0 0.0 0.25001032928518635 4.207527799845894E-7 
0.0 0.0 0.0 0.0 0.2537626913657736 0.0 0.0 0.0 0.0 0.0 0.0 0.0 0.2528720638257855 0.0 0.0 
0.45100881013548766 9.007855875289718E-4 0.00745049353111892 0.0 0.0 0.0 0.009375567870081593 0.0 0.0 0.04895996645674581 0.0 0.0 0.0 0.0 0.00376211850070225 
0.0 0.0 0.0 0.0 0.2629846106511844 0.0 1.61789635195146E-5 2.919895321248411E-17 0.2592411774833093 0.0 0.0 0.0 5.798050562977479E-17 0.0 0.0 
0.0 0.0 0.0 0.0 0.26376882634011134 0.0 0.0 0.0 0.0 6.733453235351445E-5 0.25716210349581226 0.0 0.0 0.0 0.0 
1.755022883647949E-5 4.6681442339272005E-5 8.174565765525939E-5 3.430638598861931E-6 3.836896382452281E-7 0.23270663818896825 0.27385522470187057 1.614727603662011E-7 2.2733539129092644E-5 0.0 0.0 0.0016395806253549292 0.0 5.644086644553419E-17 0.0 
3.4881163449043235 0.0 0.0 0.0 0.0 0.0 0.0 0.0 0.0 0.0 0.0 0.0 0.0 0.0 0.0 
0.0 0.0 0.0 0.0 0.0 0.0 0.0 0.0 0.0 0.0 0.0 0.0 0.0 0.0 0.5082679510585937 
0.0 0.0 0.24862105148876223 3.5202990866051642E-6 0.0 0.2518006857718953 0.0 0.0 0.0 0.0 0.0 0.0 0.0 0.0 0.0 
0.0 0.0 0.0 0.0 0.0 0.0 0.5003870101803916 0.0 0.0 0.0 0.0 0.0 0.0 0.0 0.0 
0.0 0.0 0.0 0.0 0.25855405680526555 0.25855405680526555 0.0 0.0 0.0 0.0 0.0 0.0 0.0 0.0 0.0 
0.0 0.0 0.0 0.0 0.002166691189586569 0.0 0.0 1.09846911801558E-5 0.26007286713731126 0.0 0.0 0.0 0.25487155179380533 0.0 0.0 
0.0 0.0 0.0 0.0 0.0 0.0 0.0 0.0 0.0 0.0 0.5006117493273727 0.0 0.0 0.0 0.0 
0.0 0.0 0.0 0.0 0.0 0.0 0.0 0.0 0.0 0.0 0.0 0.0 0.2507653054395273 0.0 0.24968879641019556 
6.326864821634735E-4 0.0013585704007307343 1.172849621499778E-6 3.2171875439334387E-7 0.00313900166166623 3.6823269033710585E-7 6.400198266136084E-4 0.0 5.590068401441527E-4 6.509217172927654E-4 0.24552287333239123 0.0 0.0 0.0 0.2475502613563459 
0.0 0.0 0.0 0.24590238056339958 0.0050773324101440155 0.002377827687625863 0.0 0.0 2.812833751044347E-17 0.0 0.0 0.0 0.0 2.8128337510443475E-17 0.2640169388169909 
0.0 0.0 0.0 0.2484929081271572 0.0 1.335942886224914E-5 0.0 0.0 0.0 0.0 0.0 0.0 0.0 0.2518408466501145 0.0 
0.0 0.0 0.0 0.0 0.2532933783721648 0.0 0.0 0.26381473719853166 0.0 0.0 0.0 0.0 0.0 0.0 0.0 
0.43772667580936364 0.0 0.0049850231343073195 0.0032954238786409465 0.0011876114182088615 0.05590469995145111 0.0 5.594730658143406E-6 0.0 0.0 0.01082211057590174 5.705737432510149E-17 0.0 0.0 4.2082510797722075E-4 
0.0 0.0 0.0 0.0 0.0 0.0 0.0 0.0 0.0 0.250238145015663 0.0 0.250238145015663 0.0 0.0 0.0 
0.0 0.0 0.0014692613900222282 0.0 0.0 1.736763237993435E-11 0.0 0.24980954144393344 0.0 0.0 0.0 0.0 0.0 0.2512788028513233 0.0 
0.0 0.0 0.0 0.0 0.26329987246641395 0.0 0.0 0.0 0.0 0.0 0.0 0.2538082431042825 0.0 0.0 0.0 
0.0 0.5251793225936936 0.0 0.0 0.0 0.0 0.0 0.0 0.0 0.0 0.0 0.0 0.0 0.0 0.0 
0.0037758384848047876 0.0 0.0 1.311705780929563E-4 0.0 0.0 0.25970980909103936 0.0 2.036014235306499E-9 0.0 0.0 0.2589561022591471 8.03390393716978E-4 0.0 0.0 
0.0 0.0 0.0 0.0 0.28225195411542536 0.0 0.0 0.0 0.0 0.0 0.0 0.0 0.0 0.28225195411542536 0.0 
0.0 0.0 0.0 0.0 0.0 0.0 0.0 0.0 0.2543869047238569 0.2519960541034099 0.0 0.0 0.0 0.0 0.0 
0.0 0.0 0.0 0.5065970325997533 0.0 0.0 0.0 0.0 0.0 0.0 0.0 0.0 0.0 0.0 0.0 
0.0 0.0 0.0 0.2570878035502391 1.4220657699817862E-5 5.39013664102898E-6 0.0 0.0 0.014138879521520773 0.0 0.0010504958898444616 0.2525955883170263 0.0 0.0 5.827476035868656E-17 
0.0034822834046829964 0.2518096999327603 0.001354735489235645 0.008258524400747966 0.003402601264931172 0.0 0.0 5.750314417363556E-7 0.0 0.0 3.831561350696713E-5 0.24893132781959773 5.742940156282569E-17 0.0 0.0 
0.0 0.0 0.2612892183374386 0.0 0.0 0.0 0.0 0.0 0.0 0.0 0.0 0.0 0.0 0.0 0.2601671188101909 
1.6089876886108626E-4 3.175203504660603E-5 0.07423199024288671 0.3009404131313491 0.009749772342724863 6.703104512701034E-4 0.0010564560465551565 0.1038714153281848 4.4123949943797644E-4 0.0027914860807657297 0.0 0.010240982167225673 0.0 0.013107107717928907 0.0 
0.0 0.0 0.0 0.0 0.2603164105579924 0.0 0.0 0.0 0.0 0.0 0.0 0.0 0.0 0.0 0.2590640679754782 
0.0 0.0 0.2614219393224928 0.0 7.967898718449369E-5 0.0 9.285090007866663E-4 0.0 0.25867867283108653 1.3375544598015281E-4 0.0 0.0 0.0 0.0 0.0 
0.0 0.0 0.0 0.32507778446668617 0.0 0.0 0.20412189347584372 5.875296670760144E-17 0.0 0.0 0.0 5.875296670760145E-17 0.0 0.0 0.009230326276972857 
0.47403199987718536 0.0 0.0 0.0035285635671307605 0.0012716307633021387 0.0 0.024272834715011835 0.0 0.0 0.0 0.01082211057590174 5.705737432510149E-17 0.0 0.0 4.2082510797722075E-4 
0.035796718261854064 0.017082516230997786 0.0015804007421801214 0.21565790431221393 0.24714052077975243 3.5946450104505213E-7 0.0 0.0 0.0 0.0 0.0 0.0 0.0 0.0 0.0 
0.10437245909126294 0.06107187184670166 0.040941922030315894 0.016613052840293248 0.020505271720095038 0.00595162699395283 3.0726351395683707E-6 0.011154321617615542 5.746310939260463E-7 0.005657359332040306 0.0 0.0034176614983656224 0.0 0.0 0.2683917606203681 
0.0 0.0 0.0 0.0 0.0 0.0 0.0 0.269091982273848 0.0 0.0 0.0019387340627908638 0.0 0.24623419998349294 1.9643445251637616E-6 0.0 
0.0 0.0 1.4603791010004872E-4 5.605257729131376E-7 1.4066600861895453E-6 0.0 1.646767079589349E-4 1.6492648672627742E-5 7.909797108875633E-6 0.25344688022715606 0.0 0.0 0.2526732479012745 1.6868413745090194E-16 0.0 
0.06501113711065443 0.0 0.0 0.24321125010704753 0.0 0.22331057756741193 0.0 1.5258655177131206E-8 0.0 0.0 0.0 0.0 0.0 0.0 0.0 
0.0 0.0 0.24853464232086986 1.266314838104136E-4 0.0015050904792597885 7.08350034705534E-8 0.0 0.0031424302983777013 0.0 0.0011776623512776596 0.25303320102049015 0.0032229490559856685 0.0 2.3745596413683774E-5 0.0 
0.0 0.0 0.0 0.0 0.0 0.25866322410051357 0.0 0.0 0.0 0.0 0.25866322410051357 0.0 0.0 0.0 0.0 
0.15361665651472653 0.08708984427902994 0.0026953892310940374 4.967654117559272E-4 0.0 0.008485823899997266 0.0 3.761613899934707E-5 0.24821309363107347 0.0 0.0 0.0 0.0 0.02167430216625505 0.0 
0.0034328835125141204 0.001811877341131071 0.2783186736632979 0.004398828509779885 0.2702620123629836 6.197534434423464E-17 0.0 0.0 0.0 0.0 0.0 0.0 0.0 0.0 0.0 
0.2206702951299095 0.1291216869074977 0.04180693811884758 0.03152173877471137 0.03890686587703064 0.011292664460374417 0.028030070955262082 0.02241737452832054 1.1548636384856584E-6 0.011369866078395168 0.0 0.0034007783190087727 0.0 5.978988793098287E-17 0.0 
0.0 0.0 0.0 0.0 0.0 0.2580259286365808 0.0 2.864663269226196E-17 0.0 0.0 0.0 0.0 0.0 0.25797852879483724 4.3416279430177025E-7 
0.0 0.0 0.0 0.0 0.0 0.0 0.0 0.29255405025713543 0.0 0.0024874201254347114 0.0 0.2667152627585571 0.0 0.0 0.0 
0.4507374671017914 0.0 0.0 0.0 0.001200207205564946 0.0 0.02817876895493766 0.0 0.0 3.2241659031473465E-6 0.0 5.330399093541574E-17 0.03363309946256097 0.0 4.2068232436869935E-4 
0.0 0.0 0.0 0.0 0.0 0.0 0.0 0.0 0.0 0.0 0.0 0.0 0.5033346218228036 0.0 0.0 
0.0 0.0 0.2628489056724563 0.0 0.0 0.0 9.332927893194967E-4 0.0 2.9285707021850605E-17 0.0 0.0 0.2575965781476394 0.0 5.788467223426689E-17 0.0 
0.0 0.0 0.0 0.0 0.0 0.0 0.0 0.0 0.0 0.0 0.0 0.5003420144968569 0.0 0.0 0.0 
3.4930931199214837E-10 2.525913684054933E-8 1.6859692066486606E-4 0.0 0.0 0.26196106405647346 9.307390712965849E-4 0.0 0.0 0.005044405293212663 3.828654016995295E-5 0.24874244230466863 5.738582495805971E-17 0.0 0.0 
7.358727282911786E-4 0.0014464084591647721 4.8435191929921244E-4 0.0 0.0 1.94516128902069E-6 1.6638854144796118E-4 5.723139969440742E-6 0.0 0.0 0.0 0.2542959288631564 3.719491243599135E-8 0.257180959275036 0.0 
0.0 0.0 0.0 0.0 0.0 0.0 0.0 0.0 0.0 0.0 0.25023978943357594 0.25023978943357594 0.0 0.0 0.0 
0.0 0.0 0.0 0.0 0.0 0.0 0.0 0.0 0.0 0.0 0.0 0.26206205649131525 0.2382799849681516 0.0 0.0 
0.0 0.0 0.0 0.0 0.0 0.2632066416633523 1.6192622994254095E-5 2.9223605123179405E-17 0.2594600480129942 0.0 0.0 0.0 0.0 0.0 0.0 
0.0 0.26431022261502135 0.0 0.0 0.0 1.8962341938960567E-9 0.0 0.0 0.0 0.0 0.0 0.0 0.0 0.2567738346576188 0.0 
0.0 0.0 0.0 0.0 0.0 0.0 0.251064168480975 0.0 0.2522927334408831 0.0 0.0 0.0 5.588384221176337E-17 0.0 0.0 
0.0 0.0 0.0 0.0 0.5171081155706965 0.0 0.0 0.0 0.0 0.0 0.0 0.0 0.0 0.0 0.0 
0.0 0.0 0.0 0.26512118287148917 3.456672147919615E-4 0.0 0.0 0.0 0.0 0.0 0.253197102192371 1.1516653237256863E-16 0.0 0.0 4.2470380905458945E-4 
0.0 0.0 0.25867281489667604 0.0 0.0 3.0576821703184543E-9 0.0 0.0 0.0 0.0 0.0 0.0 0.0 0.2586728179543582 5.743690366752002E-17 
7.72856838284825E-5 1.8747912250570274E-4 6.490907943934812E-5 0.0 3.0084148515770044E-6 2.1166573111793883E-6 0.0 0.0 6.823706417281812E-8 0.25177992130727916 8.091350023024824E-4 0.0 0.0 0.2535294289119978 0.0 
0.0 0.0 0.0 0.0 0.0 0.2516179863857173 0.0 5.392621067487973E-7 0.0 0.24925369358693603 0.0 0.0 3.424761263200146E-6 0.0 0.0 
0.0 0.0 0.0 0.0 0.0 0.0 0.0 0.0 0.25147212635512584 0.0 0.0 0.25324379636189054 1.1010754294199227E-5 5.603594626882987E-17 0.0 
0.22997254960760607 0.17318847541167273 0.09976882954176743 0.0 0.0 0.0031998400626266315 0.0 0.0 4.018296534175637E-4 0.0 0.0016256578540949714 0.0 0.0 0.0 0.0 
0.0 0.0 0.0 0.0 0.0 0.0 0.0 0.0 0.0 0.0 0.0 0.0 0.25039586902660066 0.2504390108926419 0.0 
0.0 0.0 0.0 0.25280595113442433 0.0 0.0 0.005230023968040636 0.0 0.25550669633900797 0.0 0.0036999343548147073 0.0 2.427486836927241E-5 0.0 0.0 
0.10603236699389819 0.08019956659896414 0.045656156265968716 0.0 0.019678991780210063 0.001600569978032512 0.0 0.0 2.009964457459221E-4 0.0 4.059281729494591E-4 0.0 0.0 0.2543821181244373 0.0 
0.0 0.0 0.0 0.0 0.0 0.0 0.0 0.24935944537125437 0.2593164640878672 0.0 0.0 0.0 0.0 0.0 0.0 
0.0 0.0 0.0 0.0 0.0 0.0 0.0 0.2549340768492327 5.516705153986461E-7 0.0 0.0 0.0 0.0 0.0 0.25370817687050956 
0.0 0.24939901153567332 0.00988305946014941 0.0 0.0 0.0 0.0 0.0 0.0 0.0022003239606829266 0.0 0.0 0.0 0.0 0.2602244430007304 
0.0 0.0 0.0 0.0 0.0 0.0 0.0 0.0 0.0 0.5003416583070237 0.0 0.0 0.0 0.0 0.0 
0.0 0.0 0.0 0.2617506700978032 0.0 2.3059500360030426E-6 0.0 0.0 0.0 0.24472829422676612 0.0 0.0 0.0 0.0 0.0 
0.04556599122789611 2.6014782013149225E-5 0.2023228157763095 0.2572901809796844 0.0 8.7092679183626E-4 0.0 0.0 0.0 0.0 0.00361425026592311 0.0 0.0 0.0 0.0 
0.018620008920317954 0.22772684800739065 0.0021764137399100814 0.00161816363581957 0.0 7.496841296788877E-4 0.002299392334508342 0.0 0.2531905107676255 0.0 0.0 0.0 0.0 5.62195869341643E-17 0.0 
0.0 0.0 0.0 0.0 0.0 0.0 0.0 0.0 0.0 0.0 0.25460918225837426 0.0 0.25371558380056813 0.0 5.643538592658343E-17 
0.0 0.0 0.0 0.0 0.0 0.0 0.0 0.0 0.0 0.0 0.25137021175427304 0.002756277583438491 4.85291146907741E-5 0.25421881144563235 0.0 
0.0 0.0 0.0 0.0 0.0 0.0 0.0 0.5175030435551893 0.0 0.0 0.0 0.0 0.0 0.0 0.0 
0.4177313523313449 0.016757475934539356 0.09754012088640535 0.010113756824591156 0.0069645811191592554 0.009131211736164596 8.63001675700725E-4 0.0 0.0 0.0 6.207273589663502E-17 0.0 0.005777148135024382 0.0 0.0 
1.437350145601953E-5 1.0159070515302875E-5 3.785556221370986E-5 1.1957496986597056E-5 0.002810420754958472 2.7330804167409466E-5 0.26232770797845867 0.0 2.9447533874544377E-17 0.0 0.0 0.0 0.0 2.944753387454438E-17 0.2619369531580627 
0.04979570643472662 2.7832500195412363E-5 0.2223557181758743 0.0 0.0 0.0 0.001101622139596756 0.2503619047379933 0.0 0.0 0.0 0.0 4.543865073131702E-5 0.0 0.0 
0.03265744649045577 6.52256817672007E-5 0.0 0.0 0.2983409428145856 0.0 0.21174775979288551 0.0 4.8808532731564727E-4 1.3869271657997759E-4 0.0 0.0 0.0 4.998046078367435E-5 0.003936698950126038 
0.0 0.0 0.2624582508368582 0.0 0.0 0.0 0.0 0.0 0.0 0.259991541819207 0.0 0.0 0.0 0.0 0.0 
0.0 0.0 0.0 0.0 0.0 0.27174982021360444 0.0 0.0 0.0 1.8249041806728197E-6 0.0 0.0 0.2501194608875868 2.0064693772910478E-4 1.278960636144722E-4 
0.468588672288949 0.0 0.0 0.0 0.0012477407403993295 0.0 0.02929477333276432 0.0 0.0 3.3518571897506026E-6 0.014572303976024466 5.70329164112734E-17 0.0 0.0 4.2064471930092163E-4 
0.0010901457111152722 1.1061627473398085E-7 0.0038068664444384473 5.780604197715992E-4 0.0 3.7684777905929004E-5 0.24863279153072235 0.2546551961473273 0.0 0.0032103943483795024 0.0 0.0 0.0021953099104424227 2.0016838764747198E-4 5.711061937741238E-17 
0.06982793096496066 1.3946511111680672E-4 0.24430633937653146 0.0029715331870592246 0.0016064885649986229 0.0 0.19945862210386195 5.75440117010527E-17 0.0 0.0 0.0 0.0 0.0 0.0 0.0018703892891151514 
0.0 0.0 0.0 0.04519357962221209 4.3364722296003667E-4 0.0 0.051766533450384726 0.004209340533358413 4.909107358307863E-7 0.10064867226133094 0.0 0.051492984382377455 0.2526347012534991 1.6865840378861036E-16 0.0 
0.0 0.0 0.27177726961128257 0.002023035095042326 7.118165754355719E-4 0.0 0.0 6.525042259539297E-4 0.0 0.0 0.005918966880927416 0.0 0.25557532084534806 0.0 4.400632762626445E-4 
0.0 0.0 0.0 0.0 0.0 0.0 0.0 0.0 0.25071315619921897 0.0 0.0025338138386459424 2.811606170525948E-17 0.0 0.0 0.2531201778092767 
0.0 0.0 0.0 0.0 0.0 0.0 0.0 0.0 0.5034961407550771 0.0 0.0 0.0 0.0 0.0 0.0 
0.0 0.0 0.0 0.0 0.2584279806599847 0.0 0.0 0.0 0.0 0.24624830450404436 0.0 0.0 5.603032317713965E-17 0.0 0.0 
0.0 0.0 0.0 0.0 0.0 0.0 0.0 0.0 0.0 0.0 0.0 0.24753273791441402 2.7481654498108693E-17 0.0 0.2579286504204013 
0.0 0.2492544291997825 7.218548159730534E-5 0.0 0.003202948991050121 0.0 0.0 2.8036413598767624E-17 0.0 0.24819134830839273 0.0 0.0 0.0 0.0 0.0 
3.927822149879724E-5 0.0011745313165085907 0.005411696818506525 0.25284759912686117 0.0012639328487235708 0.0010073735362057044 0.0 0.24739787104966388 0.0 0.0 0.0033172909831299135 0.0 1.948021668550942E-8 0.004514556589701487 0.0 
0.0 0.0 0.0 0.0 0.0 0.25880287882126113 0.0 0.0 5.651195551365793E-7 0.0 0.0 2.8732954231538025E-17 4.12348080648414E-4 0.0 0.2579687443470105 
0.0 0.0 0.0 0.0 0.0 0.5086759094591216 0.0 0.0 0.0 0.0 0.0 0.0 0.0 0.0 0.0 
0.0 0.0 0.0 0.0 0.0 0.0 0.0 0.0 0.0 0.0 0.0 0.0 0.0 0.5046701085290035 0.0 
0.0 0.20470231339292796 0.02295006954928615 0.0030249659226076896 0.021498892714697893 1.7282848153293536E-4 3.108267527724199E-6 0.012404206613681605 2.0448155485890117E-9 2.0986551053667047E-6 0.0 0.0 0.2407317137919988 1.9014097028594328E-6 0.0 
0.0 0.0 0.5214274790905744 0.0 0.0 0.0 0.0 0.0 0.0 0.0 0.0 0.0 0.0 0.0 0.0 
0.0 0.0 0.0 0.0 0.0 0.0 0.0 7.466152424325354E-5 0.0 0.2500862761470797 0.2501609376713229 0.0 5.554688657290429E-17 0.0 0.0 
0.0 0.0 0.19473736221074828 3.1118549146004205E-5 0.08750061776928642 0.0 0.0 0.0 0.0 0.0 0.0 0.0 0.0 0.2822690985291807 0.0 
0.025000876700507907 1.4273635664994724E-5 0.11100927763481556 0.14116844421868746 0.0 0.2008293458013009 0.0 1.4528927642990243E-8 0.0 0.0 0.0 0.0 0.0 0.0 0.033544177498566474 
0.41220880801959603 0.1363747218367197 0.007596198461309029 0.0 0.006464607744327707 0.002155119620520466 0.0015448763722023088 0.0 0.0 0.0 0.04232855290902556 0.0 0.0 0.0 0.0 
0.0 0.0 0.0 0.0 0.0 0.0 0.44873059737311244 0.0 0.05165642169483649 0.0 0.0 0.0 0.0 0.0 0.0 
1.4001553570313797E-4 3.0065596122471185E-4 2.5955536064556476E-7 0.0016089706451194528 0.003229025290793182 2.7435784962499966E-5 6.617492364873917E-4 0.0 5.779857658690179E-4 6.730212589048417E-4 0.25385865751622927 0.0 0.0 0.0 0.2559548776974295 
2.1646909647354874E-4 0.0010492663097763323 0.0011122004165292298 2.3637902597578814E-4 2.902472538707123E-19 4.746057302255481E-6 8.876801315630536E-5 0.0 0.0 2.302312391151523E-5 0.26017458619527156 0.2376645322079103 0.0 0.0 0.0 
0.07000566780186783 0.16981930572092616 0.0040393963424975735 0.0 0.004269115421190005 0.001578724070361356 0.0 0.0 5.089510481051626E-5 0.24910049733727715 0.001601048490602734 0.0 0.0 0.0 0.0 
0.02975339205786801 0.09531927045712352 0.001171800373820736 8.219922364673209E-4 0.0 0.002218927279840812 0.0011848877677412169 1.4485109797497577E-17 0.1304702701728616 0.0 0.0 0.0 0.0 0.24544189041981593 0.0 
0.5441455614417605 0.0 8.033439329747274E-6 0.005346531527575827 6.100676923733352E-17 0.06496849710329045 0.0 0.04830908515195153 0.0 0.0 0.0 0.0 0.0 0.0 0.0 
0.0 0.0 0.26807010348201765 0.002147397732147475 7.025021266624662E-4 0.0 0.0 0.0 0.0 0.0 3.0078162554051114E-17 0.0 0.2463340751726236 0.0 0.0 
0.0 0.0 0.0 0.0 0.0 0.0 0.0 0.0 0.0 0.0 0.0 0.2502673325692128 0.22755562953688296 0.030608049116047326 0.0 
0.003432883512514121 0.0018118773411310712 0.27831867366329793 0.004398828509779886 0.27026201236298364 0.0 0.0 0.0 0.0 0.0 0.0 0.0 0.0 0.0 0.0 
0.0 0.0 0.0 0.0 0.0 0.0 0.0 0.0 0.0 0.0 0.0 0.0 0.5033346218228036 0.0 0.0 
0.011437596094616859 0.03042259377729246 0.009389154128190368 0.20294528372690346 4.455422431304903E-4 0.0033605515007627007 0.0 0.0 0.0 0.2555793391172872 0.0 0.0 0.0 0.004403664486926783 0.0 
4.21822480424445E-4 2.2709815320070298E-4 0.005652420441758419 0.02515059431581897 0.33369759168845053 0.006439189692482564 0.001017579758895547 0.11705864479919992 4.3735430660610036E-4 2.5784693176643725E-5 0.0 0.010161830714499507 7.236713121545274E-8 0.013005806169535698 0.0 
0.1162278484789255 0.0680088629617906 0.022019866634902727 0.016602614665207144 0.020492388018438272 0.00594788751721684 3.0707045670317725E-6 0.011147313227096915 5.742700464999062E-7 0.005653804747112388 0.0 0.0034037879889806874 0.0 2.9921400825281795E-17 0.2682114572032013 
0.0 0.0 0.0 0.0 0.0 0.25860454297994395 5.557818212554882E-6 0.0 0.0 0.0 0.2586101007981565 0.0 0.0 0.0 0.0 
0.0 0.0 2.8127393510228628E-5 0.0 6.760921033074795E-4 0.2908701921081212 3.166560602275542E-5 0.0 0.09608869818172953 0.13007986129275023 0.0 0.0 0.0 0.0 0.0 
0.0 0.0 0.05519963624467257 2.118684028645163E-4 5.316915657336345E-4 0.0 0.06224475802944505 0.006233916979615345 0.0029897574053201403 0.12707361291856947 0.0 0.0 0.25337145574573156 2.255336794174456E-16 0.0 
0.018133322493144293 0.22458327027065766 0.00227400127585057 0.0015951619714638411 0.0 0.004306060638063564 0.0022993987335896355 0.0 0.25319121538276956 0.0 0.0 0.0 0.0 0.0 0.0 
0.0 0.0 0.0 0.0 0.0 0.0 0.0 0.0 0.0 0.48421005972812825 0.0 0.03443250581980026 2.1083560229527083E-10 0.0 0.0 
0.4984292487657664 0.0 0.0 0.003710169964143562 0.0013110965632840011 0.0 0.0 0.0 0.0 0.0 0.010930603599521891 5.710777616271434E-17 0.0 0.0 4.211968453557202E-4 
0.0 0.0 0.2544691005710516 0.0 0.0 3.66476206389964E-5 9.036688930470646E-4 0.0 2.835614155535656E-17 0.008314964537289237 0.0 0.2575401170969488 0.0 1.1574396967949948E-16 0.0 
