0.0 0.0 0.0 0.1659539239654659 0.1839451739454356 1.3346544525574366E-4 0.009733562180790644 0.15676031052012596 0.0 0.0 
0.0 5.698533589103563E-5 0.32953667207166437 1.9020490197147762E-6 0.0011480754731832967 0.07330339205846395 0.10298836027497471 2.084587325297117E-5 0.0 0.006243729820908148 
0.005581061386066451 0.01623284224220249 7.583678003721661E-4 0.23531636820682897 0.4118241369865514 0.0 0.0041149116152755065 0.0015256332633928275 7.029417352956069E-5 0.0 
0.0 0.0 0.25009228213615164 0.0010157204492186572 0.12117462452601675 0.0 0.0 0.07844366089274037 0.0015966552992424058 0.07890888578942286 
0.04513858940854302 0.008665841387887107 0.31773128351808727 0.03498957507853397 0.0 0.003273410643885185 0.09172610234824495 0.0 0.0449162139695251 2.9956440403004113E-5 
0.0 0.0 0.5470081709728205 0.0038042411816374593 0.0 0.12207768777591563 0.022073010555125692 2.9844596553987923E-6 0.001468300321954256 3.826328798237689E-5 
0.0 0.0 0.3689819100551535 0.0014219853438736357 0.0 0.157850147217635 1.8302665021115866E-4 0.0 1.173366002731043E-16 0.0 
0.022403867302890585 0.0 0.13230154856296023 0.0014341710468777906 0.005510028674845516 0.27193706677438095 0.007768077407258096 0.13735124113004393 2.4145012285858256E-7 0.0 
0.0 0.0 2.1548559177698596 0.0 0.0 0.0 0.0 0.0 0.0 0.0 
0.004189071494663953 0.16020650240743153 0.16829747504074702 8.428842643771711E-7 0.0019800107972740995 0.0 0.03145881956124925 0.0314285333445678 2.64712393866783E-4 0.13885705591872247 
2.039617178454031E-8 0.055310925362073576 0.3266277057155045 1.1424251531532956E-4 0.0 0.002804117808314049 3.805066988419143E-4 0.008373739223110906 0.07935322320403822 0.08356811204619014 
0.0 0.035275777865551874 0.08587724865257894 0.13604251717270202 0.0 0.017676122723038593 0.010371125207650938 0.013675481215745229 0.11858829714750073 0.09178580533600016 
0.30508326778705747 0.00547477098686134 0.034007874065740726 0.0 0.0 0.0 0.01327230382129939 0.17765318441578692 0.004255708225178309 0.0 
0.036347003306414265 0.007091300296498839 0.08950269443314385 0.0 0.08197034426783673 1.2108689245427561E-4 0.142914808691151 0.0 0.14302549992416436 0.0031770299814635 
0.010933278533670312 3.4751256290916115E-5 0.15848693751461182 0.0 0.0 0.0 0.0038051489288486104 0.12635932795893032 0.149814434609786 0.1564851060939316 
0.002534243144143249 0.018785974440094853 0.3813451014260912 0.011092388004805316 0.0 0.0 0.0022522913638974083 0.0 0.09285910177850126 8.814936492344299E-4 
0.009710210907197344 0.15519625464010658 0.16502991943790693 4.788721867929661E-5 0.0028307101981401113 0.013106961752331076 0.15766228778313618 7.19222865534472E-5 2.7276322418359107E-7 0.0 
0.02385055617432956 0.00830453169463974 0.18858143643834718 0.15858347967548933 8.422596042452344E-17 0.0 0.008375372045379924 3.6158669706519886E-4 0.0 0.13413119429281492 
0.0 0.0 0.0 0.0 0.3599765098567939 0.14823489253741656 6.102198324483598E-4 0.0 0.0016820208252923317 0.0 
0.0 0.0 0.0 0.3157449221726785 0.19782269538722888 0.0 0.0 9.078390635898053E-4 0.0 0.0 
0.0 0.0 0.18482842311665418 0.12046771967076382 0.003847625832923435 0.0 0.0 4.740939934017052E-4 0.22928612337958956 0.0 
7.329927948636032E-4 0.015420757438100023 0.3107836910451143 7.259469498379144E-17 0.06516279058515678 0.0 0.018172805629964407 0.12048637236412914 0.0 0.0 
0.012891481999270222 0.20116252100994028 5.323721073542132E-4 0.0 0.0018407902787835296 0.008629560109108316 0.0050536987590587305 0.16951805322225938 0.14035471289927645 0.0 
0.0 0.0 0.0 0.16581476173177892 0.19931148649769082 0.0 0.010153281188768081 0.008315983635692298 0.0 0.1323007714546907 
0.0019303354029133713 0.016141026486966432 0.33840133589127797 0.0 0.0033098677419591237 0.041728632357096944 0.02963132305052078 0.06546322476466425 0.006518497697616726 0.0 
6.847455932460517E-4 0.020615593443093803 0.007376955327369102 0.29315638061864985 0.017322766485249837 0.0 3.0798628786266605E-4 0.16385762817223565 0.003943780190612665 5.6317821086429E-17 
0.002210137026475091 0.0 0.0034277575079783205 2.172736163976084E-5 0.0033389107897522385 0.0 0.0029078026808250623 0.3482805249378181 0.149223227386176 5.361772853261333E-4 
0.009617424944493065 0.10130670448863456 0.11093525195706945 0.16055912351728563 0.01684362693177375 0.0016490407141884391 0.00694937116439265 0.004047218793525116 0.1438815865073241 0.0 
0.0 0.02820652302969665 0.1410200964929188 9.175307745043321E-4 0.27170436029468303 0.0 0.0 0.0014080732022863868 0.10724534760419434 0.0 
0.0 0.0 0.20414383416656623 4.61709353552972E-4 0.0 0.0 1.5845766493648644E-8 0.10238612547222252 0.22739031629284212 0.0 
9.030312932429403E-4 0.007550942701871991 0.15830771974851116 0.00837445375557354 0.013564020844172164 0.13951974793111985 0.0073702511216085075 0.1610313809939001 0.006518705125398761 0.0 
0.0 0.0 0.3358713097833801 7.549864556166247E-4 6.593400978161865E-7 3.0759404241212134E-5 0.17218145188833586 6.414715307343993E-5 3.7569013627664514E-8 0.0 
0.0034795636772665933 0.1330721443520124 0.11733800839337558 6.153467006730678E-7 0.13608320811282937 0.0 5.169323986365599E-4 0.033519382686018444 0.0254996420591718 0.06679182962865496 
0.1502911794835434 0.12065850476723068 0.06499326951250546 0.018626163144829098 0.17110079793356836 0.0 0.010878875193499317 0.0 0.004261409556635669 0.0 
0.0 0.0 0.0 0.0 0.0 0.0 0.5426122160371634 0.0 0.0 0.0 
9.382815574135152E-5 0.0020474131024035822 0.1550789751639397 0.10568714838596524 0.002934284532455288 0.0 0.135963024516173 0.09406689778815333 0.01284974439705479 2.912489307073129E-5 
0.0 0.0 0.35234188196334965 0.0 0.14935284211753205 0.0 0.0078024604246722485 0.005153620705593273 0.0 0.0 
0.012990456563273071 0.19734541653600834 0.06179426602941724 0.0 0.1402828983891793 4.578704499079467E-17 0.008361296307360993 0.19571392676716637 9.404043086605345E-5 0.0 
0.017247765427426006 0.009327988291040338 0.08282773674311703 0.013821864412321258 0.11873874499750191 0.002757108872178438 0.13796470908550934 0.020774011367420693 2.6440439057497313E-5 0.12037406250766869 
0.15651052390841327 7.034206985084482E-4 0.13793282283230224 0.0 0.0025318629853427585 0.0 0.00668443976425466 0.08762171804478107 0.1387436338916122 0.0 
1.5240150239707592E-5 0.0046431858050592235 0.33738557963838584 0.0 0.003817521185704983 0.0019760731209061124 0.0019589115670995026 0.14933131345418324 0.012934125161532736 3.3751280404562195E-7 
0.11443146717276799 0.0747957240094579 0.045374472344165584 0.03477452420591007 0.013203496897234058 6.082532573744978E-6 0.0043961867202106 0.0 0.22539938945497776 0.0 
0.0 0.29456659613073893 0.0706336324401599 0.16353764001078044 0.0 0.009224033145855341 0.0 0.0 0.0 0.0 
0.0 0.0 0.1415199078997162 0.14553849108993058 0.0 0.0032990542655353455 0.001501799123403835 0.13988810112200453 0.004571184016989253 0.09734290975505741 
0.01413612675144828 0.10710856775536205 0.13044687358282092 0.0 0.11198183382422117 0.029592827223207465 0.12225106893295591 2.6170019850010465E-5 5.3579589972496776E-5 0.0 
0.02295002941195521 0.005566601641525986 0.15435742314517364 4.2179897913396816E-4 0.01593780865073685 5.155236102308749E-7 0.1270492686243942 0.0 0.2519126556123265 0.0 
0.09732507650090728 0.02418189633790558 0.12177484341450638 0.0 0.0 0.0 0.1371532331729845 0.023320627420538708 2.6459820654426784E-5 0.12046230013319426 
0.0 0.0 0.0 0.0 0.0 0.0 0.0 0.0 0.31728372922655224 0.18302125471044173 
1.8349057966906076E-4 3.303116174262191E-6 0.004278846421238907 1.4136780913106715E-4 0.002840643829482396 0.32360160628529316 0.17295321430410568 2.2285260018529403E-6 0.0 0.0 
0.0 0.0 0.14186112911091728 0.003980542880416963 0.03400593978457434 0.009126312498836482 0.21954169484188277 7.536240283861883E-4 0.08650195299818679 0.011371106742231435 
0.1488680819273949 0.03801026212707802 0.06677094505099279 0.0 0.01766981112123385 0.2825218827576342 0.012855923587686759 0.04136256919187725 0.006944860489012866 1.3655839487045867E-16 
0.022930005049232115 0.003049767188239758 0.46301518523095764 1.667452041381169E-5 0.0 0.0 2.4162254692609272E-4 0.0 0.0438171826428189 0.012497600163892111 
0.0 4.3912558154701497E-5 0.23929257816798755 9.223568223598046E-4 0.15083695403524486 0.16666814421508258 5.393629335029873E-4 0.0 1.2396823761580857E-16 0.0 
0.0 0.3591108645816515 0.003847404713515556 3.402919882239843E-4 0.0019235190831721593 0.15564188138703994 0.0 0.0 1.1565503260726546E-16 0.0 
0.0 0.03411235992685408 0.11735332410220815 0.055947667169407224 1.3724453801330244E-4 0.016324300037899125 0.1262123337230818 3.496130983293591E-5 6.952719939858313E-4 0.1678922110820501 
0.015116016153694132 0.0 0.14092953172429817 8.171973080156395E-6 0.1009210503110372 0.10951155159318408 1.2697823094135006E-4 0.13033208266344373 0.012802191807784975 0.0 
0.059794773378002805 0.0 0.3531060511530684 0.001714198248616167 0.014631399440134982 0.002341083299979435 0.007732260438950752 0.12893773688959717 4.8896355482713355E-5 0.0 
0.12327976158752756 0.02458901894254321 0.14788360754796218 0.0 0.020358239004032306 0.07356806411530777 0.0 1.320047606256598E-5 0.13612146389561547 9.651855939017714E-4 
0.0 0.028038687054880503 0.21580056514790788 0.0014778543704008096 0.0 0.0 0.24484754693765645 2.00382172719448E-5 0.03041519262085685 0.09158666843680124 
0.0 0.0 0.0 0.0 0.0 0.0 0.0 0.0 0.5034316974295123 0.0 
0.004384373350440541 0.09333625230552378 0.1267868680616427 0.0 0.00413058885520654 0.0 0.0045785860626235885 0.0023031021155771833 0.05635622385118021 0.2619180880456566 
0.2001134022804619 0.0 0.011074069577612877 0.34195848217579256 0.0 0.0 0.020243946656261332 0.0 0.0033649947826794773 0.0 
0.0 0.0 0.0 0.0 0.3668913776746042 0.0 0.20152413541635442 0.00130205363402403 4.375867064031906E-5 6.325621419951667E-17 
2.2164988616358597E-11 6.010765372842498E-5 0.347592642390543 0.0 0.1282619225761208 0.0038382206892460117 4.7432990462871076E-4 8.020473832437235E-4 0.0 0.08499308004305543 
0.0 0.0716704935213742 0.3583206587156587 0.002331371483133184 0.0 0.0 0.0 0.0013913579055133862 0.10493650336239099 0.0 
0.14346660225063693 0.014840969781700696 0.09831860282297053 0.0 0.013237943836737785 0.0065004029778143535 0.2543770315075937 0.0 0.0013578621429095653 0.0 
0.0 0.13586104043404926 0.051355441899959754 0.04860474280002905 0.02290216805080783 9.868740181286546E-5 2.57498539286801E-4 0.12892800542259242 0.0 0.13068346291834093 
0.14732931809425806 3.244566796509792E-4 0.0 0.16112711588134318 0.0 0.12939057540376067 1.5181531835259442E-4 0.06702234657394868 0.0 0.0 
0.0067140051407419896 0.06481749224594954 0.10968843728228449 0.0 0.0015545623242819132 0.050678127919462836 0.005242230545103429 0.17584204340539514 0.1467259890099797 0.002874836404625059 
0.1666492883807071 0.03579303246657313 0.09193202522247582 0.001164226970333897 0.34261758155007455 0.0031496873194905434 0.0 0.00771887046625278 0.0 3.504451916799671E-5 
0.13902425123088125 0.0024948137688108243 0.25106712772165274 3.546363553359252E-6 0.0 0.0 0.1290617064010441 0.0 1.5079412422084344E-5 2.4726463377098477E-7 
0.12948241665604368 0.045512228646668824 0.0012187037018298677 4.554575970079361E-7 0.021310990430926744 0.016526480895652788 2.8835474099928154E-5 0.00796299205369627 0.05161273748010196 0.24568985071714425 
0.0018047657082370153 0.03170568261177092 0.22136646676197658 0.04100494830742891 0.02074141425620072 0.09901565228187519 0.015463410016173523 1.358761773512972E-4 0.10382915561022735 0.020487407496121036 
0.015004364443901349 0.0026426117403034748 0.07329479583101761 0.0 0.14522553932246007 0.0 0.0 0.17416950213869034 0.09928045246252672 0.02416559377272899 
0.0014412295063300207 0.021660663756574383 0.20082007646103803 0.1002728574911331 0.025108382573838295 0.0 0.0054324359810281825 0.162078289450186 0.0 0.0 
0.0 0.0 0.0 0.3398106333943919 0.0 1.8455292885112486E-4 0.016590493473977005 0.022497637147808867 2.524090335957216E-4 0.13111671442800288 
0.025649135921518327 0.00910456209464973 0.22118757709218317 6.615298942703361E-7 0.0277583071439232 0.024787768816775593 3.0691049408019855E-4 0.22465880476922928 0.0 0.0 
0.008340386613280881 0.010015354457144356 0.10833434966130928 0.027993131426344922 0.12924416077804082 0.1229953420639118 0.0 0.0 0.004774080106022756 0.14194099810240687 
0.0 0.0 0.23362286345556083 0.00779821980084541 0.1426263070979679 0.0 0.018861250190379993 0.20505631205888025 1.1612917849548163E-4 0.0 
0.20270415767064956 0.0 0.01121743931258597 0.0049273856005528326 0.0 0.0 0.20212673692675875 0.0 0.16436182663144272 1.897058114762792E-7 
0.012875823135867529 0.0031991942008270844 0.0948736715278115 0.03772175773087635 0.006288816002157494 0.09938236428876558 0.14338834276710044 0.11971405108364447 4.452405230646889E-5 0.0 
0.0 0.0 1.413743548412547E-4 0.17436289504773658 0.03460966191664046 0.1903255046955856 0.0022495168198877506 0.0 6.965780351655783E-5 0.11941854396651527 
1.0425926071483799E-4 0.001923605960595043 0.31507840131318704 0.0 0.0 0.09911997696397722 0.0 0.0 0.09924549653990113 0.0 
0.015432966749946719 4.905344551544537E-5 0.22371364906065266 0.031064619613198983 0.0 0.0 0.0 0.0 0.13513439517777198 0.1411514198976366 
0.0 0.0 0.0 0.0 0.5171649017721709 0.0 0.0 0.0 0.0 0.0 
0.023518685964185028 0.15582661946331391 0.06589125867433512 0.15592328626996835 0.02278012808379413 0.002092400684005354 0.0 0.0021033336351282774 2.8497727866496E-4 0.1491686770799843 
0.16822148151105618 0.042951736361856056 0.1628082012625884 0.0 0.026052432720312692 0.16627753638758896 0.01314539038780366 0.0422938978877054 0.007101232493661237 1.3963317369304847E-16 
0.0 0.0 0.12159754518236307 0.0 0.0013691316656143438 0.1119183914920708 0.1639971206167636 8.856963805854699E-17 0.0032274049416256717 0.11952287006876515 
9.081165625481381E-4 0.01410718583734395 0.21696962342250442 4.937685241205647E-4 0.11218486948921735 0.0 0.020669902512893017 0.055471000099932895 0.10181308733507229 0.0 
0.14539384076160328 0.0185273960398113 0.14381751549274407 0.0 0.0025402674151241453 0.0 0.0071367847498905275 0.2338342967560544 0.0 0.0 
0.0 0.0 0.14567118920140876 1.118256672690302E-8 0.13098982723137712 1.4085975029578184E-5 0.25466291281491654 0.012316717876640428 2.944256113393582E-7 3.112488973907668E-5 
0.01050640209700182 0.15960873184315585 0.049977874375077114 0.138216308311342 0.1847082047477683 0.0 0.007886628966908494 4.6801683445156717E-4 8.410748344003703E-5 0.0 
0.024854716376470534 0.0 0.44296428012235306 0.0 0.0 0.0 0.04008783847815483 0.0 0.0 0.0 
1.1093859624793059E-5 3.842959710462496E-6 0.08139516709026136 0.3059374799602632 0.0 6.980383134690421E-5 3.7463622432840575E-4 3.282731799480234E-4 0.17170071710338852 0.0 
0.0 0.0 0.24784828872633893 0.0 0.02771449111899201 0.07767918218145199 0.0061230758158408805 0.001150893545577663 0.0 0.17253364860390452 
0.007925181000925277 1.4221871728401322E-4 0.15106879373268425 0.055148499776854876 0.012583298239625345 0.1913685160848346 0.017597597187077006 0.02115850840246366 0.0037935233469080414 0.042686039522053354 
0.05757032495888128 0.007336130643957169 0.38329206613719835 0.10579923083607333 0.0 0.0 0.0 2.2767419812965767E-5 0.0 0.0 
0.0 0.0 0.3201932840261492 0.20275188680749412 0.0 0.0 4.0499719232662386E-8 4.2720893887857893E-4 3.863717340342474E-8 0.002021559319549076 
0.010586225685973628 0.16445229525276664 0.06375011357007558 5.082498839965571E-4 0.11547505383340596 0.0 0.011195317983073218 0.056095748116726483 0.10211758891965267 0.0 
0.0 0.13275465672351397 0.04877390799575616 0.1255077434794887 2.031646276797612E-4 0.024979592020173975 0.18729274372883442 0.005147771022919685 4.440584333198064E-5 0.0 
0.0 0.0 0.0 0.0 0.0 0.0 0.0 0.0 0.0 0.5035070626219103 
5.194643993846882E-6 2.275648353265506E-4 0.03983420051342618 0.16107609932776248 1.330955123742741E-4 0.016767006624173023 0.12490014156648717 6.8675737288196675E-6 2.513992327593784E-7 0.1641272477736673 
0.0 0.0 0.3852796642828207 0.0 0.08877013193033646 9.116799068730369E-4 0.0023900484272262297 3.314929758040461E-5 0.11561607528051536 0.002096753790167692 
0.019271765664570815 0.016490148942045996 0.21118481992710714 0.04202334012229396 0.014163892941813697 0.0 0.0 0.0 0.22448450392505168 0.0 
1.7488735852909414E-5 7.773517330135303E-4 0.1360281209833279 0.13578403770238942 0.0 0.004611641121510267 0.14012281442357594 0.0 0.11600779480679461 5.921366169686245E-17 
0.0 0.0 0.3426553978038373 0.001391654678871838 0.0 0.10670606995515018 0.0 0.0011147704752393834 1.0033482776019538E-16 0.07969750300705347 
0.26225997745380597 0.027082802514549406 0.06917360850340068 0.0 0.15197012987953482 0.0 0.010850436827830675 0.005891935583484923 3.098214716189514E-5 0.0 
0.0034095729733727006 0.13104167154442334 0.12493739543675444 0.22398080197173342 0.0 0.004705534198055996 0.0 4.1316456909943787E-4 0.029377318927663182 0.0 
0.0 0.0 0.38886001666017017 0.0 0.0 0.004469021987073609 0.002034393120711674 2.4157005773256868E-4 4.39209781683756E-17 0.13674016049200485 
0.1603368082374334 0.1891120766789527 0.033938865880818805 0.002323626151061935 0.0 0.0 0.001940933983465846 0.0 0.0037848507257565826 0.13495606652989323 
0.0 0.0 0.12834304907493826 0.14005429507323808 0.0 0.11453556106211543 1.3267655567593411E-4 9.473704770441585E-4 0.14843890592239353 0.0 
0.0 0.038218443658888164 0.19107525613530227 0.0 0.0 0.1864014495423573 0.004450284471586313 3.5566094475249487E-4 0.10375350661355558 0.012024407788551511 
0.24520414542888955 0.03107654256117728 0.17160167516348973 0.0014620346207231219 0.050883762563029386 0.021922083252026194 0.014418716381518487 0.0 0.007283012218847537 0.0 
0.02112014966261492 0.3108802827315985 0.04858686995388734 0.0 0.1613256844823403 0.0 0.00842794319016754 0.005473655914146138 0.0 0.0 
0.10539253110409562 0.22007863220785534 0.0 0.0 0.0 0.168497541803542 0.0 0.0 0.0 0.07888267143299543 
0.052228732952598805 0.010376907500242836 0.00840562337958359 0.0 0.260163998265904 0.0031781629184730975 0.01839916692142116 0.1752002319274062 5.486927403493235E-5 0.010784288388587552 
0.1458563822862498 0.028882621940340653 0.022932260541419048 0.13349221660620283 0.003191992553053384 0.003321725956125344 0.017917489546298203 0.17661180522564662 0.0 4.170187440521066E-4 
0.012010241676815926 0.13886315727140458 0.15098634726729848 0.02070200108828923 0.018941580034858446 0.0 0.016664085114919937 0.1654736306798135 0.004346775999002162 0.0 
0.0 0.0 0.0 0.1692372432703721 1.9649617903786128E-4 0.15497936623116862 0.01583014621727399 0.16143695196085264 0.005289754334165435 0.0 
0.0 0.0 0.2890258394968632 0.10709746687734406 0.0 0.12647079582598092 0.0111966740661943 0.0 1.4565777553556027E-7 6.482263649979542E-4 
0.0 0.0 0.21260759242870747 0.0 0.0024240907556515017 0.002944714481464286 0.12288698002870142 0.0 0.015692141214971454 0.17063829709392733 
0.0035635353092538483 0.0344026281532162 0.03769943704841821 0.0 0.028522376701250546 0.1236749263076332 0.006080692237304374 0.17234187909340468 0.10275371361396254 0.0 
0.14782538853976526 0.0026527516706156937 0.15059079262699798 0.020647765902511262 0.01889195680724206 0.0 0.016620428477661865 0.16492020095404292 0.004334392824253732 0.0 
0.013312039497729803 0.0473819851725458 0.3584163994472482 0.012698157078204146 0.01434477298337135 0.03030063562127894 5.682003831784793E-6 8.136731763052945E-4 9.47768518972648E-4 0.08449690665514055 
0.023026923425337346 0.008017750781911555 0.19758174414484073 5.909293461784762E-7 0.02479585342046031 0.022142340273642345 2.741560421878842E-4 0.1187297216369596 0.0 0.13638209619421748 
0.0 0.0 0.24058065560156788 0.1224918234433713 0.08365349862180795 8.591314688253898E-4 0.0022522881116131045 0.0 0.10894449954844147 0.001975761517521552 
0.15881853952016575 0.12589026726592303 0.1764906531726571 0.0 0.052226229882867535 4.6190422758774245E-4 3.979825120819737E-8 0.0 0.002590715416968786 0.0 
0.12953702109296525 0.1931571817113724 0.0 0.011259349347172706 0.0 0.0 0.162982308617834 0.0 0.009566786154864722 1.4544812032255286E-8 
0.0 0.0 0.0 0.1901481365033819 0.0 0.12855405548742535 0.1806602448188285 4.2969993771320203E-4 0.011692195168762827 0.0 
0.0 0.0 0.4888539401188037 0.043346934413113415 0.0 4.877128995151469E-6 1.5051991407414836E-6 9.014183122779717E-6 6.999357325265548E-6 5.645057772883737E-4 
0.1559452966174165 0.0533266126650649 0.05003094642641078 0.18629064345897398 0.047337514913572534 0.0 0.010477293006763765 0.005149742445988411 0.0 0.0 
0.002181863799157967 2.4667218634638117E-4 0.186738977635365 0.0 0.0 0.12510258725053097 2.433878647014243E-8 2.660355216207897E-4 0.23292834705362536 0.0 
0.02130549448944708 0.14929728647246754 0.10595467321337226 0.0 3.340196328661685E-4 0.006669675722721319 0.26100109750958395 0.0 0.0 0.0 
0.0 0.0 0.0 0.0 0.1919811933662473 0.17493344363636548 0.20153691117575492 0.0013021361785982594 7.641038656877121E-6 6.325621419951667E-17 
0.0 0.0 0.49765512993068683 0.0 0.0 0.0 3.8541120868861614E-8 0.001882761731792907 0.002518372756704532 0.04585748272179151 
0.16694650264009644 0.0 0.0724489418870697 9.225840189749697E-4 0.15087410846893887 0.16670919821642297 1.932986864235952E-4 0.0 1.23921902499086E-16 0.0 
0.14911718654691777 0.03226239840829221 0.08069276089011393 0.08910271621156894 0.006461075189691572 0.01594644898018614 0.1863831213629811 1.613653069801244E-4 0.0 0.0 
3.4546278612624037E-6 0.21407929682276053 0.005115467832494241 0.1596631055904192 0.0 0.0 0.0 0.1750342347494054 0.0 0.0 
0.15371352248911196 0.021790181467139482 0.0 0.001065418283219062 0.19571117770310148 1.4200252669536575E-4 7.809865762905996E-5 0.16230899577433058 0.0 0.01637917863909041 
0.0 0.01237544446012344 0.17615739184775492 0.12089482788607002 7.141717623416425E-4 0.021218816780752804 0.005936610382401301 0.1470366849893235 3.7529854326701713E-4 0.03830145442063305 
0.04081803472715597 0.03537883345820444 0.20775759254235543 0.0 0.0 0.034048978232477316 0.17927850295273864 0.0 0.022893097254778227 0.004482071737913717 
0.0 0.0 0.04916033973309561 0.05439838411362548 0.04430078392096316 0.13457465632438742 0.006003163541712437 6.404595246007542E-17 0.11048044930220903 0.11857413586825294 
0.0 0.0 0.0 0.0 0.0 0.5022158722981835 0.0 0.0 0.0 0.0 
0.0 0.0 0.0 0.3395112045630845 0.0 0.16672263660370715 0.0 0.0012519814319812324 0.0 0.002285361083843636 
0.0 0.0 1.4691626478343514E-4 0.33932552941249156 0.0 0.005742791252462448 0.1744923448593504 0.0 1.833292915036478E-5 5.770116770145586E-17 
0.06935334211439183 0.0 0.3467359300818839 7.225025103147477E-4 0.011731606803815138 0.021299423539990463 0.010317708275231346 0.0014664294934395655 0.01800947820119557 0.04656836155929043 
0.0 0.0 0.2454030382828102 3.4684181893992253E-7 0.005000333786016085 0.0 0.12806739296738764 1.1657812576948273E-4 0.13868889057528183 0.0 
0.034004017241321134 0.0073569732445077154 0.24197834704961568 0.10499035439037349 0.0 0.12710682468817758 0.011043321488023047 0.0 0.00104548268130767 3.6909801818444006E-4 
2.1459073567224878E-4 1.7009906493404235E-4 0.3099514200080076 1.084464370325956E-5 0.0 0.0 0.10202484560943005 0.10297747339325058 1.6531167122913388E-6 2.4427110431729964E-7 
0.05885557298436898 0.004715369396968864 0.3754054604480082 7.435607867079476E-5 0.0 0.08070435236495588 2.5681301946309443E-4 0.0 0.02225429555551705 0.0 
0.18549769429857785 0.3873526749122306 0.0 0.0 0.0 0.0 0.0 0.0 0.0 0.0 
0.10197975041027914 0.022063931150413947 0.12413654435441412 0.0 0.022641971008679616 0.11781063511554495 0.005198546341740045 0.0 5.191460315209889E-6 0.11488450067609411 
0.0 0.09143443005416571 0.1695316209092473 0.016794828541678117 0.0014706316215493123 0.007453053615574827 0.0026869178194889173 8.913331567311631E-5 0.22320326926440642 0.0 
0.22950675724400676 0.11955417700265823 0.1271301544469148 3.5223522379759786E-4 0.012356196940381536 0.0 0.015240149509985873 0.015384270578106037 0.0014972055922234334 1.0511153720556613E-8 
0.0 0.11349066415916628 0.1451111492990981 0.017151272124009822 0.0 0.009160958032068244 2.6445729178615687E-5 0.013304700348914265 0.1191728866752135 0.09176635065313202 
0.01493209168895702 0.2795745260321829 0.10726113444155698 8.551429336252997E-4 5.239921942194587E-4 0.0 0.012721856242829096 0.0 0.10061889566579889 0.0 
0.009855570892108296 0.15751951264637717 0.14414676325628858 0.05042393354855192 0.007409223009086453 0.11573273578211458 0.024695324118394195 1.0116144399845049E-5 2.7625386900536607E-7 0.05521479452422337 
0.020946294472666976 0.24643346243593128 0.18180645565001677 0.0 0.0 0.0032247566869965955 0.010158988800429479 0.008365846864108904 2.795454778970589E-4 0.13500534030623373 
0.038278921090284176 0.023335728349384223 0.08036432570982897 0.019749337632228095 1.564598955545436E-4 0.018969555429351533 0.003621693712247032 0.006861828906832974 0.1475407412043082 0.2949949130938318 
0.008687013069696155 0.00302473346289038 0.07453862428842675 0.0 0.009354325891152914 0.008353278405071543 0.16336489105439095 0.1253505611687174 0.0 0.13572686702056244 
0.0 0.0 0.9062949709938468 0.0 0.0 0.10867382629062945 0.0 0.0 0.0 0.0 
1.848428501424937E-6 4.0533514009594667E-5 0.010269294550452814 5.658683295135761E-10 0.0020552483990199408 0.0 2.4271205070794898E-6 0.3547887807637321 3.500894678477994E-5 0.15719397152624032 
0.035520435960090135 0.028351099983343075 0.11533096296219106 0.010553629733735814 0.125888638810979 0.0986631466492132 0.0 5.794219819771557E-4 0.12058807857518654 0.0 
0.01970504415983782 0.0067579388468838 0.03456747189844701 0.22935118219784978 0.0 5.2329617291190386E-5 2.8085235243167613E-4 0.06684390433389995 0.20223483252462338 0.0 
0.0 0.16700892490387917 0.07247603096584486 9.229289784804607E-4 0.15093052117149866 0.16677153175070794 1.9337096192144612E-4 0.0 1.2396823761580857E-16 0.0 
0.12625026835142536 0.02290351702831212 0.15518455419283442 0.0 0.02783715127963834 0.005737280391320689 0.006766863539915421 5.557874743935121E-5 0.09099285348933088 0.11657178167191125 
0.0 0.0 0.0 0.0039571371619384075 7.0885220689129795E-6 0.0036260380376496202 0.3486784807421434 0.16904064919536715 0.0 0.0 
0.0 0.0 0.34084001412401416 0.1252292438529626 0.0 0.0 3.609493909457572E-8 0.11638680996740135 0.0029363968093294238 0.0 
0.15251578219679998 0.02161494762549951 0.17797307962947934 0.0032279674576489795 0.0018323724408383637 6.868885526777505E-4 0.008801187318918088 8.30148182777671E-4 0.0 0.17431574749229017 
0.1606265863532276 0.03475252614333137 0.08692091787232115 0.09597998373823627 0.0069597641688683085 0.0 0.0 1.110145393546186E-4 0.17297042179550648 0.0 
0.12948579182266837 0.0 0.13931345025339906 0.0 0.12436742621831766 0.0 0.12222011936612541 1.5666774757442043E-4 5.3579588654500005E-5 0.0 
0.0029632304839276305 0.11332554057906075 0.09992619639820632 5.477847955494047E-7 0.11588980467823445 0.0 4.4022473853035473E-4 0.028545437503184872 0.021715747141646882 0.13361474539960874 
0.17748388143147298 0.14830239755092162 0.0 0.20732479427965225 0.0 0.0 0.0 5.537352954271791E-5 3.9360202524349706E-8 0.0 
0.0 0.0 0.3952740212878337 0.0 0.0 0.0 3.061217078762396E-8 0.0037133018799586897 0.14989922360363686 0.0 
0.0 0.1416727950947709 0.007006320933443007 0.0 0.0 0.12123487128820264 0.005737046059087687 0.25157785738710225 3.098214716189514E-5 0.0 
0.15147057603923214 0.0 0.3330271580644351 0.001581559175346693 0.02265236487070312 0.003108102528885288 0.026367156035035897 8.613443043992823E-6 0.0 0.0 
3.429480424012045E-4 0.007214966658334363 0.14452246747764272 1.6884314188822894E-17 0.0983514645840748 0.0 0.14196036263171086 0.11523524466223854 0.0 0.0 
0.0 0.0 0.0 0.1863164031489879 0.21749494587199886 0.0 0.09808404675233079 0.0 0.02352029371900768 0.0 
0.01712782641536274 0.007368455897107447 0.48575725666096475 1.1329904547295545E-16 0.0 0.002369340582767745 0.006986139478518798 0.003205359402798199 3.859597681319693E-8 0.017667832739547296 
0.32192715074459183 0.0 0.0 0.011232585596745547 0.0 0.0 0.17324159370713801 1.0131687573370233E-4 0.0 1.4544812032255286E-8 
0.0 5.089311948229752E-5 0.29430640292461946 1.6987038245528491E-6 0.10859989051353192 0.08930860651645024 0.02081111388313542 2.1094329609127127E-5 0.0 0.00631814715719815 
0.06709885634515603 0.005375801776079694 0.4279845694217928 1.706544715542475E-5 0.0 0.0 2.47287280461207E-4 0.0 0.04484445707183535 0.0 
4.7372773103158337E-8 0.002863622354296184 0.49008527792453216 0.0 0.09227727592547588 8.506617906429502E-6 0.18192655774185987 2.3320239068007781E-4 7.975405505813661E-5 0.0 
2.226502462151969E-6 0.13458917021027833 0.0508755168665947 0.0481505235012166 0.02268814353151099 9.776515184566606E-5 0.12548507373031703 0.0 0.009860224385483845 0.12661075413051662 
0.0 0.0 0.18804187414343332 0.11907134435175981 0.0 0.23989255862198855 4.2363103490514E-8 4.622247585301179E-4 4.041599621754241E-8 0.0 
0.17947160221972078 0.005231951550171668 4.567277730820584E-6 0.001464038413398543 0.0 0.1697187327610594 0.17591556389272842 0.0067855857499660764 0.00857545475632755 0.0 
0.016415865062152733 0.2995491533969924 0.0 0.011024556665105255 0.0062687101315590035 0.0 0.16264299135938037 0.0 0.00954686880507498 1.4514530796301752E-8 
0.124725315799003 0.02490425763776346 0.1556795798962206 0.0 0.09228200440198726 0.006867129020214953 0.008099469055248805 0.0 5.438310237813389E-6 0.11037440603675958 
0.0 0.0 0.4660175729713947 0.006866990823836775 0.0 0.00312408837718729 3.686469985862762E-8 0.10543515832038988 0.003935014011592396 0.0 
0.0065782972235310265 1.1804865944819942E-4 0.12539466622375858 0.006633358342566371 0.0 0.11701728721613891 0.012479236392743422 0.2306746133054499 0.004141361808542961 0.0 
0.505865956190032 0.0 0.0 0.0 0.0 0.0 0.0 0.0 0.0 0.0 
0.07383094731360523 0.0147410060188669 0.0921532031982574 0.0 0.2454631403053566 0.007361054098768312 0.0 0.0 5.715020116770556E-6 0.09008056251947874 
0.0 0.0 0.08520386497654094 8.197323847353018E-4 0.016583501305173214 0.023510062082629284 0.14651743792568953 0.13245478649592965 0.09997486100047759 0.01158425398565958 
0.14895011950500214 4.7343564526781116E-4 0.10160143485275863 8.360811709729866E-17 0.0 0.0 0.00563682190624388 0.18718453369778495 2.954346482724722E-4 0.15464248887788196 
0.07313979537438083 0.0 0.4319124041749765 8.067230680358944E-5 0.00267447444636303 0.0 0.0 0.0 0.0 5.637794079388626E-17 
0.04984668792451626 0.00991094746213138 0.29876165522214454 0.09418153655060768 0.009267027181917367 0.002794189165608679 0.0 0.0 0.00426356459389706 0.11817164340465458 
1.0677715336156353E-4 0.0023299716497941782 0.17648105074004275 0.1202727769973749 0.0033392380682844376 0.0034768614290674933 0.15650517253211227 0.03642180314764837 0.012929093463445063 2.9304743580007473E-5 
0.0 0.0012510980692475113 0.0 0.1522049473691275 0.18329253308687474 0.16060190497178092 7.424920870192496E-9 0.011021007594318047 6.685766605973255E-6 0.0 
0.12384470867487705 0.04234958638300728 0.039732317160601216 0.14794361207720688 0.15000068525724622 0.0 0.010709821468239993 0.005117987247567146 0.0 0.0 
0.011265589658705518 3.9512277855495654E-4 0.26710964444494933 2.6776935750735105E-7 0.0 0.08713715498489188 9.127491094900888E-4 0.09223509304452139 2.4860907675743384E-7 0.0702372012981306 
0.017656867301305394 0.014637059275393738 0.1491553355155623 0.006104270463924965 0.0 0.12679991334367768 0.17819510478155076 0.0228751790858586 0.012057882467440797 5.856222309693785E-17 
0.054640553874921755 0.013576277123571389 0.1708391007475685 0.09168106436317104 0.0 8.428892634118559E-7 0.18645768372617055 2.874808894570415E-7 0.0 0.024751888136470345 
7.899800151928514E-4 0.0954993600755792 0.2062057743525348 0.002120198241534623 0.028549456462405913 0.022897213777228708 3.304968281580195E-5 0.004609505563400234 0.14413040859093332 0.004333532650055476 
0.029015030537504132 0.017688243330456353 0.06091533664433554 0.014969795860835316 0.1665010880112947 7.480285131392367E-7 0.005789169240127912 0.010968428584705354 0.23583946863240265 6.013937224549073E-17 
1.0431886873836593E-6 3.989562154038681E-5 0.23674229641866765 0.0 0.1269806026232719 0.0 4.821899283089075E-4 0.031266581040306586 0.023785838552285405 0.14635180367267753 
3.568002661300167E-4 0.004302854483326212 0.3374745748125056 0.0011079141209736354 4.4603700769307105E-5 0.0024668736215133886 0.07090408208339603 0.007535497016526437 0.01099231032389954 0.07689294431880343 
0.0 0.0 0.15847146602036444 2.2397657302529593E-7 0.03372954702590494 0.0 0.0983001029605553 8.948133869646986E-5 0.10840166878208914 0.11859634357587673 
0.0 0.0 0.17271255629818053 0.0014507165839949987 0.03454203162698463 0.18995359210532523 3.0874313949111475E-8 8.852006405408718E-17 5.248928595612575E-6 0.11849875576717175 
0.16959972916762375 0.1627074240602099 0.1447337907125284 0.0015572177717212907 3.166863811738817E-4 0.005936778274260479 0.005133174669581951 2.0429942243207585E-5 0.1189025155978486 0.0 
0.0 0.0 0.0 0.0 0.0 0.0 0.0 0.5388548065861638 0.0 0.0 
0.17789859340830982 0.003192420432821176 0.0 0.00912730084459549 0.01117006421819144 0.1698758603111078 7.785580647593045E-5 0.1778562160840888 0.0022116002745164827 0.0 
4.2157918461157375E-4 0.01873865055293401 0.11308238768538004 0.1312384731293156 0.18676229257781057 0.007616682281708525 0.011576664611590251 0.0 0.0642225797553269 0.0 
0.001068592639178677 0.13329392748669877 0.3663514574033282 0.0 0.11799243660129242 0.0 0.0 0.0 0.001228626044103258 0.0 
1.8015756103591653E-5 0.014836284416773458 0.26569215739276575 0.14284044185458616 0.00897057635541177 8.314983497509145E-4 0.002179845478748868 5.525114129052213E-5 0.1054537878998075 0.0 
0.0 0.17381844284149392 0.0 0.014527335315319117 0.0 0.12094782991447167 0.1753268736748093 0.02250697985666667 0.020354150631953647 0.0 
0.18672880726031818 0.18018008712663944 0.008767220310719045 0.001447783521592256 0.0 0.0 3.3823298814259357E-6 0.17423310488627786 1.2242659895532267E-16 0.0 
0.34842854534123696 0.012521525863262618 0.0038671094145641257 3.6220210826805663E-4 0.0 0.15562368549676378 0.0 0.0 1.1564151152756344E-16 0.0 
0.37616997885183573 0.0 0.020816859197546684 0.009144038082170921 0.0 0.0 0.014863512481489573 0.0 0.1643691156213905 3.174206810480351E-8 
0.0 0.0 0.17428847449531987 0.04295288870357988 0.0 0.018981050620986338 0.13390557136057038 0.15913970349937673 0.021242774402254198 0.0 
0.0 0.024370621378289457 0.1198238657248949 0.0 0.0 0.13189327165828393 0.14853793814958413 3.594535710187876E-4 0.1023236060067929 0.0 
0.01767034403129726 0.2759554406697005 0.18237494952125263 0.0015538221867512022 0.027777720474923898 0.02214576691627156 0.009143274017754322 0.0 0.007283722887687167 0.0 
0.16340491719025066 2.838040733934114E-4 0.17611229931725222 0.0 0.15721836873351175 0.0 0.01865067649080455 1.5675385872420173E-4 5.360903823844616E-5 0.0 
0.0 0.0 0.0 0.0 0.0 0.1908682359509081 0.29931373653384635 1.5325828931958235E-4 0.0 0.011246426359546273 
0.05109435664737263 0.012695170456785858 0.06393015555493287 0.01613590324267164 0.13861783354841808 0.0028542426688828557 0.16085711614619935 0.02422103146160756 3.082768633094639E-5 0.04309707116266184 
0.32806181112840205 0.001110981070339639 0.0 0.16768946503737872 0.0 9.555169036627943E-4 0.008856886765797422 1.3441962011033083E-4 3.3734413706080026E-4 0.0 
0.0 0.009523099074037155 0.13555588250552594 0.09303047072025977 5.495663990553225E-4 0.0163282131068556 0.004568315022360116 0.11314704075342379 0.1489245921425086 1.1582450103997974E-16 
3.643125359064803E-5 7.664434476355723E-4 0.2193761513103773 4.888956484352471E-17 0.1423913417940835 0.0 0.016804174764211012 0.1348687411080901 0.01324781632622951 0.0 
4.848732487399686E-5 0.04306073535541093 0.11467703156499788 0.05566382974742154 0.28991054107280595 0.0 0.0 0.011154188791980574 0.023548457946021326 5.973702330614032E-17 
0.05256606966577646 0.01049601625439688 0.31528244130425964 0.0 0.11435749942522473 0.008509868289827308 0.01003700595617204 0.0 6.739250668915312E-6 0.011726261029074642 
0.31531188084341977 0.005658325183074717 0.0 0.0 0.0 0.020312450523039184 0.01665331720574275 0.021678902538479174 2.557454668650083E-5 0.13122204203083535 
0.17987434832189914 0.04592704521434796 0.14034451464103967 0.0 0.052846331231708114 0.010579243695630076 0.0 0.0 0.16175464976530388 0.0 
0.024115572978487012 0.00534623055466402 0.1739807765416763 0.0 0.09687000791276199 3.334139497685899E-17 0.01391869181968155 0.0 0.07624998119701921 0.13595882384035768 
0.0 0.31722290447482293 0.0330101329575745 3.88836782141852E-17 0.02372394955969315 1.4264208188414625E-4 3.7218659171557556E-4 0.16118415658012406 0.0 4.489641121483515E-5 
0.0033651035497910906 0.14781900565510203 0.054017526211387654 4.5563916065978385E-17 0.01194637423240769 0.015934788286044395 0.1376726774205285 9.169259998112751E-4 0.13970390798686452 0.0 
0.13081965767551731 0.03250413474722687 0.1636838510866923 0.0 0.0 0.003804078037434396 0.18649933595707177 0.03171111192506281 3.597974956499837E-5 0.028343869290981868 
0.11416115417232243 0.02349196950874648 0.13858013762525007 0.0 0.10412696236065748 0.0063317632150037455 0.010319165281140337 0.009202944476146299 0.10273566134104757 0.0 
0.012828536904455325 0.16373362463790603 0.005222675872756399 0.0034269447941797635 0.3557836686519889 0.0029471767103831236 0.0097642356916815 0.0 2.998690039020321E-7 0.0 
0.0 0.22088776346744976 0.4140501575701272 2.1763496806976852E-5 0.005601478586851149 0.0 0.0 8.958439027648283E-4 2.5771571875846686E-4 7.12446460429959E-17 
0.01060551929204883 0.03774857773887336 0.2855454297271815 0.010116447587864116 0.0 0.02336394557816537 4.381229158358615E-6 0.11000239295742992 9.479936074641638E-4 0.08451697408814346 
0.0 0.0 0.43588050559829117 0.0 0.0 0.0 3.375695786152964E-8 0.10884807505598056 0.002746197274292106 0.0 
0.0167955279960215 0.004173104522927313 0.1237554593144343 0.031977880036638914 0.14764172703117637 0.20996329776300374 0.01291513849469701 0.0 0.006416517024408452 0.0 
0.0 0.0 0.0 0.5438874886008023 0.0 0.0 0.0 0.0 0.0 0.0 
0.05483487981224293 0.02869311529189453 0.10837274959746886 0.02669347764341463 0.00402179385498201 9.982745982293066E-5 0.0044599904190570925 0.0022434466075534412 0.05489647131072486 0.2551338223818412 
4.666064200899345E-4 0.1421600359730216 0.30637993197214 0.0 0.0 0.0 0.005058124114981873 0.0 0.0 0.07977093065973324 
0.0347004773481359 0.029080159966592134 0.3766437718537248 0.07494776061563478 0.02526101101195819 0.0 0.0 0.0 0.011192413017646466 6.126494798294107E-17 
0.10023162418074058 0.03503528490049828 0.2974013533811188 0.02937786923743916 0.027132429237324878 0.0029886426330434568 0.025353734603690652 8.282385429479712E-6 0.004334236154670002 0.0 
0.0030073653517047306 0.1792623973388081 0.08334207751012199 0.006203624571093125 0.03078038502073824 0.23571443608965092 0.0 0.0021686606089909555 1.327748283079451E-4 0.002769059367358695 
0.0 0.536454579992995 0.0 0.0 0.0 0.0 0.0 0.0 0.0 0.0 
0.0 0.0 0.3203623260310039 0.0 0.0027481700789531113 0.0 0.007255517956949062 0.08674151395876736 0.10549072052539107 0.0 
8.332286918853427E-4 0.037035939766104656 0.2204721498740874 5.807110955462521E-4 0.0 0.021051223010629234 0.12983420857251038 0.001017946884127747 0.11935019193584855 0.0 
0.010110433314326319 0.09760685599983214 0.14446341805589716 0.0 0.002163286435923014 0.02949955897483166 0.007574577789286366 0.21491607127206608 2.2718382612116534E-6 0.0 
0.0 0.1662332906491501 0.31160132687397163 1.6293957560553376E-5 0.004215498579770698 0.112788791023047 0.0 0.002937923804420729 3.020467751630363E-4 4.2660489063351515E-4 
1.4437967114144556E-6 0.08727562832056598 0.31198277688313386 0.0 2.6418855491558484E-4 0.0 0.1238248945338012 0.0 5.439079908775348E-5 0.0 
0.0 0.0 0.11276162500752242 0.0 0.022364161817027092 0.12298503219047335 0.015479226777525574 0.0415409888647233 0.07488198686946798 0.13096495293071925 
0.13933059043710488 4.7184293704421174E-4 0.09410492219186953 0.14872008868721073 0.0 0.0 0.006807486842134618 0.0019226510222556028 2.6049688313541813E-4 0.13635464421166665 
0.0 0.06768815915895113 0.35520326238042427 0.0038769241064827795 0.0022595659450004796 0.0 0.0 0.09122159969692877 0.0019820635995339156 5.797935186261609E-17 
0.0339812998070436 0.10204502786896759 0.13897012990256807 0.0 0.0 1.0567125444237487E-5 0.12906579351796885 0.11826338475711957 0.0 0.0 
0.14454355231462296 0.005132728947510925 0.10648067978901238 0.0 0.0 0.0 0.1406954419570758 0.1034613269638407 3.8593507664580304E-5 0.016541727313864826 
0.0 0.1603582865922176 0.04330884067114243 4.5223186809408863E-17 0.0 0.2120765556210585 0.0010355721596229184 0.0010307487293766085 0.15704607097633366 0.0 
0.0 0.14178553857487283 0.038292796899398254 3.9985422855941783E-17 0.010481973957275691 0.19842855646541033 9.61680951635291E-4 9.643978816590254E-4 0.14693677892190882 0.0 
0.0 0.0 0.09074450351138859 0.030852479753461354 0.0013691253386851321 0.11191787430314132 0.1639963627654925 8.856922876713669E-17 0.0032273900273824935 0.11952231773858603 
0.2121993353977949 5.063091714862115E-4 0.16398965616731379 0.0 0.02624148814982264 0.16748416731519142 0.010219580819129607 0.04238029907981652 0.0071157394316251855 1.3991842696285514E-16 
0.2061101234161769 0.20159607770709426 0.18422367445295207 0.0019322528465718087 3.9295606087089933E-4 0.007366571926048255 0.006369431140184322 2.5350220612432642E-5 5.427994543257613E-4 0.0 
0.018464933498925768 0.2805113103535959 0.08783578985776803 0.0 0.19940133567869778 6.50827580038746E-17 0.011884938726228578 0.0 9.12351883900665E-5 0.0 
2.222724527370836E-6 0.13436079897963984 0.05830885102278458 0.050021059588043856 0.023569525251436328 1.0156310109448045E-4 0.13035987760996348 0.0 8.809040125734359E-17 0.12821872577543597 
0.05018592822253558 0.005193226220464972 0.9024233917601484 0.0 0.0 0.058838496274015314 0.0 9.188978764246974E-6 0.0 0.0 
0.15499841270085518 0.030692935648203915 0.02436961569900046 0.13281497370564574 0.0033048856576498365 0.003322165578073239 0.01854497772956116 0.182796925106279 0.0 0.011189727363142802 
0.0 0.0 0.16404948565830188 0.0 0.004165276353081697 0.0 0.08603237253482987 2.5390280181787408E-5 0.09314823303313 0.1698566205732088 
0.0 0.0 0.0 0.0 0.0 0.19074595575058242 0.29912198045939403 1.531601040231856E-4 0.01146361031648384 0.0 
0.057659352740448325 0.014722075298928035 0.15602746353936103 0.0 0.03063284837184204 0.26973758951176596 0.012274184943277205 0.03949088686840532 2.35308437158696E-4 0.004985446928085929 
0.0 0.133525062335032 0.04905695413020442 0.12623609359730747 2.043436384435978E-4 0.025124554301277628 0.18837964632288667 7.307691197330636E-4 4.4287168425622974E-5 0.0 
0.0 0.0 1.259617740537261E-4 0.2909279359199747 0.0 0.05412447791076715 0.1744737129499337 0.0 1.8330971600447343E-5 5.769500649747458E-17 
2.8562397011770012E-5 0.0012512497834719937 0.21902564469453958 0.0023711714810945527 1.0885912459312677E-4 0.008908355993254121 0.13271956642254626 7.297521013445963E-6 2.671381853720656E-7 0.1715489150564316 
0.0 0.0 0.07962525410423597 0.002234239501070038 0.004817729787913708 0.004159869918811278 0.3302704284226987 7.76853398163091E-4 0.08916825048464307 0.0 
2.275056726332248E-4 0.06931369396797417 0.1493832264271217 0.0 0.0 0.0 0.19763771527351526 0.014646627990766293 0.0 0.0756949217707336 
0.0 0.0 0.0019527350785849393 0.48987430837127044 0.0 0.0 0.02394842355338265 4.213517691389546E-4 3.810744552957172E-8 0.0019938431015682446 
