0.07466763891128511 0.024249303739693057 1.0387089943626262E-4 0.0012286913894428342 0.013668105773509824 0.21618155329356933 0.0 0.00286214875491828 4.6243967254176635E-6 0.0 0.0 0.0072977440252648415 0.1800905124308128 0.0 0.0 
0.00863328232581297 0.01153747170730009 0.020615473308424163 0.20285341041626187 0.0 0.0 0.24435169932502104 0.006353063115342794 2.4482693987687155E-6 0.0 0.006239840636669953 0.0 0.0 0.0 0.0 
0.24092766366525473 0.0 7.119088633804268E-7 6.065390620384232E-8 0.0 0.0 0.0 0.24478272082396274 0.0 3.028104490411767E-5 0.00839211401495737 1.5350992238591354E-7 0.0038406000814100736 0.0019840443693662046 0.012064138886359871 
0.07061245093013152 0.005989518560153061 0.001200210510634888 0.003034770878497624 0.013758285663857136 5.434638730299168E-5 0.024253322589347308 0.03064723069829536 0.0 0.0 0.17056517690449588 0.007446650600177947 0.166800759987734 2.1907858464986318E-5 0.006650051808461507 
0.0 0.0 0.0 0.0 0.0 0.0 0.0 0.0 0.0 0.0 0.0 0.0 0.2474413845792297 0.2516166984904051 0.0015374776569669214 
0.07453484306552924 0.06727257432746572 0.004244872187838137 0.028506690317757252 4.064026984293664E-4 0.1605125377482913 0.0 3.8745718988647135E-6 7.449192261193227E-17 0.0042294491531378224 3.3801144531258008E-6 0.16490210121873417 0.0 0.0 2.944635639251098E-4 
0.06844430706161578 0.08188537607610184 0.003359484865733069 0.03302384226307635 0.0019117821050112457 2.5782820194681925E-5 0.0 0.0033894975659068054 1.0374852263611263E-4 0.0 0.0 0.16310719074499436 1.1284886692828535E-4 7.749711822718701E-4 0.1458127692240517 
9.724601301596417E-4 0.09436988110195627 0.0014938373101469255 0.002409980002670386 0.14597152668848806 0.0 0.0 0.2331250988406898 0.0 0.005656749977066068 0.00861467300120313 0.011459389043707587 5.596341124914782E-17 0.0 5.596341124914784E-17 
0.018139370185314856 0.17881150000902143 0.22557263087853924 5.576782080753545E-5 0.02325871970446473 4.949796001942318E-17 0.0 0.0 0.0 0.03774367282150099 0.01729956210311457 1.677352217230902E-10 0.0 0.0 0.006737438574608896 
0.00872843468631873 0.07996494841177836 2.8349035997508073E-4 0.20321460493315752 0.0 0.011913045663191256 0.016376091785624842 0.0 3.558049586516685E-17 3.1020826549767167E-4 1.1591359392437153E-4 0.0074227211445980846 0.17333334181456467 0.0 0.0 
0.005426026968531093 0.0 4.668456570964451E-7 0.24513720896762264 0.008108707691016176 0.2384053356362511 4.400865878275714E-6 0.003311788647821502 0.0 0.0024485447625121446 0.0 0.0 0.0 0.0 0.0 
0.08594601325608008 0.06656320911749446 0.03301534902765991 0.0 0.005231864296250108 0.0017335111912455932 0.033197590584971674 0.004054943156919331 0.0 6.414206270460157E-5 0.029439843144810213 0.2188112015490374 0.0 0.0 0.022447569496312353 
0.0 0.0 0.0 0.0 0.0 0.0 0.0 0.5049233813281369 0.0 0.0 0.0 0.0 0.0 0.0 0.0 
0.0 0.0 0.0 0.0 0.0 0.0 0.25078948311785304 0.0 0.0 0.0 0.25078948311785304 0.0 0.0 3.418417736348912E-6 0.0 
0.0 0.0 0.0 0.0 0.0 0.0 0.0 0.0 0.0 0.0 0.0 0.24558994391139455 0.0 0.2549346948079624 0.0 
0.0 0.0 0.0 0.0 0.0 0.0 0.0 0.0 0.0 0.0 0.0 0.0 0.25117838749456967 0.0012325147455688444 0.24787546424776194 
0.0 0.0 0.0 0.0 0.0 0.0 0.0 0.0 0.0 0.0 0.0 0.0 0.5002827708567299 0.0 0.0 
0.0 0.0 0.24304471399351604 0.0014183581392519385 8.74040576174629E-4 0.0 0.003696866289189557 0.0 2.0516227407993256E-5 7.593368772641967E-6 0.2524126130412493 0.0 0.0 0.0 0.0 
0.002017832466729766 0.0017327332778649706 7.062942432930286E-4 0.0 3.625167248812012E-4 4.148311490952043E-5 0.23886183061579214 0.0 0.0 0.0 0.006315185568426581 0.005833793686493306 1.4854323610984429E-5 0.25057181919288646 0.0 
0.6752395373288084 0.0 0.0 0.0 0.0 0.0 0.0 7.49666481479681E-17 0.0 0.0 0.0 0.0 0.0 0.0 0.0 
0.0 0.0 3.428537716671033E-4 0.0 5.503374185210103E-4 0.0 0.24591000705604044 0.0042518250831812395 0.0 8.886102489157242E-7 0.0 0.27011748221277854 0.0 3.593062210572603E-6 7.76637851102591E-5 
0.03823900686319602 0.029615230699489833 0.014675258213168393 0.0 0.014046353384506594 0.0029314859094387137 0.02587501390190963 0.13301032051548853 3.5593519363042973E-6 0.025807116115244253 0.035750217003261746 0.007415370798346401 0.17282625604366544 0.0 2.1285298902557203E-6 
0.0 0.0 5.752698084231454E-4 0.24850059031366442 7.628306169389369E-5 0.0 0.0037543531381987994 0.0 2.0835257953050148E-5 0.0016598139447991107 0.25801199617049175 5.69099369513131E-17 0.0 0.0 0.0 
0.09884267297625203 0.0 0.020991959942917176 0.0 0.003379382756088489 0.0 0.013593685390705986 0.002458033161516225 0.0 0.012497363373338842 0.019441919193516725 0.14450177870267022 0.16709335060719072 0.0 0.02267025627208775 
0.0024725043536260273 0.33269121332469653 0.007137560495625203 3.2368702282397985E-5 0.14260781501503017 0.0 0.0 0.004137640261220114 4.03246302414538E-5 1.4912656678053759E-5 0.0025558332989101132 0.0 0.0 0.008714062940531302 0.0 
0.0023067900440496532 0.00201275121888802 5.7985346631115346E-5 0.0822656338631702 0.12743500198645283 1.6873919984517253E-4 0.04557809476424111 0.010308247115196553 0.0 0.0 0.0 0.0 0.0 4.7362010090456856E-5 0.23103719204593423 
0.011241334577923617 8.695645702558736E-5 5.031235612825328E-5 0.003018561759668414 0.0056293715063813485 0.0 0.0 0.19744690671738263 0.0 0.21764589480919055 0.0 8.689366096020269E-5 0.053498831794153275 0.0022250782632806543 0.00927814318486103 
0.0 0.0 0.0 0.0 0.0 0.0 0.0 0.0 0.0 0.0 0.0 0.5003311382644089 0.0 0.0 0.0 
5.011587061414195E-4 1.6721655848959472E-4 2.3365215411077733E-5 1.29973837257076E-4 1.8400241850667226E-5 0.016151013959211927 3.41826540582492E-5 0.23861528123019013 0.0 8.394234936974573E-5 0.258495223589066 1.197694863210686E-4 0.0 5.710315862687744E-17 5.710315862687745E-17 
0.0 0.0 0.0 0.0 0.0 0.0 0.0 0.0 0.0 0.501380402763651 0.0 0.0 0.0 0.0 0.0 
0.3379398951614566 0.0 0.0049608846096370705 3.4125892879698555E-4 0.011107951104591994 7.868150349132524E-17 0.0 0.0 0.0 0.0017452249987088772 0.1504184420523945 0.0 0.003936821895820843 1.1217704445088986E-11 0.0 
0.198630535207418 0.031078437673866047 0.04783625530785317 0.020540154326531317 0.011018381881688986 0.09151811119466625 3.116808007730363E-4 0.005105299746731767 0.0 0.03309616010889574 0.05655849614029979 0.0 0.0 4.11685572751708E-4 0.004441095369984618 
0.24844377018171881 0.003747033791776976 0.0 0.0 0.0 0.0 0.002664865558748203 0.00329292158421905 0.0 0.0 2.2451732986755742E-8 0.0015261379198750313 0.0 0.0011343172138445637 0.2405922386998004 
0.10299192692275555 0.016114481987564457 0.02480357869337654 3.195443634222896E-17 0.005264265637701622 0.04416687037812179 0.01761308923796159 0.0038951677650746123 1.4472725042030817E-4 0.21525242900377536 0.055413702380670594 0.00950350336519361 1.066211927311893E-5 4.426880260497143E-4 0.00443672589003563 
4.875750060910532E-5 0.0022766046447438414 1.0643836134241497E-6 4.8148336461190745E-6 0.001057772895517542 2.780012750411485E-5 3.076060044800921E-4 4.4620127330410807E-8 3.4747429444559056E-8 0.0 0.2489111830848286 0.0014199400547108935 0.0019746194903947157 5.583461951992535E-4 0.24373649651736792 
8.302292702058726E-4 2.6877953437049725E-6 2.9668199588272414E-5 0.22728750143626855 0.024123663578790033 0.007567502832483314 0.005425477229369519 0.004766065175770713 2.289434460118512E-5 0.009886149628299227 0.010032803764613475 0.006745506268255083 0.0 0.2104539753918322 0.0 
2.5189975949475E-4 0.002873911717365052 1.092728327275373E-4 8.328019388223909E-10 0.004758172246918835 0.24455311670232238 0.004609804963271128 0.0 2.1802619079349784E-5 0.0030413159566148994 0.25510067773323336 6.0551372656755365E-6 0.0 0.0 0.0 
0.0 0.0 0.24191425299406288 0.006684075077123398 8.888255555644066E-4 0.0 0.0037594012485293745 2.924848180750848E-6 2.086351403878693E-5 7.721904853130006E-6 0.0 0.0 0.0 0.24791726023858987 0.0 
0.0 0.0 0.0 0.0 0.0 0.0 0.5027243140544364 0.0 0.0 0.0 0.0 0.0 0.0 0.0 0.0 
0.007030117442948105 0.003146458937467092 4.5899231231576664E-4 0.2559095906052154 0.00622090394177986 0.0 1.9384115108159682E-4 0.004425040642239845 0.0 0.0 0.0 0.22733163660450545 3.24510095800901E-5 0.0 1.1207679954042445E-16 
0.10581404986619769 0.0031930005573166833 0.22172654196301017 3.1771266817429193E-4 0.0 1.2036655475897013E-4 0.0034994455301306866 0.0021485665360131694 0.0 0.0016550614012805977 2.9437869741454274E-8 0.0 0.1635138631742794 0.0 0.003327824079746974 
1.2340413472291688E-4 2.01948734482006E-5 1.4455340285499236E-6 1.452308245422911E-7 1.1825318601162133E-5 0.0 0.0077156950723787365 0.25149118542977966 0.0 0.0 0.03375686697957641 0.03431392639739493 0.0 0.17506463668510294 0.0 
0.02019372149013992 0.019323400414114927 0.29449639367479313 0.0021773331982284606 0.08009370217706727 0.0 0.011017157995176413 0.007640304508296956 0.0 4.828826377176933E-17 0.05429026075890796 0.0 0.0 0.011041514713424525 0.0 
0.09294030841237 0.02514972877102943 0.021067431825969776 0.0038660125847386024 0.01370051793118514 0.2974152762122747 0.0 0.008120169620530018 0.03661065440853606 0.0015751373251632235 4.162938949643339E-8 3.0165674128457227E-4 0.0 0.011392719463986394 0.0 
0.08208930713993758 0.02738990914559152 0.0015803299508657903 0.004332015847028816 0.019639410654053818 8.96170137628923E-5 0.03620013934970814 0.04415155919341858 0.0 0.010862498655019731 0.25813973796274137 0.01127004040048785 0.0 0.0 0.0066683445086649935 
0.31255380008488054 0.0 0.0024019267654433966 0.0 0.0 0.0 0.0 0.005078074566356126 0.0 0.16410605080058335 0.0 0.01674659344925126 0.0 5.560956647016221E-17 0.0 
0.006489838543417653 5.321886135154641E-4 0.0 2.7390291022215884E-4 0.0 3.967541474986152E-5 1.601653921808022E-7 0.2460372626687281 0.0 0.0 0.009299989787366991 0.23794560013174162 0.0 0.0020013985056278583 0.0 
0.0 0.0 0.2749433517696066 0.0034226033381963917 0.004447201149920437 0.0 0.0 0.005222008486449739 0.0 0.2619690063470834 1.0373764410510361E-5 5.75081639489641E-4 0.0 0.0 0.0 
0.0 0.0 0.24533508883059396 0.26217489095338453 0.0 0.0 0.0 0.0 0.0 9.956411509377386E-5 0.0 0.0 5.811834983901181E-5 0.0 0.0 
0.0 0.0 0.0 0.0 0.0 0.0 0.30440978461359547 0.002639407126757933 4.264511288258295E-6 0.030368158902866378 0.0 2.1332050520863285E-4 0.17869920282397084 1.0106327842894992E-13 3.86915024001839E-5 
0.06363710723577276 0.0598048397630649 0.017038243472020133 0.00965225167181008 0.0 0.2846075754299135 0.0 0.007811003119746226 0.0 0.03523702629939232 0.021189508720705522 0.0 0.0 0.0019948377826324378 0.0 
0.004439755964941305 0.004381899764749369 0.009016153185596966 0.23276086995280365 0.004525591752459961 0.0 0.0 0.0015593680228339296 1.8802275913758019E-6 0.24368373456812875 0.0 2.526199087374864E-4 5.558019304217542E-17 5.47806235002423E-5 0.0 
5.341476268705131E-4 0.006904664206319319 2.6004768590727E-4 1.9819035674662646E-9 0.0 0.23554609634460988 6.795347045796701E-4 0.25164467613060787 0.0 0.0 0.006548658614825075 3.3093220759208326E-4 0.0 0.0 0.0 
0.2855968424280081 0.012617052488426971 6.057800359529709E-5 0.21276078661971898 0.0 0.0 0.0 0.0 0.0 3.2425779625494465E-7 3.0074110669959655E-8 0.0 3.57131062708171E-9 1.0019639566976672E-13 0.0 
0.0 0.0 0.0 0.0 0.0 0.0 0.25012212626663816 3.2923675177841536E-5 2.1020889975067493E-6 0.25221579811604705 1.3267050353585063E-7 0.0 0.0 0.0 0.0 
0.0 0.0 0.0 0.4040502159180242 0.0 0.0 0.004070849843709363 0.0051759784939882725 0.039365599302484205 0.04662281334621325 4.498321658007443E-10 0.003874889514766656 0.004909312303597779 0.0 0.0 
0.2899542776271144 1.2572390242832852E-6 8.567796330114231E-7 0.0 0.0 0.0 0.0 0.006255906215959131 0.0 1.846697931985718E-5 0.005117954035431167 9.361845243682647E-8 0.0023793159028099847 0.20852390400683626 0.0 
0.0 0.0 0.0 0.0 0.0 0.5014493937964488 0.0 0.0 0.0 0.0 0.0 0.0 0.0 0.0 0.0 
0.07756137554779348 0.0011697821800953799 0.01704379978655235 2.4111420150968503E-8 0.0 0.18175226959980714 0.0 0.0 0.0 0.0018356509840724495 0.012278167525640371 2.0376019478878643E-5 3.7409540236306394E-4 0.023367247709983975 0.1855994453727479 
0.05968109568668487 0.04622163497819919 0.033629664162844825 0.0 0.0013116434970799153 0.004275212875343674 0.036579600638399525 0.23397122943344298 0.0 2.1593100345891966E-4 0.0 3.0788320335419015E-11 0.03541541850523948 0.03509848233254875 0.027406403693397564 
0.05596424133734057 0.004589256235653531 8.128676942209659E-4 0.002393671465632344 0.18301878076717892 0.01177263361367259 5.645204703100555E-6 0.0 0.0 0.0 0.0 0.23421714150932096 0.0 0.001970037843732549 0.007510626064764985 
0.005473930494653661 0.0 1.111997236339926E-6 0.24476400563412462 0.01452924130341985 4.51417040697043E-4 2.944530247074657E-17 0.2348738833286479 6.945645245944571E-6 0.005146559658517668 0.0 4.503337096643617E-4 5.614369289610539E-17 0.0015064973151118083 0.0 
0.0 0.0 0.0 0.0 0.0 0.0 0.0 0.0 0.0 0.251161352411841 0.24947336044482638 0.0 0.0 3.180829496271589E-8 0.0 
1.5375910908325684E-9 3.610289673177449E-7 7.190392163168807E-5 0.004642219069785725 0.006769332120673985 0.0 0.0 0.0 8.017015597696545E-8 0.015596402082443811 0.23277900511715824 0.24074267956361858 0.0 3.3977599136376246E-4 3.1938475196691737E-6 
1.3918252025515028E-4 1.373687782795355E-4 1.2282477009711103E-6 0.0010022957416268958 5.00516544477024E-4 0.0 0.0 0.0 0.0 0.0017820038006760457 0.0 0.0 4.379411198075796E-4 0.2487792615562964 0.24742789893193068 
0.0698416963959632 0.011523504630898069 0.0 0.0022481152127159943 0.1551443441517459 0.0 0.0 2.75751000435053E-6 0.0 0.0 0.01546410608343618 0.005931475049418163 0.0 0.2449527034822391 1.3382843808692525E-4 
0.08279606367897767 0.01510626486233844 3.270210412644518E-6 6.929271644318613E-4 0.1456861894451909 0.0 0.0 0.0044761389153178425 6.0285874980514925E-5 0.24912010536016907 0.0 3.2560981677104455E-4 0.0 4.454526900403671E-4 0.0045570422294059 
0.010782791992739304 0.12302033283397955 0.004677520249013923 3.54494658619815E-8 0.24272386753804107 1.1211712752530298E-6 0.09557009618228929 0.006207049796551529 0.0 0.0022791778912205256 0.015168827491762887 1.6381358817488213E-4 2.2230867555018206E-16 0.0 0.0 
3.588307125046032E-4 5.920513948876888E-5 0.0031153597455072326 9.889676813267297E-5 0.004293120004130667 0.24247740336367155 0.2503900398574874 0.0 0.0 9.508233630693113E-4 0.0 3.2809627409417205E-4 0.0 0.0 1.8102367409401018E-4 
0.13611008597792418 0.03683150835004851 0.0 0.004804588534530513 0.017026677985776024 0.0 0.181061744688488 0.0 0.12489661714284679 0.0 4.221127643187572E-8 0.0 0.0 0.011392362935741857 0.0 
0.0 0.0 0.257966320738772 1.33829140282738E-6 0.0 0.2406355029318786 0.0 8.641687884717049E-7 0.0 0.0 3.127799622157678E-4 1.6707737715305226E-10 0.0 1.1078178513649009E-16 0.0015370424171713502 
0.24430010381479317 0.0 0.003740977920217669 2.4685343062515533E-4 1.442011475956625E-4 0.0 0.23937065092082901 0.006350608421993691 2.4473234376628897E-6 2.1509609255933535E-5 0.006237701192925852 0.0 0.0 1.1127780117845032E-11 0.0 
0.1056676401421036 0.08015888291085112 0.04919271861233122 0.009317354898293693 0.0022968322759523755 0.0 0.1461649935597676 0.11621461269442018 0.0 2.6442051134668057E-4 0.001489675678099812 1.7957977503419117E-8 0.0 0.0 3.3002765168322034E-4 
0.0 0.0 0.0 0.5011024269394699 0.0 0.0 0.0 0.0 0.0 0.0 0.0 0.0 0.0 0.0 0.0 
0.0800181531865725 0.07897540526837414 0.03441908458940023 0.0 0.005454310951613132 0.0016457303012219842 0.016940017895386888 0.003906987317862516 1.4880163119341478E-4 0.0 0.028459934278801367 2.4244312506253206E-4 2.631894427130629E-5 0.0 0.25023718748976 
0.3199710081559776 0.0 0.004664867967430102 0.002149367748657158 0.010276698600882756 0.0 1.5930066172712117E-5 1.028808458860916E-7 0.0 5.449982457140265E-9 0.0 0.1681631252569254 0.0 0.0 1.121860618018276E-16 
0.0283363673016678 0.25960166179701716 9.203353471072275E-4 0.010963418717392903 0.03631559937371558 3.1759087328654532E-6 7.339282967728035E-6 0.0 0.0 1.721988739883731E-9 3.8329486587107965E-4 1.1636225349723629E-4 0.17142731605854675 0.0 0.0 
0.0 0.0 0.5017025588656683 0.0 0.0 0.0 0.0 0.0 0.0 0.0 0.0 0.0 0.0 0.0 0.0 
0.29900382084327615 0.059928660955156615 0.007643733994918931 0.0 0.12912270707966356 0.004102173444421505 4.215220614056335E-4 0.0 0.0 0.0 0.0 0.0 0.0 0.0 0.0 
0.018583127572861607 0.18684387812343184 6.070091906759458E-7 5.171656150101151E-8 0.0 1.8871415167282737E-5 0.020038194084655667 0.22909195177896258 0.0 1.8313062991071434E-5 0.01941065660200756 1.4725689126081133E-7 0.024665247473374566 0.001287303976451585 0.012064138886359871 
0.0 0.0 0.23063769251114005 0.001345348100218222 0.002577965112723743 0.0 0.0 4.1164027424630005E-5 0.0 0.006456457614882327 0.0 0.2606855661233408 0.0 0.0 0.00457758290286295 
0.007003453568691366 1.1125754353381478E-4 0.24862156065407087 0.0 0.0 2.3492967081199516E-5 3.174286473852694E-4 3.0679127966844197E-6 0.0 4.292287258984904E-9 2.2271846308535817E-8 0.0014418953825414149 0.0 0.0 0.24302844126562312 
0.35685891781173623 0.0011552998335220529 1.0578838929513307E-6 0.0034918376093519073 0.03822282657509942 1.1756568187407046E-6 0.008346373173363019 0.00903911560138312 0.0 0.05610238416993471 0.016959641531582186 0.011402731573615535 0.0 0.0 0.0 
0.0018946600908867808 0.10096334297635111 0.0035957336029574373 2.740419408269936E-8 0.15657249299618423 0.0 0.0 0.0 2.2300305253612155E-5 0.0031107397674727606 0.2493248031518124 6.057065774243322E-6 0.0 0.0 0.0 
0.0061469794890587764 0.2870172154255781 0.0 6.067403427262103E-4 0.0077978117227194355 2.7703323414349455E-5 0.0 3.6132526958185746E-6 1.6293766489248456E-4 0.031247423364411588 0.15387502948545195 0.0027414757064066287 0.003805571659996927 0.0012791054429415675 0.011937533463001661 
0.0 0.0 0.0 0.0 0.0 0.0 0.0 0.0 0.0 0.0 0.0 0.0 0.0 0.0 0.5004728866813686 
0.0 0.6824207335312077 0.0 0.0 0.0 0.0 0.0 7.576392108479355E-17 0.0 0.0 0.0 0.0 0.0 0.0 0.0 
0.0 0.0 0.24466983033629805 0.011721426227193823 0.0 0.0 0.25637817514953715 4.327149694598951E-4 0.0 1.3975977457203257E-6 0.0 3.771560918464104E-11 5.697703912210254E-17 0.0025987891177045403 5.726556267356464E-17 
0.0 0.0 7.763654278457687E-5 0.010633650103658817 0.015754190262905456 2.086043408587128E-5 0.005634605607122935 0.0 2.723328236538385E-6 0.2286963714583447 0.009313053107364196 0.0 0.0 4.736198331887803E-5 0.231037061451173 
0.0017009245983770416 0.22887024145295856 0.004910184364936981 2.2267593522709444E-5 0.0 0.018207213431537365 0.001845801746775303 0.0 2.1070674853427755E-5 7.792253473437934E-6 0.0013354898011076486 0.0 0.0 0.004553325988925917 0.23881450708527657 
1.8874361605344443E-4 0.0025704215735859797 9.645552793798108E-5 7.351173084089435E-10 0.00529859999996356 0.24947780027650657 5.183026108935868E-4 0.0 2.866044338967849E-17 0.0030528146130954833 0.0 1.7114439657504543E-4 0.0 0.2558421164046316 0.0 
0.392797500490986 0.0 1.1606638185880442E-6 9.888736888672962E-8 0.0 1.15527133385941E-6 0.0 0.0051137847417658 0.03974045763396182 0.04509358403510703 0.008340392174253334 3.088283615704485E-9 0.003816928732918702 0.0 0.011942201680480637 
5.887056272639269E-4 3.815773206017222E-4 2.9404718645928436E-5 0.0010487764840871694 2.9625720752538315E-6 0.0 0.24911841565075016 0.010325566224460556 0.0 0.0 3.077767019526499E-8 0.0 0.0 0.0 0.2463880181672128 
0.07645790012043836 0.07708054836059076 0.0 0.009444822459383908 0.24081913462694174 0.0 0.0 0.0 0.037321198180129904 0.005438385219853728 2.81545871094624E-4 0.0 0.054308722348752496 3.4014948051381026E-4 1.8299167977879767E-4 
0.0 0.0 8.06139248986279E-4 0.09623085123397584 0.14319996638513222 0.22285431186997617 5.119714520511386E-6 5.118563668314852E-4 3.298199093819285E-5 0.006497631260578971 0.009868834430356807 0.02477472612022193 0.0 0.0 0.0 
0.0 0.0 0.0 0.0 0.0 0.0 0.0 0.26230713438624553 1.6498411992420923E-4 1.0102837716102622E-6 7.67754063742313E-4 0.0 0.0 1.7940690568278441E-6 0.25005729273223803 
0.0 0.0 0.0 0.0 0.0 0.2483636941227458 0.0 0.0 0.0 0.2590744993921067 0.0 0.0 5.633695660143852E-17 0.0 0.0 
0.0 0.0 0.24953098703984444 6.281962034069684E-8 0.0 0.0 0.0 0.2535229559073313 0.0 3.0233259056305846E-5 0.0 0.0 0.003910167121523487 0.0 0.0 
8.146989111033935E-4 6.823274438373263E-5 0.2150840024736374 0.0 0.284605240653402 0.0 4.1710630192140534E-4 0.006662359482150009 0.0 0.02080092842812208 0.0 0.0 0.0 0.0 8.292670204883264E-5 
2.3244248062639054E-4 0.02592568408195657 4.2280202625681157E-4 0.0010368222073453798 8.677464252473094E-4 0.0 2.8953713321979536E-4 0.031207543334532493 0.0 0.21395470516136472 0.024380205998933726 0.005781211982573942 0.15889895683308367 0.028066388211654143 0.015547715819389844 
0.0 0.0 0.0 0.0 0.0 0.0 0.0 0.0 0.0 0.0 0.5005484820298829 0.0 0.0 0.0 0.0 
0.039726649152926924 0.034984961028795655 0.02304543700123263 0.018949233443365923 0.18155824321756384 2.3509598792082476E-4 0.003973532979733656 0.006542533829706758 0.0 0.0 0.0 0.0 0.15735664420273116 0.017496127164351366 0.016867508315288545 
0.0 0.0 0.0 0.0 0.0 0.0 0.0 0.0 0.0 0.24698486882237577 0.0 0.2741953557177911 0.0 0.0 7.766426752402567E-5 
0.295289375151764 0.0 5.998632416140695E-5 0.0036648175702792933 0.009402535401758309 0.0 3.424113375593708E-17 0.0026741495026466502 4.320644823951342E-6 0.03076789336632054 0.0 2.1612843169393898E-4 0.18105141094396277 1.0239356899766472E-13 3.920079659222375E-5 
0.0888569632251849 0.06740639708999564 0.04962180196265374 0.0 0.006474082711358507 0.015466640717732258 0.23802897700544828 2.1520547371334006E-4 0.0 7.278808929432331E-5 2.989163237386162E-4 0.0 0.03972057269567279 5.193079601421993E-8 0.007648730158156484 
0.07996981193419282 0.06056924203550517 0.03720404397818095 0.0070466380223504176 0.001737075148833457 0.0016055422932300311 0.05559069789141695 0.0 0.0 0.0 0.006315194918804958 0.005833802324114125 1.4858939987836218E-5 0.25057219469302894 0.0 
0.0068774105897275286 0.32112279540145766 0.0 0.2170975730999476 0.0 0.0 0.0 0.0 0.031044206922717747 0.046564309591296066 0.0 0.0035062336887542573 4.376210580972707E-9 0.0 0.0 
0.011202992114900343 0.0 1.4927923898420966E-4 0.007988068586429071 4.01605974629057E-5 0.015605734315965685 0.001108647895171647 3.21377917171288E-4 0.0 0.25638055849231933 0.0 0.002611241774104946 0.0 0.20788646907700267 5.587691753844572E-17 
9.619456431298064E-4 9.552797293124415E-4 3.234294499712961E-5 0.24312858164485074 0.0 0.0 1.7416474076503455E-4 0.004406464824579255 0.0 0.003550306473106857 0.007674940416608837 0.0 2.7441622310279267E-5 0.0 0.24068670046844975 
0.0 0.0 0.0 0.0 0.0 0.0 0.0 0.0 0.0 0.0 0.25315204731428054 0.0 0.0 0.2483399623294638 0.0 
0.26252197075150574 0.0 0.23867563011839654 0.0 0.0 0.0 0.0 0.0 3.432442067658064E-4 1.0991133682445012E-4 1.5897123784373426E-4 0.0 0.0 0.0 0.0 
0.03568221828351022 0.3481216462679132 0.018000641152136548 8.315851926272927E-4 0.022161049228877093 3.902358144278337E-5 0.041115937971464546 0.0 0.0 0.004043270546033494 0.01576713059744748 0.0013637371961068962 0.0037861353228562165 0.001267275206395742 0.014074327667021165 
0.19110816068659026 0.18861775533766878 0.006405848051297484 0.0 0.012143576177287563 0.003631030496038336 0.03391151962702791 0.00783036933286022 2.98227671292762E-4 7.126576095529102E-9 0.05687266541663247 4.857419972893434E-4 5.2730786049692586E-5 0.0 1.1132375748048843E-16 
0.0 0.0 0.0 0.0 0.0 0.0 0.0 0.0 0.0 0.0 0.0 0.0 0.0 0.5000445910168345 0.0 
0.0 0.0 8.910586581337953E-4 0.10636789274240992 0.1528208256863935 0.24126138005415176 5.542586905038324E-6 0.003340201049034248 3.590440630437042E-5 0.0 0.0 0.0 0.0 0.0 0.0 
0.017097944043460295 0.15582543029631707 0.03743462506735375 0.0 0.005932176520966471 0.0017899167721386995 4.3873226888415306E-4 0.003926142417455541 1.495311728666327E-4 0.0 0.028599467077648454 2.4363177038650975E-4 2.644798026699414E-5 0.0 0.2514640453877446 
0.005239392712261042 0.0 6.981461281093654E-5 0.00373584377347838 0.0 0.007283334300018276 5.174157830744192E-4 0.004656826355247311 0.0 0.15138445178404758 0.19718146712918053 0.010329043446300574 5.879177170307861E-4 0.2681095827150244 0.0087310885162479 
0.0014662936031389364 4.746998522521306E-6 5.2397925288933466E-5 0.40141948903679475 0.0 0.012087154300758534 0.008665815114749197 0.007612572662639893 3.6567872115147E-5 0.032781251628844946 0.016633769319511993 0.011183632994520151 0.0 0.008718555969257014 0.0 
0.0 0.0 0.17027823813761941 0.0021196907018154747 0.002754245816740487 0.0 0.0 0.0032341004024620816 0.0 0.16224295135829986 0.0 0.17033476058672742 0.0 0.0 1.134567966251476E-16 
3.021440454617306E-4 0.002768071696308164 1.0732930430113743E-4 0.007257206688644949 0.0 9.859010297948449E-8 5.619188574054636E-4 0.15410898573812196 1.833042106106868E-17 1.598136278017114E-4 0.1721310718348601 1.1621570610742932E-4 0.17186794297313732 0.0 0.0 
0.27062796921448373 0.001514429225303359 0.005795474658604877 0.0 0.09647955780450819 0.0025825661107586636 0.12879859155173878 0.0 0.0 0.0 5.61549238848211E-17 0.0 0.0 0.0 0.0 
0.007628263561403898 0.0012489513668123347 1.8904689034277458E-4 0.0 7.384227710593283E-4 8.113900373506466E-5 8.33750219930719E-6 0.31606578305534827 0.0 0.0 0.0 0.0 0.0 0.17427615679953384 0.0 
0.19320994631708116 0.033045132746731674 0.0077892084842560464 0.26575509686837295 0.0 0.0 0.0 0.007170877408339506 0.0 1.0226229664215059E-4 0.0 5.301825219702536E-4 5.7652302000116554E-5 0.0 0.0 
2.7889535746079665E-5 0.0010390704818626808 0.0 0.2823476552034248 0.00891200531523858 0.0 0.0 0.0025346391758198404 4.0952368686760506E-6 0.029162732976050838 0.005519655210186113 2.083425835768539E-4 0.17452918350750105 3.6279518773457704E-14 0.0 
0.0 0.0 0.0 0.0 0.0 0.0 0.25010803878454924 3.292182083695898E-5 2.1019706027787674E-6 0.25220159271330433 0.0 0.0 2.842752807070826E-5 0.0 0.0 
0.006870771118414947 3.113187214676059E-5 0.0 2.72871723406419E-4 0.0 3.901656949742335E-5 1.5750570459067847E-7 0.24195159693708657 0.0 1.1423421956928395E-5 0.009145974548779067 0.23400503146305146 0.0 0.010000381669872854 0.0 
0.21914082759891046 0.035934360875698554 0.017887187804608892 0.003397943373579495 0.004415158925869125 0.0 0.0 0.005184383751188176 0.0 0.2600815114232204 0.00943077137966654 5.80787971702806E-4 0.0 0.0 1.2346855384858126E-16 
0.0 0.0 0.0 0.0 0.0 0.0 0.0 0.0 0.0 0.0 0.0 0.0 0.2524134548990792 0.0 0.2478779710393243 
0.0 0.0 0.0 0.0 0.0 0.49395388095741055 0.007454402838606767 0.0 4.3481597305993545E-5 0.0 0.0 0.0 0.0 0.0 0.0 
8.562153620905855E-4 1.4127093411590172E-4 3.0229124357632527E-5 0.0011109857281310991 3.093076487858368E-6 0.0 0.2600923436017481 0.01078041826542466 0.0 0.0 3.213345890458274E-8 0.0 0.0 0.0 0.22986873364962065 
0.004447671712821726 4.6064073478896335E-4 1.4915610850104203E-4 9.502676422881119E-4 1.3452826207154754E-4 0.11808365652255251 0.002920636036686822 0.005226981799699074 0.0 0.0 0.13380776133813777 6.199761302637387E-5 0.0 0.0 0.24928174322194052 
0.010459072316582116 2.7188000627685063E-5 1.204437044255629E-4 0.2552150582885676 0.006204020561926413 0.0 1.4231916565386057E-4 0.004412204480091507 0.0 0.0 0.0 0.22667219277453302 3.235687566030842E-5 0.0014993101434873743 1.1208460078106065E-16 
0.0 0.0 0.2541071784388535 1.3182707390931463E-6 0.0 0.2370356273916643 0.0 4.3286063635683986E-4 0.0 0.0 3.076363611756719E-4 1.6472243739125507E-10 0.0 1.0922032639715515E-16 0.008569227413794588 
5.264502331585621E-4 1.4192625450127534E-4 2.336525816599914E-5 1.2997407509015817E-4 1.840027552041434E-5 0.016151043513201492 3.4182716607498675E-5 0.23861571786119978 0.0 8.394250297194826E-5 0.2584956965974579 1.197697054816834E-4 0.0 5.710326311729262E-17 0.0 
0.0 0.0 0.0 0.0 0.0 0.0 0.0 0.0 0.0 0.0 0.0 0.0 0.2532903248059145 0.2479292604179183 0.0 
5.935934164524978E-4 0.05570908158196385 0.0 0.04018857137654161 0.003034178388778453 0.13079778245936832 0.0 0.0 0.0 0.2402560077086786 3.017611598280367E-4 0.0 0.0400985999552209 0.0 0.0 
