0.0 2.835300862981307E-4 0.0 0.3344426855706845 0.0 5.1539328185294176E-5 0.16804271984105978 6.4041088417072924E-6 
9.288068309471547E-4 1.714787632712744E-4 7.955666083379115E-4 1.9352440062113995E-4 0.33595053530211644 0.16861081778549328 2.381224029242861E-5 8.12712990514162E-7 
1.585656615644121E-4 5.4934550741273E-5 2.195841096357627E-4 0.0 0.19168929640172808 0.14093551641617333 0.0 0.1759040509397571 
2.782754405095889E-4 0.15650158971395184 0.17496021540662168 0.0 0.0 0.15612872089810756 9.650707965508777E-4 0.016102169510915094 
0.0 0.0 0.16762151748639226 0.16750338956232136 0.0 2.041695101149107E-4 0.16831945739415402 4.4557024067885386E-6 
0.33535629939005995 0.01729427007678021 0.04051063218935455 0.03247394688038022 0.0 0.005359331170738305 0.017037341983076774 0.06213602313931051 
0.347981543825696 0.15423547527974532 0.0 0.0 0.0 0.0 8.07747218273428E-4 8.99425883068575E-4 
0.0 0.17808017269075102 0.16509389768188207 0.16603318638666303 0.0 0.0 0.0 1.643077892697643E-4 
0.00205793376419361 0.3383611822299018 0.0 0.0022953530601562333 1.963167109745296E-5 0.1669702672183982 4.066588027956295E-5 0.0 
0.0 0.0 0.0 0.16840775747072698 0.0012880365888651919 0.0 0.0011021531356637591 0.33423589131965586 
0.0 0.3351128393993002 0.16578619498133015 0.0 0.0 0.0 0.0 0.0 
0.17899763939538155 0.0 0.0 0.002291444007884737 0.007187507543323205 0.1621105983467664 0.1735666202514238 3.513223479312719E-6 
0.03243502998208302 0.06994386736161971 0.04374833634479944 0.0 0.1700017926162839 0.15259249886066698 0.03086942700667346 0.019341694689553678 
1.2944616040679084E-6 0.0011649765382148968 0.17012059000034124 3.0801549579194203E-4 0.33213855843153334 0.0 0.0 2.2293649578940196E-4 
0.5065153715801181 0.0 0.0 0.0 0.0 0.0 0.0 0.0 
0.0 0.5028781716783222 0.0 0.0 0.0 0.0 0.0 0.0 
0.0 0.16811705012379116 0.0 0.0 0.0 0.0 0.33747740844567775 0.0 
0.0 0.0 0.0 0.0 0.0 0.5011231862576455 0.0 0.0 
0.0014002356527420875 0.18425404835269404 0.00810850379201576 0.3300372309629446 9.807609867883825E-5 1.692864798290981E-4 2.795735627465161E-7 8.960647743213502E-4 
0.0 0.0 0.16913862501037802 0.17145661411633983 0.16390636537466763 3.092509428044227E-4 2.3546445897951367E-6 1.5815115339896683E-4 
0.16698203092170022 0.16902545266940106 9.555097375114334E-6 0.0 3.1236408429254885E-5 3.7308853239815333E-17 0.0 0.1675204847716495 
8.716194628634104E-4 7.41194505811194E-4 0.17786168657760418 0.16958616014628336 0.0016135254149766529 0.0 1.9329233457157966E-7 0.17480206953845964 
0.031924926331553444 0.024824225504943426 8.881260689010932E-4 0.05798035456194517 0.012134793990752405 0.03166234532657802 0.349000673544121 0.013164165719611149 
3.991397586609599E-4 5.533045694983148E-4 7.055709858327632E-4 0.0 2.8275091039920413E-6 0.16912085440520952 0.33317038632584395 6.624538072598522E-6 
3.748988497002286E-4 0.33739769702864597 0.0 6.073973974238618E-4 0.0 1.2858999087753688E-5 0.16985732900192366 2.2493546495377074E-4 
0.18538677220728225 0.0 0.18469065436868629 2.1811536700455649E-10 0.0 0.001353078635733251 0.0 0.18515857077569833 
0.0 0.17467695215392098 0.0 0.002614559066247425 1.6481158446989575E-5 0.3411457790166299 4.2175331775821904E-7 8.794882788439276E-8 
0.008328771920196135 0.19495900480057568 0.31521672145376195 1.9220171732882007E-4 0.00219835157916588 0.002943947302441167 1.5681292772032084E-8 0.0017304099268260857 
0.0 0.0 0.0 0.5016023376562924 0.0 0.0 0.0 0.0 
0.002787838217019559 0.002642134416003056 0.002320324551797307 0.1796471513976607 5.154310479088856E-4 0.15407272376685488 0.0 0.17048025034352857 
0.06434336088864093 0.05158296554939146 0.1796889224710919 0.021301493202369435 0.0 0.14823292551593076 0.006116108287508076 0.05884316860387038 
0.0 0.0 0.0 0.0 0.16757617589810958 2.5676155356275316E-5 0.33644320216212964 3.690752270538482E-6 
1.805938188083868E-4 3.691903368615817E-5 0.1742016701206704 0.002610700785345254 1.618744932327665E-4 0.34092214114656966 0.0 8.789110159561661E-8 
0.20308730195007482 7.725284189095104E-4 0.19081924527900582 5.911803630545656E-4 0.0013176400759189752 0.013578957968555122 0.049351809658792836 0.07176530087164809 
0.16852463067661308 0.008965342530780256 2.97537566031791E-4 9.13348360931694E-7 0.15569920680442606 0.0011487096836771476 0.1740283519018169 0.0 
0.17221362387111322 8.26635172264829E-5 0.0013872579397275911 0.0 0.0 0.0 0.338831472192464 0.0 
0.0 0.0 0.0 0.0 0.17046440958148956 0.0016936312328568427 0.1656337700838614 0.16838044375868094 
0.17129054421988313 2.9049246220247616E-4 0.0038339252999233927 0.16334711517883646 0.0 0.0 0.16531595324729823 3.28575406557036E-7 
0.0042405814082666 0.16775419078322323 2.6120979420487736E-4 0.16449710156587868 0.0 0.1678243404614019 5.038511649714349E-4 6.711686324968616E-6 
0.17136718251334143 3.239895162515897E-5 4.877474971091215E-7 0.161956598280399 4.836702784572671E-4 0.0012205884392826913 1.8965486143218055E-7 0.1704093002936616 
1.7354069037918063E-4 0.052131187342891246 0.04938757419272156 0.1742392662259494 0.042300243027542275 0.0 0.009011511156764698 0.1784054804477535 
0.015984507996368337 0.2231526964879462 0.0 0.014979028729332263 0.01744193052678357 0.1691009689420773 0.0 0.061699709935392304 
0.18703504798471382 0.00118535402093483 0.1671347824479416 0.0027665295596381854 0.0010014684335896246 0.14593121247656912 0.0 0.0016700576898399028 
0.0 0.0 0.0 0.0 0.0 0.33610749801000833 0.1664208128926747 0.0 
0.18096122080627405 0.0025974234143763776 0.021086246174057514 0.06404031291650852 0.1969952646285667 0.01957937266011812 9.69464607387021E-4 0.019388626150826732 
1.0968593455877934E-5 0.0037320394927589 0.1745300478695929 0.0 0.0 0.15454078860438547 9.94908544723097E-6 0.1720613756298633 
0.0 0.0 0.0 0.15583905787333394 0.3463721789226147 0.0 3.0218328334715286E-5 3.7936163115536375E-4 
1.6452024422238696E-6 5.597764665689697E-4 0.0010179426864465632 0.0 0.0 0.16082403795094402 0.17443986471101902 0.16791678923676193 
0.0027139459748196765 8.716335299647456E-5 0.17110987049581056 2.247175455925605E-4 8.320006853183722E-4 0.1667345221719405 0.1691679026169183 3.9047915585575446E-6 
3.4243221900546485E-4 0.048891378074782166 0.36596295747526847 0.0245189569918748 0.0 0.04911993677992818 0.00932021713623606 0.009057622216226522 
0.05862604073141484 0.02865127965947593 0.08591272439177637 0.29093239723666636 0.001996521437550593 0.0683223104925819 0.0 0.033870670680440376 
0.05288001132789927 0.04063847279314427 0.008368175907883238 0.03821159652273501 0.020203592201282997 0.3126188604357333 0.013185844071568094 0.018890777942381382 
0.002518935704493891 0.3598143642567502 0.038677781312812916 0.0 0.03604842062444562 0.04247839481547086 0.011504354717993062 0.01163694556438037 
0.03780249422663429 0.21788574321604692 0.0020250152412981575 0.0696976944513917 0.0 0.009084638149692301 0.2151570345904608 0.001742139975497878 
0.17279069138834202 0.0054957273608829665 0.0023221493371442764 5.190098513108946E-5 0.16608165765059862 0.16335907836753402 0.0 7.749795843640434E-5 
0.007857168083346739 0.017670645965162442 0.031861225346328535 0.0594427059473017 0.18571448848797723 0.0 0.02504755548976927 0.18181686890497617 
1.9247887008534969E-4 0.1677994892849353 0.0011598235100257872 0.0013126179164431589 0.0 0.0016936312328568427 0.1656337700838614 0.16838044375868094 
0.0 0.0 0.0 0.0 0.0 0.0 0.3345857529976649 0.166979455669411 
0.008811279932102694 0.1709625590839809 0.0022411264865374544 0.0027036183617768017 0.0 0.1588782989210085 0.16565250577889468 9.996426817607E-7 
0.0 0.0 0.0 0.0 0.5010799166373587 0.0 0.0 0.0 
0.002950465264531865 2.0925262549024152E-4 0.1715541585700255 0.33979168007779786 0.0 0.0 0.0 9.199539376853217E-4 
0.0 0.0 0.0 0.0 0.0 0.17280530415856638 0.0 0.3317097311493729 
0.1790994023911057 0.03497301183354119 0.0019007603810290055 0.2060820487298541 0.01258949381701845 0.009479295737925735 0.0 0.0611006190454997 
0.003120938275968061 0.17013773447025962 0.002804552783318126 0.0 0.15531989236669422 0.0 0.171341628290926 0.0 
0.17115353709694894 0.16536843333141174 0.0025880476498914983 0.0 1.543378985824605E-5 0.16389025498573842 4.5513374124471904E-5 0.0 
0.052490174684702455 0.07093793785104005 0.05274304296801997 0.1694662570286726 9.506653110044739E-4 0.16320123896384336 5.09055556074059E-4 3.952097823864605E-8 
0.01640636617573529 0.06673526989004328 0.0640946619208459 0.12206622282037011 0.05476583097308952 0.008009083698615114 0.17269758775993532 0.0 
0.0 0.0 0.33699952395670296 0.0 0.0014496751570480509 0.16488278550712715 0.0 3.818840534656709E-6 
7.52837560402235E-4 0.3383891700172608 5.064191634371557E-4 0.16769652505353527 4.639115454540369E-4 0.0 5.189672152515632E-4 6.75482762202429E-6 
0.041232363647829735 0.033932380794423074 5.765737662961792E-5 0.07031135182718187 0.0 0.028460274734479887 0.16084281083200974 0.16747464956862756 
0.0 0.0 0.0 0.0 0.16870653400578828 7.183644846199993E-4 0.0010994727435006187 0.333700528296938 
0.0 0.16665629648936522 0.004795890442690728 0.17050673617808523 0.16457007558860312 0.0 0.0 3.287286805571274E-6 
0.002571599980618996 0.005783487426958677 0.1674845302989727 0.014127616361146268 0.21128391351560838 0.014186134529997986 0.04963944005672496 0.06511858424654145 
0.0017611199956817803 0.003960730840392766 0.007141433204575385 0.16403103770453176 0.1626194282313679 0.0 9.943138432413285E-5 0.16929759499586713 
0.0 0.0 0.0 0.0 0.0 0.334485340362178 2.668633361199364E-5 0.16675466302532338 
0.0 0.0 0.17417356334774797 0.0 0.1843268535521176 1.7079966484863984E-4 0.14505785816891298 0.0 
2.9587952644499174E-4 0.16783128226422753 0.0 9.529410851257452E-5 0.0 0.0 0.0 0.33381382642526175 
0.17272973225872001 0.0 0.0013283910618659982 0.17309830246981206 0.16129037438979 1.8123757957330179E-4 0.0 0.0 
0.1713113280313615 0.015833660586828766 0.0 6.177698820249711E-4 0.0 0.1536754280295146 0.0 0.17020736235149297 
0.0015821476932903246 5.2932087624236386E-5 0.16894503984558037 0.0 0.0 0.0 0.33478771587928124 0.0 
0.0 0.0 0.0 0.0 0.3380460654150794 0.0 2.0340419027943818E-5 0.1685265254642586 
0.0 0.2165676583206064 0.010641573601285464 7.601890093361601E-4 0.035080681265973676 0.0 0.012539399387717625 0.23413466546741912 
4.049199456842295E-5 9.115685757111932E-6 5.697488900928457E-6 0.1690036150061567 0.0018189495980936799 0.0 0.16440211366602342 0.16689913584587235 
0.16771514284237254 0.16971653408749726 5.656578681119379E-4 1.9157615198014225E-4 5.026902688283687E-4 1.8861670464032033E-4 0.16537360596022238 5.731683723408447E-6 
0.0 0.3365393504947023 9.570222157530797E-6 0.0 0.0 0.0 0.0 0.16777005723837124 
0.005146888484163171 0.004877891090063175 0.004283767846447757 0.33166338315350335 9.515853928204427E-4 0.1633591899173241 1.5879337964475997E-5 3.426544997395731E-8 
0.15761422125690336 0.3445949059959766 0.0 0.0010181225093410103 0.0 1.6260713772826393E-4 5.145467498633962E-4 0.0 
0.0 1.414259886100426E-4 0.0 0.1668214052969924 0.0 2.5736852022674614E-5 0.33521209879452385 3.677247175116553E-6 
4.935076563232655E-4 0.16791488086289866 0.16852063683226795 0.0021928646539939 0.0 3.0327447846344884E-4 0.0 0.16652581113682485 
0.0 0.0 0.16149845651171443 0.0 0.16935245504621319 0.0 0.015445724179213537 0.16008755379908263 
0.0 0.0 0.3368432670174208 0.0 0.0 0.0 0.0 0.16791678923676193 
0.33820867343591565 0.0017042907666470159 2.607404567625986E-4 0.0 9.572524501268834E-7 0.16529395277275674 4.498546890118571E-5 2.6525965287855036E-8 
0.1732157861793076 0.16521528326460205 0.16742778154111293 0.0 0.0 0.0 0.0 4.390886964762066E-4 
0.0 0.1546136178401528 0.18421094685234832 0.0 0.16858020662685144 0.0 0.0 0.0 
1.8584624944656297E-4 0.1672560388350623 0.0 0.16732388375279345 0.0 1.272165258476668E-5 0.16804308902990706 2.2028853711360423E-4 
0.1913225724127683 0.07110174252260472 0.07945955532812853 3.6516884266922896E-4 0.011074721103263878 2.963224116751346E-4 0.17738225948648623 8.027812085349457E-4 
0.0035240546587511634 0.0035708498374850345 0.005269262925292361 0.16400448958613853 0.1612476056837692 0.0 0.1698072673686548 0.0 
0.001353389715510057 2.726213036948477E-4 7.310395074166483E-4 0.1673718865727202 0.002170281192692946 0.33073913899697743 4.447889494119314E-8 0.0 
0.030158276741285007 0.03486855662800216 0.007538296439707645 0.05230951554931652 0.05358804882253054 0.15470518159517815 1.0367753477330858E-5 0.1705719462864346 
0.16923647550289453 0.0 0.0 9.592286510455568E-5 1.4470304772884273E-4 0.0 1.8001023507164407E-4 0.3312239563426972 
0.0 0.34439110821082813 0.0 0.0 0.16950998564070346 0.0 0.0 3.43570230039063E-6 
0.33511277104041165 1.6981123824622835E-4 0.0 0.002561665756459249 0.16628760809401869 0.0 0.0 1.4696866558200345E-6 
0.0 0.0 0.0 0.0 0.33617462182985075 5.7094348944142115E-5 0.16645959801359855 0.0 
0.0 0.0 0.0 0.0 0.0 0.0 0.50097122538536 0.0 
0.18256457155024994 0.05803648258105172 0.027638976517236704 0.0020815426586420892 0.028541833949297307 0.0 0.03334973534188805 0.17090504299962864 
0.0022760215777584626 0.0010087985297529743 0.3394048843529072 0.1657988422950633 0.0 0.0 2.102540030294433E-8 9.091953512528942E-4 
0.17185722449081223 0.011093425985836418 0.15469456948573723 6.564428060060079E-5 5.056222583344723E-4 2.839158566954423E-7 0.16976894417396352 2.185112635217599E-6 
0.1695389364821294 8.591023447300154E-5 0.0 0.0012959878748411457 0.3316666429965907 0.0 0.0 3.661660492577488E-5 
0.1606214318118123 7.21262362443824E-4 0.0 0.0 0.17523650637062285 0.0 4.8977768613881365E-5 0.16780956724926469 
9.0190185384213E-6 0.0012883109385572545 0.2154548996157693 0.19261151748095015 0.0 0.077333135899887 0.009279438849365988 0.009017992847973073 
0.17169574989243178 5.680920212534599E-4 4.898693821056778E-6 0.33119669711328414 0.0 2.673685114578861E-6 2.0817811236104115E-8 0.0 
0.0 0.0 0.336423124663267 0.0011255931798733532 0.16794541639053948 0.0 0.0 3.2562902607030516E-8 
0.0 0.17567115037103032 0.0 0.0 0.3292234560246152 0.0 0.0 7.045260074292368E-6 
0.005947455530520195 0.16614300507171484 0.0 0.16260895181492901 0.0 0.0012237293915959987 1.9014290216448136E-7 0.1708478162329745 
9.81665129173052E-4 0.18170021692693944 0.001115458209123061 0.0 0.0 0.1580859281001374 0.0 0.17042923620235115 
0.08846798387110014 0.05141434988999999 0.1376952492797908 0.0 0.0034290348771362053 0.04083877623972216 0.15601844349532168 0.028806239094568167 
0.003127060107088234 0.0029636271858992386 0.1754813267005564 0.011135341061668785 0.0729764711502309 0.020289286708146215 0.005453358244229319 0.2173660009093126 
0.0015984775105184433 2.692432432271317E-4 0.0018385186167343872 3.6284608057993563E-4 1.7245686022223273E-5 2.2980119099730427E-5 0.16824770340848372 0.33084921365413167 
0.16561484070631313 0.16781400525462345 0.004579434370691043 0.0 0.16698165533401707 0.0 0.0 0.0 
0.1969320409810018 0.014644468426587402 0.3326324299599899 6.041932946927222E-17 0.0 0.004672404315273239 0.0027653592169903144 0.0013859578761884876 
8.61122073331036E-6 0.18480914292214976 0.021230886062269375 0.06447959374557767 0.20340255524855172 0.019926254536482984 9.679501524151656E-4 0.009860548641612028 
0.3405084030359544 0.0 0.0 0.0 0.0 8.924904533373627E-6 0.0 0.16972426638461222 
0.17125278213633632 0.005446813094223732 0.16381399711512729 0.1647460039266192 0.0 8.682550327289408E-6 7.195906127771553E-9 1.6303678700924884E-4 
0.1535508529849551 0.0 0.1837541015393899 0.0 0.16782413335816 0.0 0.0 0.0 
0.20398587920745934 0.19456416507183968 0.033084903125416 0.03467917540160916 0.013909693426993747 6.170297317968236E-4 0.0 0.045720799035429784 
0.3383163772178827 0.0 0.0 0.16467411626589296 3.910216111214847E-5 0.0 0.0 0.0 
3.477409460683393E-4 8.679560547615199E-4 0.001461666554194141 0.3370236373984544 0.16473438036465343 0.0 0.0 1.627680305683697E-4 
0.0 0.0 0.0 0.0 0.0 0.0 0.0 0.5017270942679559 
0.0 0.0 0.0 0.3352186766306995 0.0 0.0 0.0 0.16710692890029558 
3.7760897306660893E-4 0.16797214182630246 0.003507598518213282 0.011909792816358416 0.16038006179889733 0.16045080257470007 5.602163250046236E-17 4.051477909546771E-6 
0.003886797012688863 4.53437315255948E-4 0.004463913549405666 0.16957766888616496 0.005816409894836803 0.15855836627196404 0.1667510935064233 2.592170457269598E-4 
0.028301963976941045 0.07064126693495804 0.0422802145489328 0.0020776580872781153 0.3169514095804238 0.0 0.029399056959888422 0.018894522952950563 
0.01853123109550311 0.01909213454048631 1.275231459979506E-4 0.0 0.1465052356772416 0.1508054047538883 0.1651681931548301 0.009527097038811343 
0.002810343745843856 0.006320418355115861 0.0039722275450347145 0.16708773450637462 0.1656498198764401 0.1629343197169476 5.172838025886967E-4 0.0 
0.016572037452132787 0.008468038187397085 0.06223678416633849 0.04248165541728294 0.03993148286752742 0.0 0.010798929347278658 0.3238402956827452 
0.0 0.0 0.17238193370022056 0.007469096495032885 0.16533753830326803 0.16262715738062342 5.200968348113584E-4 0.0 
0.33653892013000986 0.0 0.0 0.0 4.88287438302025E-4 1.6056922498257277E-4 0.16454769439099282 5.703058454757858E-6 
0.17302942675937025 8.719245765886532E-4 1.3339625890805966E-4 0.16267252935847937 2.8340666754215273E-4 0.16374682885034114 2.949415980844055E-7 2.6275363696877367E-8 
0.038318921122629995 0.03631621794411209 0.08931577165397027 0.1698178934258354 0.1539845772944267 0.016963025705841146 0.0025930884517131546 0.0 
0.0 0.0 0.16971792349282108 0.0010061956641513041 0.0 1.3002860789574398E-6 0.1671486143923682 0.16899373697351866 
0.17057092721432307 0.07560196365180129 0.022027923932701195 0.01773183979837643 0.04580913119759271 0.16079703967759879 7.921811707529143E-4 0.019203504394452044 
0.0014447144916509235 0.20636851723467708 0.022183317767038153 0.2043807553933719 0.004673580212893118 0.04267193999977412 0.011556772246100152 0.01168996721888895 
0.16767297564392186 0.1698994697320918 0.0 0.16667153911633772 4.6107604954830967E-4 0.0 5.157952109579166E-4 6.713541117616651E-6 
0.1687805582432027 0.005368182304668134 0.0 1.9334394146571882E-17 0.0 0.0 0.16754902829898113 0.1657230780251674 
0.0 0.0 0.33836009697073793 0.0 0.0 1.8843209055890563E-4 0.16573291784474534 6.0856225779088386E-5 
2.0087850566139444E-4 0.002530144449887718 0.1668285416797433 9.610599131993954E-5 0.0 5.2973785187577435E-5 0.0 0.3367629587009344 
0.0 0.16505620343697983 0.0 0.0 0.17926979956003633 0.0 5.01050548436424E-5 0.15946040174425813 
0.04205685918495839 0.23142763692437252 0.20316185036383302 0.033031809554325504 0.022509411273923356 0.010171103305472745 4.907316560624716E-5 4.493617163410177E-6 
1.977028249610859E-4 3.3300530934854536E-5 3.128720477648625E-7 2.2848439658269954E-6 0.16987320114335205 0.33880547588362936 1.5234456477727018E-8 2.685426116411354E-4 
0.17328190056416484 0.0 0.0013951936864833047 0.002614561193146719 1.648117185413142E-5 0.341146056532914 0.0 8.794882788439276E-8 
0.04229985025323903 0.04358018244525798 0.06541767943325785 0.020886830484497975 0.1574222183447182 0.0 0.1680115078050287 0.009477360746132979 
0.33129920773260024 0.004189460245790656 0.16597212396633823 0.0 0.0014457347234475525 0.0 0.0 4.3352872573104744E-4 
0.0 0.0 0.5021288403329489 0.0 0.0 0.0 0.0 0.0 
5.883924187644874E-4 0.002124441988080127 0.17684556007634933 0.1595692457488035 0.0 0.16478519544463405 2.956639734677168E-7 0.0 
0.024094135055354255 0.018393273119307652 0.0354969770823022 0.010198696351785412 0.0231038774348023 0.2170305744331859 0.16682824596398205 0.023366495588683374 
0.0013456509323572547 0.1807110285127954 0.15393866911867274 6.865705482450396E-5 6.151501430843814E-4 0.0 0.16899713378656303 6.728852240072956E-6 
