0.19175235705463453 0.0116795847403244 0.20228755338514054 0.03364190176289776 0.03785040963809438 0.019539340404550534 1.1100387026031255E-4 0.008470176912501197 
8.050204899000821E-5 7.128236137940762E-4 7.932754770068786E-4 6.695487007078335E-5 2.9027342655351726E-6 0.0 0.16737185888816908 0.3319614072885671 
0.016506643875675835 0.010226274862913243 0.07578373472640429 0.0970466694418587 0.03790182327160538 0.26578867785905236 3.731638540715344E-6 0.0 
0.005444445658028169 0.34733159217862225 0.16543425396993278 0.0 0.0 0.0 0.0 3.7109639085293916E-4 
0.0 0.16565994215669275 0.16057751965735798 1.458857823202541E-5 0.16377484681021545 0.01669177472438121 0.0 3.023152424562344E-8 
0.0 0.0 0.33365913202224606 0.17155191596003264 0.0 0.0 0.0 0.0 
0.16102690316682508 0.001554025026543644 6.945286908624036E-5 1.9763767445358775E-4 0.16766511167818085 0.17262415164491682 0.0 0.0 
0.17285363341647797 0.0015564454940001843 0.012668542278786565 0.006229586633693344 0.31203947402247756 0.0 0.0 0.0 
0.0 0.0 0.0 0.0 0.0 0.33421849414256916 0.16836705755643894 0.0 
4.172935964409123E-4 0.16925190570492976 0.0011611500851028348 1.896597871936229E-17 0.0 0.0 0.3295182412922935 0.0 
0.014698432815486691 0.0018212225667158606 0.18643066475362507 0.0057907226832745766 1.5830363532429504E-4 0.21505706850437697 0.028894965270431467 0.048753531061340914 
0.0 0.3351867033751948 0.0 1.4988767437477417E-5 0.16790364175530015 0.0 0.0 3.001594759080163E-8 
0.0 0.0 0.33386963855898427 7.958219876596228E-5 0.0 0.0014419660957791485 8.635594332279213E-4 0.16576715447739138 
0.004293515935457497 0.16871092343228147 1.920735119484307E-17 4.917610549502203E-4 0.1678116444269034 0.15952330383290814 0.0 0.0 
0.0 0.0 0.0 0.16486497755292717 0.1607885801534638 0.17575704904421602 0.0 0.0 
0.02033709249147971 0.16424496621536006 1.1659420221977243E-6 0.17451430426966605 0.001344147562996861 0.07170413725383348 0.048293413381683664 0.020719282049423582 
0.0 0.19238274638862052 0.0 0.0 0.310691482022319 1.385749302244738E-6 0.0 0.0 
0.0 0.0 0.0 0.0 0.0 0.5009530506971167 0.0 0.0 
0.08946357945335194 0.028707619028311804 7.838912183821601E-4 0.061161141994099 0.30737239191772797 0.0 0.0 0.012697047223811132 
0.18143591171323106 0.3040113429321009 0.0 1.0305925008945888E-5 0.0 0.01811520267859709 0.0 0.0 
0.1671511266318429 1.6668508165139227E-4 0.0011099063474547008 2.8503627562259918E-5 0.1588660079196825 0.007228266500269979 0.0029231579330095177 0.16371148674297 
9.25986219873532E-4 0.017015235449634205 0.05086061858658652 0.19505056495344114 0.007531782198427441 0.20164743092424015 0.0 0.02951524402747287 
0.1733925077555856 0.0 0.16420967938895095 0.0 0.0017043604951271815 3.767059415956273E-17 0.1646602067717248 0.0 
0.15474071823374824 0.04269481949090636 0.06925360715441853 2.671309044982329E-4 0.018009949802536934 0.050790720514027325 0.1653500392708332 0.0 
0.0 0.33581649906238553 2.121238492772587E-6 4.593444672579696E-5 0.0 0.16681501267023485 5.627115178795663E-4 2.263276567651701E-5 
0.03498202552050027 0.03925411413997144 0.07689120403052904 2.0671727229913E-5 0.0 0.3476989804733389 0.033999170935877024 1.0047547859543108E-4 
0.0 0.0 0.1702270534906839 0.1654909590630399 0.0 0.0 0.0 0.16550255501933323 
0.0424667069912 0.006317523178183991 0.13829582897926282 0.011822442002382421 0.03777631749710532 0.26490856152193043 0.0 0.0 
0.0 0.0 0.0 0.17407083597831524 0.0 0.16732866581031092 0.0 0.1705501073791456 
0.049720186805145394 0.022163684413249635 0.22112492634506709 0.018727260403226278 0.14801016782654472 0.0 0.02745429302876161 0.013732485585427093 
0.0023540739746568265 0.0011233898674200158 2.0388169571024237E-7 1.1735944318597604E-4 0.16646632525685393 0.0 0.3302394928197047 0.0 
0.0 0.16781565088915615 0.1668716187761596 2.1582043746075075E-7 0.0 0.001445153863982573 4.2232081733038464E-4 0.16591515417471317 
0.0 0.0 0.0027588184277580995 7.994221564802763E-5 0.0023454860747783935 0.1725798750299418 0.15638862122004418 0.16691297938242006 
0.05145362111289958 3.528077134705288E-4 0.14761792312041666 0.0 0.30721357728005366 0.0 0.0020492907316625696 0.0 
0.007074368459027816 7.054643949976495E-6 0.16553938098217286 0.0043466512910433144 0.16691095169974302 1.4594837718466254E-4 0.15970192037171188 0.0 
0.16651856909925283 0.0 0.0 5.175262099841203E-6 2.8302743809088053E-5 0.1675744748117216 0.0 0.16691680536319806 
0.04144534761689185 0.01866511161082978 0.18490825054364504 0.22596109723864674 0.0018192577806523654 0.007796924695970334 1.3613230371588235E-4 0.022141693722541794 
0.0 0.0 0.0 0.1631927866862989 0.1713991651797895 8.294864281594605E-6 0.0 0.16715346012509735 
0.0 0.0 0.0 0.0 0.33309848340580317 0.0 0.16743151083851063 0.0 
4.736169107731431E-5 4.58306972459975E-5 8.356345499545928E-5 1.068844919537162E-5 5.168398845373697E-7 0.1711614403742343 0.32866731278855177 3.344796024671086E-4 
0.0 0.0 0.17400930535633846 5.408068108569845E-6 0.0030087855745080535 0.1734666944379275 0.17360205502316772 0.0 
0.3404899817652613 0.04167391869114979 0.05322302554100874 0.029512603045257272 0.01306217521791301 0.0 0.00881109393728725 0.016027857352794772 
0.0 0.0 0.0019258268781101341 1.0734384276145397E-4 0.1656593323648202 0.001817172516142174 1.1668149240804215E-4 0.33229214433641135 
0.0 0.5030801679077097 0.0 0.0 0.0 0.0 0.0 0.0 
0.0 0.0 0.0 0.0 0.5009506526304826 0.0 0.0 0.0 
0.0 0.0 0.0 0.3301141354039335 0.0012984368140676994 0.0014310130497354233 0.1676744287351115 5.556866233856186E-17 
0.17624569877951723 0.15347210955893603 0.0 0.1695254717105516 0.0 0.0 0.0030890690837116434 0.0 
0.0 0.0 0.3350170065881515 0.0 0.16817475588833664 0.0 0.0 3.002110403719463E-8 
0.1576723065260182 0.06645491542128874 0.0381480436006659 0.03155624921945173 0.012350364140832692 0.17779433384919296 0.032269948212162856 0.00485587351773943 
6.54407990218639E-4 0.14673467566130544 0.3370005451672396 0.016360219428897916 0.0 0.0 0.0 6.75119505077042E-11 
0.15181433896375057 0.19082867124518957 0.0019284522386725203 0.007259601487936364 7.47322351780372E-4 0.0 0.15002007250747088 0.0 
0.0 0.3338790968921572 5.13977908710731E-4 0.0024748452632552638 0.0 0.0 0.16620908993156575 0.0 
4.97311065580055E-5 4.182174071465672E-5 8.177567255793469E-5 1.048119849128379E-5 5.068182782207652E-7 0.16784259323543632 7.591643853868483E-4 0.33148565573431993 
0.32544609970467847 0.0038296125204248573 0.0 0.16929816657184912 0.0 0.0 0.0 0.007550230878645767 
0.0 0.0 0.3354283106276625 0.0 1.2858643375932244E-4 0.0 0.16556223718252136 0.0 
0.0 0.0 0.0 0.3340309137269566 5.6772632706448775E-5 0.0 0.0 0.16689740460713556 
0.0 0.0 0.5008788045910091 0.0 0.0 0.0 0.0 0.0 
0.0015303075109717376 2.0783875830802845E-5 0.33463535666837585 4.5984759493948505E-5 0.0 0.16699772794504322 0.0 2.2632220674935505E-5 
1.563576204470482E-4 2.4694338278170055E-4 0.16757712356899104 1.5338822202602809E-4 0.0 7.801489205196091E-4 2.012877654756368E-6 0.33174077234325866 
0.33231221164625613 0.0 0.0018576141722577485 0.0016280083618880393 0.0016316253566469715 0.0 0.16389757959100285 0.0 
0.0 0.15909647735784424 0.025762644277596235 0.14649872520454912 0.0013033287000594224 0.0014364044192777294 0.1683061454118205 0.0 
0.06100357175123013 0.017393322475648804 0.07412216881709198 0.1486360514998096 0.0 0.03308441326883904 0.16491225322469727 0.0015288036369006724 
0.0 0.0 0.16746961466506158 6.268989287338847E-4 0.16911917769702575 0.0 0.0010668283674005559 0.16623684226371785 
4.2061327404612785E-7 0.08368519935591148 0.08649579603119656 0.16040978498107564 0.0 0.006913333596500616 0.0 0.16638327618576693 
2.2923028481147074E-4 1.102485227485484E-5 8.07795816177551E-4 8.23636246754195E-4 0.17032782616174028 0.16744134094168148 0.0010745007052076385 0.1663856013878411 
0.0 0.0 0.0 0.1692178003967976 0.0 1.8786949817694867E-17 0.0 0.3323335399941508 
0.1737342941012726 0.0 9.648618105240289E-4 0.16742771743919416 0.0 3.798371321372849E-17 0.16290125337803227 0.0 
0.05838510836502195 0.04035163540301104 0.024444795952430567 0.0 0.005203644955160396 0.022882627650310846 0.3297357817301956 0.021201590290107444 
0.0 0.0 0.16415772322222388 0.0 6.198256735019574E-5 0.0 0.33670415968947814 0.0 
0.05156985258125544 0.005800620005453428 0.05704774006341512 0.35340813004992483 0.040828576314673716 0.002196331364409978 0.0013153309733026346 0.0 
0.03846436354500369 0.012177757684685889 0.08011681977792758 0.02093877350829937 0.009925701266242903 0.029593744678743254 0.15960392564629958 0.15038068330669216 
0.0 0.1649075501953517 0.0 0.006051597646738216 0.17041357111261987 0.0010792757251452479 0.1589720039253106 0.0 
0.0 0.16099841258483283 0.0052728423497748235 0.001230574610241163 0.0 0.168530087764443 0.16579660999867588 0.0 
0.15533896219599108 0.16572708512309497 0.001846735323490921 9.707673806638481E-4 0.1596854423354453 0.005594829026991358 0.011908497641762238 0.0 
0.0 0.0 0.1734732876149038 2.1078866781666593E-4 0.16799336458528816 0.15969604869896062 0.0 0.0 
0.16926867140982543 0.001160643150678524 0.0 0.0 0.0 4.178673811287027E-4 6.910567217459489E-4 0.33689074060580304 
0.048842501320921015 0.20092990332783023 0.0 0.03005193887715676 0.0 0.05123669820444889 0.16957612955635348 0.0 
1.3713034796514106E-4 0.17344348427426154 0.001343682941024076 0.1648803354652059 0.16133693705767493 0.0 0.0 5.6597782567438464E-5 
0.05891657911430832 0.11148572474539832 0.0 2.895324248472631E-4 0.1603616682374426 0.0070686962833748325 0.0 0.16402610257643904 
0.07163036386660013 0.022678061812013074 0.13341474071266468 0.03646591022316379 0.01728609993003139 0.05153897080908497 0.030987518855102637 0.13793984917522464 
0.04900343832935902 0.001885850310122951 0.0 0.157183790247144 0.0030453560366744694 9.115925608767594E-4 0.3015997659382543 5.702436227910464E-17 
0.0 0.33322924121236586 0.0 0.17133088621736806 0.0 0.0 1.539896812034818E-5 0.0 
0.0 0.0 0.0 0.0 0.0 0.0 0.0 0.500945086461801 
0.2034498921702278 0.023147451929310458 0.0 0.00630735150581652 0.22527363636241732 0.02269738231614021 0.032774329089884764 0.005153191809398696 
0.14452781221185398 0.011540870428916902 0.15128051856339414 0.005576713413901263 0.14145127235942906 0.015477439479801127 0.015161614068241354 0.04428171894090772 
0.16949485889297322 0.0 0.0 0.0 0.1684757940722202 1.1538371259085168E-5 0.16401751719133456 2.2962941106043753E-5 
0.010383933566423283 0.21290886733356773 1.4104646012049387E-6 8.785475848829006E-4 0.22292448310638632 0.0 0.05395017998155317 0.0 
0.0 0.17407774530444445 0.16205323701965899 0.16738566145913988 0.0 0.0 5.634738468242318E-4 0.0 
0.1602218767606852 0.16973542602653796 0.005081707789725919 4.582780897801915E-5 0.0 0.165409061152513 3.6854762325932454E-7 9.43750828116625E-5 
0.049868959588605585 0.16710918653956516 0.007587945940040971 0.0016825471122191122 0.015483059449833253 0.14808443961445938 0.001773475423109424 0.1349616895047844 
0.0012067506907380982 0.0 1.56048133440678E-4 6.548563875870011E-5 0.1647440862212718 0.16769851964931462 0.16781976015615419 3.4782783291864936E-5 
0.03214348238535345 0.15422575690726706 0.0 0.0051837111239959035 0.032328644702342466 0.27661547872930964 0.0032279594611854608 0.0 
0.07203527989234194 0.010420839676393666 0.05560635150390661 0.02302199234729319 0.15637660070322443 0.02568263698249519 0.007586494180273649 0.17512722731164632 
2.0440428852738183E-4 0.011103500205897189 0.010709040405643017 0.1991009272710949 0.20870741184099326 0.01954350360879072 0.05422428207958697 5.905296166539016E-7 
0.0 0.16705324585687878 0.00110815134408375 1.535534738393207E-4 0.0 7.809894089355468E-4 2.015046215536271E-6 0.3320981711281766 
0.1863321876723776 0.0012776444428353947 2.0828875526036965E-17 0.3171176411986972 0.0 5.603600620339825E-17 0.0020415631625846043 0.0 
0.030128792071815354 0.02533702982465471 0.05297186350484116 0.006557241161104625 3.1707534953307804E-4 0.05597594956579561 0.0 0.3290334323650828 
0.16694696136472398 4.7713892360657387E-4 0.1664822708086348 7.959095444722579E-5 0.0 0.001442124741754294 8.636544425549655E-4 0.1657853922791998 
0.17109352899339514 0.20600830801462927 0.05251804442719363 0.02912168525065731 0.012889156364881492 0.0 0.015210171366579824 0.016030099541544433 
0.19170113330423535 0.02487941434000377 0.008488444418838932 0.03479901204536941 0.0010221379430475723 0.009090444873732268 0.038942940514373255 0.20465168168095266 
1.9819208202898193E-7 3.309649456227723E-6 0.15962338637264084 0.0 0.0 0.0027486384198583515 0.1743114440554369 0.16441837525787595 
0.1472524968800606 0.020346889246591802 0.17237622677488226 0.003954779984814031 0.0 0.16074905218178712 0.0020295132347998403 3.4889440822088053E-4 
3.9063494011587657E-7 1.4848911517809603E-6 2.7621620373364934E-7 0.33602944412981406 5.02143423711048E-4 0.16538042304704445 9.895209068012905E-4 1.1166704966251528E-16 
3.961133945459737E-4 1.1561222217367168E-4 1.7894817837787652E-4 1.8796243176955448E-5 0.33503997079474307 0.0 0.0 0.16772755345733473 
3.0399805028243873E-7 4.362955280914485E-9 0.0015103778733999737 0.0 0.17149113171041738 0.006062273462957444 0.15796804592798938 0.16458693168148597 
0.004359984813929571 0.0027011186187322974 0.16506437679206237 0.16294137603305625 0.16819798280127912 0.0 6.015525365536733E-6 0.0 
0.3319017961323107 0.004507725192078591 0.0 0.0 0.16737800576007164 0.0012033832091176146 0.0 0.0 
0.0 0.0 0.0 0.18468532353851475 0.31549945811750607 0.0 0.0 0.0 
0.0 0.14757598511003564 0.001344031812240946 0.33243012402619904 0.030144106591183748 0.002208591358484669 0.0 0.0 
0.1752151061698896 0.0027460643951234165 0.0 0.002200686635154855 0.0011308863351619225 4.283082751432806E-4 0.1518022786248555 0.16760790594852698 
0.009953964540394858 6.825244547429929E-5 0.11392158582974922 0.3413606810378283 0.03447724240892229 0.0 7.770148980282412E-4 7.2365940761228E-7 
0.0 0.0 0.0 0.0 0.0 0.0 0.5006562431981827 0.0 
0.3181698234535828 0.02417870592528406 0.16054427591740597 0.0 0.0 0.0 5.821825138195442E-4 2.2643231501120797E-5 
0.0 0.0 0.16800401569306556 0.16607432340290823 5.507560349398844E-11 0.1659278467780348 0.0031006737713940124 7.191802139150919E-6 
0.0014602482223232778 8.238648268671273E-4 2.9536471835425266E-4 0.0013326485022658982 0.33648726844565896 0.16286480265013492 0.0 0.0 
0.01643838140364694 0.0020368124648677283 0.05931647672554583 0.07332495783960274 0.1520359904596583 0.16929602310424113 0.04239779742370503 0.0 
0.17074119319513945 0.0 0.0 5.306497832669851E-6 8.620014912206608E-4 0.17266196939032744 0.16986147447228228 0.0 
0.5026520905703986 0.0 0.0 0.0 0.0 0.0 0.0 0.0 
0.011075533607089483 6.931247081675255E-4 0.039569072546706614 0.03674798209683716 0.08314181477637046 0.16649621297055955 0.002121528856540763 0.16596070216294298 
0.33151554388461424 0.1783214478624463 0.0 0.009208454414706337 0.0 0.008398153980806908 0.0 0.0 
0.0 0.0 0.0 0.5002893659605707 0.0 0.0 0.0 0.0 
0.17029753412686416 1.4358384409383343E-4 0.0042010929867251955 0.16910562236928034 0.16320914183809868 0.0 0.0 0.0 
0.33636500576274225 0.0 0.0 8.017700220379703E-5 0.0 1.2490000567043748E-4 2.4783939260737757E-7 0.1659227315089154 
0.22227360485426878 0.01296092865608535 0.0 0.006532909804180476 0.0 0.2620678373872016 0.0 0.0 
0.0 0.0 0.0 0.1666448642678937 0.0023129606977471883 0.16428922604098087 0.16787768002273162 0.002753442777095162 
0.016560874162277243 0.33955889041369336 0.04704590810655575 0.028743840966668457 0.012135262337621073 0.0 0.05123406756277729 0.006959991220780792 
1.069394029950764E-5 0.0 0.17431002588866587 0.0 0.0 0.167568871075609 0.0 0.17079493711941296 
0.03572001475228441 0.01613236234129145 0.18507676868883913 0.019068772440192585 0.0027815449672294935 0.006821288337883711 0.21395484770043968 0.022087505119265844 
0.0 0.0 0.0 0.0 0.0 0.3340326004076077 0.0 0.1668529668487624 
0.17244836523129511 0.0023000843265502226 0.0018849389731688882 0.16287128504576273 3.769259055727858E-17 0.1648058846467422 0.0 3.283819438530295E-7 
0.18381917634786316 0.015157856972175157 0.3050749522046729 0.0 0.0 0.0 0.0 0.0 
0.0 0.0 0.17128965230115775 0.16582168588736315 3.6505893904149554E-7 0.0 0.16865688656165972 3.6109152547316765E-6 
0.15028171989157468 0.16033164527964683 0.0017866126867036678 2.7715728986709874E-4 0.017091260475379164 0.003815376546410913 0.008120963551553315 0.159375253382123 
0.05835861067764327 0.18931372137830182 0.0 0.03285257235001098 0.017489031507833774 0.14987380975701037 0.05924950958231995 0.0 
0.0 0.3346343431503573 0.0 0.0 0.0 0.0010579718393080536 2.471930326222878E-7 0.1654900084735017 
0.16935870828812996 1.049162178454669E-5 0.004091854241680691 4.988935048793916E-5 8.921544766785013E-4 0.007929844291421014 0.32152423986049644 2.9388419992605796E-7 
0.0 0.0 0.0 0.335198082577324 0.16826385622870244 0.0 0.0 0.0 
0.06994829521878729 0.03118073442784376 0.3110871583977372 0.0263462392942662 0.001724996114530478 0.011605741158504301 0.02698533813417937 0.022056319221231555 
0.14084737082798807 0.17570894187956695 0.15928836702756985 0.0 0.004967144518652866 0.005756819338782216 0.015700954245107465 0.0 
0.020172870226706052 0.16291868615143945 0.17339506856928077 0.0 0.0013343746185253567 0.0711827952739422 0.05261949870762021 0.020770345753121172 
0.1419890141197332 0.026851850952501744 0.16233387392086845 0.17027455729292815 0.003101002776313063 0.0 0.0 5.601633591005236E-17 
7.341820203157505E-4 0.16462201293019177 0.15898350018312252 0.010954546229298817 0.0 0.0 0.16543264406304728 6.750885462083261E-11 
0.0 0.0 0.0 0.0 0.0 0.0 0.33479868477071284 0.1658672249079748 
0.04356157358879171 0.0034784894946796943 0.04701275952842622 0.0 0.04290407413169008 0.14816192238406087 0.17557386166999275 0.04206099116827474 
0.05002950314812849 0.17386954733453605 0.0599663358096393 0.017939311562965316 0.0 0.0 0.034822349269433915 0.16595069166518536 
0.013516216393228647 0.04903914481643561 0.029335324408661774 0.07489650177020112 0.15730919631049495 0.01327006054260924 0.16743643945085823 0.0 
0.004054756909386917 4.671917949596223E-4 0.0046508312073159095 0.16727631979518606 0.006643968051167701 0.006401987670066293 0.15834180938992512 0.15807285210297445 
0.0 0.005152528632313662 1.2700134896323587E-4 0.17141628497263273 0.16665474774796435 1.4572435023730163E-4 0.15945678209474917 0.0 
0.005023659278610756 0.17391778564446927 0.0 0.00221280881142361 0.001137115665260887 4.306675517098363E-4 0.152638460364724 0.16790744819235762 
0.14169441788195788 0.049595905758663655 1.208315847894153E-6 0.16994789295992588 0.0 0.07186283661353672 0.04840029889868564 0.020881384638423844 
0.1543517165069389 1.5392135839837264E-4 0.0010249165132396045 0.17141997247948026 2.462362679391613E-4 0.007617960248300152 0.002925466636888964 0.1638407857248298 
1.28991120864758E-4 0.18757915773463762 0.0 0.1492717576329052 0.0 0.0 0.0 0.16612464457826073 
0.005815971732498581 0.16996386512851083 0.0018960641197958517 0.16383257183183297 0.0 0.16557305831373542 0.0016834612082840732 3.5273255456507286E-5 
0.33167961683000774 0.004504707663249822 2.123561920789867E-6 4.5984759493948505E-5 0.0 0.16699772794504322 0.0 2.2632220674935505E-5 
0.0574026198604638 3.669452068504128E-4 2.4678552917456334E-5 0.057130419568947155 0.1427779619754676 0.2471183841468933 0.0 0.0 
0.0 0.162658335247981 0.170061525165228 1.854993048152871E-4 0.0083890810739124 0.15944252899569636 0.002063035731297081 3.4620289912874486E-4 
