0.1543477435393654 0.02030966298369366 5.235845660595215E-4 0.010995510667926079 0.0051584568644789585 0.30821281756755925 4.0260777566894225E-4 0.008149266367528414 0.0077613541523593186 0.00468063846469479 
4.991702814945629E-4 0.003004851581410815 0.0028806158319378806 0.1647051913646196 0.007966374453772091 0.003897106238063611 0.001522426937907616 0.01430663281332098 0.30817018321560197 0.004925376409028418 
0.002268389224628391 2.007577472693578E-4 8.112909773135172E-4 2.8998856780925245E-4 1.1160511375611939E-4 4.052727665530688E-4 0.1692024487543194 0.0036901624202931643 0.005369802261272857 0.3421232016267574 
2.9208448955352596E-7 4.260237050929051E-7 8.940200727413818E-9 1.870571743697148E-7 3.6842149836586185E-7 1.1075639702636023E-7 1.3377609312674622E-8 8.603195651012318E-7 2.3010178545153156E-9 0.5190452568303575 
0.1809051653742764 0.00450626240439651 7.865648541513389E-4 0.0048914532563125905 0.003241141380909446 0.006738156979843124 0.0037454558360266806 0.32570909810515236 2.261462611119795E-4 0.002138747161797443 
0.035393086064105746 0.007855151976918745 3.7014094287266436E-4 0.12971255564217207 0.018679133653236053 0.009677233639062425 0.1473520600691915 0.004062422735595439 0.006134961910676858 0.1504744614730791 
0.0022204601986997364 0.005383615620760755 0.16659036723387366 0.12253060346184846 0.033211441564489436 0.00522213210958792 0.146132713865329 0.02445917994792407 0.008681973307001505 0.008405197600645219 
0.007924551619950556 0.15776849637415263 0.0012392286714530336 0.005303090588809054 0.006493390393033925 0.005215961368905445 0.012303068847636097 0.014703601712927249 0.0038491669796189743 0.2963823305837283 
5.805698903207283E-5 5.953410274807931E-4 7.887772121155182E-6 0.008712637928100217 0.3278919548465231 3.873113507696999E-4 0.00419736513806581 0.008006499249061006 2.652430031056637E-4 0.16053536227424625 
0.0027680368451814276 6.314158060352797E-4 1.7004903271371428E-4 0.160937280129411 0.007755342332958597 0.3182012179442456 0.011086511107324165 0.0020607970960023984 0.009662940333098372 0.0030987113557105657 
0.005391993452972497 0.003474456257051031 1.89496601540651E-6 0.004070665221039728 0.17959454254761456 0.14762093530233844 2.7227473626240594E-4 0.17128628143922742 2.691667575586175E-4 1.6583582172304245E-4 
0.018463823399627096 0.014349045625643927 0.017902258191679968 0.01695444288539356 0.03948788811854039 0.1173121042984383 8.204104925824516E-4 0.2832535723555876 0.001758535510914254 6.638906383889322E-4 
1.139848978381387E-5 0.16747672206255532 0.15041440452965843 0.010152849983640575 0.020164591156175294 7.781776116513721E-4 0.0014964666293140372 0.009701294931677389 0.007259622871624928 0.148767785215064 
0.0046479995079052715 5.895369648191987E-4 0.003227935145342705 0.0010421791860979075 0.0010073084572932798 1.3312852469801796E-4 0.20067230201543895 0.13208939197619646 5.789523968365087E-4 0.1649833141959308 
0.010873044385741711 0.007032017278541594 0.005060370567067277 0.29312945774553456 0.02570725413529281 2.973264224990706E-4 0.0067217956360471265 0.007631052157977742 0.14343619092392937 0.0032320504585359893 
0.0044262631856200755 0.1569346759073907 0.003965619990559935 0.002314338221461108 0.017696071934441105 0.003789789135041078 0.15970780071757962 0.1559456238930676 0.0032292966211837837 4.117094909956436E-4 
0.008150155804493017 0.16260339217935144 0.007215583332351373 0.004007325134457592 0.006958397389413394 0.15489339312457667 0.1455517468500904 0.012850659181766961 0.0032005104956417526 6.743812966278182E-4 
0.0018345952651039371 0.3407498185613075 0.00864649000492704 0.00677535155157331 0.008911375058257362 0.1407077662837776 8.494561140867149E-4 0.015044373010586 0.002194004756054532 3.479163933542348E-6 
0.00450881853207037 0.0035333412066823875 0.17244330510829084 8.805937526125137E-4 0.006226652029514417 0.004391552345542093 0.16498767043546986 0.15589200387057683 0.002524038224127038 2.824719239418966E-4 
4.7775169655523157E-4 0.0010936646402329537 6.520753460208538E-5 6.473852107378181E-4 7.4299042986584E-5 4.2494328414111564E-4 0.3373257439339324 1.4253928437221927E-5 6.644159916742249E-5 0.16710327845951528 
1.4884923574029441E-5 3.4074425486846886E-5 2.0316184662480036E-6 2.0459076848702852E-5 2.779689303514501E-6 1.1444853009620621E-5 0.5163423592538421 2.1643438833219863E-5 1.0088620087401603E-4 5.223562623042227E-5 
0.007107613922759689 0.3034166692308514 0.005866739581202302 0.003914732418878817 0.18978047782155386 0.006210240120914368 4.361120945869858E-4 0.007160462437341157 5.287637458861935E-5 0.0010853458321636693 
0.20042611071812963 0.004050281922089517 0.20234003575850215 0.0016178999336138341 0.013288473949220581 9.741490454132546E-4 0.009413982299070213 0.0025315817646682655 0.16821847784395805 0.0022097914039956854 
0.028823406758358816 0.02316920766969815 0.0034991977324617825 0.0014922461763961785 0.032137683391283874 0.12174602740527876 0.1417596258803536 0.010266655382296895 2.0964902473035384E-4 0.15110237227853796 
0.015299604797941242 0.012606065690452146 0.12193593444342606 0.014987931373470657 0.13816343457237543 0.0030219322627631218 0.02288639749333266 0.0043171889457243266 0.17627913058492317 0.009042206173029354 
0.14532326629748296 7.102949366721592E-4 0.018859392522934008 0.12177340026923468 0.04869146321596034 0.011693313484277842 0.0046322698726567624 0.013720840990998127 2.780867615233672E-4 0.1391604642047407 
0.01003926835100047 0.00266287944383215 0.0017062352919062908 0.001778851846908492 0.1735811817288744 0.006460197450469985 0.004208658821246083 0.012906388046861821 0.14449985578153796 0.147078807609421 
0.14271868474060187 0.015541093862173016 0.1472585301540484 0.004263595865206535 0.009196106140616998 0.0038524322060529553 0.1340425096071501 0.03091967328965119 0.02209759035761705 0.019106474356778435 
0.17482645138102385 0.02087880743257942 0.001037704772214768 0.00923645310639381 0.0045568197255388895 0.0014886411331927751 0.0025766350637768925 0.12829895850617293 0.18480829235010238 0.010009003054040453 
0.11174540218764684 0.09217714995286302 0.13233124051295342 0.0064823217451393635 0.004013437481078421 0.002092059712794602 0.004278810684737272 0.010486313191006208 0.001553295010729101 0.1452881821368064 
2.6209088780095346E-6 2.765504150216467E-7 1.4943367356347743E-6 2.4465019911238946E-6 1.2168538469586018E-6 1.6823450901278533E-6 4.56190593245562E-6 2.9666520729682346E-6 0.5161946699058121 5.3992897047362E-6 
0.16742767531195923 0.026282743311778416 0.006163467367720018 0.008906016650384303 0.02707370777640958 0.031209584369837996 0.03738254277286042 0.048121771452782076 0.17096347627654507 0.006816908010842104 
0.01683565477534443 0.25887415888186205 0.14915693817533185 0.005184386289778782 0.05157192368111406 3.746856917878607E-5 8.961564563682408E-4 0.013995833972799084 0.004384277470995474 0.010091041728847833 
0.007150948917768018 0.15137270938361186 0.006410718409487649 0.3255305217247591 0.003104540788348555 0.0022871673219011 0.0011083646095586554 0.003083556570096967 0.006578357250129339 0.015052245443266688 
0.025103326288883284 0.00511428338449669 0.015178535176665708 0.019431276575512316 0.03540864109711689 0.25381189780033364 9.80254439876217E-4 8.231849238903814E-4 3.295104326348717E-5 0.15642441093210002 
0.003256079027055311 1.6882500812088978E-4 6.47596963194324E-5 0.3240511679503536 0.1948300238050601 0.003248603966994922 0.0010356098801458495 0.0029160751397060624 5.406856405558629E-5 0.0011066024346062656 
0.004566056805774842 0.015876030358811754 0.021171528331241456 0.004806034770269718 0.013795297260776272 0.010313486220079904 0.16962888100474896 0.132566633967421 0.13637818180319822 0.0036598665635417665 
0.007257700318917153 0.003083323069669086 0.008943458302335753 0.16265512828669018 0.01800144292674412 0.014968894412937138 0.012482273079646259 0.1308947055020494 0.011876903074666495 0.1493295095922013 
0.02940774152038112 0.025683827571107563 0.007676335944785685 0.03242160908334488 0.0013608564404967338 0.2633920987832933 2.1425240586609324E-4 0.02222821705298784 0.14273732234591163 6.952715819909377E-4 
8.663593360446906E-4 0.02302159788558833 0.14460054629675972 0.007348165713417096 0.020966755552663453 0.009736001561321735 0.1508918350983959 0.004961002487870631 0.1450569759911284 0.01590574177273229 
0.13827461356769882 0.03068870858440155 0.0052129590317526306 0.0033674852512525456 0.0191331325230244 0.009912440111502382 0.150933471818489 0.0040129273272514485 0.006574323551948163 0.15215443813803273 
0.0015087881017323969 0.013070839105670137 1.3259665111243251E-4 0.18761921892934097 0.00838195070575725 0.01643078380393783 0.01200046641588833 0.15275875691212085 0.12817302307761033 0.0039022885419612483 
0.15441468475267364 0.0036152382476408295 0.0022500892147942833 3.3071299459299974E-4 0.006630033440645977 0.19454581214491112 0.0019808686189644966 0.006995047423933211 8.755878193077644E-4 0.16516854642190176 
0.007947724570592835 0.021179165157554868 0.027499387580652634 0.0018106395812496723 0.02659912936280265 0.1396542542511066 0.1352002621942096 0.011542836020019463 0.1441575355656356 0.007469968520903979 
0.0031048563043018515 0.008037463794121784 0.1718090309988632 0.005890245894979406 0.15793975336236407 0.007547949747644795 3.322840186824158E-4 0.15659990292874404 0.0013607906643693074 0.0019734868758599605 
0.02796109212984547 0.004409976056856604 0.15502659321703074 0.019308968066480168 0.12656426193342526 0.002685706291626768 0.0036680456827186624 0.002045591700849793 0.0021589261837533322 0.1701954685341959 
0.14244157847277142 0.16221071676694346 5.789748227165688E-4 0.13654756652710917 0.029486320394465207 0.004693960881944594 0.0069276103999908285 0.013033028964222367 0.007081736466246236 0.00417687270341946 
0.0013622092949763494 0.0011054069070218116 0.002309766368039033 3.117413872814277E-4 0.003095252777225337 0.0011454181010691377 4.081331275057956E-5 0.3331162067423592 0.00400621870282852 0.16378434772833675 
0.1560145246478791 0.02411631775372017 0.010365097227207652 0.006355805339247316 0.00795213832622733 0.0027273641092341963 0.011832188138483038 0.14194633515452879 6.668409974041931E-4 0.15695748114259933 
0.015784317742436983 0.029422786519685155 0.022481096534862285 0.0031790356634627155 0.3502982365955648 0.02111989550095697 0.005049652320508507 0.025698850241105162 0.021114869366149838 0.020191863114195532 
0.010625950802142322 0.002066097285277141 0.14788155336263803 0.007642350384761745 0.017647909020366313 0.015944228835879527 0.0016436702243664218 3.109038973573225E-4 0.1509527692644445 0.17756030286452246 
0.00922845564633861 0.16148568509781908 0.0030520038674907227 8.534561802164808E-4 1.7825848302415392E-4 0.0019212392679704695 0.30430694720600415 0.0026103993794365597 0.0072666499669454005 0.021080131124246157 
0.16179681496248155 0.002965040722100314 0.003112848020774304 0.002077127660653823 0.18622755018248993 0.0025213668618276975 0.02063845365627995 0.005256576003245918 0.1450860803297687 0.001108165426532707 
0.15384549292821081 0.009160773578396052 0.0028956939596137725 0.006991218771262646 0.006345161498142596 0.002621890039486095 0.18611041860293023 0.00511405187760025 0.1538744654046957 4.0675030367908686E-4 
0.010588980480212989 0.030967975729916632 0.0056480213089507144 0.003345191338487073 0.040645995937632795 0.11493941725328416 0.002073730261090564 0.002605179056096505 0.010465384088647486 0.3081776333565739 
0.026186642319322394 0.006630244932632455 0.02749441268737167 0.0434198386081288 0.05704629218947382 0.01441244186003676 0.019597525804542364 0.026675466287777245 0.1558039811347452 0.15506207388178447 
5.356029780925599E-4 6.579817094264611E-4 0.14106933689907425 0.18278954179144596 0.010255873522753657 0.006403268186592002 0.007256631770755686 0.0031296462549086704 0.006862823482258914 0.1570904111515433 
6.78632525644456E-4 0.03429125500137877 0.18428392855501877 0.10792445273990736 0.011252630954919346 0.12661971044405484 0.01463860217604703 0.0062415737427018855 0.02481126057701234 0.004728315359679292 
0.004791780912001936 0.30996767118951557 0.013988536505881907 0.008109367934527384 0.0038672588939988417 0.007896773184942689 0.15700286143979647 5.50406566188828E-4 0.0035688708417165346 6.503122205343774E-4 
0.0080997263623243 0.0015274653398907366 5.232277318266181E-5 0.1734258025730153 0.005474822967911934 0.0065387678005883005 0.012990781681652672 0.32353667591061874 0.005882814385783778 0.0032823590684261453 
0.03432085605175268 0.00114600622868748 0.1434439938571349 0.005641071780883708 0.008461600934948535 0.2771411541875618 0.005447788578531573 0.011006601589397782 0.025306510371197508 0.003953768766335607 
0.005758166992678503 8.225563746317215E-4 0.0057515430372401385 0.32281382747119947 0.009412985227291422 0.16807789113881022 0.001993683776267027 0.0021731631250721368 0.00992155525179887 0.003209168550630229 
0.0224106637425975 0.057331761932030524 0.03414804007521289 0.050177614099191185 0.13752516644621232 0.13774016396759456 0.03288271704071716 0.016055740450257188 0.025775121152566072 0.010281585158844884 
0.1708656461042005 0.042252086289217096 0.028609090312981558 0.13109038676964355 0.04011678184603481 0.012672179447244124 0.03141437234862266 0.018006387140555778 0.02646732204532796 0.025438386332439746 
0.0057891127962870605 0.01886952824486174 0.010569768864270971 0.01594979637280723 0.01714002259370768 0.008666512875305302 0.005733602090524626 0.12458682643475506 9.887356708841963E-5 0.31046075157329484 
0.04202088195640755 0.031071408862050322 0.012868636017964636 0.17731293294419617 0.025922616488299677 0.13519850679921 0.011102667621497498 0.026392375177433924 0.04279631688837979 0.017258142140590876 
0.003462817500569066 0.0027136412075478566 0.306385891739694 0.1374762793947304 0.015276381669558524 0.006664243213239859 3.512348197749281E-4 0.022387900586828158 0.00685807610394004 6.95372591889275E-4 
1.2178861363202573E-4 9.305880933336267E-5 2.080099992004351E-4 3.353198050417041E-5 0.1873568631467424 0.3392692162952496 5.6188826067402E-4 1.4544008055448075E-5 4.122471061311532E-5 0.0019097526619431448 
0.16287088703537456 0.0049512032324724375 0.006763580137793465 0.3396537111753617 0.013966610841118105 2.989634596887635E-4 0.0011813419067989365 3.18246995750861E-4 2.1724207929348538E-4 0.0021269580576322215 
0.030125461395361434 0.1827918043022446 0.0038918845972638386 0.12962436417998913 0.013151499626528972 0.0013202797762379512 0.00917022187388505 0.0030837933437618445 0.1404680661034327 7.652837505637982E-4 
0.024232113180885292 0.01860982588046277 0.1570121598491248 0.0027701112657036093 0.004360843968457887 1.7215709345299727E-5 0.011787051477891327 0.1644221334284932 0.18926152658528936 0.00399178921879024 
0.007178577034226043 0.005508280047777782 2.2650813432542082E-4 0.005395408619740424 0.0069026791582870286 8.427344241290289E-4 0.3193619836846147 0.003110629861170516 0.17041587541865083 7.48327262217442E-4 
0.038215805421277504 0.03219003997441347 0.007982500089063328 0.161949838214308 0.025007040463321993 0.013559795965098544 0.00858916705867607 0.039266720193763135 0.02247021355884159 0.16017510076779015 
3.378828511083962E-4 6.456781904376497E-5 4.3868532443385755E-5 3.3388625145036126E-5 0.00857422816484004 0.008280750416875725 2.962050024776441E-4 0.37120840623041906 0.17960639201157944 0.002295023615646757 
0.008445100653790574 0.022479194244652584 0.026833037776956357 0.023563942702665562 0.02992679634198854 0.013112808682752027 0.30966932643688594 0.021403158124262304 0.0336380027681295 0.0236920172132967 
0.3280228222866719 0.0027992261981345176 0.009463640868080766 0.0031801505433432966 0.010839229805259778 0.004668717709332435 3.6728937201136537E-4 3.926912570888234E-4 8.201351851908803E-5 0.17294102585113105 
0.001791066672598202 0.15402555215108948 0.003927761691510517 0.004172659395800363 0.014670868717003868 0.31013907679396463 0.016208062195008817 0.0011441067057196793 0.0017101453979063116 0.0044374926708325765 
0.007763786853128378 0.1373588583548476 0.004474919417124553 0.003512508063667787 0.15975645045036732 0.015520475305476749 0.020153993878535083 0.01015293366302297 0.009576291657873473 0.1546567961239377 
0.004546298199000602 0.002796071146792718 0.32505315433067883 0.0016472982489019617 0.00974691305374644 0.005194185507314296 0.002475227150806286 0.15782525221341187 0.007059998662660777 0.0037190339571602743 
0.17728022110681255 0.2718097325500698 0.01133458394162361 0.009152055749009246 0.012223810159360821 0.005540284503163146 0.029260174427744153 0.0073655679444725375 2.4307759079091076E-4 0.0020668438116019966 
0.03485073680415822 0.03254458171359294 0.009057706227721306 0.14413978532688357 0.1267145507714204 5.205082785451081E-4 0.007620128064008529 0.016899469319383742 0.13184755587925534 0.007822366096430973 
0.00474826952017833 0.0038910734458114872 0.1456161463654062 0.029071612906599063 0.18441182384835214 0.04483308505152374 0.012034982074433242 0.04143027089383261 0.028115272670820056 0.02447127471917549 
0.01009620337766149 0.00172002717142185 0.006436616884457346 0.16174030460458996 0.16573318880310173 0.004894434755700098 0.15398820203835636 0.012542096069601908 0.0046500514664027425 0.002014521486405389 
0.007879685836226901 0.0017488198023146945 2.970645036532421E-4 3.1940035717829986E-4 0.1761190067763213 0.01896970914608755 0.1508860164882772 0.004145993769093748 0.006553047006325597 0.1536922402226529 
0.011054102667013498 0.008829470324872598 0.3508023334973591 0.0011315315680229063 0.005248499219079441 5.860572421271634E-4 0.004739518627571346 8.937895230241199E-4 0.0017962582562144887 0.1850847116664249 
0.023728640687154065 0.023614989565933525 0.04419373829912225 0.15424278278492268 0.04372275262898265 0.021794946781708697 0.006961003219287706 0.03872596249346517 0.12527895303939152 0.035810286906579135 
2.1973440258411299E-4 0.003856479164907336 0.017447498170588813 0.17437490969079295 0.035595666059121615 0.021284907111466703 0.1844421548648764 0.03740718077328105 0.02151387202313091 0.02137758557885938 
0.03434256058776879 0.025300162096169657 0.026009566649015166 0.01230459654821437 0.009517544447095738 0.1652621785439908 0.03746713205751857 0.022292396960196057 0.14915761521180773 0.03164223495130896 
0.019345447552274183 0.013692318655489805 0.016312658985724104 0.001927717929779815 0.005665241648740342 0.0055051127174679925 0.051611555235240456 0.12948515694203336 0.1228041857927763 0.15332192847712775 
0.1874758281509093 0.14803247380020224 0.001085986798681901 0.0046519099515182905 0.002954931250724145 6.780559342674369E-4 0.00332041714172817 0.16212265034598342 0.0030251477114601423 1.894531854708105E-4 
0.011148256686201237 0.14864566539491875 0.007048128739230604 0.007861098127189988 0.018328495273891833 0.009008561595711227 0.0016455607450368995 2.759557633536481E-4 0.15110023707421058 0.17773376393511045 
0.0339183474125889 0.14774485911512028 0.005824243076222729 0.005938825490647366 0.03433742563813108 4.8491809922169025E-4 0.01555489512010762 0.001465346634298348 0.2560798047975282 0.004983096754867531 
0.1379468491098676 0.025601458435333575 0.05492117075007935 0.03287533468489405 0.026056019396999 0.1233991525127558 0.030921823085891087 0.02543528314175937 0.02335783100770207 0.03698887148268287 
0.003657703625928693 5.979755739036098E-4 0.0036795224586305348 0.171101324307486 0.15111558651947868 0.0035830994033712988 0.007302209669290881 0.15756256163815952 0.002452884185749263 0.0090219368831603 
0.004686464951689925 0.16655737809238214 0.030050066501637135 0.0990839540027346 0.029741368347281735 0.12505965595921972 0.026092207652554544 0.018454884601921327 0.0076643249585044435 0.004697285818208437 
0.00827967960168876 0.1536030126908809 0.03227698079364324 0.014153831452063712 0.028676634122407906 0.022052331190903423 0.04098626691987337 0.035301961549850054 0.00603453612150105 0.16325960338260526 
0.023180416293151915 0.015696380367078704 7.173356186994227E-4 0.0015080813752127665 0.2080167089675046 0.009522893310273985 0.04305462824987194 0.1731811773167327 0.034054158498537934 0.008855946126222224 
0.0026537840528692556 0.0030852127926833408 0.4752651170862272 0.0022551536964352426 0.014515803249128392 0.0035552631046787448 0.005511923628428724 0.011896113943596234 2.115703495079692E-4 5.948079889643853E-4 
0.16748073536226257 0.0017076178209503889 0.00979892523630878 6.368265995837146E-4 0.0047078157532734494 1.9968464405162304E-4 0.013637102556425936 0.006057779318404722 0.012299877822532113 0.3703311715392133 
0.027552545056220797 0.020443043770389004 0.0462296938299141 0.31053490554892355 0.0638031340003261 0.01655937894313255 0.03394146937648634 0.026040488455697525 0.029791613776516516 0.019406987301185823 
0.014306809688201569 0.013808349606660317 0.0028469768148306355 0.17092795813262923 0.0074194866753783 3.635476841890602E-4 0.15533871664543403 0.149725085651847 0.00393820143072529 2.0041719199516357E-4 
0.010256239748997335 0.011600119611782056 0.05455719592876521 0.005907722138433445 0.011468040464846691 0.13191257693992733 0.13938175520164758 0.15279905641198305 1.1292910862370533E-4 0.0034284875959529545 
0.1537386784304386 0.1476954216994893 8.397584063232862E-4 0.0012048423167869426 0.03850692928382653 6.737608304476732E-5 0.0011979699036560839 0.004218087616133786 9.072784963086608E-4 0.1756858484323201 
4.987471851254373E-4 3.995243125074208E-4 8.492141092677035E-4 6.194693234371165E-5 0.5733338906534758 2.9411132676597685E-5 6.131541578030808E-4 2.1437876014265784E-4 4.500150434320275E-5 1.2667318954526525E-4 
5.791699306396485E-4 0.33468485198355197 7.701533122055421E-4 0.011876629225065567 0.012103945195585221 0.0026283490087062275 0.008479774496250902 0.001002359962091831 0.1359247498524892 2.307588498827145E-4 
0.0449365769757243 0.13623793754810073 0.015850793407264772 2.5500487065082734E-4 0.0303836962511864 0.12835701981014855 0.007658507285580462 0.1443678677741876 0.016393572131990553 0.03852515560353654 
0.009317098250302398 0.008781063357965259 0.017924992934101037 0.00217808527190944 0.013419292236202973 0.008841453290949467 0.145417931065786 0.04272572812380029 0.2516580129409359 0.0035963279726570173 
0.0027301010809009573 0.0027142713902260154 3.2988047411890674E-4 1.251720407116113E-5 0.20464108048198937 0.11863926979257557 0.007413374787045689 0.0030365997973371348 5.377113552549295E-4 0.17125221824828665 
0.20008756399367333 0.01017830893131076 8.920040563393358E-4 0.0014421198555576841 0.003672575818347444 0.00943346250464135 0.17491597384456 0.18272308183594507 1.3085754732272158E-4 0.0023502877021389064 
0.016831652821298285 0.013868392285055759 0.13414616534856572 0.016488769528324607 0.15199862963998342 0.1264914432659142 0.03438962883773123 0.006487107702689669 0.008769926574401827 0.009044290303613752 
0.01436309634732315 0.011568445892671338 1.4225683748650042E-4 0.011188277574177343 0.18362174527940645 0.002398201199762031 0.1299198047887165 0.00693959476342771 0.1422079416011179 0.0014118669351902158 
0.039781580059173316 0.05225887157837531 0.1360795854102295 0.04270863863121083 0.02787153293939814 0.02804929279162165 0.023302237655299162 0.031835068073667545 0.01771531658990321 0.18158201414406852 
0.17349744446088083 0.028539438316905977 0.035599514387702876 0.11697300678028814 0.003750899034552119 0.13761245274368855 0.003710072208520986 7.384904845550837E-4 0.007672793430642579 0.004703801476021657 
0.16306916053368656 0.03936646513645614 0.012241810133295939 0.04118102442265494 0.03453137465344628 0.0012354904290869982 0.02164629377183318 0.14297714266970213 0.01827963194049238 0.03467938015393378 
6.584486928148461E-4 0.18367713802852656 5.966648590884332E-4 0.14640073267095519 0.0028690903907095896 6.583583847825797E-4 0.004093421191005053 0.15781780539929363 1.541587608383801E-4 0.008785190369407874 
0.037310987271264 0.005716847738856509 0.028525683183660187 0.033167665382375464 0.03266050949597673 0.017575268023802916 0.03102282762438007 0.15821524130870354 0.035000498320806234 0.13536277713881764 
0.002581976421816754 0.0033129317417424546 4.7391465888753235E-4 0.16671258991302337 0.0079549846240914 0.24327642006542916 0.006597243593068985 0.0018196309285417394 0.15892116836432593 1.8929266981093105E-5 
2.851787078093534E-4 4.396827408943609E-4 0.13501972428119594 0.17366670920841595 0.1894856802113707 7.54296405248881E-4 2.884643709121728E-4 0.006819616255771474 0.003010644975546646 0.006931919380987788 
0.3257891925809208 0.013665034446768403 0.0063129787417979324 0.00507271145288605 0.003985353916727548 0.002066337983787212 0.14653927037946765 0.005508630152529689 0.003476523935092764 0.0023385729567404977 
0.48187675917419953 0.008137880964866654 0.00391650542380328 0.0022249478631462855 0.013550551664406269 0.0019356103251500177 2.873542166404785E-4 0.0071053838244279875 6.710974252144614E-4 0.0011190520354695955 
0.04901477399729154 0.039599004731366835 0.024827146667387875 0.1503598356591521 0.1650429270819352 8.238396074236441E-4 0.030818308517976723 0.010023971786306436 0.018745521985054837 0.03523580502124279 
0.1133343677601044 0.003784343000698679 0.30363916340586106 0.03218942047843184 0.01914647088131633 0.005713413409548045 0.0014455156109776889 0.007460136801106696 0.02513794688824134 0.003362586816416025 
4.5484789328471596E-5 8.729121112807062E-4 0.01035664826260413 0.32756584432026414 0.0084510580161847 0.0037691158796890056 0.0014244241766855046 0.16285167799435965 1.0701865997674923E-4 0.0010766444631655741 
0.009866771151776735 0.018392172913296503 0.013892925591722637 0.0019796994947833793 0.21814327218222532 0.013152116201043257 0.17166380910798681 0.02568481813383905 0.02110334020787715 0.020180837936552842 
0.0059693931449014935 0.003948005507809408 6.654498072399111E-4 0.0053478629573633085 0.34561465554539583 0.0025341974614891713 4.769851242928242E-4 0.14687380601185468 0.0025032587314504366 0.00854984442052199 
0.006273429857839597 0.16173923488649364 0.15499635485945062 0.00744853145291901 0.18287183985721162 9.44972148754167E-4 0.004814259418090055 1.8615740221316934E-6 0.0014920165880489868 3.175265963934908E-4 
0.110510891713874 0.08726031960292314 6.401538304726253E-4 0.0027421493319187517 0.23659879727766192 7.757046021116616E-4 0.004222046450568873 0.006745695008705115 0.06383025562443582 1.8944529226427983E-4 
0.1593309156169125 0.03320073457157593 0.025875612213130346 0.026652129803882835 0.1532509872894495 0.01966782576600888 0.00440297569345002 0.042485792856229984 0.024241639679618485 0.0206753292358685 
0.158346588771751 0.004925831472792882 0.007405084902650622 0.006662320804027663 1.8103539471214444E-4 4.2451461185059647E-4 0.30125459445417146 0.004287912963103441 0.0072644178228004576 0.021073655803227852 
0.03474320339628308 0.047440923352127067 0.030131217411101408 0.026480588685324796 0.017128053093062586 0.010037606051925689 0.1279320248376029 0.023757850177424066 0.03924021422655268 0.15377893953566832 
0.12785921736835396 0.015025771119214467 0.003298905888778675 0.003455403392013352 0.15992545887687853 0.015208034856510616 0.17152462196013812 0.010875500066375289 0.008353976720505151 0.004655548671644806 
0.001457065528375014 0.0018695595350773171 0.0029074656619441246 0.16318579422881926 0.14692039769341392 0.15431260069559272 0.03437466933318316 0.002132611507015186 0.009736417231343768 0.0031205839065309936 
0.1647850850474395 0.025989624304074116 0.0014121019329573013 0.016081272921144512 0.13051706153688772 5.173667339187091E-4 0.005271558161530767 2.792498814447889E-4 0.0014315077449739094 0.17545508207059005 
0.1462611028645854 0.023452006025604037 0.15105648669518493 0.0051366055501659465 8.546729691058616E-4 0.15773583935700636 0.0018288605264927269 0.018669095622064747 0.007742840471644129 2.24857689919758E-4 
0.00603321350675109 0.0063332306710150565 0.3584296906587898 0.0022175200506101425 0.006289009793624293 0.15579729156543753 7.151490132888198E-4 0.0011819610338724678 8.510452915648084E-4 0.0019369532854361352 
0.030056923443947836 0.06141011548591302 0.03310086495632087 0.014465887277008092 0.044220992103534626 0.00143612593033279 0.027093669273484933 0.018932979605682597 0.28212738708831614 0.0033652302750605836 
0.1404600134416806 0.018479090040444995 0.13706655509390064 0.14363991979604201 0.055071420989955065 9.51303021846122E-4 0.004437597397485477 0.0012048190304790242 0.005734660112068319 0.0036605246893261553 
0.13299519604867116 0.032521149115280285 0.14829689257799664 0.007207907481238096 0.17451480692001847 0.003382074303196566 0.00803366124448803 0.0038300535462295494 0.0015602611429120722 0.0027276295213344887 
0.0013791210676189684 0.0019931751755067526 0.0014688298570627739 0.15955559569426667 0.018231016802587926 0.006510772967545625 0.15527448031094565 0.004762335612516343 0.17605249693109093 0.0011032665439415154 
0.00387299450602364 0.15283012605729213 0.15505882339663635 0.15996614547739016 0.006399376929236291 9.266184375327673E-4 0.013631106283312225 0.017020213450523788 5.647592520424854E-5 0.0049051932936172585 
8.865630049044201E-4 0.18457844526965347 0.15249217059245299 0.004662113811447055 0.004012069499559883 0.0031228551636524695 0.004762776682407467 0.16506404419779785 1.7847449347188212E-4 4.23531268575969E-4 
0.17413473367675866 0.0072276798721458224 0.0036324999600474356 0.0036282730108160906 0.021819702706090724 0.15476926125432247 6.505105698313052E-5 0.005062925596561396 0.13757694173530202 0.016419037663246656 
3.8064655870388985E-4 2.1831637704488105E-4 0.16588269025022737 0.0078045525462978335 0.027823415149399722 0.007066280687245805 0.0036703656072991594 0.12033117976816773 0.002531918912365172 0.16909487087448577 
0.16320113527752642 0.13183412637924405 0.013974927271759639 0.020399405000307735 0.17467524349043603 0.0065787174163690915 0.008199951091509457 0.006449192393293159 0.009060468206898322 0.002844920029312405 
0.006681557681301324 0.15836888786518072 0.009715338322817381 0.00583097626331907 0.018966846167847762 0.002636271909561913 0.011576186768776121 0.16114195509863122 6.919566718920319E-4 0.1628690747910912 
0.02255611445936202 0.18682489521395962 0.005107790367462711 0.137447188889703 0.18315675842093987 0.014628832053716229 0.005608008838571806 0.0033970124423031546 0.0010544970255460836 0.002501006342203534 
3.663602571278959E-5 5.348208372258726E-5 0.01572596810116842 3.724455360614273E-4 0.18072132519987189 0.16618263300521527 2.760053597730578E-4 0.005739168354641036 0.13192864731612755 0.0035815295132080806 
0.034634755174672474 0.14039829151134003 0.023251243496400214 0.038036369151098016 0.03189449830419429 0.0011411462124178956 0.019344622670136046 0.15927267499401015 0.02746988374298267 0.037300296564648304 
0.008722740699767176 0.1535759274591253 0.0030663109847456683 0.003509508220677037 0.18504703254683497 0.002505383630327166 0.020874218134668984 0.005228333932785444 0.14430657456385243 0.0011022115725337022 
1.5792380531090065E-4 0.01056045596247734 0.010075458231089515 5.649809914229641E-4 0.15325251050780728 0.15992505592010042 0.14161825188127278 0.030843953707016376 0.00117725098030318 4.1741058973788814E-4 
0.010471172813690525 0.18227889513791415 0.1783199795528926 0.008717642417651127 0.04129936484737423 0.004170561017703507 0.022470199229991945 0.015794241250020727 0.02939238018512388 0.016577208011503333 
0.030186069615787105 0.0044476734233320075 0.006267233807032237 9.577466405453538E-5 0.1840274552857759 0.021942605463456197 0.03826833530290121 0.035414751140077694 0.030814518689542162 0.16022477787097264 
0.006737868480904339 0.005961321583050751 4.040621258874818E-4 0.038435428257288295 0.00690507768755318 0.16250822651787628 1.7676736866811544E-4 0.010447278956096767 0.11797365031123118 0.16588627324241706 
0.01514093013176627 0.013006220943128663 0.0030333836449843946 7.430609873010644E-4 0.17616938443208816 0.008986491886020471 0.004834312191551426 0.12573049533847863 0.011078682765521352 0.15602265620208625 
0.004270843769761358 0.011308279315659617 0.16153502962954291 0.008643005107034188 0.008910337256369817 0.0020901281687315232 0.012779669321585215 0.0014564913407781577 0.006839213275568634 0.29435546411334773 
0.1567154268180763 0.0097023836288778 0.001964922156824739 0.005011596536316156 0.005090222579142928 0.16766911261014125 0.14653615858060076 0.011825941524368251 7.114131288878694E-4 0.0010511284302540099 
0.0012362769011564014 0.12316160037891553 0.0022648475058808164 0.02855099660770318 0.154708807513372 0.006815873275516317 0.022802811887858834 0.1630778793325266 0.0069039271343543365 0.006633125380882968 
0.32584901644086506 0.0021363058707492997 0.008175733952345216 0.1573611709536429 0.005709599284105254 0.0068332626640267465 0.005731098435606448 0.010689672182392244 0.001330042714703628 0.0027884227642766555 
0.30524277942092526 0.005794921966081582 0.002033091623701681 0.0061158041846373044 0.045541531231963736 0.13986812296308573 0.003877997330661413 0.009332266645535554 3.5081874866461156E-4 5.514310063874977E-4 
3.958258052664457E-5 6.92417582451175E-6 0.138025523030396 0.003008202720455157 0.017662297563006968 0.186115080619547 0.012414873108791857 0.008623578803543794 0.02026935317436162 0.1967148634406699 
0.3313087927781522 0.03850151845444213 0.015775231938854422 0.03169874095473171 0.03618515524498575 0.014619020861681082 0.03376230741128968 0.033921806420231404 0.02172886081671187 0.010322354837754719 
0.03630704084668811 0.008971748306039529 0.019834502784598612 0.022402638165653063 0.043444789531501445 0.008013598132272466 0.009992047711472732 0.17227783834867372 0.1623849635880456 0.022719429808314946 
0.014589254502948668 0.0029722587771034014 0.009858131662997106 0.015320718713379552 0.022653272415922656 0.13719644320579796 0.013645445169652583 0.12619597199980526 0.006904470622625701 0.1535461527157967 
0.16285093373345183 0.02654104067253858 0.1766058227358351 0.030647044913756947 0.0408356775695887 0.021512915811686517 0.008106090239938298 0.014959273541112553 0.028549248824874914 0.017198525455651068 
0.0010329768485599301 9.617531628144277E-4 0.3216532166547559 0.007027769173287255 0.008650670486734964 0.002085196013090451 0.012593485270761165 0.011442932684128744 0.1497439189203203 3.245593092830005E-4 
1.0931200588505927E-4 0.13287598212978358 3.5913370410947746E-4 7.746364397745157E-4 0.004363584469135276 0.006889331379561978 0.0013052832880800962 0.19884399059625035 0.19797013682993334 0.002094965984296372 
0.1399838745343986 0.1379048200318403 0.032507014708285334 0.037002455091997795 0.055375267152882414 0.013438807747148108 0.028032325619536464 0.026659195734970043 0.023334288810997233 0.02626304015039126 
0.01932691276969173 0.03486689100687011 0.024537279094127604 0.034697824280618246 0.029082890187256613 0.025818630402870912 0.010933285164737572 0.023543588490833513 0.014511410765993694 0.29231951144755297 
0.17049801892759778 0.013875326239771987 0.001364719453546272 0.012267874205573086 0.019059369407891606 0.0015792063319334227 0.002526127430754675 0.0031487363945135304 0.12575420527875453 0.1773323592417919 
0.007451751468849753 0.0192901624950212 0.02463530189057673 0.0016541251702547237 0.04435334722497574 0.22814564987623284 3.05276839720286E-4 0.14150538811839222 0.045281274630047406 0.0019734868758599605 
1.0433269373120339E-4 8.01256270752698E-5 0.0012143808447436463 2.0239107941895132E-4 0.1931555243265653 9.959285829086493E-6 4.983454271074659E-4 0.3237136732130539 1.2896825816335707E-4 5.022315711702192E-4 
0.007481566615093683 0.1693167166645171 0.007529720120744963 0.0026175885847679165 0.03559197238118772 0.013630711499189837 0.18707058618706895 0.048803639325178276 0.0210854225532439 0.01667922500395589 
0.17535928866599798 0.008414292299494459 0.0028312767041099394 0.006007873078166581 0.16109378269026145 5.362659187504487E-4 3.3220288099212623E-4 0.15656166409175876 0.0025095371053852414 0.0019774286953829407 
0.010752155051998488 3.553937273321197E-4 0.16943864595419236 0.28198540540725814 0.007776967088491116 0.023260096620013233 7.758511966100848E-4 0.0011512614483483135 0.02522172295049214 0.004724902447392449 
0.2886959594800122 0.004875465165227032 0.16191358120069194 0.005635753831716016 0.013570146033058193 4.2510573025800397E-4 0.023609513819064024 0.01762464946792894 0.002548811888389655 6.902817395781067E-4 
6.214550555010133E-4 9.581467853764528E-4 0.2942319603432541 7.28164016821375E-4 0.18322196065173 7.253652232718806E-4 0.008526602019782326 0.018321874351593187 0.0024344687098350973 0.006931919380987788 
0.016499124315420298 0.015566533324208612 0.03088587037634225 0.2045054726111471 0.042159766072832505 0.010942088558695072 0.022427807528601316 0.14079867624386286 0.026440327987833093 0.01722387761026701 
6.79801715826093E-4 3.37692214770718E-4 0.12140171912189633 0.011660365543495713 0.3501642349845903 0.005641452483845174 0.016376812328295576 0.00586884353580466 1.4848525675595985E-4 0.0019200357478688036 
0.02266273311658203 0.018672894245690668 0.1806191451418574 0.022201062914534817 0.046235419337844884 0.002896247721625439 0.022020862339724844 0.015573894648866589 0.175043218935353 0.012616513402763829 
0.33112872127815335 0.013743911644382755 0.0066923498306256084 0.008379299844702532 0.013209917322877098 0.00536123950773207 6.742061945880551E-5 0.005246095226980361 0.14917348297716834 0.0013478021484682314 
0.007200764046653689 0.1748285281959501 0.014456353480718482 0.1235794821140425 0.01040244132216664 0.024133732393847054 0.14323263005348333 0.01936484819794254 0.0014883229614849535 0.003911590718687131 
0.02139954965096333 0.004183037769298737 0.0015187911365976503 0.30248681603971733 0.013868399923347879 0.0031132979406659923 0.15220910549232103 0.0079018661141322 0.002096349448921824 0.021105654771767964 
0.006572460930220761 0.1451110789219878 0.008795362630511313 0.12067651214429524 0.045050200811323694 0.016386636639656293 0.008590768296796308 0.013701318780161025 2.6683356174368966E-4 0.13894324807233976 
2.1209830276179749E-4 0.0023691619001927886 0.002254087798730801 0.1372862742607346 0.14866257055025306 4.776475152335835E-5 0.017029663721593733 0.04133310896744921 0.0018823017321809687 0.15712168791960782 
0.0013542404981587858 0.15187097033942645 0.0015079385316551122 0.004648919498083131 0.4172315957682027 0.006746053352589482 4.7034302175141514E-4 0.009516517704835312 0.0019785749553082673 6.698291849859036E-4 
0.3155377407686875 6.390505632882822E-4 0.0059735324964819 1.899682631250872E-4 0.009486028863847421 0.00461325255052887 1.88954936908284E-4 0.18517584564019823 5.266556536856957E-5 0.0010880359336362636 
0.03139755481423352 0.025941618898975324 0.010057270079423723 0.13901968671906992 0.02032425928161816 0.10963113615620261 0.0075544545852634275 0.0031404651837666853 0.026535870177685775 0.14186071857875482 
0.0054699857111279145 0.004794927116704679 0.1789430905566614 8.148687563627249E-4 0.023826358303069985 0.0028268782144240433 0.1283933492043688 0.005648837953368762 0.006299324274599101 0.1633359266153549 
0.002570880254699573 0.002522074578892862 0.004762593304223484 0.16170626262591206 0.008105347075418632 2.466287241497422E-4 0.002922647378273203 0.0038045212593516664 0.0017357203829590408 0.32531500031573835 
0.012106939238910515 0.009297910978692274 0.14198127838098176 0.02411774473900062 0.00736255060608386 9.964893997214926E-6 4.986260501349818E-4 0.3236175362335713 1.28971692145785E-4 5.022449438745939E-4 
0.008266430271021202 0.01651320875996843 0.018974554993928448 0.0055336313899597995 0.15322265584853412 0.009754951951268182 0.0012703680499611015 0.019089534278761856 0.27006023254054856 0.0085179879315416 
0.0023873761307154355 0.0023420541032692396 0.004422649228420398 0.15016400350603545 0.3220396602892231 6.607560015396542E-4 0.00783021848827974 0.009478722573315414 0.007556113822099949 0.0016523844188738202 
3.4722343291859265E-4 0.1701679772167846 0.006986247533335635 0.0051925206793801745 0.006534405237913586 0.0025014145114512143 0.141985669689412 0.00545688414573245 0.006531685500124469 0.169934653414399 
0.00298401225952534 8.120690980882185E-5 0.12693939886773398 0.003501572338933375 0.005976515602269753 0.19071502615500968 0.1758666480488096 0.0119998146457073 6.919943087264035E-5 6.422171491246934E-4 
0.17462453928821994 0.043181594840434497 0.02911601617823604 0.012191271039012137 0.02788175098494547 0.008864926448714764 0.021837698662501192 0.012517138716382277 0.018398757002528115 0.17639195477832792 
1.9423561696975848E-5 1.9054824159137848E-5 3.598243236459063E-5 0.0012217261240231598 0.15771614522311073 2.1827588902545474E-4 0.002586655131107788 0.005298308829297617 0.0015541385562652269 0.3450160815741509 
0.015630034176990742 0.012722605442747954 0.026608406129510216 0.037988407752614195 0.010403521305945441 0.23185377669482526 0.14615369962855135 0.024462692471201187 0.008683220104048548 0.008406404650606988 
9.727974820231492E-5 2.4119817695845893E-4 9.00300838357261E-6 4.349604941812285E-5 0.3599109775811798 0.15304857781288683 0.0038565248123235947 4.282835936543112E-4 1.3898495746322186E-4 0.001861061817910757 
0.1537016355902669 2.92204640534357E-4 0.004592512433737465 0.010107756443124357 0.00464345913838151 0.15356292928153029 2.549490587031217E-4 0.1850269450666137 2.3522279897014257E-5 0.004673611581424192 
0.0372343876074998 0.030182566277666533 0.031205308194343934 0.01791395870910212 0.03973765495301201 0.014483984067443204 0.14917440001194818 0.1477721838335454 0.019637421900314294 0.025457891529671817 
0.16287674950585893 0.004122972265703345 0.17355715810977476 0.0039320452217163895 0.0022245806068534935 0.0020897861142333924 5.330347177409019E-6 0.16814438563272494 0.0011428173672473861 4.2217559604124707E-4 
0.30611989575987186 0.1386069117952011 0.018979614383498756 0.004799639238643959 0.01177509745382374 0.017465635538253952 0.0060816119310614265 0.005865552360060802 0.005175932636463763 0.0025902240608064457 
0.03125482389042983 0.026342727507007054 0.02088940122255443 0.013510537258605352 0.023825064678557873 0.0035222394776444036 0.01273663193892902 0.017919665446609657 0.11853837804627808 0.24570339471095584 
0.15994885650774485 0.1448279633776813 0.1763587775037055 0.006637257777114371 0.00571181669201076 0.0029744368126786236 0.006089452829377308 0.00874811657822323 0.0021552039413928834 4.160885539708708E-4 
0.15866417582985137 0.12910573694879396 0.0015316124775794728 0.004317114058476319 0.02172373750118005 0.005265319673968642 0.17204033093323742 0.00805437098384342 4.5644670594170304E-4 0.0066015683998637735 
0.06051178715862941 0.1834585906330806 0.02134474634046939 3.4339065179737075E-4 0.041970759588675806 0.1734414544885417 0.010348500181656185 0.016565287319001577 0.01639154288873616 0.038520386849569835 
0.014402906396850072 0.19204164967159823 0.009105776926515851 0.014137391743018556 0.03787412472399871 0.012867246657777344 0.002284016245551152 0.010211630806953429 0.21700639528621074 0.014020217854604786 
0.16596636066599116 0.024538461075263276 0.0023806903382987306 0.024144512563252497 0.14011470240362517 0.13719815847812267 0.0018916669446779008 0.0036070631070759447 0.004570461231563371 0.001819305704074639 
1.1124385344993326E-4 0.00888473151563118 0.17098294923756363 0.13728315204821726 0.012881500174534597 0.00205828787921283 0.016275264093788 0.16555522048410456 2.4218882605076615E-4 2.3969223020201937E-4 
0.1888900404213252 0.14454871754674373 0.0075842686932230145 0.006661848055054659 0.014230223123211287 0.13878936517754525 0.0039824494320302925 0.01890872448441277 2.863381019750545E-4 5.735539736384194E-4 
0.016568472014982134 0.022351952312484033 0.15782002058270234 0.003743487960190723 0.16804966732808427 0.0032580441844000632 0.14855477197104355 0.0027533615559858704 0.0029972822542959922 4.553881046418383E-6 
0.006040482048227539 0.3086909029271615 0.009271372027198545 0.15948557183899112 0.0063601616484107015 0.006188620613565106 1.877994553953235E-4 0.011087075004688746 0.003673076383418983 0.004730565130681688 
0.04902374775392176 0.13780321738984758 0.0152896446947067 2.17115753532543E-4 0.0040322117486204425 0.11966041258327192 0.005918722502979217 0.011203470480941108 0.00522713912996085 0.17544262635403873 
0.015281104948377817 0.014767378490844578 0.002596725087959063 0.2926489277939128 0.0019343902548255509 2.205261740276663E-5 0.021665353336556954 0.0025980410956488935 0.006505564175031608 0.15337849777347945 
0.0018407735673708278 0.020909634249387903 0.16434551986942286 0.02760276092385602 0.007892140066586586 0.13918968853596525 0.0045227519138602255 0.006676062207309071 0.14496637364479933 5.439714768550947E-4 
0.024238410637776184 0.19330904715009375 0.029642941551260772 0.18124373940066887 0.04114644225857352 0.02355855457938109 0.03556916375086798 0.0073354054505669905 0.021452894296316652 0.010283109775839532 
0.006631401169533042 0.008182112057915929 0.15271918423624276 0.008609264722367371 0.006581980646559969 0.002892397314460182 0.31424123821200967 0.004472758602444926 0.007471002334673417 8.507573222087175E-5 
0.004481094042648314 0.011889382116469952 0.008965321427365083 0.002942208871829769 0.1939521789578326 0.016230641232213107 0.25337341916830003 0.007938697711334038 4.004756865195324E-4 0.009561750618201794 
0.02491856535044392 0.01967359123912215 0.30629772150973256 0.026690945809429347 0.04227855746361667 9.114172190196941E-4 0.028669179450830515 0.017534789709174423 0.02483980651290658 0.01682279924636892 
0.002069899826615991 0.0013433749780030512 0.1548350014095598 7.72097872335607E-4 0.0054630682123954066 0.16928706410682473 0.003044743993672515 0.15682077454249693 0.006843071723683302 0.0036047621717353166 
0.0011097030731966996 0.029487923613970474 0.18521606905515992 0.0094121246638438 0.026855915442636144 0.012470657848014783 0.19327446033356077 0.02354690807141401 0.021502235816343685 0.01576239579706871 
0.011096883040865905 0.0047143411794145825 0.005692992013518605 0.18137749856455115 0.01591345629958808 0.01638043696705068 0.00865726833392105 0.0030161120994721966 0.1231479357420723 0.14945084307223125 
0.0032739712492290125 0.002978338639571839 8.398247033922112E-4 0.00820996933381897 0.349988956211294 0.0037875078048325074 0.006538626191508092 0.005816018225919397 0.14379322185943652 3.0361505785448907E-6 
0.042249783514742546 0.0342652005086578 0.004799548026885907 0.024481774460388062 0.014566028898179949 0.019151260546028805 0.023056981539799525 0.3022422421798701 0.02374899023359849 0.03696429146541188 
0.03571646363225477 0.0010416350748157178 0.019953642981814356 0.026412545923434397 0.048844020867512696 0.14447412457807987 0.021364687825669637 0.16381481843817716 0.029374799922538514 0.024228851646391335 
0.001036093622913582 0.18331686973560898 0.18225870165578262 0.00685659036655792 0.014347671832890218 0.00412497908089868 0.1672470615415773 0.02244763165809365 2.4487929912426094E-4 0.0011243104353105269 
0.018994548179327962 0.013922580204119387 0.1886751906805926 0.16726303928708205 0.048212818452900374 9.487735177494086E-4 0.029844244404127033 0.018253488927127744 0.0023107659388767973 0.016434798890704327 
0.007465840717448257 0.01987259720958177 0.024967440408135342 0.032454953710849735 0.031192577177691392 0.14919930535594292 0.1648101545226227 0.02163128251679395 0.03255425954627461 0.02362828997624124 
3.164640758921029E-4 3.714919115641704E-4 5.883244543191397E-4 1.641509039948464E-4 7.88663944132247E-4 6.759298067068241E-5 6.205441031364666E-4 0.20142821527597415 0.3063391976676762 0.003645741583591479 
6.779163519202678E-4 7.586268147312494E-4 0.0012268801932453376 3.712384386694225E-4 0.0016092628456940222 1.2345261562208176E-4 0.0016260300095632496 0.5117998640435605 1.3927197332419606E-4 1.576244560940348E-4 
0.01213719833920883 0.00989532717788966 7.019743937232288E-4 0.016391346082631774 0.023200380020770524 0.12399288608749627 0.30784049872046804 0.004426458376940552 0.0073321758654588095 4.2073074438498444E-4 
0.00988894344478806 0.17786473293774777 0.15367952146948594 0.00807282307496019 0.010611720990573014 0.007925964228493747 0.005923635209829418 0.010230411685944883 0.14462325890224662 0.0012947462148743217 
0.03308325636145303 0.025407344206819206 0.20522629199634 0.007595232386935051 0.021787932027810025 0.011015488591616395 0.01348015317158781 0.19789793497109082 0.036304088334034604 0.026796866352850952 
4.4674882139575855E-4 0.3231459631271575 0.010359953489690923 0.0010194020774828916 0.01053060668308209 0.004372801996406967 0.0010291095543263104 0.003374338161987722 0.0068226037937475096 0.15819783518918712 
2.8926262911796143E-4 0.1729110922760011 0.0021227930674809427 8.387779194637507E-4 0.005731455464626009 0.006085153630318689 0.0016958208905703987 0.34343927729275825 0.0106399910562434 0.00209597680071191 
8.48747400229871E-4 0.0051318351670897105 0.005339753191000178 0.48288955408470113 0.009191126752352756 0.005115632188487675 0.004449641929597555 0.0022904421633068183 0.0014476074388362983 0.0036072550137122923 
5.347616981056718E-5 5.109419815561652E-5 0.31776305002538696 9.078732803580775E-4 0.028416230642163122 8.646706150025866E-4 0.15641743501625072 0.01680351513739139 0.0018674506137551178 0.0021954700245098986 
0.007968047607632884 0.15536174293400123 0.1498823541247699 5.5469994271367414E-5 0.008013449615733718 0.17576746216792985 3.0859071392919714E-4 0.0012428630811594239 0.0258447988356813 0.0021196979103489584 
9.090428173255854E-7 1.8259943579483027E-4 0.0014341895427998816 7.063993559779223E-4 8.961031123467039E-5 7.161649745442269E-5 0.33534425636188764 0.17391184684305944 1.2104718534867518E-4 1.5156443037214843E-4 
0.007394431732203525 0.17659716266367112 0.0036851597098527685 0.0036808714832390673 0.02213601931943337 0.1569559993026702 0.006167514220247939 0.005220103098419453 0.14184799008527435 6.508549172626365E-4 
2.6886785759026602E-9 1.6607270347598083E-8 8.479111568306935E-7 2.0128532355469997E-8 1.625970980181665E-7 3.069489570296343E-8 5.811415486371066E-7 3.1101943547851666E-7 0.33085421891274436 0.18198222273708273 
0.01278054461782217 0.018780421533028887 0.01446050521547996 0.001559926254122827 0.14681848213006157 2.9286949187829464E-5 0.14518846139874583 0.1601912107876067 0.020073726158220655 6.834458329112187E-4 
3.6843222520751994E-5 0.0023793120523011896 3.101350161888869E-6 0.0012344023867162095 0.34819475090716784 0.0025661291467545216 0.14639714732906212 0.009805267408238479 0.0011444412505833502 0.003534162296696957 
9.82903868327524E-5 0.15997561393474713 8.761396512973472E-4 0.0010256679836298946 0.028814997406152933 0.009796645962062239 0.15234585231574474 0.01814995062175995 0.13822424607413059 9.803765087195139E-6 
0.0011383078150982817 0.11647185713026575 0.32822101539239035 0.03410761439630963 0.017296914014110806 0.0013210071908731924 0.008094249859067834 0.010982244674986815 0.0032005173709959973 1.3991181435171965E-4 
0.16684312193462483 0.027684315355417266 0.02274186564452679 0.13339105941578575 0.008043616884867974 9.904420967741321E-4 1.5228716798451079E-5 0.15419580168859537 0.004548407409408135 0.0037342276064955076 
0.30762289571460694 0.011153963935677262 0.004413689842110251 0.003998863528544488 0.19386313571742753 0.0032404054687669914 0.0010329963126400948 0.004995457526446644 5.352518715637284E-5 0.001113247645392676 
0.03046273849395728 0.3117699098953979 0.027324602388102737 0.030381065285761163 0.034680985135758666 0.017871838215478837 0.02944796034086542 0.008182609991659042 0.01987889742887742 0.0023740598146305024 
0.1880551198330738 0.15949428006444064 0.006522318756657945 0.008439046101515588 0.010300562845874455 0.003849804089436491 5.2333752192262885E-5 0.005220190667772282 0.14843688305763514 0.0013411468707721257 
0.16377018047244044 0.024448930297365334 0.01803804772313937 0.12972526687656483 0.008626543409651658 0.0044585719893707595 0.1390633428238104 0.019046289280943034 0.011499198416474224 0.007883505361939526 
0.01403743661502525 0.009948553644048556 0.02251038981878731 0.037482557314368815 0.04903734396410499 0.2999566833215244 0.029536055919082614 0.023504664559440475 0.00829052998464867 0.02398665770889314 
0.18213320473353314 0.016334601472990703 0.028992391541780727 0.12146933341123109 0.012401716685342339 0.007124569828513383 6.093936147176135E-4 5.258574937779723E-4 0.13468876194568932 0.003649876001494372 
0.04081167164853267 0.030223845484637083 0.0315564288516353 0.015577824807598667 0.019492047187014062 0.16797478571126173 0.032302137276813775 0.01859022343872986 0.0017092979398870424 0.167681190736924 
0.008138427850011775 0.01697657375123518 0.16000176573841027 0.0023279370363897722 0.023463566746302508 0.0025252008503760014 0.014566602204139262 0.001535624248308845 0.28264518923220916 7.774452452698014E-6 
0.041111834814916856 0.03329402886339469 0.04804711880720645 0.05015268770674598 0.18829283683934583 0.0049220131263828055 0.0235471781594078 0.004200529852055963 0.13825777418085936 0.012465986141890827 
0.0011820912996003102 0.3297495297178164 0.0010711728133144212 0.004588453078896757 0.0029146229262000663 6.688065486388434E-4 0.004158383886589841 0.16032237787586703 1.5660526418723606E-4 1.863031730287065E-4 
0.007258491943919888 0.1284190544712019 0.0053165480789429485 0.003332730150931531 0.1505919290948687 0.004719077968682491 0.16483364738016876 0.023129932175269426 0.010492540372879788 0.01462771090089701 
0.04199644279756225 0.15214736405366278 0.008965192479725603 0.02542424121534437 0.1475411848714531 0.14447005572428698 0.0026924097985218626 0.004175183788222932 0.0011059435541660922 0.001899678402357233 
0.010499166615508159 0.18575388109765292 0.00841666449641507 0.0048055863497932835 0.21856844273662668 0.026413305550959422 0.030037256417583594 0.014152354097124243 0.013312703336111408 0.0037262966206678804 
0.1351431366439942 0.027347907738640837 0.00871050472857233 0.11011968186561126 0.16927393418321282 0.014114581831522295 0.0042265235420697106 0.009583940030624558 0.02478051046192537 0.003618438645307898 
0.03105999255656998 0.021467063029358295 0.014525022898510603 0.01286483657159608 0.006699384084110855 0.12618818495032622 0.027821606851062865 0.13906836577222667 0.12100732270733726 0.008451066226076782 
0.14743350527143434 0.0024898405936573586 0.08268729105341624 0.0028781107423650545 0.006930108063523268 2.1709631141287125E-4 0.012057090741306245 0.003529330292155754 0.26067661354707483 6.902817395781067E-4 
0.00125821648616815 9.662875685966699E-4 0.006352847895924969 8.415662129240916E-5 0.18791027112295935 0.015089987921129882 0.006022382791181636 0.13874063636623335 0.1678125414140952 0.0017310046069309703 
0.008962179682139138 0.46359571395955385 0.015129134923448442 0.0028417118693444144 0.0015141922906736394 0.006504327577867003 0.00202378596459229 0.008194421905745623 0.008885932527188892 0.0035863772360802734 
0.026041929430968083 0.037086743144401635 0.0285581906766607 0.0035830964505426176 0.010565102619814316 0.010285670062434034 0.11909266634253642 0.00563767445842601 0.12143593629003252 0.15067378240933632 
0.006482960527871649 0.001306226808359779 5.020912305042384E-4 0.13640169518982842 1.5275947408649167E-4 0.1718806656992684 0.005651759957513156 0.16387062145650524 7.87337317968902E-4 0.027807951169903346 
0.031181196153114838 0.04408838723528763 0.03415422933214023 0.008054664361730067 0.013027948892479638 0.05072920901669448 0.15985534141595162 0.023240707672037432 0.1183666448991075 0.037444400265078365 
8.11818691048134E-5 6.374609892222331E-5 0.16730462263631865 0.16294000035699369 0.008643184245845318 0.005723532751611027 0.01986393990147168 0.0032418488101032825 0.1507330890949594 0.0013018623041725747 
0.01718292328613009 0.03972080140613115 0.1915519666654586 0.02856642702676828 0.024632673614150197 0.17269795988765643 0.009478029625926216 0.03430458227186774 0.010541351096638623 0.03424725097310649 
0.16370663208556083 0.022688109849636755 0.01927933418378743 0.016602441681912928 0.01886263996596243 0.007773883026936541 0.17301398967895804 0.028519488210305782 0.03135846330071973 0.023711681672599263 
0.0015119123785724987 0.004374908895476297 1.1897107045867785E-5 3.559062263237574E-4 0.003981900361360892 1.2518788497838207E-4 0.1807598527718711 0.3358008934754342 2.0936767175042895E-4 0.004707390772224413 
0.012341012229956526 0.009655011538160988 0.021785559172027142 0.0026471868495207113 0.016032267739147562 0.010698191666741921 0.17595624238781432 0.0018088947472462518 0.25684370281757213 0.0036502761762222356 
1.0887673464342052E-4 0.008695676440593417 0.16734466323630237 0.13436195217107585 0.012607399265822716 0.0052592306410115764 0.016087915092350108 0.16364946921261733 2.771574800551027E-4 2.36950665116037E-4 
3.298617343584483E-4 1.6385916223858268E-4 0.05890803257973894 0.005657985721258389 0.1699109890035419 0.28772619734120497 0.0420290200527217 0.006546585961620819 1.6563254608098049E-4 0.0021417642157476003 
0.15610386021945769 0.02330444032390526 0.017193660483745425 0.12365263852682225 0.008222722370535345 0.016330215211526198 0.13736622041512606 0.018813849274219436 0.01135886274699998 0.00778729543819505 
8.89485139548363E-6 0.0022054233339131174 0.006323758589836944 1.234317968366521E-4 0.18791027112295935 0.015089987921129882 0.006022382791181636 0.13874063636623335 0.1678125414140952 0.0017310046069309703 
