2.5841643737044548E-5 4.302224697156188E-6 2.2942701509464154E-5 1.627263411318876E-5 1.3283455674042691E-5 2.0402442283018452E-5 1.3583505494507146E-6 1.895354837531741E-5 1.145782511798402E-5 5.325388499210907E-5 2.520069806249845E-5 3.294361987178897E-5 0.522623569118809 1.0102431940530717E-5 8.245244095464954E-6 
0.002131931371697129 0.0028630930090344947 0.002653819375864254 0.0044533016368657995 4.755699682001519E-4 0.24167741918773294 0.23656876934542645 0.0027293962208074225 0.0020467414659073807 1.4864882529820303E-6 9.82035940456776E-4 6.438444048288525E-4 0.0018379806173770012 9.757065030618548E-4 0.0033684033536596583 
0.006419212010244223 1.349310733775417E-4 3.4590657017095075E-4 0.00415273462166227 0.0030514708591819996 0.23572118353036137 0.0035200036685655136 0.0010316089675616673 0.003957138141967189 0.002232409500205154 7.263204722256136E-4 1.0872438262792353E-5 8.887669720943684E-4 1.8523986484800443E-4 0.24859465136426256 
3.4294022474178954E-4 0.0069134684512607075 0.003916842019522473 0.2500337906613413 0.005524259062310046 6.954875009205782E-4 0.007557448741929256 0.0067515074698086515 0.0014870199270418064 0.0011615413119384747 0.21887375677447884 0.003948437576852842 0.0028998161627377247 0.01626482716614325 6.587893227955471E-4 
0.23841236900774218 0.005629266752789305 0.007916894890400683 0.22403658294014972 0.007302061247092902 2.367986582561346E-4 0.002190779394279975 0.004830105651929265 7.80772355365945E-4 0.002171902947098645 5.564238613226214E-4 0.007295930113961871 4.212264560402425E-4 5.8908498347191346E-5 0.003267737150150495 
0.0037115064332914867 0.006934497796356868 0.002496922123494848 0.00880866847289921 0.005543342143544632 0.005629667878454493 0.009343990937734734 0.008385052119706773 0.003492025402165371 0.007379547248076595 0.1882558722296029 1.5593342588484336E-5 1.1944737709828365E-4 0.23523600554088764 0.02462572904763347 
0.011896496651970873 0.01937797604441377 0.016063627373825204 0.20240882669582771 0.0121154244258829 0.008496605867099835 0.01316772638855101 0.007233854110648426 0.18957995756716847 0.003098398357271191 0.0051813463483563384 0.0032617754446069343 0.007194751840807085 0.003523516979852982 0.007262882394281827 
0.006126728088459692 1.3135402854731062E-4 1.1209056916385884E-4 3.6920679832551668E-6 0.0015812625366980965 1.259149076647946E-4 0.2350383606871394 1.6726455879850088E-4 0.0015526074512640907 0.0018545644111372553 1.8311389061256812E-4 0.007332139361532819 6.659068323661062E-4 0.015938725790753967 0.238248112392154 
0.004693129153554657 0.24396603443891884 0.002791697551999287 3.263033791477738E-4 0.002728009633453238 0.003751711846309978 0.25560728863430393 3.4729613745375213E-4 4.7863036488327005E-4 0.001991511292877187 1.6494838333064467E-4 1.171222281878676E-4 2.923425191223585E-5 0.001272281439844644 0.00849942678928876 
0.004041802750568239 2.0756446209061692E-4 3.1507184274842204E-4 0.0011484328145571355 0.25842653708820185 0.23684323568576665 0.001162311491248149 8.539487688455799E-4 0.0017639299134402388 0.002497513342713638 2.9748385016442085E-5 4.966581597885151E-5 0.0016281807555413852 1.7222963799904306E-4 6.630589810003706E-4 
0.21977068633398322 0.0018253220315738784 0.01629554220370759 0.011764043474867173 0.004832779331400181 9.136001228023249E-4 0.002509976350897575 7.634884585769725E-5 9.077845033472039E-4 0.23430592236333195 2.6575599526975935E-4 0.0033579915775988982 0.0013355024638789835 0.003630812185332995 0.002038637721043025 
0.005062303096561718 0.006878040549875408 0.008709965370011369 0.014160157504783513 0.0016567302768818214 0.007293588629793575 0.0072075602483058126 0.006865684259875266 0.22397905585157737 0.0015457805788416945 0.2218522350469 0.0029232791740387214 0.003520008894409623 0.002988969264580674 1.861574399288978E-4 
0.004875676969738918 2.1206595429390867E-6 0.23837126574123807 0.0061879098031734445 0.0069183078950495296 0.2289242151167668 4.1781492656634365E-5 1.8980540442105633E-4 1.397792310148362E-4 0.0023427105380440243 0.0038291806872429645 0.0048838896048498896 0.004803810616987947 2.3093850955608575E-4 0.001572958685491096 
0.0014879834065362543 0.00252534539639769 0.0032250004026461677 0.0019333594815601088 0.0018363550898911748 8.414311380765501E-4 5.912269141438672E-9 0.2539790887454567 0.002498257387665896 0.0011296110931535834 0.0021222768246960807 0.24521200247299577 2.3803433768215815E-4 0.0011823213184298151 8.666478742645949E-4 
6.078532650856006E-4 6.718813666462492E-4 9.35988659990368E-4 7.16052593816618E-4 4.4020687449643355E-4 7.376951073061372E-4 5.198128009471345E-4 0.24569095348020986 0.001138946891521255 0.001670682190391745 2.351230752988213E-5 1.1069736667171488E-4 0.004517470033695904 0.249704573705998 0.0015752691915616925 
6.109484101947257E-4 1.9955224871226154E-5 3.500852968132706E-4 1.908302922748508E-4 5.8187638525483495E-5 6.966930661378909E-4 1.4569686154256154E-5 4.454149217035615E-6 2.4501386934235996E-6 1.0246433486604386E-4 4.307226499710504E-6 0.25652912247445103 0.0024167745837747924 0.24920307409694056 4.912492611999099E-4 
8.199943177742613E-11 1.0247562166183755E-10 5.646243936596528E-11 4.323065665039386E-11 2.2317287120720462E-11 2.644349543360421E-11 9.358760007461233E-11 6.347595436044788E-11 2.9834667718097114E-11 6.39646970173147E-11 2.7470817374722314E-11 7.099708406724287E-13 3.2238860617420797E-11 0.5018190614961375 2.8146540576349773E-11 
2.6909634689486675E-4 2.284926344186968E-4 1.5163438335402872E-4 0.24753959014812393 0.0015742851381942917 6.512438286394134E-4 0.25120028645057946 9.740811835913064E-5 0.0017989973540663098 0.0019452106945207417 8.34112300451182E-4 1.1476172851436622E-4 3.277613488261914E-5 4.2501881110266304E-5 9.299370304575338E-5 
1.5755309966469262E-4 4.666950223221783E-4 4.4416500677099345E-5 9.221423572960796E-6 0.25681906948277206 9.552164610374533E-4 5.34496994613539E-4 0.24365351572075228 4.6578748427481345E-4 0.00145570708504465 1.221117543875639E-4 2.899524552045647E-4 4.972951485347309E-5 1.7669378261630253E-4 9.757893383294719E-5 
1.6235007312332705E-5 2.619531158516414E-6 1.068456949376814E-5 1.5202280884573993E-5 2.8746718198095236E-7 9.21163336334859E-6 4.354504838422722E-6 1.719968169876051E-6 4.068478385959048E-7 0.5039539014993294 2.8499977240242317E-5 7.985737944813112E-5 5.1744921701064367E-5 1.705273075473115E-5 7.350031872381818E-5 
8.46062178968982E-4 8.471590432037623E-6 6.037937694786483E-4 4.053969142148787E-4 1.9824887238178328E-5 1.174152892342061E-5 0.2542629066063423 1.7303978586358628E-4 6.461075366605343E-4 3.0178411313945358E-5 1.5576091235630404E-4 2.7252953784985274E-4 3.2604975001910996E-5 0.25332188257300986 1.140453206965224E-4 
0.012424459066029264 0.02147824839390826 0.015406911998662764 0.2848031378208863 0.01817639055551465 0.020561283956060498 0.02233466979762038 0.018870216939856372 0.01428072286902015 0.01674264462683248 0.01736711555877925 0.01544391027668143 0.019934501534959376 0.00514467004064067 0.023021751370587318 
0.001460755991837145 9.955753616983344E-5 6.92175916720763E-4 6.492709300470541E-4 0.2570538878029871 0.0019120744248844093 0.002295975715450185 0.003963262192848081 7.944178787444937E-4 3.3122691509873746E-4 3.854620856342183E-5 5.301309381155885E-5 0.0027191518199102933 0.24717436729073214 5.733479725702942E-4 
0.23291800395558163 0.00484758546631224 0.0015125693281567753 0.003133122598020151 0.002626530138372577 0.003612151553273279 0.24609892830028587 3.3437703473502097E-4 4.6082574749372544E-4 0.0019174288710373539 1.5881245241255025E-4 1.1276538705597556E-4 0.001466189650188368 0.0012284926365848036 0.008206897388291582 
3.699387986208559E-4 0.001077636097583885 0.0010232917452079173 5.303301659532822E-4 0.0017363497271740116 0.25651150006654955 0.0020417261065802782 1.031511674706129E-4 9.506162314417166E-4 0.2513990653619737 2.021462333498591E-4 0.0014009612849474706 5.398758347818039E-5 0.0023258342495542923 5.067017472830202E-4 
0.001132069921850495 0.002645826113808795 0.0021653879209528543 0.0034345230785909446 4.246222263945672E-4 1.0396982393305716E-4 0.009867096408384818 1.6182298770202403E-4 0.01130842742582796 1.2488870306790245E-4 0.009827103848466162 0.22983003394751228 0.0074471072026376026 7.701492309571069E-4 0.22577676815341305 
0.0037769585950781096 0.007389798676141547 0.0059210340756990784 0.014191442316071293 0.004960340403422327 0.007441480360528533 0.015102192293919275 0.00796877971684083 0.20253309941463982 0.004739091895756523 0.003345067981674978 0.010625089450968482 0.002474689818584844 0.012477963226591187 0.22177983900153686 
0.006069421065255305 0.010505726131624806 0.007284238625709736 0.0073408303608772 0.011340612019661156 0.0064560346311633736 0.012773228880693262 0.007772676730194528 0.22002394860646748 0.005096023323667556 0.007511872013492963 0.21056991127747002 0.0017119103312376793 0.0026460728737403806 0.0041036561260005475 
0.0103501069474198 0.014491757644566415 0.013786151475360804 0.01641391762621879 0.0012301926454571007 0.013079313945651776 0.005835456917728557 0.01479834834292256 0.012847454643217812 0.018676523525340813 0.0032126131872149636 0.013618150518646425 0.16362883601303455 0.01617664449613567 0.19481669962896792 
0.025991729267760035 3.9545257602475727E-4 0.006188870180883264 0.021833162168834026 0.01373972562932745 0.0139536925614954 2.49962688291274E-4 0.01625979830744178 0.006771529611632014 0.013918922284019544 0.36386198371824124 3.0138898191308827E-5 7.26827391934813E-4 0.0014303437618254625 0.02462572904763347 
0.21231414544422983 0.007953425149778965 0.009364610700847438 0.007343302580092953 0.008811899510029699 0.009785587211082355 0.016360389432509018 0.02660688365411471 0.18430078487818027 0.006747380931830194 0.0030545680592440417 7.29525074225296E-5 0.007433843395167523 0.0012275062905351495 0.003395349884747603 
0.23972410605586558 1.0426720562809052E-4 0.006288301903692462 0.0062676964260818015 0.007167074019521807 0.23177837695077216 1.1215240302478118E-4 1.9219916187044282E-4 1.4434124366734661E-4 0.0023722694629898277 2.7377434543649046E-4 0.0049097260091763495 0.004745035927121203 2.6682289805093402E-5 0.0015854534773086315 
2.3812273665032494E-5 5.562511002949456E-7 1.3281447132221579E-5 2.5726430996662815E-5 9.986765816294928E-7 5.606182926997334E-7 5.213131615807866E-6 2.1699055210781847E-6 0.0036893981285453814 0.2557848938249378 3.98558217053723E-6 4.112154197682133E-5 1.084069057086128E-5 8.780552274273977E-6 0.26561852501198546 
0.0010656284575999535 0.0016327682988181 0.0014959252973788001 7.380935293146652E-4 0.004593156617983295 0.24757919604625325 0.0026869696601430656 0.011201272796959158 0.012223225033201113 2.056527852806636E-4 0.22097385937672404 0.001003098040818436 0.001891059917071591 0.0010583551817109386 6.602898974470316E-5 
0.004390293594537507 0.005175229684168755 0.2284804912301005 0.010332069532698105 0.004676646802861803 0.0018438629577299812 0.0210421592574566 0.007046425993406545 0.006579477946623192 2.963964370863681E-4 0.20530320645322647 0.001387948476062148 0.007528200792212751 3.3584862209831934E-4 5.65717199786025E-4 
3.688103164016839E-5 4.055973545060283E-5 2.3334507252613117E-5 6.822200583196237E-5 8.699151202630519E-5 0.5126553606356933 4.3418449804051297E-4 1.8797450626260224E-5 2.3146625159781745E-5 0.0013783337133022727 1.2885695423566385E-4 1.3382243835575466E-4 5.351141936420514E-6 1.607187214560763E-4 1.610993514834994E-4 
0.002103515576902952 0.047434501027139996 0.0018923233242836626 0.0013330194635310221 0.002528479786794356 0.011353324187970129 0.0017158871369210022 0.0015646658521068111 6.250525157445667E-4 3.2829901472128213E-4 0.21848853261381254 0.2123072259783744 0.0016134154257302815 0.0012469523207774634 0.001220883289108261 
0.006160026569841459 0.010202114260299261 0.005974874254276064 0.24411474681985051 0.002807291090140519 0.010894889336455422 1.724362196236942E-4 0.2282281483458766 3.27436175459316E-4 0.00324359627174127 3.489355981191382E-4 0.0022874137715721307 8.125058830671407E-4 0.0012732488904639335 0.0019510258713595701 
0.010713603095869917 0.23423490371950237 0.003911947735531533 0.006337570506081774 0.0072469746192575955 0.2353081565705179 0.0017256678839546204 3.4192479288098696E-4 2.118971314484545E-4 0.002378134629315957 2.7835063070586814E-4 5.47931905558967E-4 0.003629053408680553 2.587005001887741E-4 0.0011624405602810603 
1.8373387127373484E-5 5.762233909751322E-5 5.973706082607627E-6 4.20395445991136E-5 3.8791768027015244E-5 2.2164631489730844E-5 5.229808615582015E-5 5.258292732415717E-6 1.4841612860871121E-6 3.3350103312534604E-5 3.0071511130499783E-7 0.2519336054306523 0.2587941391112307 1.0225849238069967E-4 2.3870138996297745E-5 
1.620282916852315E-5 2.7204943348426348E-5 0.0014301373585355194 0.00808901525777839 9.530033604708702E-4 0.007808478889890858 0.0023372886089946866 0.2493011425466188 2.9044973552698483E-4 0.0016812961671549827 0.24751257076142028 8.028711233015512E-4 0.0012111751686009781 5.952260883947321E-5 0.00202532960660295 
0.0038204098140398445 0.005935637833450981 1.700057880364523E-4 5.24614040992063E-4 0.24321429299273056 0.00193269229076055 0.00963188997711843 3.9306518502256336E-4 1.9367302937431705E-4 0.23413850448287934 1.4830473382394368E-4 8.700578822962214E-4 5.746690431856366E-4 0.0018351750994758588 1.4102833939917708E-4 
2.039854708827473E-5 5.326450779722863E-4 0.0041285971439918925 0.0013879550814582132 0.0030719940328925092 0.0012127061969142647 0.002924353620951974 0.23652351784331863 0.24529605296711832 0.0019401172432803072 0.0013774397433411053 5.261292882446602E-4 0.001713426204569196 2.2434422173882716E-4 0.007055433943273916 
0.006136940088781422 0.2419484575457103 0.006906172210838731 0.0024071178648245356 0.0024568322204213664 0.0018985068922146933 9.142629204936574E-4 2.9719141983823642E-5 3.8982695618617605E-4 0.23996233358643462 2.827210668547481E-4 0.004377266444461433 0.0014447255708017518 0.0017194548106586652 5.78120663773866E-4 
0.006504025491353781 0.00712868588810401 0.009384843751640136 0.006053751588808941 0.0014534763331901666 0.2341585111407157 0.015080196738927961 0.014656075247285188 0.1920356010320835 0.00691967154954945 0.0027896877258414953 8.101955223410681E-4 0.001510559609585085 4.033031295088893E-4 0.005207985911625783 
0.01616613072972839 0.01674299554429663 0.007895467144640485 0.016764447406567996 0.015014508383154582 0.0011397771527271669 0.011236426909847249 0.015192911241456549 0.01641815389215683 0.3209023823914714 0.0028961848461843027 0.020827662194575516 0.012709913544181908 0.02554014764074024 0.024158600463567825 
0.0065117736278069 0.011570648039184136 0.008119520161150732 0.23002880944666315 0.0023747465689550277 5.280091566253927E-4 0.00415060016813768 0.00418425234847336 7.392709954340085E-4 0.003357001079888399 0.003532815038752349 0.22205561894595624 0.0017997912949625548 5.397876272651305E-4 0.005528777126140158 
2.1967691091082836E-13 1.8588448570261792E-13 2.619473697504885E-13 1.071274771338285E-14 2.0013780069361274E-13 1.1992940426608017E-16 7.149010104542335E-16 3.617454388201511E-14 2.4204324359956183E-15 9.022218450403906E-16 2.6257968887454847E-15 2.1688554665867903E-16 4.2958270827158674E-15 4.203070697578014E-14 0.5160394775085761 
0.006303141467921929 0.012591014323287214 0.0012389361363743974 0.011722489891868828 0.2097496889500108 0.006199282325080305 0.003491529688254441 0.0010269941585109217 0.003921530551499059 0.0022065483603038705 0.0017852497882246594 3.509027426070634E-5 9.588035921438786E-4 0.0014649092177030478 0.24889538731567817 
8.14024813783686E-5 0.005038584155902426 0.23962724913092845 0.00284525121128121 0.003979927787201888 0.0013612778608154135 0.003907408472581009 0.004011720598369402 0.0041048147419165525 0.0017285405272664872 0.003517337393086357 0.0029271162892366962 0.0026541879928017394 0.23335160219232165 9.069635841904947E-4 
4.583480071748632E-8 9.173265107911784E-8 9.130411208444002E-8 1.0811189652225086E-8 7.396622812682318E-8 1.616021068565238E-5 8.574623553375825E-7 9.495051970853373E-7 0.25284692585217294 0.2459922294009255 1.1634010567349948E-4 0.002138659957201093 9.745372414204154E-4 6.493220449726417E-4 0.0018403765589573625 
0.018004185139392007 0.015165855990051744 0.018282759338265123 0.013276974276165573 0.015805145670972454 0.021398580776297242 0.023470831691212255 0.018400237345621448 0.02263844832787623 0.01749791404110165 0.01730802216357006 0.017117409866858935 0.2565445323113781 0.007293196389510718 0.023975916482734123 
0.010111401718097168 0.20507063623444657 0.01559478107949364 0.01058469119840797 0.011001063246000038 0.013813799577565695 0.019559562816474516 0.02541105144821504 0.019353298695695825 0.004292412477113428 0.10827270795623159 0.01623414283475628 0.020609981012203 0.0053469048845445726 0.02077959695202832 
2.1546049666666849E-4 1.757373581659588E-4 0.013709252849139823 0.24478918386942686 0.23808541881691192 4.689629133402966E-4 2.36553790322534E-5 1.8991594915287934E-4 9.855740528322073E-5 0.0027626300491450048 4.961987466342805E-4 2.3238779530262386E-4 6.198866838970819E-4 0.0029179976186636068 4.750063233285881E-4 
0.009816255218826099 0.24708912938583374 0.011893752084087415 0.2342523453050835 0.0054442963412858 0.005918251308266743 0.001160776446550426 4.676529036770376E-5 7.697868823310281E-4 5.195942309898797E-4 6.664426083335522E-4 1.8828376767968385E-4 3.399245496573945E-4 6.625178855384229E-5 0.0019116599485414787 
8.154839398890635E-5 7.320170749368367E-5 8.587006350621674E-5 3.3459615547101307E-6 3.829593334867331E-5 1.4771625836397994E-4 7.990863007278612E-5 2.5549984229202322E-5 5.853253778546459E-5 3.046763025963628E-5 1.311587766974529E-6 0.5039427362578549 3.3125112398113595E-5 9.471045861410838E-6 8.318403145563372E-5 
0.0014293876462106298 0.00234868011637396 0.0013583410746256714 3.681763754724669E-4 0.24036540059989092 0.005144172623006512 0.2497101858281433 4.0424896436539716E-5 4.297140899410181E-4 1.1308414951882045E-4 6.724950957730476E-5 3.7887121217035356E-5 5.778351020775803E-4 7.0837914064131515E-6 0.0031885630013896446 
0.0033379427723333305 0.005456416853811012 0.004169068029918886 0.24500577203126486 0.008315098612935995 0.002700843383624283 0.0012246318758655384 0.004841968958038629 0.002037354369724157 0.003822928921727306 1.263258310324359E-4 0.0037193722285213727 6.602896125655968E-4 0.2324053966865151 0.002385264161535373 
0.008838846851276972 0.00836326386436414 0.20504373235859572 0.0023230769743150513 0.0048041547107880184 0.008150810260160951 0.015178956109022212 9.129646334960639E-4 4.5064648651302395E-4 0.002607141089772494 0.005700512369424679 0.003641311173223075 5.017475361887129E-4 0.0024678257809231064 0.235623941972427 
6.6290425655219075E-6 1.3267203939639836E-5 1.5306873135983255E-7 7.614234979127647E-6 4.781565579915279E-6 2.1743405910455725E-6 1.7550253609268205E-6 2.3754901696555635E-6 0.5145027240550825 1.4279320205998382E-4 3.05572127413682E-5 1.802646934657664E-4 1.3914738207481298E-4 1.2172228516496971E-5 1.0687267801612389E-4 
0.001070643311729345 0.0017039924069718036 0.0012195626000856869 1.0631828584577883E-4 7.298486621725834E-4 0.24427098262528832 1.2385288331132944E-4 0.0035014447642632745 0.0011083753619380737 0.0020266159817780233 0.0014580914815938064 1.656058329549311E-4 0.24651485877546908 9.313019390645795E-4 3.392275084914418E-4 
4.5978672975226565E-8 3.2177056407249563E-6 2.3947879463157566E-6 2.1903355074451173E-6 1.8923595326255108E-6 1.9251653565749286E-6 5.720636860683265E-4 1.4476131133961767E-5 0.25143955116676464 0.0017458965354733098 5.1917971113064743E-5 1.6301248752563955E-4 2.465221908118875E-5 0.24993218522204952 2.0727967871034993E-4 
6.043079537433356E-6 9.596198438722764E-4 6.22833235312115E-4 0.0010474385380370172 2.2433230433554298E-4 4.384726004331929E-4 1.0098193877208906E-4 0.0011575064024490701 6.748245460360994E-5 0.2456289855784044 0.0023487121635090286 0.24823073879896415 1.5521056960725709E-4 7.88029522615332E-5 0.002794539691198896 
0.016235498963709547 0.016535899796374653 0.015359159421813744 4.489111420896808E-4 0.008135776391997968 1.8906134559500807E-4 0.22166291749271055 0.004207280684895535 0.009795565839733312 0.018115746888679046 0.19206006184558785 0.0010957372057807584 0.0014607063870231724 0.018802314098033672 2.6672186472224084E-4 
0.2464430500537524 0.0011728397880874965 0.004876920464825227 2.0014537706094103E-4 0.0014081719636780008 4.095777029660219E-4 1.0418158872504364E-5 4.863388428544135E-5 2.0156326755146217E-4 8.560698046900305E-4 5.321705568196716E-6 0.002750808410904969 0.24229449068475886 0.005364425176287861 3.410684952065837E-5 
0.0011629589483746676 0.0012954846377525224 0.4893197863364334 0.0023117697159984714 0.004549265680739462 9.901587352526301E-4 0.0022911055020880876 0.007529022008277236 1.081656543413678E-4 8.679060025228133E-5 7.1148106556002E-5 2.4702143795021027E-4 3.0097168412139987E-5 3.761211632437181E-4 5.85721660579269E-4 
0.25823858286290435 0.006111760277139295 0.2413770883918272 0.0017194260340290819 0.004628299192800386 0.0010206083261699406 0.0012355119141529444 2.011509911624668E-4 7.676718775291022E-4 2.7918872530248125E-5 3.036492873528502E-5 5.57257806938473E-4 0.001077329622882881 0.002301846678291851 6.607903901612122E-4 
0.2392288986920098 0.0024134791512884454 0.008595709149573616 8.717160800525247E-4 0.002651915489800741 0.0018018375674019244 0.003433630890355567 0.00459760207346482 4.0462031781142096E-4 5.195169006955644E-5 1.1525896131957978E-4 0.24256259374271646 2.339139733835934E-4 8.965859409724297E-4 9.918143977607648E-4 
6.994146122911046E-5 1.1149424200008798E-4 2.483300000978994E-6 4.2489981452541416E-5 4.9818686896888805E-5 4.319482962480623E-6 0.0042730104029258505 0.22566042308956835 4.72301845790651E-4 0.0019072822678369206 5.563903776761828E-4 0.006133557786423074 0.0032420673486258838 0.010483648532727912 0.24959622529310796 
4.8535750001880057E-4 0.0014007516666056066 0.0013067859213308365 6.919301376389728E-5 2.286599273691753E-5 1.854992097048716E-4 2.78812617461645E-7 2.006505470946667E-4 0.25253365787334386 3.1834109556853337E-4 5.340358503525267E-6 2.8167097306012724E-4 0.24863874504236946 1.4972420957985752E-4 5.414206817943218E-4 
1.1651278825527826E-5 0.00184342265438568 4.4127041085200255E-4 9.381845067047597E-5 4.4738284408736665E-4 0.24976163090484935 8.637526223055735E-4 0.24639804794127013 7.417565347887571E-4 6.27773866976155E-4 2.832157806752512E-4 5.560894798766929E-4 1.6908886347107038E-4 0.0017007822659912645 8.825098393376833E-4 
5.83833436892804E-6 9.285420230134802E-6 6.704292013050051E-4 0.2613915440585174 0.002043145116175794 0.001613670920666522 1.1644101469466952E-4 6.170484670853609E-4 2.198581699862317E-4 0.254988115496033 0.003156592367305745 1.4897639797615333E-4 1.541394255837903E-5 2.6046304916713268E-5 7.753582623357594E-4 
0.15928975563861028 0.0015998625369997694 0.03348006796790975 0.04687311437299023 0.0054515917239070545 0.032830900658481266 0.02442213818373345 1.575424675272965E-4 0.018608077924880385 0.029476989059642113 0.11076368685068246 0.006562813713878052 0.006695158828905121 0.027202696997670864 0.008216303549788511 
0.24939420440317292 0.001269641666117785 0.0050763803403265145 9.027307713203356E-4 4.150760003309717E-4 0.0027146815622441584 3.7509233503024166E-4 0.0020040922134008793 9.883848498775775E-4 7.613764049534661E-4 0.0020638061812581487 0.0024218124174846577 0.0019385907436069592 0.23976696662816224 4.8821769814370825E-4 
8.737185583997829E-4 0.0014687360318928195 6.687510871214124E-4 7.804646853367667E-4 0.202598405166895 0.02035617503140006 0.030291591108489637 0.012577028223921882 0.21091748652348083 0.008300625047112618 0.0011580198201457735 0.007720853657279249 0.0014401554088292448 0.0051853305244050334 0.0033958707452435536 
2.373694483941582E-8 2.3767718234663245E-10 1.69399126408924E-8 1.137373165943251E-8 5.562029204446096E-10 3.2941789777824167E-10 7.133547319393358E-6 4.854768306832516E-9 1.835455446319967E-8 8.46705958570899E-10 4.370133710238721E-9 5.301610275933422E-7 0.2574603069496252 0.2533215220968928 1.1404515841044604E-4 
0.0015204225924639642 0.0020302000722587834 3.125841064600878E-6 6.92406509118936E-5 6.681263929252382E-6 2.796385125085232E-4 7.694188842786724E-4 2.697328125289983E-4 2.5964704740007326E-5 0.25852350383368417 4.26508521751419E-4 0.0029780237184395173 5.22364053529254E-4 0.2514743158016225 1.2988343434697136E-4 
0.008677178524969537 0.019575374548473364 0.01875284457682036 0.01790486248206653 0.020722578930353272 0.007852857614009397 0.014830798609956937 0.013042362564183112 0.29493660634487545 0.007326295703728822 0.010527028604198716 0.01881682631618434 0.006353559309207625 0.02053825895136808 0.02464240831976735 
4.410534976214597E-4 5.871832738565629E-4 3.1334304946506507E-4 0.5115252116615987 0.002112424952929034 0.0013427805724408098 1.9330399373643293E-4 9.60654793076455E-6 0.0018521121148645913 0.0017904648312353504 8.664750714519142E-4 2.591179152631949E-5 3.3724636621057334E-5 5.036378081545036E-5 9.568604611938859E-5 
0.4960361939386583 8.426498693061214E-4 0.009645220890127697 1.958732784941036E-4 0.002311759778641707 0.0035702055738077903 0.0018015278191444942 3.6769435960758883E-4 7.64251473569704E-4 0.0017322760989661632 3.842343055710131E-4 2.1623732585452816E-4 7.781382629615897E-4 2.8794450441896574E-5 1.6918407967019992E-4 
0.018364562074959134 9.845197505979977E-4 0.27439766672901644 0.013523026131913382 0.021578851921527205 0.016477817886839344 0.020652602615893235 0.01668713917936004 0.02323148166375824 0.00496770267332907 0.018195773959361724 0.01508256763189018 0.017373720550275324 0.025246433793897145 0.024758657761929134 
0.0013229543156164229 0.0014478519443434968 0.2502857258609932 0.0010943412744260353 0.0023400591934937998 6.635547990335219E-4 0.0011792100956743233 0.0038751156394252056 5.5671828070908334E-5 6.045577017237617E-6 3.6613858024975434E-5 1.0943655549679304E-4 0.2473803674685819 3.759767409056675E-4 6.342237507223013E-4 
0.002575445314494063 0.24374544070337092 0.004812780676088347 0.0016622229755382286 0.005430120879357486 0.003056387012938235 6.903484052355226E-4 7.388850673651724E-4 0.001829459287058928 7.667579223633547E-4 2.4047134841798208E-5 1.5177590984992396E-5 0.003891008926137216 0.24954806595571982 9.630079377673932E-4 
0.013032961572929639 0.21102580558556755 0.006322117804181559 0.004495889539920928 0.00925628982154657 0.019919269588159736 0.020297712583100588 0.01616608953570502 0.18950224169532043 0.010533614788002143 0.0032728762556443426 3.840619371944385E-4 0.0028795973878381893 0.0012445359193020776 6.672655748702509E-5 
0.014829245184763449 0.01524631285947626 0.017837889555936876 0.020517562591414504 0.015316653253211682 0.019936248805731135 0.0158335594603306 0.021458137806853544 0.023965438933635105 0.02037571662430063 0.02005418890905695 0.26442630504824566 0.007705369212948973 0.0243224073945106 0.022306038913352276 
0.003260830591323374 0.002652311758072177 0.24828447551766786 0.0027049964271523607 0.24226038787249188 2.830094306854812E-4 4.2096244758425704E-5 1.9068728178969212E-4 9.895769048113919E-5 4.3614808393155455E-5 2.6964801524149133E-4 2.3195923204790008E-4 6.187435057260212E-4 0.0029244087080531364 4.773756144722556E-4 
0.0025143454590342436 0.2482526529302926 0.23898074629102614 6.481807955708055E-4 0.00218583951798311 0.001409759017415509 5.956602518701188E-4 0.0036514786069708786 0.001638489807577939 0.0019789982476273197 2.7557017566594543E-4 5.536841163047249E-4 1.600805490187309E-4 7.416099422544906E-6 0.003290056884252148 
0.011709470501669626 0.01213212968151401 0.012457174512766128 0.009618191426010017 0.007805372012680344 0.2898192643176004 0.020291988641410828 0.012255815361460056 0.017074258346922198 0.01573069286731072 0.017642883920945766 0.019293082341524895 0.022336877648498975 0.018403330124579398 0.02294341058549117 
0.0019792294869753705 1.3702290505459813E-5 9.047781840430876E-4 0.2532149836133717 0.0019888778486010744 0.003989734822253149 1.1108346727387398E-4 6.104448040068647E-4 0.0016538975189885282 9.132007012955688E-4 4.4205972698083774E-4 9.91610669945082E-6 0.2573005860030046 0.0013029076583226636 6.5661991547688E-4 
1.8079791096159984E-4 3.1158030400007007E-4 1.500464636607801E-4 0.24494734832697201 0.001907160682104009 4.96501990326757E-4 4.7617893678949044E-4 4.825010323296429E-5 0.0014135919251280985 0.017609670517677454 0.0013029591664845846 0.006551554969505193 0.003030248399971357 2.330401011784974E-5 0.23620255337364174 
0.0036756789565089492 0.005114528338326719 0.00489343978529991 0.003917805354328943 0.23527509506393493 0.011176535411423095 0.0067766890653724685 0.0010537632137295914 0.008451628783200485 0.006951900112607766 0.011188890198782333 0.2126880856156503 0.001667547543477971 7.772522648306213E-4 0.001682967729371713 
0.011750983862969175 0.021024869709211053 0.018394745272654844 0.011513765643092502 0.013933213128129543 0.01976792346831553 0.006935100943879608 0.021510175695369376 1.7865560775370771E-4 5.230497479831309E-4 0.17079235835021378 0.0021945273829025295 0.21572281715079686 0.001262928619824456 0.005682295851013099 
6.12635407408281E-5 0.0022871779094577062 0.254736068616402 0.002323984168130682 0.0023582702250499045 0.0019253958862475904 9.20840365770625E-4 0.003953078531205153 3.852783187254393E-4 0.24531044993142553 3.224715449321818E-4 2.0798916142769202E-4 2.3476552576113877E-5 0.0025681272897201146 5.036349670731633E-4 
0.01749903613702194 0.028753545976206718 0.015893194326860906 0.0019425401827990255 0.014212857607838691 0.004453936730025657 0.28525529782146664 0.017812865263965597 0.023979164676020123 0.02475289610730905 0.010752196236113485 0.016682247673584755 0.01928696699688123 0.01782984921553757 0.024922576499780368 
0.006913662754498188 0.006585667339950837 0.0049611267087815445 0.012185667239236787 0.005252677726281291 0.007712183661817587 0.012389311621957104 0.01042828792751636 0.0030510259692821578 8.836479475514841E-5 0.21324490995727788 0.003023480024712394 0.003913566333991077 1.7947507249384602E-5 0.22686148058097144 
6.99443421732094E-4 7.484991385586556E-4 0.001059014723166089 8.10536361680424E-4 6.873829908407762E-5 8.020166175291805E-4 5.35754997139922E-4 0.2507068318720193 0.0011621989446460364 2.3486188995745476E-4 1.4481839781692657E-4 1.1176893033662419E-4 0.25109519310848877 3.766295415584244E-5 6.650505778658201E-4 
1.5504780515581844E-4 4.6962006253877816E-4 2.5148379113047346E-4 7.477404088474473E-4 1.7638990461643495E-4 2.3588535462545083E-4 0.5129600154033782 1.4121996885028097E-4 6.192792858254396E-4 9.881966688922782E-4 1.2321608859383604E-4 9.249939300196868E-5 4.976171427569877E-5 4.450816396132652E-5 0.0020700828398726775 
0.23702698193986585 0.24250788597669845 0.002091570383290867 4.4715804708063634E-5 6.042375599647743E-4 3.4168224619274664E-4 0.00562594910687054 0.00428288863041494 6.58349896694903E-4 0.004940690242886886 1.787002315326182E-4 0.006462111368953508 0.0015234529283466322 2.8666893517521907E-4 0.0019683123378923992 
0.002529925756308487 0.2394373761103762 0.003585522408299286 3.10009383886071E-4 0.005271320972029373 0.009660294230168991 0.002829286920897801 7.45416992209178E-4 0.001841001861433791 7.536090725114139E-4 1.2822175934495994E-4 1.5278272161775255E-5 0.23528576262606038 0.0022884661374670623 1.080738432200482E-4 
3.523692915968689E-4 9.764359735133756E-4 6.208989066194755E-4 5.433659160273709E-4 0.25912184254159887 1.337526094656762E-4 1.935665304961095E-4 6.09839118966655E-4 9.414374102149238E-4 2.5863578648268915E-4 1.4047995407578465E-4 2.899241072187048E-4 0.2591449312349361 0.001305518241490403 9.402189376787561E-4 
0.02523345241363696 0.027677236600286727 0.016203117529484532 0.022004787385763936 0.009788579551119803 0.02705406126354368 0.010944567043169241 0.010106670653900396 0.029956940393174935 0.029539532729898593 0.010764309179829314 0.023415950182611524 0.004912280947169412 0.24176246273609125 0.022440497332518152 
5.012316395630067E-4 0.010107211675616139 0.0064649356196046885 0.013995974895863674 0.00856943122209792 0.006274936077848458 0.21735817534300944 9.952004797516999E-4 0.219234016674228 0.004051191017505018 0.005660862427097403 2.0928405424756375E-5 0.0010344677322426843 0.00448562825332103 0.005592194630171732 
0.010135954452889511 0.01194805934305629 0.010727267245840631 0.23910085789346772 0.007269511108104058 0.21493745500850545 1.926725487259114E-4 0.0013998194134774284 0.0018138915427709434 4.890177558474767E-4 0.0015239315661287464 1.9598673783024794E-5 6.097388102546586E-4 0.001986395685800736 8.949173475593673E-4 
1.6942469428671717E-5 2.859358695158285E-5 2.216316820846093E-5 4.494772319119934E-7 1.261877142571381E-6 0.2626129887876451 5.264008667205088E-4 0.001354787869592687 6.715532629811391E-4 0.0016865275111149628 7.212641123595394E-4 0.0011899847119034449 4.201007652935144E-4 0.2540992214194568 3.6310028051940704E-5 
3.065622636167924E-4 5.635579855857437E-4 3.7280377841522627E-4 5.694644375059406E-5 9.280331559751702E-6 9.283637702596191E-6 0.25774627454661486 1.4899447820011712E-4 1.0420484759250585E-4 0.25683745299028665 1.9233904529825462E-4 9.002289826707684E-5 7.555261933033662E-5 1.6533034054294374E-4 4.6940380329635476E-5 
0.001350807741341811 0.0026505815940800572 3.1872357043718195E-4 0.0027407469220653495 0.0015100157670827686 0.24025870336272356 8.569038906883864E-4 0.0029493788826657217 0.00691183792481551 0.0023900920294980914 0.0044406589315706775 0.23591882888436064 3.527340949156672E-4 0.0029405398088532017 6.304925086026699E-4 
6.848480330207888E-4 9.183055786497017E-4 9.0848185966269E-4 0.0014606191976830139 1.1635808944368381E-4 8.36414801867692E-4 3.9538832669489286E-4 3.1463139001413574E-6 3.590949390983903E-5 0.2475619178406497 9.997060431848148E-4 3.280262718333738E-4 0.2546326758982801 1.7211938327280433E-5 9.714000101525618E-5 
0.0014602961724970293 0.0013751581078621257 3.2877173224184404E-4 8.401804917614235E-4 8.708453517671811E-5 6.596691680155606E-6 0.2513551727458871 4.009552451543604E-4 0.0011758007271838158 0.0023010523487510073 0.002092052937914051 0.24192510908042 9.849689027747362E-4 4.2447208273808656E-5 0.0018954225065157763 
0.2336659185572964 0.005220524101691985 0.004360377112409225 0.005192398847196014 0.23563262772220755 0.0021662744350243973 2.9873953743369678E-5 0.02031373256420212 6.73342466697536E-4 0.0018978191925318588 2.7395173161772135E-4 1.3186152261794462E-4 0.007417888485561486 6.834269151080724E-4 0.0014461336366800258 
0.22456097344701315 0.004702757246272959 0.005993348297215469 1.363518968740976E-4 0.0022555603373437686 0.0037615426746347496 8.997874809915221E-4 1.6670791601552452E-4 0.0015474405005439288 0.0018483925723302788 1.8250450254850728E-4 0.007307738600913284 0.006474799617032321 0.01097582009239217 0.238248112392154 
0.005381669960334476 0.00869363204588257 0.20698330566303835 0.017646796906027214 0.016768657382139847 0.019733787906534517 0.013564390786922861 0.016219674306679102 0.17909141423256558 0.002673427416374263 0.0039049055516511113 0.007792737597714961 0.0029460901446860077 0.0028963292660095547 8.382246940553071E-4 
6.964228526926256E-4 0.0019298285700896436 0.001227144924638801 0.0010739086813746795 0.5121285454813259 4.854434834198026E-4 3.8272849481540993E-4 0.0012058014755105338 0.0018614526077984203 6.86299064871977E-4 2.778564781796607E-4 2.3191721165129715E-4 0.0014819644736581124 0.001304244653993895 6.537556601307931E-4 
0.013729181060560217 0.0132360908638719 0.019651815472773605 0.013062214082746985 0.27761235010677127 0.01517111159834582 0.01751582986060731 0.01762097600026421 0.017428964823197206 0.01729146809861921 0.016772292707286147 0.016988563530534188 0.019029865156554058 0.019662487023309555 0.024497295659935123 
0.011120024488441231 0.23988091078529059 0.001576423983144396 0.0028977643036677395 0.23864498459840366 0.0013670219441247694 2.2111838183350213E-5 0.005510533267339164 6.541572691781105E-4 3.221671375012608E-4 0.005026239176386657 1.4764022522113267E-4 0.0019489261453566524 0.0020162434821653324 3.4447302243308815E-5 
0.0032051856008468507 0.00495253733075374 0.2483646631350934 2.8125373123545736E-4 0.002357011736662441 0.0016644168997908305 0.2440599491327947 1.0378534247199988E-4 3.312745070749284E-4 0.001079353982823125 2.6531244153907816E-4 5.58960364074336E-4 1.1217699174290058E-4 7.098204433578682E-4 0.0020502133523743913 
0.004759458158479875 0.46992274275913737 0.009439481242485864 7.71412992757824E-4 0.005315945715157867 0.0033004427891717906 2.664636286357903E-4 0.0046209073102738045 0.0016884338009280286 9.501395294425705E-5 5.744713188993665E-4 5.551198655627656E-4 0.0017856901090254587 6.17676762767085E-5 0.003394961944937066 
0.2556610224752585 4.343084835500677E-4 0.004971224005227961 1.1966759778365059E-4 0.00119158485546246 0.0018402443592718855 9.285883792165412E-4 0.24880138478747268 7.630294628776158E-4 0.0017295062516216784 3.8361992869911547E-4 2.1589157012704677E-4 7.735476503765062E-4 2.8748223361627096E-5 1.6891246878993627E-4 
0.00287791964736812 0.22789857512924383 0.012240633099480975 0.011206972266704047 0.005076120490428171 0.001885371375223318 0.008522788456082637 0.0043989742281185 0.002185845125129619 0.002173912858955178 0.005985113971015178 7.139910471264013E-4 0.003711245668604308 9.983259654173916E-4 0.2323817507917649 
0.008015321321020435 1.415777436834654E-4 0.2545337331852736 9.688156146371373E-4 0.0018189416449470544 0.0018926024291740628 6.317857264690808E-4 9.969802976920488E-5 2.1206594776621476E-4 8.331541286126147E-5 8.747301292518524E-5 0.2500771709285325 2.3712095877001383E-4 1.9417535393663897E-4 0.0010811487670875776 
0.010916646200161539 0.014431446581487954 0.013183773683647643 0.01265922607952995 0.012904291058478404 0.016692744001662988 0.02104285824035574 0.2883604871646934 0.015174953031257188 0.019497459687399975 0.018024058146775233 0.013028725859228948 0.01644094749475226 0.0183597438676662 0.02030730222067389 
0.0013601634618679765 0.0018537219337727833 9.822838199084365E-4 0.0027889485745531783 0.0021316215177363024 4.6315752322322515E-5 4.405481850461597E-4 7.999749725100113E-5 2.663950661084141E-5 0.2452228500623099 0.24315661145675466 5.577969946863339E-4 0.0016728005008956937 0.001205342128049365 0.002465280534679546 
0.273894379704292 0.00679499361130722 0.02034226169547851 0.013858395665036998 0.022114005031760992 0.016886465924467842 0.018611618231905838 0.016984564465791403 0.02364555084684593 0.005056245135559399 0.018520088584147575 0.01535139363914155 0.01768338320458071 0.017395625022309593 0.024777736985246632 
5.626598144297994E-4 6.762651892973824E-4 1.2820101362186342E-4 2.442240763833261E-5 1.256432640308918E-5 2.6923453718410105E-6 1.0938461482281404E-5 0.5062055844123053 6.679666251138465E-4 3.3426195142120037E-4 1.1537216167202132E-4 2.3957162234350028E-4 9.405103425426302E-4 1.440450654059821E-4 2.2229185460221765E-5 
2.0467836931975826E-4 3.162736716690197E-4 3.036570535262865E-4 2.486015787633077E-4 1.0859738615371812E-5 2.533205439673426E-4 4.657111926182448E-6 0.25092236838183474 3.8172374246862303E-4 0.2497908644548831 2.7961605003822427E-4 8.237324365944065E-4 5.520807162578417E-4 3.880587039946708E-4 7.970883623374971E-4 
3.0042003558850147E-4 7.697596436151505E-4 8.990025494774853E-4 5.10336042053764E-4 0.2692529265274546 2.5942240222379284E-6 2.1679019652484437E-5 0.011693618006539282 3.177498024860713E-4 1.750147272398922E-4 0.22218681381502034 0.0010074752672889038 0.0014621303043109257 0.0011826181347502805 1.7349235738021154E-5 
0.028812123670243536 0.026930304552002578 0.019022625629193247 0.010315309674071647 0.01976696023730347 0.027859644121402644 0.025833998460805405 0.017409592413170607 0.027683386486213973 0.0181364381476892 0.02304104856018151 0.02702515734680454 0.011598978102195625 0.016110729830554494 0.2173161092572052 
0.009874020599654781 0.013293870059747512 0.23657526773906137 0.24607252899408602 4.4815096923347505E-5 9.95115440012234E-4 6.931584070783421E-4 5.468145043793505E-4 5.7268702548208E-4 6.077876667174892E-4 3.435435550270342E-4 0.0022040102128467894 0.0023741101891601203 0.001212778294567881 9.205294383556896E-7 
0.009922906038773742 0.22376259147147853 0.00919495608720369 0.0062952018673773195 0.011940778894023408 0.005958137396321221 0.006876265270030234 0.00627025940491077 0.0025048424301797574 0.001315629136986198 0.0053808764864991115 0.21234746467148952 0.0016137212171506347 0.0012471886562650275 0.0012211146837194122 
0.01306165236451176 0.266498317730381 0.02026041101618865 0.013751407798931607 0.01429400398580207 0.017946687930035628 0.02506397371186517 0.016825441310310857 0.024115003201200687 0.005980502905120396 0.01850276910698285 0.015986261154138787 0.018876780105512213 0.014096955704547992 0.02077975679955563 
0.00953801760778434 0.01782062439378211 0.01833811915723948 0.019055399073552286 0.016351878453530342 0.015077771689252381 0.027037908849443786 0.024328653885462865 0.011700540767861933 0.020746317975091026 0.28926614636090353 2.927162751591588E-5 0.006582574357870337 0.00968132310070452 0.02463599880936169 
0.002230419354999171 0.002737435787774581 0.002184714262732696 0.0026777878515966856 2.1220467496925704E-4 1.2670056570188115E-5 0.25505042550689033 1.0011048633763241E-4 0.0013561222070239288 0.0029348263435062163 7.291494695768659E-4 7.466806236820568E-4 0.2466932104595136 2.3905286842912897E-4 3.559447426066022E-5 
0.009824284678545356 0.010018407986796273 0.013661588764914197 0.0046065327213370335 0.009736670381017345 0.01185064473599639 0.011631527921422354 0.027168096038747012 0.01633390426161288 0.009295313878270832 0.007485254789416318 0.027587387964729055 0.011068706707357937 0.13509043380693783 0.19770874185926646 
9.944066976114384E-6 1.1363096897881838E-5 5.068380719734246E-6 1.0709342551696684E-6 5.137342023170787E-6 0.002868037831983971 0.2513357782317105 0.24714995937789538 7.441650811721622E-4 6.296897715691949E-4 1.7889587994646133E-4 2.5643387750636415E-4 1.455633285234345E-4 8.871952937758322E-4 5.787870080341788E-4 
0.0020786873662729578 0.003964142963250785 0.2526721383481401 0.002546761789265814 0.001877619999975878 0.0011433826957920911 7.668876396986179E-4 0.24021447309858793 9.841240374769695E-4 0.0012912776520451284 4.007830246891967E-4 2.0312582952434553E-4 3.2507022850395816E-4 4.776699541501246E-4 8.486015891665915E-4 
0.009450223909372642 0.2371001387422899 0.007949753087455418 0.003908332254497554 0.0073173185610154725 0.0057857982336297345 0.007822754037081868 0.2229156697227564 9.673660229000774E-4 0.001277432059038715 2.54067058562238E-4 6.012092690922147E-5 0.0017639301400907722 0.0011832239298796468 4.804284437740321E-5 
0.0059416659835251585 1.2738638828914674E-4 1.586554689149092E-4 3.609497239806346E-6 0.001545898609534487 1.230989011382828E-4 0.2297818777976183 1.635237937217824E-4 0.0015178843767929572 0.001813088262026285 1.7901866534795764E-4 0.007168160745511139 0.006351130901707574 0.015938725790753967 0.238248112392154 
