0.05207548977297334 0.05288697531831153 0.13880018804715938 0.0380402638697178 0.022200044480635745 0.033307155576875254 0.023169980186667733 0.0021968795215462672 0.14969587791032998 0.026695580105296164 
0.0045665780514899034 0.15301456314426418 0.32484255753019975 0.01367661202979496 0.010413317708204688 0.0017153214328199206 0.005213891261378004 0.005751939694362016 0.012408423145877322 7.090754817824234E-4 
0.16750084950834598 0.010311405643166904 0.005073640813618724 0.006430999287316151 0.006717569639312414 0.010296199712781354 0.007185463227397227 0.3028857703258061 0.002798749398565219 0.006559456178962809 
4.3568608283190426E-5 0.003549922715489145 0.14199688120813592 0.018056008856388188 0.015601285579089514 0.02634030832202243 0.0055944138107312585 1.1007987276129971E-4 0.008534909587460938 0.2988527983292342 
0.2345938573004276 0.0032652918892589512 0.036723579010443645 0.2537237104598623 0.21201300003790274 0.003763292283221416 0.0015515740567553077 0.009020147379124294 0.019269518048955183 0.018483150405156364 
9.4269082852752E-4 0.005178708489521999 0.0032281747605197113 0.22139348273442208 4.56254152546315E-4 0.22305921696588568 2.941559689833073E-5 8.90217026191004E-4 0.00652480462329491 0.21592310992862201 
0.292791566219017 1.502362256531902E-4 0.009576119994004572 0.19737286093953618 0.00717413758942413 0.008181970013166683 0.0019288462170441976 9.449504758893499E-4 0.011306712670553522 0.0062721220868096885 
4.11871568886195E-4 3.211907369889603E-5 4.115582001380213E-4 1.1849758790797537E-5 9.741011165431801E-5 0.3512059151416831 0.020305548583762937 4.934294570809927E-4 0.001379236620561103 0.17500086604493767 
0.026331966237346245 0.018344929380604974 0.0069853872345290256 0.037787147353627176 0.002085755798356246 0.004823526812301948 0.03246227159951748 0.2659945620572036 0.13268851640287407 0.02475544658758703 
0.16696822908720604 5.430105055075549E-4 0.0134146598742513 0.0014290575788075985 0.002611291464466987 0.0029347307712137786 0.001846431379622894 0.007196320649444904 0.3232554898766263 0.003164359871019326 
9.764461002743745E-5 8.152832969102324E-5 0.0075638870441427876 0.1834211344534851 0.0027259532106346587 0.306548796765895 7.698762902540167E-4 0.0017753869526964934 0.03197783522807477 0.00442754427664108 
0.15774598697276418 0.004337737850676818 0.0016885037664471966 0.0011144369986027115 0.010312304408847398 0.38060452966344327 7.947646904863794E-4 6.422572589124487E-4 3.0257480873607163E-6 0.0019058682243367248 
0.16799216178908385 0.018771237784366675 0.16253279584829858 0.022331587714896368 0.0015603880822157572 0.14313553039466495 0.0027548457765273504 6.019300608152138E-4 6.53289461330872E-5 6.360336249083833E-4 
0.16259132861259942 5.287760433451092E-4 0.004108006394704305 0.010322767465927009 0.012477064823082704 0.17275075278293603 0.0031009438633109914 0.15165871670480582 6.082368523872613E-4 0.003142189634898635 
0.005373118767693788 0.03860406533855601 0.004492100280832988 0.015713558226591023 0.1385568050334916 0.306263535535994 6.097116584196548E-4 0.003088998283539337 0.019960640386055814 4.4856801715277854E-4 
0.013172268260718083 0.1939537589736305 0.009486336850128466 0.015827950355440386 0.16206164966354347 0.02602470982286986 0.14204196903117444 0.005381211606673134 6.767820831595663E-6 0.003511318750051638 
0.30134981463183413 9.800434254613462E-4 0.010602688088106228 9.874988231957115E-4 0.18679714242287235 0.0018089180291433902 3.756102510793641E-4 5.166661429486278E-4 0.009348986890694057 0.003109568471815366 
0.004480040995922045 0.004433866169714413 0.16811041365960316 0.008035373796481324 0.0011385796859478376 0.16121628211311986 0.14917281815135197 0.0044282024718745195 0.014492878152431717 0.01096266343640679 
0.0028757530637920727 0.21038109250561995 0.008764322795654778 0.1638612352461149 0.011896818392213305 0.12915402928682362 0.009902021320214706 4.045093562758895E-4 0.00408984021803442 0.010764092275211853 
0.03199264325797953 0.023373058740184974 0.002648746431675764 0.1507013506256726 0.14509988726820536 0.004088088512514725 0.0025656841239033697 4.2607064173356455E-5 0.19115753521722695 0.014779914024528266 
0.03067788273395894 0.02626209713411226 0.009565657285371872 1.5618702532860205E-4 0.046861807094134414 0.01637958903277771 0.0766310991267195 0.0040399027092434744 0.033772449201813895 0.2954898816351509 
0.15013014456422172 0.012813359946217883 0.010393514659883413 0.06123530859898252 0.036918519537001766 0.20232253864354188 0.032451688865680874 1.2251126976829798E-4 0.009281796455904738 0.005449095614443025 
0.002189678551462532 0.002354730577625688 1.85364103317287E-5 0.3593198349099291 0.14827385048325753 1.9257265691142306E-4 0.006318785016195671 2.7472006928915146E-4 0.0018063629150160965 8.831231807409146E-4 
2.633702898416248E-5 1.387210723683364E-4 7.016027329918499E-6 0.3540231129953604 0.003125493699588753 0.004033680889638331 0.003101572549930816 0.0012482678472936456 0.0011038970858125816 0.1582489865834269 
0.03997544978507181 0.1365159466616957 0.13062151046747958 0.004907481641371259 0.002534726608522784 0.04605552857475305 0.0037180454420675272 0.004813658277087037 0.026148736396719975 0.1437884932500371 
0.002442660938039667 0.1588035457155841 0.1451522195516366 0.003139221804320184 0.0186072751734995 0.016223962415807393 0.020425100625340115 0.012460601904929503 0.15319844753233788 0.0015454669841189555 
0.04192798653636138 0.030652582455987988 0.0028848112209850078 0.002326985668480411 0.16240285745100239 0.005549954326261298 0.01778330472973424 0.010874054243052227 0.13114001825167088 0.11672124102243879 
0.03521144058555288 0.03461603462075705 0.0027753858478217325 0.14633961606605553 0.0214543828147246 0.005348317724166678 0.01778330472973424 0.010874054243052227 0.13114001825167088 0.11672124102243879 
0.0024754019542684532 0.009342259883456458 0.3114107207273388 0.020573463910415757 0.150541811983378 1.9218503549089708E-4 0.013762188124103276 0.0015729411105490523 0.01129943473159029 0.011067439483270068 
0.009475131243424405 0.03265766493660223 0.015860120815705054 0.004309990114549843 0.12675671218196272 0.15201444333525865 0.1307326542530221 0.02744312859448394 0.025075482940829272 0.010937268288017317 
0.012719345530079302 0.01953649399789489 0.3859870495540225 0.01291404222779583 0.00403799543861622 0.004540333576845924 0.015214448752145402 6.966404592508408E-4 0.1635175417416943 2.6937623693006244E-5 
0.014057625318181657 0.014486018149653309 0.18707820307473186 0.017357565335533932 7.450818036229284E-4 0.059448651646228055 0.028850238609354026 0.17787522965210745 0.030162538838358628 0.03182786268402166 
0.02690394674349493 0.021188626477381164 0.01716220175500663 0.1306264858471819 0.003152485395710312 0.15219538718312933 0.023553691303865098 0.005275679295385707 0.14688605908032284 0.0017860046390695313 
0.004597300493941839 0.3601624638595011 0.017174842475203653 0.00391787528302168 0.0034619164632752994 0.15980830325320447 6.81625980929515E-5 6.301234302906601E-4 5.4289958680868E-6 0.0018805003696277605 
0.1701002454384728 0.018524756698077398 0.03533878825806934 0.1740960448580047 0.050797517168303746 0.006310509609377743 0.01014022049560532 0.008264027464927068 0.022832410919579972 0.052638916085325727 
7.406678474303757E-9 6.850122197804413E-7 1.3092312462055264E-8 0.002548746923015516 0.002122884597434113 0.37089669991554663 0.20477206418373753 3.390820367622234E-4 6.083500697923077E-6 0.0034241179260554528 
0.0025046318468799063 1.0432554960516231E-4 2.7225336241675346E-5 0.14690735977706934 0.023211154828184616 0.01795900254333619 0.17430764785660408 0.033631715465219265 0.12470113643782463 0.020914639179195754 
0.013788278624381655 0.015495280549152887 0.003627076987058575 0.20516636065102686 0.009341497194525478 9.711439264007131E-4 0.0022666182839028094 8.585019914424906E-4 7.693152614924649E-4 0.2958606679267771 
0.18346091688115695 0.01370661331010023 0.005403658310989757 0.002264700213585905 0.010949018679020752 0.012566614645910716 0.14821200348922478 0.1444384337040489 0.030681725175479055 8.315832540272229E-4 
8.43583983386334E-6 1.5614768548007334E-6 5.360125682169983E-7 9.451845136209667E-8 7.575365889019965E-8 0.0013072092874637353 3.411681224149596E-5 2.0025805184727648E-5 0.374751532070715 0.17245288130508352 
7.268609457058026E-5 0.0016016222316023554 0.19340788902169917 0.012875409695638476 0.003577084722085409 0.0030759775996261765 0.20248415353531474 0.15456703864179008 0.002360996625629319 0.002107195935761734 
0.024867322211889923 0.03602237086447905 0.0379270995286149 0.059780869008571984 0.04322031229009774 0.02152220177377896 0.030762085883261677 0.11979241471192434 0.006998373858005098 0.15651245373796915 
0.22340660904496543 0.0405090286662473 0.13656048370963375 0.005550999449072312 0.02268110968881104 0.0038993281703523243 8.950773360420199E-4 0.14500409601986666 0.003229300944817292 0.0014395981624145786 
8.71969156082594E-4 0.002829591680068146 7.944477540244948E-6 0.16974574878661486 0.005926968785251445 0.1858158321305721 0.0070901277554190996 0.1397318419951384 0.010506392972820702 2.998600403005964E-4 
2.034445698909613E-4 0.0010730716430954917 5.071832072510123E-4 0.16626839784495087 0.3469550702649802 0.0047557822089599735 0.005318567065970268 0.004486984221023056 0.023000194697348656 0.0017456931979577164 
0.16483273691627756 0.020720406288887376 0.010828180697780018 0.004174132211873678 0.3011641377096908 0.015067822597177084 0.002943323279860914 8.830405666170443E-4 9.983049720293272E-4 0.0022215450991155744 
0.17695742689161165 0.01695369632319065 0.16541782280217027 0.0020121328575561192 3.499010828600222E-4 0.014386091462001644 0.00985850234149125 0.00505748963818755 0.006972152163535601 0.13255521575136917 
4.476571536716727E-4 0.011672640059860474 0.001253787084255986 0.36648748066718645 0.005454213081726624 0.008422782979641837 0.002381552209914024 7.237653713997613E-4 0.19753291201498666 0.0027062483592831064 
0.005191610558935115 0.005568415700543291 0.012887873421764229 0.03369515424031256 0.272520318480216 0.002843237564161827 0.14232641422990666 0.0023893608363455615 0.05335636747800666 0.01421005706742551 
0.024060867322028296 0.16647366212478626 0.024437596908062752 0.15383242439873435 0.014509427226368228 0.004332234020251296 0.13153964525010214 0.0032309667458019654 0.024033102081167566 0.0020511940537808588 
0.026051607817260885 0.16213204024021238 8.132701550579098E-4 1.8207872860003305E-4 7.390247370867253E-6 0.007500516971717479 0.006030114432737965 0.006860630460608603 0.15013319990234594 0.1609485521634374 
0.145158609195619 0.16004706056634854 0.007138569380531579 0.01417772825218315 0.0020089262540459833 0.015182022188147503 0.14478799686927576 0.005902525424392408 0.01430160880275345 0.01081692871322189 
0.033503036925350956 0.02576912223309759 0.02051863404864588 0.02868058407096974 0.02112504105399879 0.027279114266932542 0.17130271022576543 0.14365980763605216 0.04369831083132702 0.04353650027311679 
2.1379239497046852E-4 0.020697366525602952 0.01848604017671968 0.004870578434053224 0.020738396446479606 0.018142124938012434 0.005489813890420572 0.14268333313224524 0.011945135879895812 0.29584886524687437 
0.02784638641171926 0.024251817454697424 0.05336087538513656 0.21190668250984207 0.002724479283984887 0.025479520821720496 0.15074074874346965 0.0027507670614644025 0.0232475489543385 0.02430686217853416 
0.028428037494603094 0.02901925613325134 0.031143810246065173 0.027881814868970824 0.021630806251611186 0.28005033437351484 0.0072531887934362774 0.02487101635909344 0.028230469730280545 0.03705008346679343 
0.0013283052397614758 0.009906570759326353 2.379233376767075E-4 0.002430397910246126 1.8260639887041354E-4 0.16911349737160378 0.3346865040318561 3.1991034889260173E-4 0.0016381089114896425 0.004051825640499746 
0.005888354861992849 0.006487867948918851 0.03301546397448835 0.004766644639393324 0.11197371856257336 0.0031924902448965276 0.1786373410086316 1.473040081529254E-4 0.1651150040599509 0.009578480511284978 
0.005116795373719007 0.032215687822735345 0.012596433989406224 0.020102758985394636 0.20239342659942636 0.018522408865993028 0.0389909885166141 0.033310518444404705 0.021504822766664454 0.16360733581336698 
7.879255751216609E-4 0.0026893932379387707 2.252259698907737E-4 0.14538354246744437 0.0011258925996913002 0.004359428848822323 0.004761706210148514 0.21704593034769198 0.14370100766995256 0.007339579670722955 
0.19156721995804196 7.885817251215905E-4 0.0019430409513390549 0.0028330945112111806 0.003915410234671407 0.1825952750612214 0.004483510762326493 0.005422376764902385 7.874879413035275E-6 0.1891111521261638 
0.013235165187024611 0.14976535653446313 4.1905549680055354E-4 0.00310321062826046 8.815535738595089E-4 0.0010578732502867178 0.1597852146276793 0.01856780178563626 0.0052014679265182185 0.1609667473192552 
0.0032756094704065055 0.17500595040245145 0.0018524318214702983 0.0012335806145025165 0.004403319006611057 0.16615882446918495 3.524158444126397E-5 0.008087392284281784 0.027049922929571483 0.15951406992236883 
0.028849830643902563 0.002828290406933025 0.028458423222316984 0.02651211742293146 0.008897860380328639 0.011470843215788238 0.008352347736803049 0.009998861922554543 0.20040871386383524 0.2048523627081234 
0.0014588719770006655 8.98086235410596E-5 0.18224091954526792 0.006462777139354523 0.006750763537261766 0.010347076893202693 0.007220969153780667 0.3043824365146713 2.4390323746262661E-4 0.0065487429083483685 
0.023749361469022227 0.0175763050062508 0.19482826202975934 0.009039184015529065 3.634343907303777E-4 0.03862620693959446 0.022102737571944905 0.0050614830417111956 0.021207236656724637 0.19479543265555252 
0.01019452167520746 0.150862846071965 4.8095801709485854E-4 0.0016682747039134269 0.3427643946688607 0.022714770780890063 0.0020421409303092095 0.006002312890080601 5.129794660815151E-4 0.003919269572919919 
0.14437863006324486 0.007797598595625289 0.012236330967244158 0.007828794440064698 0.016420690335580558 0.025207278672473115 0.005840129486881966 1.1452464708557617E-4 1.1106311521065348E-4 0.29899916326053155 
0.008728346083122986 0.3545579893734924 0.005839690922709265 0.003714574160946551 0.002841148029165436 0.0031560700225064333 5.810018229050441E-4 0.002471863524444777 0.1410652717476702 1.8502701820890337E-4 
0.0028045158895069673 0.2051696038205131 0.010826009278580271 0.1614839687228782 0.011724221694438161 0.0015227461761974533 0.007382883209551401 3.020916314964765E-4 0.003216884006733411 0.14937423609531456 
2.7117480068921964E-5 9.150760111859303E-5 0.17314328681794472 8.023548676353794E-6 0.3770100349656148 0.0015045671706121172 4.548578728392683E-6 5.303659679294651E-4 2.6393274780550944E-4 2.1395759371168937E-4 
0.01584620271372479 0.18901875635209808 0.02250186875927224 0.004984499481594769 0.1609292716543017 0.0072428223057786996 0.004125617636707156 0.0012092618117419149 4.140496505547785E-4 0.14767607682957526 
0.14956474812640233 0.005874862650446883 0.02878125374211622 0.0019470561458315176 0.00686625684635401 0.011526008374028033 0.027763173338123975 0.15665361010834955 0.001254705429125862 0.14189001480185806 
1.4091045003272653E-4 2.1113736539976816E-4 1.813662297141482E-4 1.6328150484677385E-7 3.85721210763298E-4 3.592429072179361E-5 1.846458907933245E-5 5.5512493859353084E-5 0.5297761484253669 3.761858418950389E-4 
0.001767317529426333 0.02602269186655182 0.01651099377971389 0.20284394056345512 0.17231398686101373 0.004846763669688375 0.14249982175229164 0.0011443385420373989 6.767820831595663E-6 0.003511318750051638 
0.1701161503938195 0.008803986729421313 0.0052800257043811765 0.024076041475256972 0.13277987316454826 0.00985352468071465 0.02144562350218763 0.0039369589880546355 0.006710007452409177 0.15310813471060405 
1.6662571786565415E-6 1.5410504622774345E-4 2.945336388071679E-6 0.5733835850694989 0.0025137526454056974 0.005651239138084122 0.0017551653890373656 3.4511726205343894E-4 1.0546020735092213E-4 2.0666733677657793E-4 
0.03465756837404544 0.18259356021922057 0.00798881211049647 0.01941069412796039 0.1531058040452645 0.015515885533336502 0.021255748755113525 0.01539174807180685 0.022791353037095875 0.04982091839164314 
1.254204273176386E-4 1.6526296227520684E-4 2.694496711333796E-4 7.758109565353056E-6 6.486785213966132E-5 0.5420637773784066 0.002903852366217722 5.571051715089773E-4 0.0020196825972867076 0.0012258267893589761 
0.0048965890145100804 0.35821912506814985 0.014923147352656837 0.008259920828912715 0.004198069969549745 0.0014926060528206262 0.007353961714876162 3.0090822641423763E-4 0.007085821503083432 0.14814745694173598 
0.02846716838225762 0.022523938028680985 0.0010449197930919147 0.03147748624743022 0.00817178297455703 0.033478858733241336 2.0121207105407211E-4 0.17259376042221314 0.1438967100817777 0.1237350069886473 
0.0037701626547998715 0.15918233131212772 0.0031659746769762418 0.009057986323410238 0.14013950132891947 0.03469772676851913 0.007311828113721553 0.0022952108732820164 0.14928961136645966 0.01207437166152484 
0.0033533121098136406 0.39610923900599 0.006150943855503914 0.20151435754744182 0.0034812906745275763 0.005678512172521459 0.0014567219511852183 5.902332209512189E-4 2.643865001693475E-4 8.882711120604138E-4 
0.004383429565490718 3.194563394592774E-4 0.1226536262584153 0.002174666290680002 0.1972219292495743 0.012818980504767154 0.002183304610143272 0.17753159827525886 0.006693393523719688 8.522375380173993E-4 
0.1829459938645867 0.009277544833641517 0.0020059164176749744 0.02131655945533488 0.03345561990069488 0.02588537999651352 0.014615427236882283 0.02667368307705241 0.20909463246227877 0.020991229967566086 
0.17992884189747135 0.013442727209416354 0.005432724698845647 0.15320630925147713 0.01611467126486048 0.0036467980319524417 0.011208263808573838 0.14587759453261387 3.71119790398801E-4 0.0010982394571121075 
0.0351319268358302 0.18587717980652743 0.02077958553187766 0.1464851713796029 0.013978050767444985 0.02445460371213548 0.005181713768411582 0.0279847163984419 0.018197906216415673 0.043725940193874616 
9.006605184516842E-4 9.42515282944396E-4 0.20264590870592664 0.004555951631169743 0.1455152101605564 0.13651521890751078 0.00493544760928941 0.013977846133875226 0.007923337791708073 0.004074283616497721 
0.007057734497183401 0.01054433980239993 0.15137007275494174 0.025047457478410164 0.0032783064667639018 0.011517479899575328 0.28748990345118114 3.165539423806237E-4 0.04160311341378234 0.0015570344055905907 
0.32687617036322436 0.024691902448917433 0.025457387490547607 0.03183008436773803 0.027062824210205613 0.0459981273810993 0.024497007835753377 0.03642810060568231 0.03022037386258243 0.02876944744139788 
0.1315703998406875 0.13203033345217993 0.15219322489136508 0.00506214590903192 0.028014030388586224 0.014243601758095581 0.004636550253450727 0.029637953975822705 0.02686121729165002 0.0018357239079526612 
0.008346612244194652 0.1709963537420031 0.022590947031115194 0.00442583328223094 0.003506855183194765 0.02992998152669653 0.2828096174360776 0.0015503843583815264 2.97099752424205E-4 7.955687400259128E-4 
0.011559532736573739 3.099383207063726E-4 0.31038040896506686 0.011124079559333982 2.3070961450071795E-4 0.01308343914851188 0.0034901264689729083 0.003007913025724044 0.002346938171352327 0.16377299405476362 
0.02415010347465467 0.02539015119279913 0.01664276615766642 0.020768153034860196 0.01683625863878389 0.021846508314380442 0.1582158718348782 0.2673235161484469 0.007733151650887003 0.004255476147236113 
0.17729691550158563 0.18900727852688173 0.04085176369112489 0.020704353397822454 0.014939986583254352 0.01329100387875382 0.035122506292703644 0.0028674745397973683 0.02368305401518829 0.0030771189018560545 
0.4877126248305252 0.002966514059971675 0.017208084885914736 0.0015763571409441568 0.0014194769163344873 0.0018456438032688378 3.832361230194408E-4 0.0073834401696013865 6.685510308952408E-4 0.0022744421803074354 
6.912762802838077E-5 2.850116992845655E-4 0.5168961446317889 0.001106544848408428 0.0014901621644668281 0.003678985410209225 0.002684174385872744 0.0020022965825149887 1.9106987617382938E-4 1.7215589762785823E-4 
0.04206993542336404 0.029580689694216646 0.04262047172786646 0.22711680107306473 0.03498216441539851 0.02939305786592816 0.032848154511201606 0.04100168601154519 0.0300269851810258 0.02478239298922544 
0.001965121658432378 0.17638829287404695 0.16184026415798164 5.757450587990132E-4 0.15000585880769107 0.028722145887321554 0.013577338488252589 0.0027395799144459792 0.004181156809162826 0.002444418386846525 
0.019860077226097568 0.020415590028832357 0.020560335563403618 0.015727080258263398 0.029191746339802104 0.21136427853076137 0.00550066347179119 0.018478898693141673 0.17407728456366722 0.039889161376972154 
0.00228408292060923 0.010988492551702827 0.0014275182794893921 0.011061364486752042 1.9708593647230639E-4 0.18471210941065233 0.007352101263379333 0.3075797751929042 0.003599985151645794 1.0250576973639947E-4 
0.01538668720098822 0.05169078623245975 0.0020829318053623633 0.0015222770859033056 0.04920060557575466 0.12415172316320246 0.007174885814570258 3.8340095589006195E-5 1.770175999731951E-4 0.2687815293976072 
0.011441976763811208 0.3343935918663729 5.926533839407614E-4 0.004812446636210929 0.0016294358317307865 0.006870528937507263 0.013435106784167304 0.1455497015392112 4.5495938904257377E-4 0.0010448859091139583 
0.029086985572729124 0.0027985487854179664 0.0059737369617747695 0.0321631168180691 0.27925030563853925 0.013803113639270741 0.007132453343422179 0.013399953348360602 0.016882154869801106 0.13753416960887174 
0.021295446553060485 0.018553102061063077 0.28869128854954945 0.005403911098405195 0.003377194867269171 0.005824575020876562 0.18134834984767645 0.0025934815720393724 2.9360421060375118E-5 6.450673660157489E-4 
1.1996826993546612E-4 1.2901115251515418E-4 1.2976893082760506E-6 1.106556519538377E-5 0.541815476150586 2.0382275059413978E-4 0.0066879284061933785 1.696076214318441E-4 1.3009459360714868E-4 9.314880622709277E-4 
1.3918403647394643E-11 9.262485754390097E-12 4.094480076099003E-12 2.5656684390153125E-13 1.108580336686578E-12 3.021621502252204E-13 4.563588570174136E-14 2.51743193018383E-13 1.4951524955090053E-11 0.5342633967035997 
0.0430257043203719 0.033085501416521355 0.01091205670147503 0.03754381092605204 0.022516692322319315 0.15903878228650423 0.014700543764699987 0.13609907906291338 0.02479671238544041 0.040680650026005266 
0.15374192665228048 4.626552599510456E-4 0.028890141852327213 0.1554933573235928 0.007782365685652169 0.004869640702066038 0.004675273462318381 0.0063211760733144565 0.01746457041841479 0.15372313237291993 
0.01986928479289928 0.04063981275463631 0.005302270988990409 0.0072129630950555634 0.16039447791365338 0.004665419411458456 0.29229896812053097 0.007565097933233214 0.00732098513530793 0.011363541521491919 
0.015975866666257936 0.027918033117148723 0.02422467345364725 0.008467078571769543 0.1645281983198265 0.16217153690774372 0.02777492158173798 0.024767175669739728 0.03652832690538353 0.025621157250645246 
0.0341087489578304 0.03361547484073863 0.00411731123386282 0.005228670368675203 0.19652375809937853 0.004122461229806669 0.19695313135902567 0.05059201590435334 0.004138230799437522 0.02750788015042119 
0.036262610706194486 0.03425574010562025 0.004374690229906339 0.1972901035158328 0.18553811334192707 0.03337086337220003 0.012920093081376155 0.010079584127151929 0.03721881498299817 0.03563606470934309 
0.04862621750810917 0.05183377546924978 0.02142910406878621 0.012317099268892346 0.028526120226587185 8.99548549934216E-4 0.24164680391687082 0.0059168455717050865 0.019709056734662136 0.1218585652207527 
0.005027355286629569 0.1659704659331995 0.0027123188467422957 0.008106222738486265 0.024120295048223633 0.002474445954735535 0.005384719810007877 0.31121709931989544 0.0016009320810557793 0.0011141839178046673 
0.15582660068913168 6.848285469875371E-4 0.3440315994283137 0.010432880805170209 0.0018129024337249805 0.0015950845299583024 0.0028852421835061943 0.00301064118786512 0.017690451566839762 1.496062151834118E-4 
0.01826348073691304 1.7396519276458418E-4 0.17155115986715147 0.16721929406131475 0.013321462674208912 0.0074606556508438095 0.009911102831432062 0.0015784438547865175 0.017604053509140554 0.13979838655803248 
0.008473451900132357 0.0193431850135652 0.1841201432021132 0.0027852754889206013 0.0015048029536309023 0.1679098710583208 0.0038469009627763937 6.562564541298831E-4 0.18743302269157192 0.0018997647940942163 
0.032267465122877204 0.1758109933335026 0.055190620697371046 0.009576422770826633 0.004979108093524711 0.02190570390618728 0.010363593374094099 0.01476565054666795 0.16524861656287354 0.03717671950195958 
0.17416540420071405 0.19182646612424595 0.0014928619527224344 0.01199989398448708 0.1546312432415966 2.0082940623379283E-4 0.00704464598562449 1.946112858244993E-5 0.0018844666175203868 0.0012369443253300572 
0.04417481332542666 0.002917152187294689 0.03751233187655403 0.027701494542907726 0.24296518042684712 0.013658905120218282 0.01756715900469611 0.005159253515330125 0.13349976749830944 0.02061563772510078 
0.10490988259351491 0.013343685054309468 0.013058280807901508 0.002791064881050538 0.2013756645758168 0.010075212846696813 4.883022839464796E-5 0.15730534535650642 0.0015636111405980852 0.018141941106130127 
0.01277029847141129 0.014091042960040845 0.015485532649096396 0.017060773819027045 0.0026984744615463265 0.1335484745707004 0.0024509996370984614 0.0012188174543487087 0.3102051607191715 0.002523944415365432 
0.004341455293652706 0.016825449293446027 0.1810243769023508 0.1511830319651166 0.003518061744754986 0.005964771533486434 0.004045653486810933 0.003172284037204352 0.18514314511522617 3.78143117126034E-4 
0.040439868377111866 0.043107425682774224 0.01782145913028562 0.008558438786509765 0.023365510539743884 7.368128212861373E-4 0.19793091030138207 0.033570605058871945 0.021659365325979167 0.16557274051160495 
0.004124659855215611 0.02036149000918246 0.00609218170247373 8.081724343543623E-4 0.16850299311629457 0.17702928812754304 0.0074967002212759475 8.305767842675547E-4 0.18785063360124024 0.013825977771287934 
0.005673521363993321 0.01797649424026019 0.16002844068545344 0.16783819429308897 0.002191541708302991 0.11570391007928181 0.004842598272124201 0.007984138981417728 0.04352551910539646 0.010583537005403805 
0.01886205137466728 0.018000374452162585 0.02368762527470982 0.0032803772709097934 0.30925661252608516 0.005229043021236347 0.016023431694202193 0.13237569212917238 0.0010499112909875148 0.001981953603720417 
1.0817671601276553E-6 1.000480480171359E-4 1.9121707146755506E-6 0.3722519791239854 0.0016319780015449938 0.00366889636960876 0.20590988516361422 3.4375014374830604E-4 1.0547862464865995E-4 8.130089332721314E-5 
0.007107580618011757 2.690952698867745E-4 4.777124287345336E-4 0.012898583970354748 0.18147671959561507 0.007933940229745322 0.00802318279424509 0.3053931972117843 0.005770399096178727 5.310609058138998E-5 
0.02084280000205199 0.018158745566235698 0.1482175317904288 0.15415705927112014 0.0034523590947109907 0.00300410579558764 0.18681366298181185 0.002166642019424426 2.990216513253635E-5 7.363433823077174E-4 
1.4663120105492782E-6 1.6592368734919192E-5 4.6426780426416726E-8 0.1637662245869016 8.689586331195592E-4 0.001972657981264482 0.15804352712291084 0.018990328166333753 0.005154143403848664 0.1595489613572447 
6.629825841762924E-4 0.003334930971160014 0.17999873823637724 0.004149891507563232 0.004071812812703046 0.007507021693862195 0.003871140069978247 4.2936443871528877E-4 0.35072609123089804 3.4343670520487797E-4 
0.0024757554407609673 0.2142195472540231 0.17529618977396297 0.02447248067971572 0.0025964578509929137 0.028624044840618104 0.015566208793963568 0.019141215050337168 0.024023777896583953 0.026062653709916485 
0.33222985812835126 0.009748903516589236 0.003093770863885004 0.012244737396781247 0.005681251785796525 0.009497429600409142 0.012839924568867423 0.011132469048789543 0.1470780961315286 5.968527697075056E-4 
0.0018117252634706428 0.1757410485731168 0.0056337165731160455 0.0026033780475151922 0.0013747406592564447 0.0025980148125004424 0.0033812071400031937 0.1657642753222735 0.0010722924808865021 0.18019476394215445 
8.978835448029677E-4 0.0223803303052491 0.001198018958621928 0.07551501882863872 0.021012247896904254 0.006591623943523427 0.2536287782284291 0.01907086275213001 0.12194656005260218 0.012411313966715229 
0.026109204088588484 0.16977927366250814 0.012119436498829303 0.35571708937767277 5.813434099268143E-4 0.022607199642555455 0.015381547413278686 4.568819771728186E-4 0.008501708049897897 0.003803155482325877 
1.570656626449608E-5 8.272883462844088E-5 4.184135508874092E-6 0.2111281225672249 0.14735018393473973 0.004047907401877189 0.0031125115808181233 0.0012526704012617875 1.6993055652935095E-4 0.15789050259540474 
0.1634989571741563 0.004453094781924956 0.1555477146569605 0.024108616678547887 0.003435964768721029 0.0019488724781940578 0.1190730678334215 0.014651035140390685 0.02317433334542975 0.01697173612069123 
0.0055976270691312936 3.672863817333098E-5 0.17360920049915288 0.0015708169898176918 0.002896816136112006 0.03761480218314404 0.14353001649065475 9.320478529719381E-4 0.006786270764769983 0.15272949420810647 
0.19135190484373876 0.020804758822926265 0.0026532410455224658 0.16321295460287136 0.023626748050445574 0.15800012681912398 8.002645683978154E-4 6.467017650084484E-4 5.540333555808912E-6 0.001919065615946269 
0.15291111845216881 0.0018427892231433123 0.15770569772409507 0.004562744657757258 0.1894879060879791 0.007126281658121158 0.01455552741818615 0.0076487325188295575 0.007475520393361524 0.006186400149903074 
0.01520169066695113 5.074630326082181E-4 0.1879823925284882 0.005955410477800185 0.03901554333662154 0.0013074004256908567 0.008648736145103914 0.1654990118787452 0.18262051828301235 0.007710333220956731 
0.008886360103232304 0.19858035068607813 0.16204128071838098 0.026107578549745748 7.474435630387529E-4 0.0027860743460922047 0.0010610059609772154 0.1777357883148824 3.1517678042338583E-6 0.0018028602264473384 
0.030150734217809973 0.023745685027214015 0.019233348498682672 0.1463905832900587 0.021102481066782967 0.18798536780386352 0.02874279002164086 0.006437960838176827 0.02627500460919012 0.03869793644155713 
0.003675307125484336 0.003988972261350955 0.17272071341110673 0.016385585791569 0.017235296513504576 0.005377948274876671 0.00680306447213457 0.002916961647564275 0.15518187313203108 0.15473303141108719 
0.22345254040989662 0.19176387291991695 0.0067508555400091355 0.20963913712576557 0.0036620117166926776 0.0059078372523743644 0.006058918308146655 6.18259213400291E-4 2.773834261052704E-4 9.138625690063126E-4 
0.0014016008434178497 0.0013986962667901794 0.33613048222813197 0.1924908087865818 0.004003549290278885 6.892359322933167E-4 0.012137506896704606 0.007674306947312342 6.51032639939875E-7 0.003528199087977568 
0.3532947183620179 0.009533718516382081 0.012175838382980546 0.0038467841216943736 0.023678511254337082 0.15834628502769169 8.020178464169777E-4 6.934082137963204E-4 5.552918917700704E-6 2.0057823688046306E-4 
0.008251760246603736 7.352067894293673E-5 0.19265178531308222 0.0031199755609763536 0.004053750284702194 0.17790154525145513 0.004511672343001046 0.005456435498963143 5.197387750145119E-5 0.19032015329089966 
0.004411306789215448 0.021792968190646776 0.006519653168954055 8.648796490361168E-4 0.18032638005573845 0.18945094150257638 0.008022722850583109 0.17139139830881517 0.0032084450404247624 0.0016772037535178316 
0.007655285450549724 0.1732469834917418 1.724340225941166E-4 0.004083989381063051 0.006511149137816074 0.007490062072138463 0.0038601798702703922 4.1785509987084094E-4 0.3497153997222439 3.4111836122680943E-4 
9.021986276912078E-5 0.0019879749874692427 0.1761413374757861 0.01079658825817608 0.0032512716739817676 0.0025101208594115044 0.18377166423264893 6.434020698348074E-4 0.1819422324921379 0.013725440363461431 
0.020081074475510524 0.180401867835096 0.019069757250376955 0.022977041093149603 0.024581310071289976 0.16264541711690986 0.014875587005473756 0.01279942943545052 0.047093684264233104 0.02689902037452316 
0.004373983216148961 0.33268376108924624 0.1657095171672148 0.0043600179346927805 0.015334517576673404 0.0018560570216074178 0.005368567739055694 5.182122549994236E-5 0.008778444486477325 7.751658551127501E-4 
0.28273510071507096 0.21375103097388493 0.004292126843453636 0.013081320132277108 0.002006544890983186 0.01860111780919058 0.007040994696354177 0.009082709356880355 0.002547005972349452 0.0037308430981847556 
0.03244520922437463 0.17386906337110888 0.021703572865756214 0.15431058575486514 0.15294333204295413 0.0020905591793302877 0.005272704226429411 0.008039493311061607 1.4191801833735438E-5 0.0025521987208502535 
0.012695287701241632 0.03198257175635825 0.3249032433766652 0.023073374224877322 0.0024480167923775914 0.03572284597161571 0.01498000836601029 0.01842038516795729 0.04218994422385524 0.026062653709916485 
0.32696749220184385 0.004363558650978704 0.16652742315344762 7.599086753312938E-5 0.008388211160660108 0.002999476914273996 0.005215024547071526 5.0339117652460474E-5 0.02327761509309933 7.742279755968323E-4 
2.698696592802614E-4 5.112345550106701E-4 0.17328144182225869 2.0641373918602675E-6 0.005433270941543866 0.00463625846561396 0.004587707097896105 0.18491285341919284 7.739156725313957E-4 0.16702737554162445 
0.03698787287855594 0.1829706064611737 0.003628247999103934 0.0360817664763464 0.024755587587911004 0.04179590242437328 0.008829255400289194 0.14583341721032733 0.0343476949113592 0.01192126672620931 
0.003212363639742367 2.0786556307937417E-4 7.135414880922613E-4 0.1804769398687809 0.002105413839813243 0.15157265535028666 0.1866967656299713 0.016041921953874064 0.009893426263124627 0.0010107654470819104 
2.1018816413060777E-5 2.8256636344111855E-4 0.022735981726056082 0.019135221940569422 0.01846723395483054 0.012654504939781989 7.594549967271105E-4 0.12805310380716417 0.34768065148293525 1.235225554708658E-4 
0.0018629906244954106 0.0022740089689290235 7.612100420773505E-4 0.17819677529714517 0.0013827265332279374 0.0073532001462425015 0.0038705404939501043 0.30695249082145004 0.02522174977458164 0.013328972373279133 
0.02082577437466625 0.34202722704609795 0.0025803517586593444 5.3270813012858E-4 0.14568968644417346 0.007199575299510276 0.006982115720790293 0.002566297661323745 0.01142290145433559 0.002774455896535311 
0.032223655777778075 0.02893032022040892 0.034462507777611714 0.04712104551127556 0.1638597896769993 0.021184526226693583 0.010739216420184114 0.010283881771085735 0.15695232701022127 0.04315678087748562 
0.02028950211418979 0.11913052486389367 5.377383969775376E-4 0.004613192331498213 0.019558077918384202 0.3275134924442795 0.007431135789543842 0.0019934179116569183 9.216733064382452E-4 0.009631791758682699 
0.044764354675578724 0.00438846925876999 0.04415703393048403 0.04113708125948825 0.013806215462238543 0.017798541020136838 0.012959779940442746 0.015514565994444392 0.29908252829217297 0.037021081689760676 
0.1993938836323847 0.007832137548143688 0.17157617447698673 0.04873425574682558 0.01598314400229415 0.030155265438650318 0.009353835699963522 0.03591067613678833 0.025006484643235814 0.019538557223924596 
2.2778363936490204E-4 8.495916227943674E-4 7.599215682985806E-5 0.10101957314435932 0.20283845745703935 0.004595853091568475 0.009768331016755123 0.1995225902333811 0.008623160941010522 0.008462911646180024 
0.015396174982659879 7.967951303705882E-4 0.16744070765248348 0.024001998555635937 0.13237152491153015 0.00967296401064891 0.025144505240991648 0.003963068741228386 0.006754507951121001 0.15412354168291864 
0.025397776596278943 0.17441986424681682 0.01949090041668382 0.003381369803132203 0.019833090216869236 0.03754065597777861 0.1585069290036838 0.015553412597653755 0.03768318632604087 0.03780642641411724 
0.019477800663226956 0.02978015966971944 0.016893221853352767 0.026786049277351575 0.016732506161789163 0.16784199637272668 0.17823134462937515 0.013904704788786687 0.03364294774765485 0.0373114894695955 
0.01110092899318003 0.3307373131532776 0.024967587236903926 0.031011403227121988 0.024949662921678113 0.04461038327688658 0.022671389616059523 0.03590764970427157 0.028244477203446004 0.011822742272938547 
0.008132193486248888 0.16818521080965526 0.15960551479636093 0.02287379651239095 0.0036442916040114706 0.002067226779207889 0.1272366779605312 0.0016913598470241886 0.02303966791123596 0.01699263165237426 
0.04548758415750903 0.03208985910300999 0.012129501710984815 0.007793311742591269 0.006174100237596328 0.005463211059409006 0.012697902884003975 0.2575828549221396 0.01245910596820214 0.15330157478272832 
0.020484349168386186 0.038333310754179645 0.03714370506287893 0.19209469176439972 0.02990717794714996 0.002572432277598086 0.04716455767671461 0.16257450536618132 0.034829688107706605 0.009055742314822686 
6.185724193753242E-4 0.0654845664474073 0.001090381157606835 0.008333289980327318 0.0072003751122693095 0.012156696929232097 0.11702110930754553 1.1045653278714235E-4 0.008564113466291254 0.299875382203272 
0.16773503973703038 0.008651083936319918 0.007127335832904783 5.364456191502176E-4 0.002954110538970547 0.003926840245583002 0.0013010835334497785 0.006274473159640735 0.16096769029884614 0.17004333441657593 
0.010754246422354787 0.009176808457312216 0.018721585129939877 0.027552208856254763 0.007734359986308771 0.009903016433867973 0.11319445719997381 7.237974821862727E-5 0.3180709285250524 9.490717653558887E-4 
0.16712835421330133 0.18066976626867368 0.016376197476270355 0.0037356907007905964 0.0033009343597065802 0.1523770792192458 0.004412415619180272 6.058102358368955E-4 5.219519080073074E-6 0.0017659164762680853 
0.03570119021503479 0.04049989326386655 0.04205473592456526 0.02197363063304202 0.33567092901469714 0.01867981200887226 0.01612098177593414 0.008859609962396325 0.03914735783279687 0.00740942366654648 
0.030476784630090018 0.032487141556452034 0.013430824419178198 0.0016557988076977338 0.016589989266157845 0.008846964404295613 0.16216897087549653 0.14988329483713334 0.019917281653913963 0.12314599314005083 
0.0028123736696719953 0.01278246166087722 0.002472795530646516 0.1902376757766503 0.0016663860253620405 0.029897972912204192 0.2875431481991904 0.002218351198293069 0.0072209941316365355 0.0020307509543359783 
5.7723721713293636E-5 8.649205591766703E-5 7.429636176576908E-5 6.688798555759327E-8 1.428851680560394E-4 1.412527521142643E-5 7.260196295350766E-6 2.1827271678332317E-5 0.2083056824951612 0.3135054884946016 
0.058733897503785076 0.059423737337170296 0.14515485149989932 0.028752478541788785 0.02300847443478453 0.02736819800766581 0.1280957024234565 0.013835156919408514 0.022503085010008295 9.790635033705558E-4 
0.008737009736766214 0.027809087461832024 0.007795641796961298 0.04150626682057258 0.01832479505471535 5.549325994683521E-4 0.14740851109386383 0.003666904060784289 0.15995613801982964 0.11573980746673762 
0.005947527018207092 0.018813505703964718 0.18006547176737855 0.1806924139704243 0.022155829072657673 0.035857420530254855 0.004512881605581244 0.025586572551990046 0.04396136964325628 0.02664562806172598 
0.04904224142581357 0.03766515439458817 0.030016070772686174 0.03777247106797276 0.031424484254688856 0.03913491205444263 0.24981862590721796 0.018087697386937347 0.021243550333750034 0.04342408575201688 
0.18512693335126854 0.0064652756417031484 0.03687636885305225 0.20504419202444701 0.0015401286792101226 0.0012585247013508127 0.0024504830793382177 2.5572635345983926E-4 0.2158893271286071 0.0025485001327069023 
0.043865406577756685 0.043123666839470984 0.0034574963875463566 0.18230571230318057 0.02672725709009652 0.01164555475353759 0.02251451038638072 0.0137670703459247 0.16602950620649487 0.005106448825156549 
0.016485106964446182 0.33165946040842975 0.01043871901193824 0.027151188068010944 0.007973635546551165 0.015388791446352823 0.14105168030500384 0.00335277914722117 6.404061883775955E-4 0.0014883906124511456 
2.4676796204004903E-4 4.460038212271431E-4 5.847092616580565E-4 0.3743402248541629 0.004918812938805171 0.15105437428158633 3.453135046736281E-5 0.0030322122992682055 0.001551060257591424 0.0010622058459257087 
0.001836779019126718 0.008718107050233286 0.002939977364225743 0.16472320563600035 3.388386207998193E-4 4.75168133173148E-6 0.20797934375177995 0.1804275922221773 0.0010581638406111458 0.003382984137005762 
0.13462142963729085 0.013096660257164357 0.011440788263038423 0.06302115719415043 0.13904338723141502 0.02057294187079285 0.032346719040515705 0.01857245905586791 0.043326418808588014 0.0270007014812568 
0.013182482214843382 0.014250579991693293 0.3678945163228039 0.005841578423864184 0.0036058919528954834 0.16467083219581058 0.004722678222680911 6.587820111404077E-4 5.675911487375458E-6 0.001920327420903937 
0.17246485564973452 0.009938906166824506 0.033773945560733536 0.026527424908620246 0.02987223364078187 0.04586711592867165 0.02890193496513119 0.024941227268301315 0.002751738006859428 0.1915727088926245 
0.013315010504367543 0.19333361429695195 0.00946447189982137 0.015791468692027792 0.16168811560370974 0.0045478843523046545 0.009283979800157887 0.15543438593921707 3.6096233804209595E-6 0.008605400423123232 
0.0016293033693364077 0.19097994097407803 9.244762769845848E-4 0.001547477340918047 0.001438383815698105 0.010705336503480867 0.012298850024077308 0.18381292002408428 0.12434325157268628 0.0029893160155824764 
0.008273391522237664 0.21572831020636585 0.009659497255308097 0.15244842012084694 3.649217043977888E-5 0.008440933590083669 0.002386684317260671 7.253250439378424E-4 0.1979585840219813 0.00271208016806257 
0.005396656402523287 4.0568770903252915E-4 0.005559060719865784 0.1823497766951746 0.002110905248709397 0.007639946857610782 0.006309744953875231 0.008629450213068416 0.32617517546139063 3.133114641762168E-4 
0.167280725625229 0.1764021553235953 0.010293768357605385 0.0020917467467125306 0.020423926531008968 0.0020119383662498777 0.013054803686546015 0.003991565914027734 0.017341403976424075 0.15039186287810957 
0.16011263461540348 0.011406986048860519 0.021227328286432545 0.004224480420192335 0.003347311141911934 0.02856831987862715 0.2699432209291371 2.6118151396993023E-4 0.025361951864711137 7.955683306668837E-4 
0.17602193081407486 0.1752368863744822 0.0031777245144508364 0.012577014882706258 0.016392849289012294 3.338764465501676E-4 0.013055321045360307 0.0114635440141887 0.14992920602756743 0.001039733329490642 
0.1749609711828503 0.007916451901087704 0.033861648849850864 0.0265963106244486 0.00859637868655729 0.021973782765523624 0.036707129272443816 0.19242565990523938 0.024749768979079594 0.025702857643894517 
0.022882206892981115 0.033711580964871535 0.033664101763386335 0.18880574449023113 0.001565316039618453 0.021916044330134898 0.02340641967594893 0.030470164149556257 0.022314379148323942 0.15562608453937643 
2.7991102205087035E-5 0.00332050481426269 0.1736128324386877 0.12817258372799423 0.19290180265614557 0.005550948753960069 0.0029029229490071837 0.004181641115951846 0.00506317161396539 0.039599878415479906 
0.011675195382089552 3.122983875131811E-6 0.18096366443355708 0.017015107429793674 0.13272018597018514 0.011167287224737891 2.2174797721953048E-4 0.0021788089358842134 0.18076843661253947 0.008666011986162039 
0.020497279941986295 3.3375407681753336E-4 0.1749611148585144 0.026577182219139087 0.15095884681447316 0.017890885775827866 0.13360642505641346 0.004279948411638629 0.017612795555066268 0.00320798242072578 
1.0504761923587026E-4 1.3841828724527408E-4 2.2568131094598037E-4 6.4979123181216975E-6 5.3415632807627977E-5 0.19258664100138626 0.17939664109311262 4.934772405461509E-4 0.0013793701851549018 0.1750178130424574 
0.16564220364801252 0.010024878835603702 0.019325855710334468 0.019318653911599756 0.021887492421148725 0.14667727333025676 0.01496273341354069 3.857601791829301E-4 0.15114214608512855 0.011455459901474462 
0.14689953598597033 0.02149397841924975 4.32920257504723E-4 0.005130349910630363 9.209083460641101E-4 0.0011050993770031067 0.16691842911378804 0.019396715230357152 0.005433674557456664 0.1681527084010424 
0.3262577696746885 0.0013070057891727462 0.011691277215521685 3.202370403994825E-4 5.418522445017949E-4 0.005772460555769525 0.0017724163801464139 0.0040570163833496264 0.0062718391565379835 0.17023446428696754 
0.008097973790935423 0.006860880331934473 0.16287741472635775 0.015482442851270043 0.03824359838043442 0.1830926110696486 5.549390334369848E-4 0.039685138409707395 0.052602779293241565 0.026839257097754966 
0.008340365591822722 0.0023777711123999794 4.7820118263061754E-4 0.0017136902775698435 5.365499454736656E-6 0.17949324896538243 0.18054609905988528 0.16665852756848393 0.0012724785203883974 0.004247233606936419 
0.17623606928776372 0.01954400118905032 0.1695713684217445 0.020309971416250745 0.005079371102715923 0.0089042869483764 0.002132306778203781 4.7695834176025E-4 0.18826823092345502 0.010312636810452634 
0.0019752309204289368 0.18433784795906963 0.1818429004075728 0.1573869020856236 0.0017820717201960101 0.008374797123198921 0.0027589060950421944 0.002198792844981549 0.0018938338055698393 0.0020567680203478138 
0.1748796716374675 0.0017444164270530027 0.0028391656474108106 0.001845546280854986 0.0012963092898169214 0.0020618253373061333 0.21971094621051074 0.01177189146187221 0.15372011726129245 5.712592958357415E-4 
0.004655898759251314 0.014741389322845267 0.01004317770697332 0.02590484972427146 0.01070996834566698 0.129921283767916 0.0020394363627368266 0.1311629510265334 0.011664990172399078 0.17583152836904328 
0.002194603425674033 0.010286457523679593 0.010520509239812017 0.32198691548770975 6.504329845236612E-4 0.006322810196033438 7.782703411498417E-4 0.16348537224400447 9.264741378969974E-4 7.703387544336435E-4 
0.1777624142988746 0.008787614409860957 0.017451360208556477 0.003351289381172108 0.1635983526378947 0.14121683778323113 0.0040894416343741306 5.366195736439829E-4 9.910618987187631E-4 0.0016973031568594166 
0.1594527553370182 0.009261810472911745 0.010349712443981774 0.3062201940809945 5.004513337465477E-4 0.019342543371197247 0.007957769182953956 3.892102052342483E-4 0.007562294706443202 0.0032418352478156957 
0.3009553271162401 0.01852690578869521 0.008975771492993367 0.011549896622969172 0.012064569039010759 0.0034877724526890252 0.010661015961978888 0.139494045016182 0.002740831136638534 7.188811722479503E-4 
0.0037016279334141666 0.0029432368490532753 1.3457970294302035E-4 3.7601983842065957E-4 1.2500808913890092E-4 0.3649935554202491 6.167197589722111E-4 0.0016133989241976885 0.16951984605216494 1.3757884771401174E-4 
2.2253136302864352E-5 2.278080300782604E-4 6.824189433892873E-7 0.02506090456666299 0.14074101152776175 0.00233874532761301 0.1604017390798677 0.01923152687888977 0.005219606872539073 0.16211999568318627 
0.16752129748556477 0.1918884328894985 0.009850137975090972 3.7489319106870605E-4 0.010041330790945869 0.003739727999948156 0.011496229588973528 0.15094338379048108 3.842975785156969E-4 0.0011335394861537375 
0.0059410626694554654 0.5494636416549676 0.010501637015163505 0.005694805900507398 0.002505244847170853 0.005632112513811225 0.0017492250300979112 3.439492123496309E-4 4.999144934016328E-4 2.061076085367846E-4 
0.026665812184703132 0.1678897470268985 0.03602397669823815 0.028250011189720377 0.017914775842171188 0.01881607623062562 0.03960917921334991 0.03383864695279076 0.021845775429704523 0.1662012821780368 
0.025115420599518802 0.02464309992900785 0.0033127532067211926 0.003862559399406917 0.14517738459880314 0.003045372962747095 0.1454945741714792 0.16614691366215414 0.003996737817657537 0.027060760724624155 
0.14181882998833897 0.010141669999390637 0.03170258917239586 0.004489173714970091 0.005905872781766939 0.1494319055031388 0.1865336235994748 0.016195871178942996 0.004455913460186723 0.0012562096452409604 
0.0028110806746670224 0.005278724287133094 8.700906982646036E-4 0.007949178446741494 1.2843141208995925E-4 0.13609390882207245 2.594246867372198E-4 0.1953142188869102 0.16766817126435796 0.008379231041004874 
0.305489227129886 0.004192634044596424 0.0018221638949454445 0.0026719492367170824 3.295767747477761E-5 0.001890834248584337 0.2105509224477236 0.0013453626441091706 0.0013451216089189755 6.945502415261342E-4 
0.005288079993884585 0.18671157595650587 0.009040371687064692 0.002062263385135343 0.17655206537493492 0.15340096801719652 0.004420874495090045 6.201923583876722E-4 5.004052736431996E-6 0.001830300464197687 
0.0027382959256691056 1.0529064577294194E-5 0.16511883227272908 0.010094788812414502 0.012505986984174251 0.17315119352533168 0.003108131931917047 0.15201026555845598 6.096467612461152E-4 0.003149473312277035 
0.02186353878299628 0.19641494974522852 0.0056342681540469414 0.0038889492006012882 0.022087214899639714 0.1517373146724413 0.0028018638669899155 0.004926173312513675 0.155349356467689 0.009116982992519401 
0.004232208122409742 0.016806969144664292 0.1541847968441241 0.019950476188156624 0.159616859568846 0.024206434845864475 0.01826274762454938 0.038715307109741096 0.049052568723179694 0.04862754125487568 
0.0024531191349274595 0.010922200412634421 0.013529707881133878 0.018432209695204045 0.026197574605847724 0.11488567345032973 0.0026695922341670583 5.428517867593224E-4 0.17237835033236307 0.15322448417093543 
0.018806148393253175 0.019029450255742743 0.03193945520012501 0.0026656013920722367 0.14066666245508203 0.003001325504751451 0.007787400009058542 0.1380744815656695 0.00910259319827346 0.15211871612708244 
0.15757829040219182 0.3886077391338324 0.005286086257290817 0.0061485300171638625 0.004808202385774172 8.2882743284566E-4 0.003895455055607197 0.004069172141426413 0.006147990047435999 0.014122562625307526 
0.0159341837044982 0.18073123281645218 3.3702266388306893E-4 0.004568661938387297 1.5624573262215422E-4 0.22342814022657623 0.01534231651926808 0.1636076628070624 0.0017458589284537458 0.0012531874755911878 
0.19783263926794675 0.007292643230424411 0.024086659397479466 0.16132957574565526 2.4147265464129644E-6 0.0032673210432313574 0.1336316232833134 0.0024209612837459457 0.005627745191830625 0.011668593376516335 
0.18600593918436303 0.03679095824427038 0.017200241996603433 0.016517825323021974 0.026598300671861152 0.02154692314160799 0.17612395609873757 0.020566843776811908 0.017081817199611084 0.026994395536642728 
0.0059332467943648305 0.18842930246302475 0.1658433481913523 0.012618350780146613 0.014642243066609788 0.148611949731964 5.0325410851758285E-5 4.3813904980367365E-4 5.29812352963002E-6 0.0010629259364829695 
0.0017778964863055737 0.14486106789322312 0.0024188316390337888 0.018486036117772903 0.015645311882528705 0.02691950537678242 0.0057174293792155145 1.1250041914641525E-4 0.003878090067114224 0.2988382391598226 
0.012712960528500468 0.03207155303947813 0.023187717086014015 0.009678876144314622 0.01502640084535075 0.18228338546202194 0.00958654957180372 0.051997100299357744 0.011926001728167154 0.17976587036971417 
0.03079012336368361 0.02387720623607954 0.0183753129638188 0.0359963632690448 0.12517456797496418 0.004498889422612957 0.007821009132865216 0.1050802019442812 0.1631003174411255 0.04354837962311106 
0.004019258544662256 0.019336247464084588 0.002500090215231408 0.0194555340043777 3.466491085628697E-4 0.32488511973033213 0.011137256107758503 0.1439173657083128 0.003599950842646705 1.0250479282393669E-4 
0.024044418769141093 0.023570406010986467 0.002940395750992413 0.15661564451925866 0.20330437721330558 0.16299031613282924 0.007069109421969216 0.009775205758548343 0.009027158680092684 0.0023801898825952126 
0.007807760882685903 3.697062183965472E-4 0.18433042415248863 0.17174645993645596 0.0029110809343477055 0.006314965338041623 0.002378594050308422 0.13806627111140377 0.006626040720157241 0.010577401530053397 
0.0012043933950786421 0.027256661294030354 2.71287595009644E-5 0.0012978604965321141 0.15946560159487605 0.007395563962362595 0.0038114780440876273 4.1258324541653904E-4 0.34530322744450087 3.3681465318870343E-4 
0.011401480768276857 0.06298510230813915 0.027821596714236178 0.016645084485449217 0.2417569256366593 0.13787422495979387 0.01293960061818507 5.487727129691503E-4 0.011722085591030393 0.004970606405457046 
0.041409997125515095 0.03569899133814634 0.01196831205401401 0.004630263443757934 0.037854129429596456 0.03563567082371096 0.19075556082699885 0.012914219325831647 0.1773029471893527 0.015517665902605641 
0.18193369200948653 4.8665222970096036E-5 0.01062849412527985 0.017012357744503253 0.13269873804547413 0.011165482562290566 2.667784190039543E-4 0.0021787343931216133 0.18076225205067448 0.008665715499185355 
3.8144969863372413E-4 0.020379708766637288 0.010733479742600069 2.156793106540775E-4 0.1499062347576905 0.1633944866045941 3.454876105809474E-5 0.0019509142585743531 0.02606906646290383 0.15372993488378853 
0.0012843148009804596 0.19150201995797805 0.019331146925529147 0.014269818085660397 1.5374824698608582E-4 0.17388605655326408 0.1667367868349532 0.005969043340713986 9.669011542149065E-4 8.708786762584593E-4 
0.19256419551326953 0.001068935232161434 0.0019640469044197076 0.010977589807244935 0.0015384215396225392 1.931247867363806E-4 0.006240544043844225 0.20520338663131632 0.19566411681315946 0.0012900657524978134 
0.02435804703536477 0.02679923118028075 0.04318513923585832 0.003604143105843795 0.19019452166305026 0.0037650168138906705 0.010518735042676274 0.18650241236545279 0.020717213563906038 0.01873499558409788 
0.006626894136717343 3.6907965829770874E-4 0.1770585749629115 0.328082075058244 5.054787376583323E-4 0.008208287904970288 0.0064386237873619405 0.0011894522899119366 0.0029740818762270336 0.0029797668356562473 
0.003276625552873489 0.17756313195654955 0.004956172335654163 0.006246479912266641 0.008798139318951846 0.011667650574086726 0.14025282613088194 0.15700457872076914 0.03004820597724473 0.002266118330923157 
2.157250892284525E-5 1.1362563230849415E-4 1.980198882529557E-5 0.1816094606873547 9.164356990834552E-6 0.002765138865687025 0.0030408499761904236 0.16242497964427768 4.5947864513449875E-4 0.17581097362393275 
0.002539674497430668 0.0019883639068307905 0.17559912144145035 0.005067365083629983 0.005238116563228453 0.33437679496830924 0.002696272742605845 0.0018261528317289645 0.012555138363806883 0.004553770526061294 
0.004109607576220315 0.17400839535304935 0.0028631797658169177 0.0018611562072968688 0.0013933089638514173 0.003171432182984251 0.22297108558666492 0.002673559571332749 0.16504363605140054 5.795048221572227E-4 
0.010725673275418448 0.03322476142739509 0.0027211788272145584 0.03645210662942203 0.014938067599225632 0.020804230031983853 0.004369192647215037 0.20221681081488257 0.173628193607373 0.03727659423939449 
0.034004933436513826 0.037577384961265475 0.004330476796305041 0.0036531002006216927 0.005584229440845054 0.004638523710641204 0.1265465911308456 0.1839595247812616 0.12194656005260218 0.012411313966715229 
0.005832556062728214 0.17331172003381096 0.017681771875214237 0.151681796187829 0.01595431868552023 0.003610509766362334 0.011096733515334165 0.14502287118264515 3.678457233836329E-4 3.0715305551931745E-4 
0.012182493700786492 8.878378869772667E-4 0.3408808119184387 0.006043865423569552 0.0028770407368698143 0.014235977013632096 0.002424644786080917 0.13963519889698597 0.006691858107005239 9.609568404227965E-4 
0.003909156318328 0.021103232433727026 0.022111640255926157 0.04365325480151637 0.04200467362682515 0.03673190742567812 0.010942890640176964 0.29923911017491256 0.02477086494635002 0.03436587335843496 
0.17443549862266 0.003520391113062166 0.0157739390318105 0.026980064689056428 0.16061448377472423 0.003319537158746946 0.13136092560793206 0.009046976864510814 0.017477859150235135 0.0020728421900360334 
0.17512587724472078 0.015130779892606378 0.17574367374334512 0.13950997393152312 5.28714464541136E-4 0.029015509898722428 1.791402817977988E-5 0.00714865876839944 0.00897518986736816 0.003549979523875459 
0.011217040112207088 0.01203116866440183 0.027845654347892653 0.004458237197255257 0.2640088909921018 0.01306727329191001 0.14229289937372486 0.002388798192473516 0.05334380318351441 0.014206710899944743 
0.006265989096124071 0.009361462697985094 0.134389190432212 0.016975083103391513 0.00282162235286655 0.00991303865663679 0.2218203741221334 2.561149589197233E-4 0.13634155593302133 0.0016403097558595917 
0.0010453499429606355 0.004051287245755031 0.1999274923943561 0.15330121708534275 0.003567352369125426 9.644476952676779E-4 0.004045653486810933 0.003172284037204352 0.18514314511522617 3.78143117126034E-4 
0.004480040995922045 0.004433866169714413 0.16811041365960316 0.008035373796481324 0.0011385796859478376 0.16121628211311986 0.14917281815135197 0.0044282024718745195 0.014492878152431717 0.01096266343640679 
0.02427277132813486 0.017001197282672794 0.19458453444001883 0.009027876115379604 3.6297973909432305E-4 0.038577886063453984 0.022075087338354803 0.0043101231303887405 0.021129959485364724 0.19606359120616437 
7.41927241012281E-4 0.003732037904846722 0.17976106633439753 0.004155267963251024 0.004077088112338369 0.007516747531130659 0.0038761553849592633 9.950635510595697E-5 0.3506124884641665 4.918201286137042E-4 
