2.3666776630386974E-5 5.480330456860671E-4 2.556705547607216E-7 0.11778123494550594 0.21006044678404198 0.039805894929223484 7.39702240722965E-4 6.555922548141888E-4 0.1747050838523036 2.103401211501628E-4 
0.07351452132784951 0.15682200510711505 0.0327680306050769 0.03445254929081508 0.04354673196480205 0.5802918630876054 0.012559258166582852 0.07723131216457726 0.018621266360945153 0.016081060880754436 
0.34718472454877497 0.005199919612714119 0.02458313583151022 0.008147383248245694 0.6868018416774538 0.5660460087972973 0.0021383402902285893 0.004779257184236148 0.03520692234861551 3.572344199298716E-5 
0.003939782839519982 0.008260425517476284 0.08722074050328321 0.032487990510376145 0.022146527534465353 0.2949593666602472 0.0020573120282021476 0.01605305229138489 0.23528894118398955 0.001052949007003362 
0.001713715269326218 0.0016034641381115356 0.13773016331132534 0.01809686556876648 0.2439641163041193 0.09415791981873994 0.015400217552912418 0.12372575267095917 0.1094559210306734 0.006083137599260511 
0.03636865369901076 0.1158676535399678 0.08435723042860484 0.11000767117810961 0.040621844022454154 0.16810310431034 0.001712082174247129 0.01947338939094482 0.03282510139987157 0.025397574723794825 
0.0015709469480560876 6.419798218586346E-6 0.09639777979968765 0.17407594064122503 0.06686911886636186 0.001883179577627257 4.7698834521901035E-4 0.31124457230656116 0.00781470018819307 7.082695245880857E-4 
0.0021738733437270045 0.0038874400209811893 0.0023242900714005752 6.054397233741147E-4 0.17948829149603526 0.0012006371888765794 0.0031897214607340242 0.002482915298026016 0.3174129533184156 0.11158714968720687 
0.1010607446843457 0.026250610256042466 0.0036638029472070266 0.04279354682983831 0.04018117149961529 0.03475794511589165 0.005418398867052545 0.17605465297897804 7.29406693322195E-4 0.11922220589248236 
0.13490482350259692 0.0264714370097763 0.08938136895828816 0.10013377099174266 0.01312416748566336 0.031649490377306355 0.029243593142306554 0.0042678767211210425 0.015148954213281522 0.12202944250790086 
1.6403737738687234E-4 5.854802912079605E-4 0.0050262142942147465 5.859988730367372E-4 0.3362562155473604 0.040801511843232864 0.07342951014952889 0.005921475710525446 0.07230256376259371 0.04774276597798419 
0.01142006477125006 0.009157714936089216 0.14445910550000307 0.0035425858505244434 0.03416562855286977 0.022286737836644782 0.19527293185789985 0.12253429406279105 0.03942636794167124 0.052559945759959356 
0.006557181515845261 0.0014886054625637636 5.909609350686899E-4 9.379808643568335E-4 0.34465945613471144 0.018430797493120054 0.24090795364525752 0.517499622356126 0.00572145591036458 0.009074589284614734 
0.22571929291858342 0.016869978726421417 1.0938080249788552E-5 0.016268044793229335 0.013680871420933974 0.032481529070808465 0.002154807384872661 0.2590863309680956 0.016126694683690428 3.9967335786707154E-5 
0.13103621875703633 0.016520160456506183 0.01547790678352237 0.4922310326132474 0.35089064710982276 0.04358319199938882 0.03637066742640186 0.0012564511095623065 6.523925610599931E-4 3.8138141678056343E-4 
0.29486439320844104 0.11733076826640368 0.013424125301395784 0.018007068144610717 5.1029544439656866E-5 0.015547230863486416 0.001676201962170673 0.02263408207187438 0.0023625311647744447 0.15813256191267874 
0.45662693185369885 9.978632381276126E-4 0.16909661008795365 0.04233054114812415 0.03486454363700357 0.4805409898106211 0.01167554376213652 0.012998677842152424 4.367479798816117E-5 0.002680134685318111 
4.220017753697415E-7 9.627541323903476E-8 3.167352831591272E-5 0.0026085840417000438 1.9701796870109686E-5 6.033304190741534E-7 1.288338004722532E-4 0.024526589950858966 0.4437262880252324 0.14457303265561008 
0.017215926925440397 0.006574828105932147 0.18014121080936124 0.02021615109764645 0.032778928261739206 0.15715492506398382 0.0030162510831741648 0.054164088211110316 0.05529928255850555 0.00956550579820196 
0.010146818624871646 0.20491380801872447 0.003226707360447373 0.007815591462290994 0.4032245947211969 0.0200200800547368 7.056393947303408E-4 0.7431875322133381 1.1300890590224952 1.574137582655916E-5 
5.08942130195019E-9 7.491008210481322E-12 3.0025422001038204E-7 0.0014445380058282888 1.1258855358879369E-4 0.7016817070589947 0.0018663309684437432 0.48210953933753387 4.083324022548271E-4 0.0011781139748001722 
0.017347185238573173 0.3519612253879495 0.2102797169862354 0.010410035879486202 0.010042932305262094 0.032654046953060636 0.005206685414509535 0.06185750275493774 0.0017115140250183016 0.0041867050282934515 
0.006282020303686041 8.710159202051841E-4 2.0790942486785795E-5 5.158046351339512E-4 0.0014319014203635087 0.22866398290957593 0.001703390474153036 0.2019897088756141 0.02310235584829675 0.1163612404120373 
5.261204445759182E-4 0.010265467716852885 3.7744561211754916E-4 0.005015208834719224 0.00274080895488356 0.2680030673080578 7.233290929581138E-4 0.01113499828163924 0.32456662962029176 0.18635222614805555 
0.033493341959702834 0.01279123494377968 0.005976921312155268 0.005317705148175998 0.0025881802822817004 0.036802667702161014 0.067647858103157 0.011431644529675654 0.22230862157758277 0.11477650377913982 
0.048463624123643245 0.12456313734970839 0.002357232953670989 0.006263261702449594 0.00820756379141217 0.02472324886852653 0.01814476479755122 0.029453002074239048 0.2645004335526997 2.873671596328634E-4 
0.011199404783211266 0.25432036048878576 9.40095005996731E-4 0.005988634543859697 0.5281949223996205 0.025417311037896868 0.0010784119803811736 0.7315747169223336 0.0050422257494620116 9.755233699933712E-6 
0.002577372986598869 3.907682576964022E-5 0.06836893984330951 0.2764055532685884 0.025507343970043613 0.0032129456628820665 0.004432319777940387 0.03553845833692566 0.07155136147018543 0.1390067208143767 
7.970250410438167E-6 3.079069790011653E-5 0.0027536191894184745 3.0326219561331027E-4 0.2947742264906894 0.015498163264376476 0.001030116790343873 0.265169654257234 0.0062598804392676125 0.004786883823951609 
0.010916998094791595 0.20487019843156812 0.03069822042296002 0.03227633558479624 0.04079607934533406 0.5436374171340481 0.011765945906034605 0.1071565118382339 0.05321335999126796 0.016167314085934713 
0.014968369848137479 0.00571647749225121 0.0026435805115516665 0.011541221693477917 6.450225226335398E-4 0.019298411759188186 0.03436639435742428 0.08843497797882947 0.2250006157168954 0.11058687636169176 
0.017712473402999328 1.718873889827974E-4 8.075102405675323E-4 0.35034429021019237 0.014516377505943843 0.002811264434732648 0.005872792744495045 0.013185200740113241 0.3267408478409129 0.0012684265137319376 
0.07694065711188378 0.10516429354178142 0.01501281118160656 0.04023514478322145 0.05478723864742821 0.05940616500009148 0.06123470948418963 0.014504326245453222 0.103402169472609 0.1601212146444812 
0.0225356392510906 0.009619432438505045 0.0167665882161651 0.3324471168843382 0.04512535652087275 0.016561940378702362 0.09047488728874607 0.0016985715688499655 3.5464983271645884E-4 0.00287987103329186 
0.15175211383426981 0.05795471062889916 0.027016483554358324 0.023457286016559907 0.011336561266159347 0.16607927811398995 0.003187534862812317 0.030611329798294545 0.05531488781576252 0.00951213332798647 
0.01747313156980111 0.0036889550888227814 0.011566585970231386 0.04402082527754191 0.011816459160828624 0.025570047058435096 0.13222127754896315 0.021126947938712178 0.2530561218404877 0.003172302596898702 
0.002906043580432015 4.3524936268235696E-5 2.057684541360407E-4 6.819611898724961E-5 0.9630486846631188 0.5102582847001765 0.001927592159717967 0.004254582396369529 0.031735889966500744 3.22014862045644E-5 
0.0127429389148364 0.024317506319616853 0.25928219837126004 0.003823191127004859 0.06311362758703577 0.07130094279858491 0.5414650337619785 4.4562489792204687E-4 0.048317019433928673 0.03760115939483016 
7.92817627797374E-6 1.5595799949205324E-7 1.5322382727621837E-7 5.327852464348842E-7 6.83072287044128E-7 1.8666470296112224E-6 7.64963971078218E-6 1.6217291796433912 4.76667320380649E-5 4.008621677538452E-4 
2.869303237051129E-16 4.579390159197967E-15 2.6465978740863926E-15 8.133751206408545E-14 1.9125789079599978E-13 5.081659484059406E-13 7.835196404489809E-14 8.707753850859008E-12 4.297679130770982E-15 0.7110231439663627 
8.735609026762701E-4 0.00734015802034683 0.0016340935819762455 0.008880007960975746 0.15229499053427228 0.039610063620492325 0.021740586087750667 0.022625184383772947 0.27391719828338074 0.036211289992659455 
9.5884095878612E-4 0.005945810598050449 0.4984890226564947 0.019707984841156385 0.03016010197442797 0.004035106210932628 0.0037551493961615876 0.004619030534972951 0.0015500390704038943 2.9878392140465977E-5 
1.0042551419365737E-4 0.0019487788361045655 2.9179183365314502E-5 0.08334945077374248 0.07357956301420109 0.00526960054965956 0.013869897396246092 0.04163237640931947 0.2860610771100025 5.426983173289827E-4 
0.0034553784973201294 8.64232768930153E-4 1.4184381082162604E-4 5.94708725919943E-4 0.007791425119138248 0.012958794319918988 0.07550777150753289 0.05018857981045717 0.15825148956833984 0.23245050926640048 
0.0059858621950071005 0.0022599158373050755 4.1195946555691153E-4 0.23251813748927516 1.0918566954760069E-4 0.018760487703620893 0.0019523811993583824 0.0026401774909864816 0.41967974246863043 0.147249726475885 
0.0027044974232138777 5.092362474738014E-5 0.1449237427277525 0.008263951494903192 0.2820226063186301 0.02567552538418849 0.022601972371216503 0.031091860973629523 0.0018478851387527075 0.16167134564009963 
0.010926237354619929 0.1720603612117571 0.0341660599063751 0.02377158371631896 7.654774371697669E-4 0.013522099100950554 0.2214477777289244 0.28677232171907846 7.833395055867626E-4 0.0036302896474794083 
0.21094643478092806 0.0010440069869499808 0.029773124166738992 0.01948463026286015 0.45577899245095793 0.0015706712012991222 0.004129205007405086 0.012034780746320778 0.0010244998975284677 9.237908347827446E-4 
0.17999162143625794 4.4513772544255343E-4 0.007198684670390659 0.02511678821816729 0.031088785824252587 0.0017872429772359819 0.15537931479221442 0.03160066004256304 0.3458107911139731 0.0014119235935579496 
0.14003682742399637 5.280121147580522E-4 0.0018862504552366278 0.023315263830552147 0.006562497172288112 0.0012630915479434914 0.002638625803659411 0.01651481316017668 0.15529867206979073 0.3761325196875646 
0.028236332510979848 0.013781344685679108 0.020459111226811825 0.010465999109492238 0.016236283661884735 0.014420198283650402 0.07687089550715526 0.25080061216641947 0.25134792539857137 0.005577777419504221 
8.4280190103659E-4 0.015241051610292529 0.0025723426980640536 0.3511044128026606 0.027149847262136064 0.37771203939608244 0.009128614917063944 0.025998550790186963 0.4091092305007424 2.904268372184812E-4 
0.011347870633939227 0.007430359750135212 0.00913583852460712 0.2299844111822231 0.04023462022071753 0.03277225570348328 0.28417028450710513 0.043923661710536084 0.011223885459521922 0.02298888905014201 
0.028731981063229516 0.24142252772028314 0.05374639101755414 0.031055733997104294 0.06439292257301786 0.05661643478094604 0.00340621098075193 0.04667436818577948 0.05860511757357824 0.00881846547544713 
7.896235026513308E-4 0.019463663776004544 0.055882686133976775 0.10839210853967388 0.04153204098857402 0.023531425096482674 0.017353285032728875 0.016432126894292527 0.24112994547582497 0.03748612051374506 
0.0011707786433255735 0.00417872945760211 0.03570468281386676 0.006160266640210856 0.043183463426834295 0.029725415853573404 0.022923046133350937 0.0025811915562140493 0.4063379036588813 0.04925002432619545 
2.5691924049024576E-4 7.545190790039039E-6 0.013909734495155916 7.93171422510728E-4 0.027952316121265065 0.8472021107800817 0.1109520123312971 0.05270489897346446 0.11934369995828 0.008351236155149214 
0.00524598300240633 0.13335944124485224 0.07676930005026604 0.10016895154893254 0.035751353398179676 0.013656901302681546 0.03836055152886731 0.014186328448956982 0.014736757369831197 0.1159244385224786 
0.04793155412721315 0.03990368748254441 0.004735856972305126 0.528403380564786 0.264831857995337 0.3888291452243988 0.0028491075781488366 0.04488833638065635 0.010139620254320948 0.02605747405185545 
0.016591843549135697 8.05448550919542E-5 0.1473778234348055 0.011844408769391848 0.04016442953350115 0.023322080691049837 0.0032304743335827613 0.020804067026281174 0.21131961260135715 0.1427483984214275 
0.013553582344565591 0.27371300041892876 0.020040355165682124 0.052692710229233795 0.6420116499114565 0.5291309807005684 9.79334176243692E-4 0.007274509564789308 0.005427088863589947 0.005418642619768556 
5.4241224184072655E-8 2.059983567345772E-9 4.159183691658481E-7 1.416034502139912E-4 0.016604262520617065 0.4756912718887487 0.32448546175902265 0.8090687426827045 0.004818304912910047 0.003557344024680505 
0.08138051922164738 0.015995971231810572 0.0011022348292386087 0.043894823048514144 0.006035440814497994 0.28066845958791165 0.024989254892142748 0.038713129570529164 0.006972744132779396 0.1426132419612083 
5.94256322259607E-4 8.698968113576138E-5 0.14215721810912366 0.006260261679761123 1.7150559179629487E-5 0.27289133888265255 0.001540355848998135 0.020561547768660277 0.002041797006591791 0.14442528363159307 
0.002519514936360815 0.05944187009934936 0.004201801155186009 0.09546309581699962 0.011544710077976894 0.16207150176094523 6.706492319688214E-4 0.06005030062004357 0.1708468068980342 0.009481410715091192 
2.3839685693178395E-4 1.0121629793987041E-4 0.012581273608849954 0.18845533898243397 0.019371694314601524 0.3355028772157111 0.001450637788255715 0.025912295015350927 6.755865966055786E-4 0.0017113168701650197 
0.17222226972157825 0.017373765051469005 0.006174650178654519 0.008458588736107763 3.2347674086082194E-5 0.24823132689223754 0.00155423480309755 0.05916185942132094 0.0113447028827081 0.17071304024966602 
0.004456532228498688 0.10514111506027064 0.007432169579782887 0.10552858362572433 0.06500173469787997 0.06447821419951114 7.042491717979281E-4 0.030847956451007193 0.18346115481905806 0.009485449763769959 
9.551390085260947E-5 1.2121778351497094E-4 0.0035605561970682904 0.18489077023057768 0.34260714837400497 0.046965406820935494 0.024689490899974256 0.014984483163960723 0.0018333562247801673 0.00896161765683532 
0.0010968449682855405 2.1559337205340234E-4 0.009815779023340583 0.021944961304917153 0.056041361907527905 0.18806853417044894 0.00819377321675366 0.3110390290459185 0.002798667342534329 0.025624043300263077 
0.19312186020420444 0.07702739927557187 0.053581810668627945 0.033063001089303726 3.3379296997712533E-4 0.08410319087141456 0.002057681294655411 0.04225839148848815 0.11785741439037994 0.006402285240729752 
9.179913436197147E-5 1.6570170529212833E-4 0.009113857084299943 0.6430000635627313 0.02411036272369114 0.3047583452795787 0.0029040182081042205 0.002791319655204807 9.454075811904769E-4 0.0032609425693492784 
0.04863768529417031 0.14427428737277498 0.12137096786398978 0.18672198783020214 0.014262440203643858 0.0437950538437765 0.0017236011582099297 0.019604407436380814 0.03304595050529999 0.025568451017198256 
0.04358393958723299 5.408464341755722E-4 0.005123593103435899 0.05787877144788939 0.16141729971717309 0.009657893176615777 0.001653052531185446 0.18254064554341232 0.03549214816882049 0.09992622700462905 
0.001561358948062686 0.003190175994060536 6.978088682397339E-5 1.2257994151287417E-4 1.1972415932872657E-4 0.23000580879635388 0.20981988470220286 0.022594679744243687 0.0014500771658306024 0.22523275895603115 
0.005889917238118747 0.015138499919824964 2.994294053907647E-4 0.0333938116335096 0.002472547672849648 0.11753081880670589 0.0077553224248040325 0.03934973407157971 0.2849028449890506 0.007380644059929167 
0.028463725904361813 0.08892154360200931 0.017873565406490398 0.23890312869890998 0.013866663098040825 0.015068218948071383 0.0886224557585032 0.0015903763563977714 0.02720352129373731 0.021461065322067024 
0.0129316722793309 0.0104495905445713 0.003810234286885465 0.5117363968064141 0.0395399376724371 0.5504875493726323 0.013304285621648908 0.03789097783224745 6.858160541530244E-4 0.004559667947393989 
0.005764940822881033 1.0854944088147141E-4 0.30892127812164566 0.010328509938938435 0.07650185238696237 0.023545076087432813 0.020726553838468477 0.028511986468436883 0.0016945552444103955 0.18336956263828377 
0.041005445646160626 0.10539382991823873 0.002084619479565878 0.005302613253265726 0.00694870158791937 0.02093123892025183 0.015361751570312712 0.029850980244650098 0.2864943237162794 2.8010885319018516E-4 
0.06303637917906788 0.09457046087712517 0.001538342552725869 0.011667470444718693 0.03597766592951405 0.0016400728099273062 0.13678754360323872 0.04676635322787277 0.026590622596499386 0.1243928248092964 
0.006040966748362194 0.022185145008899135 9.103325718773494E-4 0.005112142536784253 0.05277623716309222 0.015391567112836879 1.5022646697304974E-4 0.05080901959329032 0.166609343422499 0.24012803025718713 
0.03247963622675059 0.12051644498533552 0.0010069366000287309 0.019763973481397204 0.0054098650089855855 0.008135661704994334 2.4918347168842404E-4 0.002462493980350089 0.19451782200334136 0.32834747248861257 
6.192060234928126E-6 3.6359654661414147E-7 3.780909882311568E-7 0.014884225912833907 0.23256831077945492 0.2628891716821825 0.0066645294018371475 0.026107999353248784 0.001607181645080854 0.02763703763495054 
0.0016316828260500228 2.781382514160769E-4 0.014496362258608309 0.21020839611115327 0.02432199129981805 0.028214968692401976 6.48970807053909E-4 0.24810455925010103 0.009574960262630904 0.13905848975778862 
0.006164979434662138 0.015825494810943638 3.131284004005628E-4 0.03492158963623642 0.10479118650468769 0.012723450881080742 0.007755979557253473 0.0393530682962217 0.28492698568806035 0.007381269444722201 
0.028317241713091575 0.07739868211621058 0.016096742691961315 0.2605382268070262 0.014136325610930393 0.01539668935188128 0.0010772129687396659 0.05532945668381846 0.06896760110585387 0.0049919255846094515 
1.9289996186511796E-6 1.9449802783689065E-7 1.795831749672042E-7 1.914502495675795E-6 2.2172982257275367E-6 8.764342736841777E-8 5.007061097424921E-7 1.8003057028827226E-6 1.6468569234473311 1.4851272202813736E-5 
0.17806531902014533 0.015094462496255229 0.020261469606201912 0.004421596553886385 0.04821933305838256 0.011578170143873343 0.24409697268803182 0.005746906875466092 0.0024704220148169384 0.04317001249284879 
0.1893252920711422 0.026250367798827594 9.72006656176217E-6 0.015500783007366566 0.034832460373325685 0.03169132707351884 0.0021319463134520833 0.2528082795618219 0.028914675249269623 3.9903264595715076E-5 
9.541004187380348E-5 3.5385615078649803E-4 0.0012971491993586544 0.16367305028977194 0.03711714745711032 0.006541919028208095 0.01453654737690592 0.01376490910232289 0.08445938491726782 0.2739152865631841 
0.014405127759589218 0.005569546099135372 0.010415375047967875 0.2065155630546024 0.02808682579200328 0.01029038528808344 0.12627720210777751 0.0012784233564518983 0.0056622566765080675 0.11657290537813661 
1.4303228095178988E-4 4.260648845232116E-5 4.572383639727197E-6 0.263424347818665 0.006258526278861395 0.0051270707306253355 0.0019569128935003144 0.24384012646857584 0.025786801530276453 0.022672296450134646 
3.102180278540581E-6 7.077308809821972E-7 2.328355012424584E-4 0.019175980864031675 1.4483002032092673E-4 8.478997599585218E-5 9.509613805013255E-4 0.2123288934521853 0.2338174409421128 0.14887628335911762 
0.00921449654015374 0.0018111806484113703 0.0824614822191894 3.860739000153265E-4 0.0017134098008956663 0.1692365614663878 0.019769393954913932 0.307919147310612 0.008416666844554277 0.01648358409432598 
5.08239874137233E-5 8.103054270045151E-4 4.72974381025173E-4 0.0012257268188498338 0.21624973118720248 0.04282855666248311 0.20852488156346813 0.045300467108207204 0.036960297856360964 0.039144599897289925 
0.22870545436833414 0.006886428383827269 0.01335512568229469 0.12658839569804603 0.03986531357699056 0.011708813768758531 2.852606083601415E-4 0.27903248279668474 0.3460806427959012 0.0040743786563974356 
0.11693675269181986 0.02883843244843032 0.06146982977618946 0.027727056888723022 0.05433344934104198 0.04700009929205518 0.007447618223462548 0.20597104086067686 9.22691652623054E-4 0.001536192215684388 
0.0026288758806807914 5.167259113306918E-4 0.018659056084286134 0.04299901392329491 0.10980758942610944 0.36850197213684843 0.016054900427305247 0.0372477432193901 0.002798667342534329 0.025624043300263077 
0.003965620941913444 0.0025635894468865753 0.0011184181116923716 0.0035197071662217876 0.1362714423537936 0.19583760580718654 0.004062969719824602 0.014022127998069069 0.18347215130834185 2.118382101681209E-4 
0.048791887143443916 0.031722270391073684 0.0029888236793380557 0.004685799115609289 0.019611539695376334 0.029903068551714106 0.1608152103550073 0.06433109852756537 0.06455161074743342 0.1071791717975035 
0.007009511147830727 0.0027922519413419696 0.3469187443772437 0.16000325609726948 0.019097092480047515 0.0064995231372836715 0.001960559243767736 0.01412681827784501 7.13390542486593E-4 0.0018456293635565912 
0.7805976430517934 9.866770384460374E-4 0.002761374523117708 0.02426771892805169 0.01618854667897249 0.003639118745819659 0.002241172238122365 0.008565798423055264 0.002246227878705173 8.601911500081186E-4 
1.1503003884893944E-5 9.334011141074962E-7 1.0451396788689422E-4 0.0026565169980398186 0.16117009163662385 0.36866420797456784 0.00695520636233796 9.587327632324982E-4 0.00413746531464697 0.02763352770076501 
0.029459903800756027 2.555911676003226E-4 0.002416276652475976 0.001329087768374377 0.0015118980809522282 0.06063960589662094 1.3426742980677059E-4 0.959757488655115 0.010871913419148756 0.19577218027128265 
0.09985987970379816 0.1364908241808502 0.01948485462544241 0.052220462740196955 0.07164825463215244 0.07721217104133404 0.07958879120293944 0.018851755855667843 0.13439524324372398 0.0010564928866403144 
0.0051914839906510085 0.088620764643292 0.035973536584530834 0.005898994190480697 0.00746088780133832 0.0011946456865741559 0.11290704928874243 0.03148785145188741 0.2363161973428347 0.09697266576337817 
0.004552089216711371 0.008140296605220695 0.004867061736169182 0.001267790344866625 0.4043479850586136 0.0028936221056036137 0.007164915334212823 0.005577251214996172 0.04035702862083135 0.14487537587535929 
0.002530399335563976 0.007955693029723834 1.5399840966778353E-4 4.401131276004073E-4 5.00648797509291E-4 0.29832107406329794 0.33222298246289295 0.022353442374524142 0.0019568485157427026 9.963200398682545E-4 
0.06576324390086247 0.008327388533354036 0.007771727040614272 0.2552009100334835 0.18049535874347383 0.02241884740989772 0.01870878212041181 0.0681978165346365 3.757166502372618E-4 0.0493188553928325 
0.03701097417226968 0.11275086175066061 0.06960174656514204 0.038501195180773926 5.755240799334939E-4 0.031573755918582934 0.03157483604746385 0.1914780363993683 0.08851344562114385 0.05980372031756916 
0.012505149486278032 0.2525400222287941 0.003976660999139366 0.009632096834771548 0.49694234419177147 0.0246731614181094 0.0010447417688366587 0.04973549994637073 0.6903056154771583 9.615490072799548E-6 
0.10637629590146308 0.01347008897623589 0.012571270611043316 0.153601987952862 0.15413091046104146 0.05468352618598372 0.017144683634790842 0.0035104498825703945 0.0024142444990729464 0.04072061708013491 
0.018945554174864904 0.004857307639859153 0.004086745790649369 0.01283577670455963 0.36819329824828045 0.057786606435782546 0.0055238564218166196 0.019063942665320237 0.2518809423181506 2.8895546631098063E-4 
2.0495130325469456E-7 4.564380320034224E-8 1.4452823660970655E-8 1.4506497545454343E-4 0.005509624110315483 0.0016982279774550497 0.5621405363557762 0.0011609602327083183 6.880837661845397E-4 9.987927669224271E-4 
0.018282945720732982 0.0035936545573649497 0.16361597151779642 6.106084546024886E-4 0.0036328648580212335 0.05016148445637924 0.018021427602359308 0.2811120193609697 0.007627189316159334 0.014994940590814321 
0.09340026964267327 0.01832728652948834 0.08474727285199067 0.07845729590232901 0.010283111099244695 0.12479154430054841 0.0033809474739782608 0.04172295358499395 0.016064370769240856 0.1294034018197775 
0.02424559735349586 0.28749338398557506 0.032699819009339874 0.03705470235180688 0.19257111264201904 0.02498144520822715 0.02075535134719485 0.0042497500829712055 0.002922684015854851 0.049296372716829934 
0.08438763297518088 0.028117269418519435 0.01764603199950084 0.2713043844172793 0.014878170942671323 0.016167374639878558 0.09508704702868488 0.0016763204635490455 0.007683269675295827 0.004989038929801493 
0.015221601254172051 5.739340155061218E-5 0.14259898465679904 0.027669967293521034 0.02729255242469061 0.0015600233729332845 0.18441430712965073 0.031427864742397345 0.3466548384494621 0.001409163854511958 
1.2098208816318759E-5 1.9308666188349956E-4 1.115918781955911E-4 0.0034295371532863093 0.008064250131320169 0.021426448336900487 0.003303653688266429 0.3671561201633944 1.812085208638969E-4 0.31896038581892455 
0.4157392997277346 0.027427286698285216 0.08513959761605917 0.01766337416882126 0.03053255720261694 0.020572522986392238 0.007863727759332273 0.006238365561540753 0.005043305511016111 3.2345365205632035E-5 
0.0401726223333612 4.1945907836093575E-4 0.006614926727262931 0.1870825055521236 0.01720281813909058 0.20355386886370913 0.005362536666345231 0.042797674049646885 2.9242625687703574E-4 0.12607469194289464 
0.004286689067830781 0.0011134709561060104 1.554073650410311E-4 0.002500782300659809 0.14178260507280083 0.18759967354811885 0.003927771727271545 0.20454088812191648 9.256302516997901E-4 0.0023318345982443287 
0.0012797080438316415 0.0301916206999772 1.0044380204382121E-4 0.0717134434175219 0.00753528035918616 0.10371739543990273 4.2918089138320594E-4 0.18395595475231416 0.1678872231907037 0.009481410715091192 
0.12471297527901072 0.02548735690202788 0.028727760918059415 0.012615604894847483 0.03886127746580629 0.014981430228909473 0.028517917568023545 0.02337454239115562 0.25178820464478396 1.3909036442045434E-4 
0.040581295469828006 0.12037656498581799 0.08879303974027483 0.016094457340894826 0.02798133942107219 0.0811031175381627 6.724820073671962E-4 0.01773606328048461 0.23348802671644397 0.004812542136421782 
0.012008566084325352 0.10090283618083458 0.022463368846998108 0.18582614636291175 0.011598640016523283 0.07814855063139647 0.028645135831820816 0.042801265549061336 0.05412669482366209 0.038344773567321924 
0.0025093828367996093 0.004487416571847506 0.0026830144588445683 6.988815861493437E-4 0.22290070459858594 0.0015951369365364654 0.1837254637476713 0.035550053216896305 0.02346744851204306 0.14440657427833564 
2.681350304153117E-6 6.208993293364547E-5 1.326230758528768E-4 0.0406488820804303 0.07249645781891872 0.2548767978932029 7.39702240722965E-4 6.555922548141888E-4 0.1747050838523036 2.103401211501628E-4 
0.027675772705881865 0.4771054260965609 0.0028107901680389288 0.018742779783127463 0.029434510025351978 0.009802460273354376 5.185603324317942E-4 0.005837748812040944 0.0015616629112631948 3.010245208966588E-5 
0.139285794613754 0.061376452845054094 0.0012886894397543547 0.007238846865138084 0.019192216556767838 0.012143816147939865 0.01757774075843371 0.2813132193661735 0.005673228229218966 0.004044023680427566 
8.448795815226234E-5 0.0017041741517126003 0.09407622389642825 0.0031453554104144224 0.030271404295879583 0.0058616385325506665 0.011325873174054835 0.001998690955924385 0.20550858791433632 0.3054964286988881 
1.312670291571397E-4 2.3694309027145008E-4 0.01303224645780976 0.9194499346684153 0.0344763129700171 0.012356294501290138 0.002899409819208094 0.002786890107735481 9.439073131180133E-4 0.003255767776889108 
0.15541802439183533 0.0305486161903884 0.004552367371086167 0.0063530540435069865 0.008345719356841318 0.38810424425187573 0.0345547764738944 0.031863235052340594 0.009335200353537552 5.170685635649198E-4 
0.015376745055523978 0.0034186782272020368 0.010273036055163564 0.039097753340365915 0.007511135338501886 0.021848952059279867 0.11297970425248155 0.056865596183111766 0.2529495679560766 0.0031709668411708082 
0.02806299614140388 0.005515999200419216 0.005024389046812233 1.53532653689245E-4 3.573924031308795E-4 0.06925205258182177 0.12758977114990763 0.2571742139722993 0.006977703840839533 0.013718061820231858 
0.20663019899021753 0.026164918998061077 0.024419012956852046 0.027671078441829415 0.15112765444279488 0.05516716250128498 0.01701808039912209 0.00348452730952947 0.0023964167472293437 0.04041991967500392 
3.84665095182531E-4 0.011575353055758863 0.02066275631417551 0.09713794493229748 0.19552116174570913 0.07567327715216961 0.0014226766627836722 0.020438640424196946 0.10510560646322986 0.15575959505786532 
0.015158823758202034 0.04601757816914549 0.022653890086326026 0.011281196909487175 0.02084580202839899 0.013272298846018023 0.15781179316925184 0.16992361826208513 0.010686450155178247 0.22122925938558585 
0.004670741547567676 0.11780945505625472 1.7650511417028497E-4 0.0034816169293279257 0.004912973540295914 0.2324968543637793 5.088007525436609E-4 0.04792296864791749 0.0014812015080178176 0.11926301582109544 
0.01333095802409773 0.005032999789109227 9.174642121814514E-4 0.5178350970552598 2.4316456512917504E-4 0.04207128601459391 0.0043502768596655455 0.005882817888342117 0.050221976658846916 0.19168153492794743 
4.9680962905386447E-5 8.931786464910066E-4 0.31156932797637077 0.01990667755159936 0.012434729679988304 0.0038471822923779164 0.00454934628870204 0.017789205053374366 0.4254742968109167 4.635778639878708E-4 
0.0014995524833757291 0.0031988622514127546 6.667738788024753E-4 0.24315484413958016 0.007177736661081938 0.3604346022609297 0.00839830868435844 0.39209754446080547 0.01872148138674584 0.016167605152224995 
0.0017733900955862144 0.00645671135867413 1.1719067423122305E-4 0.3347516005053124 0.015502607130204401 0.011884268858530498 0.018277054381385317 0.09085266491422582 7.788236443483844E-4 0.0259887355416653 
0.4054181702460503 0.011520630938631732 0.028993173832718336 0.27060559525555955 0.028814705928659826 0.020024518487183354 0.03050564189224538 0.3516540181399187 0.0028243591203897995 0.0021068331401013552 
0.01854561845137406 0.2920461734514321 0.026199150831919156 0.036704829045277186 0.0011866908185666576 0.03775815438260704 0.030587722401911578 0.2662950008203434 0.006604505249642054 0.010025856814938117 
3.465015327275161E-4 0.0012725093630832976 5.316373651902463E-5 2.145984900760316E-4 0.0029074713701579993 0.004835742229541928 2.426816292138836E-5 0.0034077844519073957 0.32768787374233205 0.2485008055087632 
5.259448873399471E-6 2.0486734868068988E-5 0.0018290364063537775 2.0143584072155796E-4 0.1957978772003352 0.010294344603309403 6.842344502738395E-4 0.17613363291499692 0.20086137597552148 0.004786883823951609 
0.17579249450024945 0.00236896537573352 0.004036109744483146 0.011679160743796355 0.02063270581307731 0.0031903857413610715 0.18360989503446556 0.23391523753865742 0.051701030146509765 0.2267187828803281 
0.03792872839170434 0.024599642457710794 0.011449218633714769 0.035981292773840975 0.025695426940222324 0.022059794237866828 0.0018666813589121643 0.22834626717079637 0.20377799703004967 0.02943961929465634 
0.0011624770299327018 0.027425838049027335 0.0825419553519028 0.1812457402665589 0.06580555291036717 0.037023969554088335 0.027477349763634612 0.02601877956728869 0.07698579015166353 0.03757049334909163 
0.04156689281489015 1.5994857509167354E-4 0.0198080768438356 0.05538580749088468 0.1740338596795424 0.3471303970345373 0.09267406809063633 0.021397545667418173 0.010857929347794667 0.004320578962640347 
0.18703577937015603 0.0018317900702274573 0.004669261435186985 0.02483754440296122 0.008493135962699652 0.01331528166053156 3.195172581721914E-4 0.014760029162577145 0.2612986949604931 0.19632845566847906 
0.05450345508462832 0.014258215787070089 0.003366795971099778 0.11181105936311114 0.04253300765552707 0.03679235548716552 0.005735542093272508 0.16118044173709664 7.29406693322195E-4 0.11922220589248236 
8.142798401178008E-7 1.4117946772858899E-5 8.356044567544451E-8 7.50973508012532E-4 1.8080556710503512E-5 2.821246022911161E-5 5.433623278368198E-4 0.3594719792192255 0.18035729019367033 2.8176920938231896E-4 
0.14569811330824806 0.0018792185316186896 7.66697674117121E-5 0.06749702914554886 0.022896754626318523 0.0034696068998474106 0.20049347454613606 0.2576391065061954 0.056944589640917774 1.8124769976757766E-5 
0.03113927884224098 0.5462073117318269 0.0036559587144162414 0.32270521518810813 0.09593394661694542 0.03679050707258233 8.932353362609503E-4 0.012608675378874822 0.00286686969368413 6.567724911099865E-6 
0.05183531714998995 0.16161870672570922 0.01700351566398733 0.10715464792541378 0.03956832598755454 0.1637433895712538 7.040909897626732E-4 0.01893466567882361 0.031917007789566784 0.02469496073814522 
0.0013805258555579913 0.001291710321279518 0.11095195038804008 0.0145783790746417 0.19653134707646788 0.17351428936828697 0.015430628548984585 0.12397007541286685 0.10967206496325765 0.006095150044734217 
0.06953016757329267 0.10915334692266879 0.01873882947646416 0.02111736902809805 0.03253012722620268 0.010925751717553809 0.22612474935261895 0.024444340501966456 0.0024005477336676625 0.04246925421686347 
2.305895137164E-4 0.005214674435213366 0.11156173616907622 0.028852634539905345 0.02991821292469306 0.05468588439978648 0.025242085401373487 0.27379189427276934 0.03624768401328462 0.001444434826254439 
0.0010837106300939472 2.460230145982644E-4 0.0944656991233309 0.010403717201120218 0.16567128871796896 0.014341453369458747 0.0020502956548832264 0.26982135599098067 0.028486198385258364 0.004792947292765414 
0.002922370413785383 0.010430490343949635 0.08954337225299878 0.010425553523264644 0.0709172857960041 0.03752369360032701 0.04247027875682768 0.0034248726917241105 0.2939996250255305 0.03996860111408432 
0.008537176831179627 0.2153320066968622 3.226158750025417E-4 0.006363696017301512 0.00897992823050869 0.09653436935545252 0.02654958639028221 0.047733733083911954 0.0014753526215509774 0.1187920766305433 
0.005371276078445038 6.80147452770885E-4 0.19793461904862283 0.02194480437184522 0.1277565068201433 0.04362006748632991 0.09326559470221327 0.0033636785513248583 0.035172080345503495 0.0553479439127331 
0.008887372937231302 0.007126757117417759 0.11242159921802572 0.003267200954872326 0.02669194158246185 0.01474994526325975 0.15390374879958965 0.09534668190826874 0.006599617823963319 0.14277284093002923 
0.029402981020273024 0.09014942525142473 0.08498848570718814 0.03589961795484845 0.05346494670975631 0.03578438717372394 0.024398468120046486 0.20961426023942434 0.097249021599881 6.260912211715461E-4 
0.00161292905917254 2.5230603304716016E-4 1.0757557980862887E-4 0.11205694965300315 0.2214923163437593 0.10075996448090245 0.09809251343837555 0.0010893669010398261 0.0015908192235911274 0.009386775685132962 
0.27797794577697016 0.02852798494794607 0.0321508988607767 0.03643267833650244 0.19897978438531808 0.0249816487347095 0.020755520443242515 0.00424978470613564 0.0029227078272713565 0.04929126469444222 
3.137813011211458E-4 2.0545774845392946E-4 0.0036451361472945726 1.0593509062243357E-4 8.475896489687097E-4 0.15961330874626062 0.14642511967210636 0.29378383353859516 0.010303165821195967 0.1721870033015952 
0.11009275339648782 0.0286107478957832 0.07790773170531719 0.02889223480043202 3.8535336157905544E-5 0.03962285388732241 0.02240588751157676 0.0037636654668918535 0.2615110878564415 0.0013916578723740904 
0.0022417794112500286 0.007013201182912182 0.0011923170915308149 0.08165539195138345 0.004161575113571402 0.026670245735974145 0.08576107989788746 0.01449337998766469 0.28183446781176014 0.009120481066141528 
1.698453256796012E-4 0.003295885301193695 4.934948993330272E-5 0.1409653186797053 0.006528213610261303 0.005004516018412474 0.013172179378517671 0.0395380812381457 0.27167092252064934 0.0259887355416653 
0.11676596059500371 0.013531205646449468 0.011279981157938832 0.1298780338281791 0.07669746648904496 0.00944728217930279 0.008010616268857337 0.018036855818637166 0.18073276380946693 0.009440761076036829 
0.035548662315750164 0.10829605001824429 0.05326632819274704 0.034595581260705194 0.05072025922379123 0.03450420598318155 0.03450538636189517 0.20804441688769587 0.09652070411877885 0.005382501690118493 
0.017195975366975022 0.003380002117262082 0.15227555447048507 8.000872875798874E-4 0.0034204320608255596 0.31350682605595587 0.03662234624807019 0.06554067556990034 0.008387189006764773 0.01648908866257142 
1.5423293092933497E-5 1.1255008826739333E-7 3.0401741114367093E-5 4.929148664733272E-4 4.196527934581993E-5 1.1239634118660538 1.832342845726017E-4 2.6802906128048935E-5 3.673717524157324E-5 8.070910695204528E-6 
9.211635990586441E-5 4.894475374629455E-4 0.055811988674923464 0.09255374900057896 0.30103538566065474 0.30827161900594624 0.04908734676806279 0.012168923387015399 8.671404061204568E-4 0.25106380991572774 
0.010943969774275674 2.2213534334279022E-4 0.07982781346006161 0.07363232060139005 0.0180013270171402 0.3496643925860312 0.04930283203909264 0.028810978836586117 0.1491697878405716 0.003265740460168327 
0.1392789582165761 0.05305734222991698 0.0026202967780187244 0.006962232745498683 0.009123516165225897 0.027482328062429222 0.02016969458317147 0.0034814668803640984 0.2645004335526997 2.873671596328634E-4 
0.05145436644789265 0.013365313345097907 0.026506601286859124 0.012218431367130727 0.18509240944868502 0.046891512248788216 0.007430411561041651 0.20549517407182813 9.299487816138863E-4 0.0015326692551482827 
0.017698845315528695 0.014192649809271448 0.22361773158815718 0.006499748895597006 0.053100779602559156 0.03463841304989796 0.04129103072801522 0.09467038037457864 0.0075888580993192685 0.0423125758105265 
0.0032442574099175716 0.08247307611225989 0.047476206161555914 0.006031329373629529 0.2377707153096509 0.022159033994690124 0.04195563860338104 0.015515847551498351 0.016117861755169775 0.12678868405447527 
5.874064709141182E-4 1.255484820938996E-4 1.8934226571288276E-5 5.996608751091291E-4 0.054803496964820765 0.017266153242049047 0.214277098509593 0.32895225104274894 0.022497057937854042 0.007787979129869831 
0.13553414939174765 0.051761008198614525 0.02412919349574946 0.02095888503628081 0.02453624378190926 0.15715029758891053 0.003016162268733914 0.0541624933328845 0.05529765425413325 0.00956522413894358 
0.26302570476649 0.007798777313056428 0.0025949435456616454 0.020085332259689063 0.512054455400801 0.0017646034589483273 0.007138286276948586 0.006594061896760279 0.40779810645788767 0.004791256119087054 
0.2991751726274769 0.0035897469939233195 0.023556560514096273 0.1594840605864054 0.017990295301382117 0.009430694446672284 0.002041881102111888 0.02569165817750112 0.18428757831678733 0.0014777566797520717 
0.0012245048650730817 9.827063956128756E-5 0.010619713507781483 0.0027314190068722746 2.0878929841637668E-4 0.7488359539146785 0.37585915790911767 0.0411687943303096 0.07162235717877513 0.0041869531973706495 
0.12082126843125453 0.0014497118238255334 0.009513267749441992 0.2746048195518351 0.018760504411444872 0.004903943586574707 0.0017109757469146788 0.021528091912042125 0.15442210451506722 0.0012383440102336956 
0.006210854274485862 0.022809048360672848 9.877499428817284E-4 0.003851031351313669 0.20415992911465833 0.03012733874323558 6.757444046880994E-4 0.021882474087911014 0.019050758647409557 0.28766922915079546 
2.09468333887851E-5 1.1014737349555945E-4 8.200048512209183E-7 0.18268863123102916 0.00434037934942778 0.0035556984073749614 6.179394156470306E-4 0.1686011025929583 0.18664805857711522 0.022672285122437477 
0.23486124335778585 0.3096696662151148 0.003448158448710282 0.020234068347933978 0.03205352522472753 0.021977099503386253 1.4518376243546747E-4 0.057724459658729736 0.0018570655568277716 4.254359989222141E-6 
0.6653715339956425 0.006125498155925004 0.0023724309063907576 0.015388500581135967 0.035947314485411816 0.0031996870151534285 0.0019705456760046734 0.010704303525363565 0.5365699226648191 5.823678915784113E-4 
0.3905197388019603 0.031832808440547186 0.028150678178886328 0.0272780321493463 0.005174543498015483 0.05970335502527776 0.00708182431063037 0.04691398696391571 0.008641062548877303 0.010125187852227739 
8.370181670208195E-4 5.441912205284128E-4 0.04388904874199559 0.002540356433066213 0.08768784322388622 0.03643304460696079 0.20078809250714247 0.0803214977844706 0.0805968214177518 0.0020802612434435747 
0.25386176665546284 0.003419748968665735 0.012325115651038018 0.0057883117536776055 0.012443466589610779 0.1515829907477885 0.06339583033850393 0.11750682593910547 0.046784112512923 0.003835750561038346 
0.0036949359982502553 1.8286817705700488E-5 7.440446075446573E-4 8.664278538595128E-4 1.0666020425567186 0.002348087928884389 0.006172989245462314 7.593417743086736E-4 0.0015075573173254642 0.001359363369400657 
0.006718807378472109 0.10580407389404942 4.810845891314773E-4 0.25188262026320896 0.014047206136689553 0.03818657678762957 0.030934785594217 0.26956305487309645 0.007482292189485285 7.727729244151548E-4 
0.29028826425674975 9.949648502924403E-4 0.10763185724582545 0.026943856293888017 0.022191666537413036 0.0069488381738442425 0.2838752695162872 1.7607811948006713E-5 8.210575419918552E-4 0.0016717156068272391 
0.0784060459885706 0.020366033927336817 0.001479144583449299 0.04002626766403805 0.032436876244884706 0.07517419607500371 0.02021083015070878 0.1606405559460686 4.451972361365101E-4 0.11874490456366613 
0.14780875449571843 0.012048476172120326 0.010654817839927583 0.1537547904595639 0.08907409659155417 0.09491843191712013 0.006632899314931064 0.04394005532254484 0.00809329564624895 0.00948334053808399 
0.33224292347902273 0.04700181402618265 0.1918960729016249 0.06124564017049869 0.03326546286357161 0.1024965758832321 0.017019238500071608 0.011843278121235253 0.0175378161566923 0.03753955578105447 
2.6509349603411887E-5 9.399368159610712E-5 0.07847439769746277 0.12820671090120037 0.18940539366760062 0.0452811222632307 0.08455036970103103 0.03539189432020258 0.002752635167623293 9.380679551833948E-4 
3.204439339094331E-4 0.0026925530942957907 5.994262954997163E-4 0.003257408470828361 0.305088613786906 0.07225172948661701 0.026781368341275584 0.04001644345036775 0.07642397441803911 0.03769517209056467 
0.12943630152759056 0.034475565716743775 0.00471710306259166 0.015512131760861313 0.04257961877741735 0.036832675536481854 0.005741827565811426 0.16135707634702087 7.302060363774849E-4 0.11935285926211685 
0.01230958842496911 0.0017060944058473872 2.0003836546065475E-4 0.02031675117417961 0.032073180448197694 0.13687080350003916 0.008782509380263082 0.04511598456394311 0.28237042074887364 0.007861475465204042 
0.025271725242117647 0.005747781984127449 0.0017319491166741022 0.04816623305335651 0.002905859271731338 0.16410952256363062 0.009612190613327692 0.006692616352409974 0.003958760936072063 0.2818579142590394 
0.002663290781764472 0.150496793161029 0.007399265165577101 0.023209742513055878 0.32863559026736927 0.014889860822092428 0.0348686748248856 0.013614308632935593 0.09933217239526151 0.008667323091846816 
0.006926157825463405 1.7642464246070603E-4 0.1759367963500835 0.0065535685470718506 0.3381138886443296 0.016787336900811335 0.0060131694552162974 0.02911959060846689 0.47048361447224574 6.5509409766957645E-6 
0.3397208034228368 0.28282230814225345 0.03356597057664994 0.13212698557396185 0.3361652199280193 0.1502370952314945 0.0028491140614620943 0.044888438526727845 0.01013964332762816 0.026057533347182967 
0.03081243967527426 0.013577538585430152 2.1698305119348865E-4 0.19636203055622967 0.03570215838543908 0.032990193324303134 0.023249663460247164 0.33037403077516503 0.006975992523458352 0.0049726677333471305 
1.5986482426040877E-4 0.002509229202632078 0.007706373719097978 0.016921666121597026 0.006143811124380816 0.0034566729699084197 0.002565370849117587 0.4088208687886837 0.07691410546111085 0.03753550989065943 
0.3744253017919565 0.05276015487126642 0.013912320262718684 0.0186619309188343 5.288533510867373E-5 0.016112636772599075 0.0017371603735173097 0.02345721539144412 0.0024484492998272573 0.16388336639442955 
0.011166902092374986 0.001676786816163077 0.08942919198683326 0.1572493004198741 0.0010970156920601314 0.23829381164484165 0.03892177095949232 0.01194567703598238 0.0016291655662902123 0.0028216818275178263 
1.4570611430167359E-5 2.2634840196580962E-4 7.645515952054793E-6 0.0438400029854509 0.07825107338402607 0.27510837930376647 7.984182408707449E-4 0.016493286070527902 0.012094829618636766 0.1097280052009925 
0.005589196739537833 0.09399617469911807 0.0032701018022874145 0.046184986862423776 0.008460106095071411 0.03720044332826033 0.001854370006269038 0.0044161559677695006 0.29450540201351694 0.14978153024482524 
0.0805373978651642 0.015830249200392978 7.439066592655907E-4 4.0104156036620736E-4 0.0019207146394781068 0.17604710155729666 0.019086150083568804 0.31871062329798006 0.00917577586054 0.017074006664140107 
0.0023806927661165953 0.0015588302226397716 7.589315431826157E-5 1.0214580888944535E-4 8.172714989106318E-4 0.0010991645640632325 0.0040661188624870805 0.8678514609580648 0.014953017272166726 0.25369838521967003 
0.0027324852557064814 0.06446639044446278 0.004556972272027843 0.10353242920671872 0.012788338581682811 0.1760217412586112 7.283750955737039E-4 0.031136711584046718 0.1708468068980342 0.009481410715091192 
0.008995755536537335 0.0058902416159761955 0.10450193673522168 0.003037039411129271 0.026212015729548177 0.01531168192990524 0.14723176013555006 0.29380659057237124 0.0103039639232895 0.17220034122221095 
0.0032483199037633918 0.02239170517041076 0.07402946969937826 0.16255401244132628 0.05901907901817785 0.03320571726911364 0.024643632720766594 0.023335483698921092 0.06904630735990781 0.049689956416212204 
0.011148692261953735 0.017570434889042245 0.15317766331408197 0.006490842300828727 0.0016371542378944527 0.048181229705177735 0.004617574625365215 0.019161451644139488 0.2092712045002323 0.35687463727304913 
0.11573021597849167 0.03006101730189989 0.06147659688433455 0.027730109312866614 0.0543394308173032 0.04700527345238551 0.007448438118980807 0.20599371585934434 9.227932301647622E-4 0.001536361332450988 
2.95501286507815E-4 1.934883588480465E-4 0.0034327807844923798 2.5575212684164E-4 8.291727389821925E-4 0.1561451399886469 0.1821406619568764 0.324125774326361 0.09645930511773103 0.15693141863686527 
6.937971293547936E-6 1.1072959126872954E-4 6.399470031214825E-5 0.0037425159797810025 0.008447117816323013 0.022443715229543262 0.0016880313282803252 0.3667780844450302 1.8102194275829972E-4 0.31863197397458676 
2.220032172561981E-4 4.5950992960281897E-4 0.14221296356882407 0.006262716575613934 1.7157284591242803E-5 0.27283286465822415 0.001540355848998135 0.020561547768660277 0.002041797006591791 0.14442528363159307 
0.004268964509871872 0.0010677206626401347 1.7524163989910985E-4 7.322106318237492E-4 0.009622063529978095 0.00942390763364466 0.07399718605477772 0.04918452238640042 0.16128240707934324 0.23245050926640048 
0.038095385442445145 0.1041249941582823 0.02165506172639087 0.3505039181876323 2.27546269943187E-5 0.01844612515240002 0.005447076096961963 0.0017103414105737978 0.0795294556143807 0.00717613101482658 
0.06303637917906788 0.09457046087712517 0.001538342552725869 0.011667470444718693 0.03597766592951405 0.0016400728099273062 0.13678754360323872 0.04676635322787277 0.026590622596499386 0.1243928248092964 
0.0029732732402657333 0.0027819889913493277 0.2389600047807241 0.0313978215000996 0.048620824203548414 0.17351428936828697 0.015430628548984585 0.12397007541286685 0.10967206496325765 0.006095150044734217 
0.21887207220142288 0.01855362011817852 0.024904736435812334 0.005434882016965336 0.008634321595738337 0.012028022781828874 0.2535809987229036 0.005970194423143151 0.001883251912117823 0.0447916696745135 
0.15750544714968678 0.0291760170383807 0.006079730188345709 0.008155325829013607 3.182297031545889E-5 0.2442048267840513 0.0015290239375667226 0.058202209258133186 0.01966934220576628 0.17071304024966602 
0.002059678292242699 0.007321497260111672 0.0012085747599274875 0.08276879231658457 0.004218319673122607 0.027033904039887702 0.08693046278120276 0.014691002388165468 0.2954853173252332 0.009421968697428739 
0.376248205241526 0.004852860368083581 1.979906378328434E-4 0.005779938363963929 0.041193633744666475 0.006242182274425779 0.3607085324291252 0.4635194447828071 0.10244921639296353 3.260833896829567E-5 
0.014295574209918073 0.005874042979150988 0.7138734333959605 0.26087679923548396 0.03677027789707137 0.03238708159225262 0.0038467785627850173 0.011067875541403363 4.609582577057219E-5 0.00356184728797618 
0.0016897555765507913 5.34887559630199E-4 2.3789562505929099E-4 0.07197182054391989 0.041566184832535 0.0038178074586988657 0.004151386928310146 0.11210829669102566 0.32327737174732923 0.025111616925853144 
0.003903784330316681 6.055136893289329E-4 6.399354465183848E-4 0.23336757588199752 0.02084282205656948 0.36580513689185284 0.008521426472797047 0.3978456283120376 0.0189959351453846 9.89553132514335E-4 
0.011963506765696772 4.510868050553517E-5 0.11207650819623965 0.02174737305195905 0.035874819641425505 0.001757471030414572 0.15780526682268678 0.1004739374655092 0.33515354107073975 0.001409163854511958 
0.0025552060798071543 6.3192864941502E-6 9.281615373263409E-5 0.18473438717303184 0.027382500273094648 0.01644403443142456 0.11981499900881834 0.027662290342378198 0.30793634226784483 0.1496883688846826 
0.05431734131904192 0.14819225551075874 0.016131694494588015 0.10166050822471853 0.037539539416862854 0.1553477756171486 6.679901361398836E-4 0.017933061238898457 0.07944666963660219 0.0059377926254477395 
0.17413410165289225 0.002346617008438762 0.014501006891737125 0.002895004811194344 0.02063270581307731 0.0031903857413610715 0.18360989503446556 0.23391523753865742 0.051701030146509765 0.2267187828803281 
0.3092883389925289 0.04375446988477883 0.1786380189093181 0.058149866496204516 0.03102689983086676 0.5489239348026785 0.009659739093658524 4.697273959154678E-4 0.02596333295817239 0.06177017848177693 
0.023662007589877514 0.052101284975724804 0.04138298647269029 0.5323305345950557 0.004253075536079019 0.2847681578079332 0.0033404704528364527 0.013736943114556652 0.05469865208154607 9.346767122910986E-4 
0.021509428906450606 0.013950487743848612 0.006492866085385555 0.06805833824999401 0.02570763419814831 0.021943790142271352 0.0018660711245779913 0.22827161879460586 0.20371138023455693 0.02963305280963535 
0.007017075562522148 0.17838282658590637 0.10268732839728083 0.01751965253636777 0.05503461247547951 0.017570804862675062 0.03975436550606389 0.014701782531059476 0.01527221104768482 0.12013650264229986 
1.296900886678521E-4 3.808731727171579E-6 0.007469930134788757 4.2131322672807635E-4 0.014986609205953976 0.4542266514745536 0.05948682185081418 0.5161565491130832 0.11924207402319582 0.008344124743456159 
6.550282172279151E-7 1.2407151209080355E-6 1.3149238610310154E-4 0.06969176957967686 0.014832197919143558 0.14441458088721992 0.0038474737934100973 0.20311972453613994 0.006389278594692282 0.12337889286055673 
2.570513047577101E-4 7.549069246524679E-6 0.013916884519783191 7.935791366339974E-4 0.02796668445796668 0.8476375983128213 0.11100904502454446 0.052190316729301356 0.11934369995828 0.008351236155149214 
1.1430135173204978E-5 9.274882467074095E-7 1.0385189750339888E-4 0.002645775183460994 0.16050281772595446 0.36713787014550175 0.006926410524960305 9.547634327338136E-4 0.006375324888800248 0.02763352770076501 
0.24454049949763326 0.001210269281549619 0.03451461345104312 0.02258763568085348 0.5283636226904471 0.0018208068816670106 0.004786797444989393 7.872680979438825E-4 0.0011693005213898031 0.0010543574551568657 
0.41721307296292615 0.02752451493982103 0.08544141286495122 0.017725989870801404 0.03064079345941692 0.02064545146291001 0.007891604247093056 0.006260480228597634 0.004599422240711182 3.24357899248384E-5 
0.07368845279108124 0.027820503724254937 0.0050713923308910265 0.017303766239350565 0.027085005920941804 0.011738208451699742 0.0012215811154432318 0.10070919647699506 0.41967974246863043 0.147249726475885 
0.1858611899884368 0.0040694334321413166 0.004695542691243555 0.024977344213559002 0.006836887359999075 0.013290213561242773 3.1891571698391274E-4 0.015212812358905812 0.2612986949604931 0.19632845566847906 
0.007046002249584179 1.326708509489475E-4 0.3775684933226683 0.02152999678378234 0.03168855838226323 0.02567552538418849 0.022601972371216503 0.031091860973629523 0.0018478851387527075 0.16167134564009963 
2.642410817732986E-5 9.4089643832375E-5 0.07848137934027946 0.1282181170857456 0.18942224452399384 0.04528515079522657 0.08455789190570658 0.03539504303586016 0.002752880061704788 8.878742042075599E-4 
0.00209067108349349 4.1721943020972836E-5 1.7449955923380453E-6 5.0804589331848184E-5 9.872461740448923E-5 0.0012026369548095313 4.8510163493576015E-4 9.281052115185902E-4 1.388763630792189 0.00801330942311852 
1.252431487250396E-4 0.0029548096222443494 5.3679927318076E-5 0.2936916336545548 0.06680697675598776 0.011602926182216004 0.02608888255048418 0.004892725564172744 0.1466217332530022 0.03903720999891125 
0.019799157340863686 0.31178621269077483 0.008158666809425046 0.03719159539969845 0.001197620127903895 0.03810590338579654 0.030869432409962226 0.2687475523977128 0.006665332113525549 0.0034322295923482713 
0.011286067465427421 0.020547350112541093 0.2422480377186984 0.003535993926547377 0.05790433696195342 0.06499465995700175 0.4990230771531074 0.07779194060552695 0.04835860263992046 0.03693800303308742 
9.378568290692178E-4 0.003450715849864161 0.2308207590757748 0.010109267169228829 0.057723726641107996 0.013739959471701596 0.03157879426479231 0.0047536706762321265 0.001261301472842035 0.30584131325071856 
5.314287989476262E-4 0.010369042365954968 3.8125389420546766E-4 0.0050658103766613345 0.002577516127379738 0.2680030673080578 7.233290929581138E-4 0.01113499828163924 0.32456662962029176 0.18635222614805555 
0.010931762102736003 0.03318550470098102 0.0014573223002723055 0.0061330564572912565 0.014377964188249524 0.0075640604814016495 0.2133917127358978 0.16992361826208513 0.010686450155178247 0.22122925938558585 
0.009822845972536113 0.2438775215652077 0.14445390343165224 0.040168678580892896 0.01582794390121595 0.02471474821042001 0.0033768146117444772 0.04676317381516729 0.05960094204733363 0.0050126502534923205 
0.0073764051149242185 0.0025733853517338045 4.825685758345613E-5 0.0010423426169420627 0.3289607118794627 0.002845706582998325 0.039351632071418376 0.03770469514664108 0.6484418830791083 0.0016416621979918396 
0.30044787116688343 0.0010129760964352494 0.023455097440182947 0.13805062511002794 0.04080456713275113 0.009430232097776802 0.0018614086415310017 0.025681405122195383 0.18421403262660307 0.0014771669349850649 
0.004282149859753338 2.1193031194825188E-5 8.653970137917386E-4 1.518975789641931E-4 1.0659894137736419 0.002346739247564615 0.006169443639192588 0.0015164107270718473 0.0015077476266528449 0.0013595349711868863 
0.03834742578423055 0.006342424586315534 0.3342371845904382 0.00124736019876431 0.00742127135192598 0.10247064014623793 0.03681444524172154 0.008478557317819204 0.007575235898072698 0.014892800944686967 
0.001601780793828531 2.6766748109988294E-4 1.0781857093324375E-4 0.11231006327103368 0.2219926219627266 0.10098756053131579 0.0983140842651291 0.0010918275569700364 3.813162796629081E-4 0.009386775685132962 
0.0034441277785496466 0.012648385164016531 5.932684270098665E-4 0.013523851134204302 0.18215700419485642 0.032358420106400054 0.02369527403443535 0.02184980236888873 0.019022314832912668 0.2872397234107948 
0.023305506775903647 6.910140500319498E-4 0.26815209189540556 0.021461174319628754 0.49421633378601 0.001769569193089888 0.007116376562803554 0.0066122780899182925 0.408924654736174 0.0014313626532399936 
8.331902971708775E-6 1.6389985210592438E-7 1.61026447578635E-7 5.59916281173801E-7 7.178563920338869E-7 1.961702337063073E-6 6.545286818248246E-6 1.5765973091363823 0.034376207863395014 3.981917590564358E-4 
0.4727628013022088 0.00885966560396118 0.05051972464596517 0.09271448896358954 0.3346070038348095 0.04156064407128079 0.03468282826932022 0.12642689107126875 6.965133258934104E-4 0.09142858049337288 
0.051754111513575396 0.1648845049847672 0.1200438582827481 0.15654550560543512 0.05780657878689478 0.0034453844066475504 0.0017094732799987115 0.019443715573681013 0.032775082061119024 0.025358873551843308 
0.3745397071482599 0.052776275695067 0.013916571161226469 0.01852715384022248 5.288533510867373E-5 0.016112636772599075 0.0017371603735173097 0.02345721539144412 0.0024484492998272573 0.16388336639442955 
2.787313443465541E-6 6.42955190888471E-6 2.878390555680523E-7 0.013163111204567597 2.9979759994262507E-4 0.35458568583648886 0.0017627192029800556 0.3415652988015236 0.40460951416860114 0.046838572273072775 
