0.01877046996979333 0.12500454717938497 0.035624917526160316 0.012597919570353071 0.16997697250521965 0.0038549043096022836 0.03661271789067596 0.004664339152298567 0.04293089124355093 0.002377685833892953 0.01311369372945161 0.001050029509916739 0.030021549323320188 0.010270958848887905 0.001972908439582248 
1.6067703710057904E-5 0.008554691695947214 0.0054225738117047425 0.18712111914584656 0.021939050705012786 0.18792087228029053 0.0549684329942806 2.488218929365434E-4 0.001769430984462049 0.025995524068475728 7.813445102878352E-4 0.0064213287137358495 0.002124811017967175 0.0027728696558303517 0.007707474990492259 
0.0037974642600910606 8.577732003084495E-5 4.0160470831608066E-4 1.0474328584298207E-4 0.0014345667372047237 7.837948445112392E-4 9.418583482618468E-4 6.488336891197261E-5 0.23803762542476253 0.0011868050425796616 0.001578234606782473 0.011506893712901974 0.014460673867183145 0.033581050068778914 0.20114011488603212 
5.3834843694967304E-8 4.4886639800300026E-8 6.353411224741675E-9 5.728437699013796E-7 5.2779123436020205E-6 1.0093027402961763E-6 1.0552825666031783E-6 1.295040187184356E-7 1.5606181382391892E-7 0.0018521022517702943 1.114668609677618E-4 4.408059547671907E-6 0.24748942341882382 0.2580967429834486 5.0799851394632576E-5 
0.04654530824776476 0.0556910959617584 8.613038829247183E-4 0.08068217722003927 0.014338436193584598 0.0016495217577005737 0.002856057356201966 0.0015378266034527452 0.0077399854347447415 0.013396699969636387 0.002684440717450843 0.0026030029248280246 0.013251527218831652 0.2676246062946559 0.0019989190675959723 
1.7754146349998717E-4 2.11587392440833E-4 3.1150418605595274E-5 1.1774303522654172E-5 0.005882887864572852 0.2326127660200111 0.0014518714132204043 0.002143871951491301 0.01771511798298727 0.001450380030604147 0.005711692605292001 3.13381425820557E-4 0.23753222816667238 8.469989640328237E-4 0.002485218123700506 
0.0010584125459711634 0.0011317641291973938 2.2049891259517593E-4 1.1798888088675766E-5 1.5493835632509874E-4 6.271803532272975E-4 3.9753160439162475E-5 1.0783474687079181E-4 0.23861553318724632 0.0011645519177943225 7.676459021214625E-4 6.69441052079056E-4 4.609671483852389E-4 0.26421220982063004 4.464088228711142E-5 
4.22527670736981E-8 4.3477355246872066E-9 2.2450587939924067E-8 2.9197559262869774E-9 6.574825098073315E-8 3.193452855248329E-8 1.9903925269448792E-9 1.603130454825032E-9 5.1238465234484445E-9 6.501117242875793E-9 1.1481704769504544E-8 1.5230837825626357E-9 0.5084887051011426 1.7668162372761118E-7 1.8317650512346516E-6 
0.00918951046839714 0.0011335536029215875 0.0034173727515949565 0.17640923746582504 0.04247484298176851 0.001932062945327056 0.0033572351927037827 4.175268167228456E-6 0.0011865300746552072 0.015178986045863466 0.013664175175804713 0.003492007339857541 1.3105971021976952E-4 0.22493064969311977 0.006419772846815927 
0.0071195571197995395 0.0015958441899634082 6.825450820621137E-4 2.600268478363571E-4 0.0021804103324984075 0.22273982379184284 0.003358102847432737 2.963972855431675E-6 0.0011866362184645616 0.014248186856388427 0.014562525799407942 0.003487520529327955 1.310522042495863E-4 0.2249177676048941 0.00641940517757959 
9.458929953057874E-7 7.491755494845821E-7 1.754484949878641E-7 2.9114195321526526E-7 1.9747620736405984E-6 8.903028763761504E-8 4.957339844077345E-8 2.0188934911583778E-8 1.2720911761043238E-7 1.6094864824634936E-7 5.933420485343177E-4 8.566948508351125E-5 0.2611025545522937 0.002175022590561152 0.26354435890428374 
1.3318034968388074E-7 1.596941706460768E-7 3.028907264292123E-8 2.956880295329144E-8 3.772241365342383E-7 7.68247553777607E-8 7.389755931989852E-9 5.259632340838109E-9 2.5615653262775466E-5 0.25339505489611014 8.001322544925791E-4 6.992067429413978E-4 0.2530286336070948 5.940004260509321E-4 9.800492992227191E-5 
0.013789252396500385 0.018709425935901875 0.019556879383818237 0.1854891319085592 0.005633324977035011 0.0017957156137731077 0.033793519943442034 0.0040823785511594855 5.552851994322515E-4 0.0015770098216009306 13.125877504583551 0.22064553787869018 0.002653827453375745 0.3085314072134011 1.404282044451673E-4 
0.033386446739026694 0.03557329250571901 0.04413153505841393 0.01615153378324431 0.020495489915032 0.012335376289271928 0.01728557983062227 0.05378124698827535 0.02554061874729924 0.005638557830417068 0.22820115541448466 0.002176488055404681 0.0020560825555448574 0.01081367322769062 0.0014808142801128088 
8.561322840935496E-5 5.240995607161008E-4 3.0143369573622914E-4 6.019021230983887E-5 0.0060660491794305256 1.0740482056772311E-4 0.2430827039366309 0.0031883665585899904 0.011476970998896097 0.004216231404148061 0.007464928842250256 7.839841527324109E-4 8.302431305206117E-4 0.23087994138644408 2.1714708088969616E-5 
0.015127046428052408 0.01970308409034528 0.02287709667922748 0.1572060491047898 0.16679634684113753 0.007891547480756348 0.009442795399928297 1.575591942923835E-4 0.028895711207386248 0.015736649296631565 0.0032183854200526045 0.01472124666514213 0.022173759594019682 0.022352054430513402 0.00193406105732544 
0.0014525860059008621 3.496311086390847E-5 8.951692852403927E-4 0.008490320483739048 0.27837809917677386 0.0021359364487410714 0.04026353420091932 0.14222045665939667 9.302949777234389E-4 0.002642037494166772 0.0029678477845185678 0.0013598069364067554 0.013392293896310099 0.012530414508097497 5.567586445762966E-6 
1.0854927158857252E-6 3.4635991029280884E-7 2.257332765114242E-7 3.978934690558104E-6 1.0881623219431209E-4 0.0016755348983969833 0.23864738572129357 6.824796689345922E-6 9.118682294335558E-5 1.246424897336584E-4 0.014456578900970024 7.489789016032007E-5 0.004026220257953579 0.005722990782319646 0.24346812701763906 
0.011264365101824634 0.0133574662174094 0.021071589951204218 0.007601294276994731 0.1925977148065482 0.15701678318404205 0.001516240033957467 6.267283602486588E-5 0.008554470495255354 0.006522148288432595 0.016321219593917854 0.01438880978503072 0.0441440177833083 0.014683071491611719 2.6183272028198148E-5 
0.14072138547870788 0.037216411281842186 0.008169036044816095 0.01700849359544084 0.21437885222050782 0.008233400318824222 0.003921155161779558 0.004301467958778322 0.0016242408096384519 0.010297072485068315 0.016391136938809565 0.0070152853957070535 0.00953952775673973 0.02545537411760931 0.004157434924088652 
2.2145154261190805E-8 2.8782719939327705E-8 1.2489098527809649E-8 5.691855187240415E-6 1.195426167580618E-8 5.5750874662041633E-8 3.952328813109817E-10 1.1681255587880005E-6 7.530560335556142E-7 1.8655464343440664E-7 6.559643758389306E-7 1.1190864004149056E-7 1.4325101049235916E-7 0.24953491639917233 0.2531700269418077 
0.020040842311393865 0.13727110124132866 0.019001682508687952 0.011258521074678082 0.0190906525000908 3.0610101205169295E-4 0.0029590100265582237 0.01520326680226038 9.023846233133716E-4 2.2600035174118202E-4 0.008434634319474214 0.2421487157628413 0.009879622478644151 0.021409086657629573 2.553511029172955E-4 
0.12894323564909282 0.045760248984549196 0.012057732311037553 0.005167398122471761 0.018157867129573606 8.588477511489705E-4 0.002838013606382325 1.8903415093158947E-4 0.0010652022679811845 0.01365115312538652 0.013775458873751032 0.001974682530067506 0.0024854107076628194 0.001339975540771094 0.25466787095897947 
2.5401288383419825E-5 2.1294473246249297E-5 5.043435426235807E-6 3.2889651603411097E-4 5.546219269210097E-5 5.558502550166739E-5 1.5147493240878033E-4 2.3304284837794694E-5 7.093914542514268E-5 2.8791034825749037E-7 0.5063921713694531 0.001424121608796945 1.930280249215048E-4 7.168365296139253E-5 2.7840642507887025E-4 
0.0023051115918327073 0.002992766639197327 0.0019372265425571203 9.804112237416724E-4 0.006232211641464654 0.0027735161203218542 2.383180511974809E-4 2.177247922353693E-5 0.005544793039797761 1.50155542864225E-4 0.0017183456480892455 0.2559334224446269 0.22819599579390715 5.892512607021533E-5 3.35569473507948E-5 
0.00240200327150428 0.003205561799498989 0.0036831561167030174 0.02530978600395432 0.026697581183059826 0.038976007026961225 0.2832840189551384 1.955629665788758E-4 0.027602278919907235 0.015053155378216745 0.014754347644373021 0.014527330522002958 0.02188167496034875 0.02205762120179336 0.008603306939559706 
0.2512648950412576 0.0067295334134189425 0.12613965509795658 0.021965988793173782 0.025901938261028004 0.009310945815065313 0.002359015827681651 9.019701976656089E-4 0.0024380569791945697 0.01106654161774932 0.01702621509967089 0.003971336913505466 0.0019471940668182649 0.027699082374333828 6.403650669238078E-5 
6.247905096181677E-6 1.350351364409297E-6 3.7197587143143935E-6 4.425339344520529E-5 0.491847258570714 5.769895715668353E-4 0.0026898096842749063 6.345754053873066E-5 0.0010512848957663597 0.0027864412962672574 0.0017647675579324418 0.0038507304747633932 2.0753285819619108E-4 0.004009255075065643 2.7524814694411038E-6 
7.290311477940717E-5 5.6434529543978954E-5 1.2281052790201655E-5 2.8450348766956853E-6 9.229939619653887E-5 3.0176210850837953E-5 0.018507081680556457 1.6134469764943364E-4 0.002255445371959361 3.7052953798847774E-4 4.375306123578771E-5 0.22081489484486608 5.829869722160101E-4 0.26657049473686806 1.24919883234757E-4 
0.026126971117807037 6.997488650368138E-4 0.01311610257115967 0.23412472954570449 0.020925410526374363 0.009535355166039518 0.16215515527876811 9.487518048947935E-4 0.0025645092991251413 0.011640519122423932 0.01790929716763042 6.337204981151512E-4 0.0020337844214980486 0.006049688113174386 1.0092161248139461E-4 
4.094691725191246E-4 0.0054349500813039055 0.0025295956097075253 0.002715521734217838 0.20193707742675354 0.03813742574563275 0.00439411080417098 5.740186295511315E-4 0.01882105735085829 0.006466376844687886 0.0020365781785013797 0.20902789471298727 0.014114912530686231 6.20890178712705E-4 0.002116656752633467 
5.411862865834158E-4 0.10354676684242803 0.011528418974058263 0.007792452932834706 0.03635274759583867 0.16009399004025443 0.011370984032863964 1.4621086219431393E-4 0.03482012847779683 0.006771939542214448 0.031149337764404695 0.004126766896752918 0.08562838890048528 0.014408587887217376 3.3611853184953603E-4 
0.0028421233174905575 0.0029938662591248665 0.006260249185591581 0.20416645246228232 0.035028868308624235 0.014886712089009276 0.007468313447732651 0.008779432632590707 2.6853044132311228E-5 0.01761144310476897 0.18891334028016443 0.002496700716933104 0.008410281679753539 2.3972424156177194E-4 0.008613493470443639 
0.008476987834735389 7.672111878952444E-4 0.0011166052043358077 0.17891250422758823 0.01932587570278634 2.7651352075040264E-4 0.002986271279395228 0.015343333951923582 9.106982603580504E-4 2.280824848447438E-4 0.008512342301774738 0.239986486578032 0.009879622478644151 0.021409086657629573 2.553511029172955E-4 
1.2887821242084472E-6 1.3600976514504241E-5 7.892498464244046E-6 1.524876542155821E-5 2.4743827246451665E-5 2.0948044624935285E-5 0.0028749392165099415 5.098832817286174E-4 3.6470342450289206E-4 0.2516707377577237 8.463191716575121E-4 0.24971729961340253 0.0020869854371230014 4.694439203311186E-4 1.0274297013141766E-4 
0.00407700301186578 0.09978034112589675 0.0343811929730734 0.021608833515895057 0.03570604048529284 0.043046261319407066 0.0011903413360789896 2.9870644424926807E-6 0.0011958810108040738 0.015298610261339548 0.013816873518324018 0.0015389750316355036 1.3115803956072577E-4 0.22509940699090486 0.00642458936923962 
0.013762650870232531 0.0062511614746241255 0.005127527367565415 0.19079548573489816 0.018690343218927197 0.022260309486380758 0.001150853214419111 6.994908253112672E-6 0.007219111842918183 0.00417025108676599 0.006448233671664719 0.016309019818473762 0.2154512264095988 2.2574931462979862E-5 0.0016675357442254388 
0.010609120640361881 0.0014770421454208332 0.005792614154132544 8.845530492918454E-4 0.22464418314914614 0.0069518604335525825 0.17192825057437328 8.687822352427403E-4 0.002537983458227643 0.002816422637627686 0.06628956808708554 0.0013689175080549008 0.011395362965031956 7.081975106465251E-4 3.531492571829178E-4 
0.022499493767229775 0.030969426218864976 0.029401211859141598 0.020815662284778044 0.03252249455733453 0.017613607509780492 0.011202331760302942 2.164493584949111E-4 0.016813026635190884 0.001014634602070243 0.0059894972350363375 0.0017639142290103928 0.2579980021689941 0.014974872285496594 0.0451706972880094 
0.037656171255024525 0.03459400320490893 0.044379892627854044 0.008252342345786071 0.027303927655394307 0.0057298602224344075 0.009517100807863053 3.315653806600116E-4 0.017971554971178524 0.2548240234059235 0.010927678803907841 0.002706373833679302 0.022755956200123877 0.016556886743459932 0.015081102358194322 
1.1180870709123814E-12 1.2288257196110563E-12 2.094431809027438E-13 3.403445283234435E-11 8.103670159914148E-11 1.2059271920785435E-10 1.7859752057800203E-13 2.409727393927394E-11 4.384483917144521E-12 4.3079585826200876E-14 1.3772645803829805E-11 3.25892689855797E-11 6.4954811416788045E-12 0.5086554135580454 7.247376823862286E-9 
6.883411412449257E-4 8.253775270420908E-4 1.6423638965634647E-4 3.092470407591141E-5 0.005037439018727266 8.581751374015477E-4 3.636191607700767E-4 0.0012296092492269587 0.2875236097862891 0.001157696022505407 0.20624427564794448 0.0013915900966674814 0.003146938242151695 2.9475679615759355E-5 1.97756816722624E-5 
7.348503041693295E-4 8.715448831198864E-4 8.163503288979455E-5 0.009515888622195323 0.0014869740203394333 4.325006506903924E-5 3.6238679813257215E-5 0.001265413150279479 2.7741048004050277E-5 1.4370051930732018E-4 0.001139462977572036 0.2105333918095023 0.006473974601193425 0.01375941691394803 0.26216521730658077 
0.01128394479688452 0.013257286811503328 0.006146927002008155 0.004364644518873016 0.0014854823919173625 0.009725339656733582 2.798864763735848E-4 0.003555497101534457 0.19724174195567548 0.01551140349404689 0.001986662632555033 0.18513985654307788 0.012723507801244153 0.03752005013466104 0.008017810526521623 
0.036022699517368986 0.2923376534494051 0.0027663144962454525 0.02419745001317708 0.02775629729227526 9.121654589029092E-4 0.0054898967499853535 0.0015120433500289574 0.014882217638982322 0.010424744840432423 0.015515427668036123 0.01223709548694715 0.025519317801267986 0.03728829257812105 0.0019809396783632286 
0.0012361145950389148 0.00152314128539177 3.0826983512860035E-4 0.013755614729501974 0.22715338703300458 0.0037235779898956408 0.004097988809338407 0.0032083429580175783 0.011549006723220196 0.001500881109154622 0.007435726488029635 7.809172537149859E-4 8.269952691546095E-4 0.22997675289352193 0.002022785191565163 
2.015417640910218E-4 6.926788124372694E-5 1.000988373894492E-4 9.356214243128005E-5 1.2771405905414378E-5 0.5032740242163211 0.001414747745889779 1.0912032151780847E-4 0.0010029520007327922 4.91865591404301E-4 4.447150322363696E-4 0.0011547811897878292 9.651059003493986E-5 8.001910906151247E-5 5.063300274375421E-5 
1.0052063980054261E-7 3.207420858230518E-8 2.090373619935919E-8 3.6846406702334856E-7 1.0076785519404788E-5 5.149742556103085E-7 0.5055030268044025 1.4332765727771964E-5 1.917182270895169E-4 8.274154008400475E-5 0.0011476054065659204 1.4883204306108053E-4 8.558316982693247E-4 4.4911212667810214E-4 4.597024387943826E-6 
0.1904534226525667 0.02651565021584035 0.0069769850796217 0.01107973823380315 0.007983676230681672 0.007845421162339961 0.18413764189997264 9.057607968306994E-4 0.033961306340683776 0.0025697680194392376 0.010280672467005252 6.106356696528985E-4 0.0019644460905207037 0.020794509377539933 0.0024681776888870175 
0.32628865370324844 0.045427147963498136 0.013832631578754282 0.01907502081507695 0.01722273832943093 0.013619061891591872 0.0013781826789339914 9.096148261940319E-4 0.032106550825612 0.0025697680194392376 0.010280672467005252 6.106356696528985E-4 0.0019644460905207037 0.020794509377539933 0.0024681776888870175 
4.895121021561517E-12 3.751176404685304E-12 8.971757001124923E-13 1.8289023057368983E-13 4.298586385532003E-12 7.749451776088157E-13 1.7235717839199188E-12 4.977492153171038E-13 5.135802076011535E-10 3.630985059944622E-14 4.598647271583937E-12 0.5053768415224661 2.728732231764224E-7 2.4718351509624155E-5 1.7853765293882947E-7 
1.1522039757316402E-4 0.001777853158787102 4.897924246334376E-4 0.022625477628063648 0.00395443036963028 0.20024826198300472 0.010949758104262597 0.0010723144507396524 0.045547013996884676 0.006744522939320873 0.005967889158373726 0.1949515927634991 0.011438106820548511 2.0354890170240568E-5 0.0037269930680890366 
0.016273877434598134 0.019869496479766838 0.05202066492398594 0.00594218717055056 0.029467674123240955 0.004124926492350352 0.020810305450026854 0.005019822684970112 0.01613258123279946 0.0016958906564103569 5.115134238843406E-4 0.02145191247808432 0.04032906578315298 0.27486676485127204 2.4719742963283267E-4 
8.928348003220195E-4 1.9249447667138E-4 5.442329643813742E-5 8.849846645860613E-5 1.0987847272360567E-4 3.5493782506571333E-5 3.526501221373817E-4 1.2524802579086467E-4 2.0599204441468848E-4 0.5045345533229597 0.001599472296358884 0.0010526483337896446 8.342706676636297E-6 2.9563400466861002E-5 1.0361620394864343E-4 
1.5174216617830594E-4 4.8418015428384966E-5 3.162595122055988E-5 6.447824272751029E-4 0.014643155626960358 0.22720152076364633 0.004317932439228716 7.012188397923066E-6 1.9186991683226655E-4 1.281157335475062E-4 0.014859420847921587 1.1961469953712293E-4 8.732797564253904E-4 0.0017131378255849084 0.24345977653090095 
0.013714942203829556 0.006244316442413893 0.005810300018017956 0.0016808611562893396 0.02466237736580388 0.01604451071152397 0.06428816671177921 0.12170933776389778 0.01817797308183753 0.016964402162288124 0.1906663231359523 0.0013605176068948036 0.008276187920920308 0.019497459835077623 1.3421743389466687E-4 
1.6800419967986008E-4 1.5597102064364335E-5 1.721241480241662E-5 1.344099157169812E-4 2.032395915449194E-4 1.7633951363773165E-4 8.387446052716969E-5 1.376406414383814E-4 9.811454201151808E-5 0.23651422397389185 6.647539079768691E-4 8.422032456598775E-4 0.005500664896567303 0.2635907417969871 3.54851463327287E-4 
6.815194053318154E-4 0.004670607514212675 0.0044129514246507105 3.745205587723023E-4 0.00900816774930639 9.600001269614912E-5 0.24473927222263162 0.1750155860258948 0.008160052795128415 3.687120420716874E-4 0.010908933987493504 0.0019066244822436094 0.03071131876607194 0.010800386382131202 0.007303932466952401 
0.0011150633444884477 0.0015498675779665142 0.002114178302336885 0.012855285939059517 0.0014962964942253677 0.2542465580629171 0.20927829029880704 0.004524935401578955 9.564237672415041E-4 0.002716243249585181 0.0030479652887466816 0.0014170831065840966 4.4947285525436854E-4 0.01235645175203908 5.572305896561002E-6 
0.04269164060356164 0.044970977002694035 0.12709000973363857 0.015358649159772916 0.037271974907910024 0.014871747168407624 0.008142692085474225 0.009316860143426826 2.849683653557293E-5 3.151566145873564E-4 0.18890949382455502 0.0024966498817275895 0.008410110438405014 2.490901838698209E-4 0.008613479482419029 
1.749415191431452E-17 2.094036541685277E-17 1.753497909084954E-18 2.633428702907173E-18 9.562371492008935E-17 9.761692902635404E-19 1.01514360655405E-17 1.4937628806342647E-17 5.221033660157355E-18 6.2706333042784235E-18 1.4796621322059134E-17 1.7612028721989418E-19 2.785851185159562E-17 7.251749968923942E-18 0.5090983036853396 
4.0514826323644485E-10 1.3993231356927925E-10 9.32237314405997E-10 3.6167974869966144E-10 9.968988759751083E-9 5.425796124799322E-7 4.157535546966562E-7 5.437568603403123E-10 4.809734098186943E-4 0.246494930605055 0.008765699849511427 0.0011320234746703013 3.946672347067714E-5 5.889415807124692E-4 0.2504199221824463 
7.222508628002154E-4 9.418785603407077E-4 4.0809628626561483E-4 0.18598820072579478 3.906198501101474E-4 0.0018217267527337842 1.2914708832980749E-5 0.013060797971160621 0.021901712601257752 0.005446792715925926 0.00857371401975647 0.007685049227519213 0.004055415624628712 0.0015386206807059507 0.2562177122671021 
0.10960868605106731 0.0083161611629607 0.03903813410641141 0.024535755386303593 0.04054243254343987 0.001874234757528531 0.0011170835167504407 2.8032299232516043E-6 0.0011222822602839006 0.027478371986789624 0.013629377803667036 0.0015227990027901653 1.281793899773506E-4 0.22808887417924983 0.006282408500788156 
0.15822440034356147 0.18931425303103722 0.0029278845821348524 0.025610732589051846 0.029341404465507114 0.0033754925860744766 0.005844482127172522 0.0031469256312562735 0.01570834015944449 0.027406045246027518 0.005491643757752469 0.00532504393582497 0.027109060840460296 0.01263628048826908 0.0019989190675959723 
0.010039785119110935 0.05699908073878111 0.009001887515127835 0.004855588552675779 0.009092530273150318 0.0024701525026272083 0.0678172278693035 0.011607425720893533 0.02913934589830945 2.009934885459144E-4 0.007501344858178362 0.21535504149933482 0.048374870546653764 0.036099148225813345 2.5012168817081006E-4 
0.00430933068882039 0.004419651011803551 0.004392461370027833 0.24241495213543365 0.01951053283451747 0.008695232141184062 0.0015167291988805998 5.799217280640275E-4 0.0015227074608991351 0.0015526438666207927 0.18502358449263548 0.007229183412443312 0.006744266862173918 0.020818165111468535 6.403738692797573E-5 
0.0012575933883954987 0.0010582450297436498 0.0014189875080991672 0.010185462759022101 0.2134690593359434 7.711330486966861E-4 0.004839035225107085 1.602583484034913E-4 4.5560499786189194E-4 0.22939338602067058 0.005757649405232154 7.851274972939466E-4 0.0032869186856868036 0.021194114493009557 0.014894320038347557 
0.0013400088641331678 0.0014618119093574042 0.0015331476177052959 0.012324736942712008 0.22905738094460953 2.812345739500807E-4 0.0013435853398982634 5.3069691861483255E-5 0.025678711277085257 0.012878778554050136 9.10473332615597E-4 0.001258656013618531 0.014679157486391673 0.005823104985507646 0.200368977438703 
0.0121429837453658 0.014573594279676277 0.0064935292192116745 0.0047233304022911765 0.016981835818183275 0.010594192945105878 0.007637016688710503 0.005519233634403855 0.3059587115036811 0.024273126633501948 0.02406252212200707 0.011556795423322852 0.018683542658435016 0.03756045141511088 0.008026444038750765 
1.2840768742164603E-4 0.0015271521481523464 7.141748359241637E-4 0.019046241451567848 0.0033452416637277564 0.015951835682761147 0.12537619458849292 0.09417169402171302 0.0184760014239064 0.006510393820764961 0.005691904096483538 0.19470010375464292 0.011234423464329896 2.4287667853346044E-5 0.008736413879923499 
0.007476728648630673 0.010390001865301889 0.010751744734670736 0.21918411497928922 0.005876589045664521 0.0025582372066990564 0.035347317593854434 0.18339605916061993 9.324735750955397E-4 0.002648224710135485 0.002971639964324584 0.001479571186821831 0.013426809343132883 0.011234076378035128 5.567365224679991E-6 
7.697275290611069E-4 0.008138419649255603 0.005418567023640886 0.18648967085447224 0.02101024354376741 0.016241604961649652 8.012754225420187E-4 4.3683890927570754E-5 0.0015714443788041655 0.24074267518426906 0.01435964987809114 0.0021900375200436454 0.005882344344395033 0.005429757187137998 4.756167554991868E-5 
9.782860945191083E-4 7.983234523065974E-4 6.264906910681785E-5 0.008229181020339147 0.0031036791082099135 0.30130486122868744 0.05924053525206083 0.012658679797565795 0.04059980322532571 0.008321652586127966 0.014286325824774763 0.0036427265178639273 0.025414519103441603 0.028049619292205733 0.002022329495495729 
0.14624104648797082 0.05189901327792265 0.01551730305306874 0.02484307686185262 0.01816537206649903 8.364886675548443E-4 0.0034643811855551913 0.14220446583679552 0.0020106705268772575 0.025067578327130406 0.026441655937055573 0.011456580805212783 0.009708453945612953 0.0056545049411756195 0.019363532817921813 
0.027395866916838322 0.18764983840011668 0.13085976277762723 0.025277427329038805 0.028903301580484694 9.526584900236602E-4 0.005733605342299556 2.7513876871776584E-4 0.015207559955822238 0.026695516578455036 0.005324216230913645 0.005153910384213688 0.026402891241022592 0.013506800089490519 0.008682841425235342 
0.017702771410909243 0.02126021813731309 0.001520346333446872 0.010494466849003889 0.003238794648581351 0.01443074892607881 0.050454212816733596 0.03830682883044054 0.004325993339089632 0.010147485231365046 0.010061848470561734 0.016174802784690856 0.019277688556771182 0.01735911441006051 0.27366939857836137 
0.004331693632381739 0.00516235330305407 0.0031680675145678234 0.0031997266902296538 0.21597653043563828 0.005526320731631024 0.00144237357370111 0.0018016659822706945 0.017575257395345684 0.001438929302272632 0.005666598878850472 3.109072842193939E-4 0.23939322619846237 8.465755031239597E-4 0.002483975627817894 
4.410541270870588E-4 4.646023138431618E-4 9.714950519235304E-4 0.03168351489784102 0.23607019153335795 0.015694889531718662 5.226855951988186E-6 0.00915430414131339 4.1109442351295494E-4 0.0029362985500368632 0.19549774149286697 0.0025189257325236285 0.008485147938326503 2.513126403749367E-4 0.004154109672720407 
0.00328904716334952 0.0011246287997745395 3.4617748126925267E-4 5.534534518729082E-4 0.004122646877161728 0.2292531520943534 0.0123996502478534 0.13682184339424602 8.515018403578352E-4 0.022610583130303518 0.025077056427899966 0.005843466697924337 0.008702888053742749 0.005336668760426382 0.04709845799286144 
2.475376258364405E-4 2.968179311398348E-4 5.629723265191029E-5 1.1070028177267954E-5 0.006023225076868515 8.440080444188344E-4 3.576163925280093E-4 5.06250984877149E-5 0.24655620112194426 5.9040996172263E-5 8.035451561176366E-4 7.049138744646941E-4 0.252405103532026 2.9461434382007416E-5 9.798604376712715E-5 
9.866913507308247E-5 1.2129603424418678E-4 1.3863055518182958E-5 0.0010073282130399984 1.6836445544351908E-4 9.644730326564625E-6 0.22569802496921945 1.3007134601009953E-4 1.0279830241852772E-4 9.882189471641518E-5 0.0016993827041849453 0.2646034076381623 0.01372533172017641 9.582660682453624E-4 3.848381683023169E-4 
9.164385781493958E-8 7.641119678840375E-8 1.0815506741677387E-8 9.75160498216951E-7 1.201240864134099E-5 2.2312459255001153E-6 2.2510156717489072E-7 2.5225794343573155E-7 3.0398927070876743E-7 0.0036076680066589504 1.3586546024747865E-4 8.404709117176489E-6 0.4718803344005464 0.49210497848474233 9.685848604136364E-5 
6.715821100232714E-7 8.25589953280018E-7 9.435757260236632E-8 1.1011645088216548E-5 1.7096367424227086E-6 9.984073882960751E-8 0.0022921265024481554 1.3209684907057269E-6 1.0439910292184539E-6 1.0036077361887777E-6 1.7258459105238303E-5 0.002687238771222031 0.5024627016370521 9.582662615892691E-4 3.8483824594893014E-4 
4.998692795257854E-5 5.332426880273831E-5 6.829208895329665E-5 0.0022610699900761774 3.797697854872256E-4 1.2964803452114777E-4 0.19718912577890665 1.2571565141347618E-4 0.018355475102333423 0.003560342162646236 0.23896711700784615 0.0029687679099709282 0.012437613924345942 0.013750935244744234 0.018562728095679652 
0.004929222561671127 4.018633917542013E-4 0.0017648159255606584 0.09110209928091575 0.021935060872399114 0.007400336902025954 0.0018254001433405497 2.270182061568936E-6 6.451416251862788E-4 0.008253137392369787 0.10553585524727933 0.0031772420416592223 1.1924614720165914E-4 0.21330048964076015 0.04252680437014636 
0.010903187718421681 0.014550705428910904 0.0027089506040537843 0.07672122908537822 0.08092803477876108 0.1181474692627433 0.09325923970544586 4.4550247504097635E-4 0.02860283066917594 1.4196189359103384E-4 0.014754347644373021 0.014527330522002958 0.02188167496034875 0.02205762120179336 0.008603306939559706 
0.032587007096554994 0.025095741185840893 0.04249508437890492 0.0011133146014659135 0.02721797970074722 0.0397472513353545 0.02725008617550745 0.14920327672573122 9.702311472277875E-4 0.0034553231631633883 0.002120943911455303 0.04701509579496449 0.0846822462298432 0.02337963377913057 0.0020726903019722166 
0.14377710890028142 0.05102459441502165 0.015255860269594348 0.024424509077063075 0.02218373908535335 8.364886675548443E-4 0.0034643811855551913 0.14220446583679552 0.0020106705268772575 0.025067578327130406 0.026441655937055573 0.011456580805212783 0.009708453945612953 0.0056545049411756195 0.019363532817921813 
0.015127046428052408 0.01970308409034528 0.02287709667922748 0.1572060491047898 0.16679634684113753 0.007891547480756348 0.009442795399928297 1.575591942923835E-4 0.028895711207386248 0.015736649296631565 0.0032183854200526045 0.01472124666514213 0.022173759594019682 0.022352054430513402 0.00193406105732544 
1.3388296354720944E-17 1.6427705569990606E-17 1.3602953975399077E-18 2.042911443323861E-18 7.418115449555621E-17 3.216405469656625E-17 1.0161854607796963E-17 1.4952959476400108E-17 5.226392070480739E-18 6.277068931477731E-18 1.461598826803702E-17 1.7612028721989418E-19 2.785851185159562E-17 7.251749968923942E-18 0.5090983036853396 
0.06393655333244841 0.06740781814353794 0.08212192282797243 0.012192778668279045 0.025055555161726608 0.06691691758959666 0.04248369091971774 0.0031157837516380044 0.11139441135632118 0.026882649968250023 3.8813597364169576E-4 0.006499583396003852 0.0021824021994350613 0.0028130570637064233 2.8533543729387527E-4 
7.071510392739467E-4 7.449063253373016E-4 0.0015576177467252607 0.05079882289240514 0.378496132406584 0.024044606868042873 8.359819428575938E-6 0.01464136955726417 6.575033213524063E-4 0.00469630804678296 7.735261104509654E-4 0.002436188188832311 0.012317943114978613 0.016608983932600803 2.4804241811811985E-4 
1.7688180399531865E-6 2.296487354251476E-6 1.4793978890053412E-6 0.007722781695774975 0.005862634284798319 0.003628382042942501 2.382917435554065E-4 2.1770075785830018E-5 0.005544180956785438 1.501389673750528E-4 0.0017181559619868167 0.25590517026297843 0.22817080551331367 5.891862139665807E-5 9.337911274473911E-5 
0.010260956981060877 0.012228631491315771 0.0029555962126975744 0.006430019006393632 0.19996308357513928 0.005526318721954917 0.0014423730491742416 0.001801699100719541 0.01757525347100336 0.0014389869516335458 0.005666598878850472 3.109072842193939E-4 0.23939322619846237 8.465755031239597E-4 0.002483975627817894 
8.902148336177616E-6 7.050767797675771E-6 1.6512105867071802E-6 2.835339954867256E-6 1.867227149467286E-5 8.418217689149914E-7 4.687389771939582E-7 1.9089554072830533E-7 1.2028199307275433E-6 1.5218425028874597E-6 0.0056103183098980755 3.0932643964586436E-5 0.25803949812708943 2.3708511008348744E-4 0.26354435890428374 
4.121128817661044E-4 0.005432514230640324 0.002529685575559934 0.00271561831259053 0.20194425938154265 0.038138782115007645 0.0043942670820845565 5.740390447017224E-4 0.018821726727600293 0.006466606823385904 0.0020366506100359394 0.2090353288548924 0.014115414531928102 6.209122608644789E-4 0.0021167320321873514 
0.06110252158718444 0.0018382322120324061 0.03195160007460414 0.37102871890741757 0.004069326460527619 5.512868448234489E-4 0.0012290719409793214 6.045890182877852E-5 0.0013119918966945578 0.0026565127805276557 0.0020147475282965717 0.02631567833207896 2.6345987501218046E-4 0.004005282802839636 5.040009572665266E-4 
0.006817233905606008 0.001528078634221172 6.535616467769122E-4 2.489851283737969E-4 0.002087821896323284 0.21798726913907104 0.0032828712488125003 2.897570953431686E-6 0.006517191232617267 0.014248186856388427 0.014562525799407942 0.003487520529327955 1.310522042495863E-4 0.2249177676048941 0.00641940517757959 
0.13289787384950869 0.03514733680911673 0.007714872320670298 0.01606289355756155 0.20246029813794233 0.0077756582142887295 0.003703155581234505 0.0040623246012591345 0.029928760636325026 0.010395858570970223 0.016548387095493923 0.007082587299887261 0.009631046254818428 0.02569958302046921 6.694535555151692E-5 
2.593199725521454E-4 0.0034419956384877355 0.0016020123323123795 0.0017197607752735872 0.12788830244142582 0.002775756995731513 0.00241074382651426 3.146790653241107E-4 0.010317770941007423 0.003544890909047754 0.0011164594399513438 0.11458983933393456 0.007737845522123901 0.2294964139649174 0.002120744594320138 
0.006984617805554059 9.896535076890692E-4 9.632108555165179E-4 0.1543342853772256 0.016803040702114424 8.059515375876045E-5 0.02722072045285768 0.01501846290589729 8.914156521984492E-4 2.2325319574343356E-4 0.013341819036471029 0.2399810645490242 0.009879399267744117 0.021408602960857545 2.553453337545942E-4 
2.3440158287521972E-7 2.6362131854786606E-6 3.182947787755543E-7 2.5167949271098557E-5 8.321481097682809E-6 7.148384085585384E-6 3.595464090923572E-5 4.993221801843754E-6 2.5856093275740605E-4 8.896069255437833E-6 0.24179196062374636 9.014916863785491E-4 9.780678606497108E-5 0.2655696810050404 2.783486873215813E-4 
0.004807438296111175 0.005733726013112153 0.0063624941782450695 7.72778918864629E-4 0.001499863821567767 0.2548527084494141 0.20977723163164766 0.0038500816259706694 9.573579423460207E-4 0.002718896306638429 0.003050942351205502 0.0011100438899596069 4.4963199582484227E-4 0.012360826683156415 5.57427882980684E-6 
0.00222218555390791 0.002965588435083446 0.003407429295547659 0.023415055881778668 0.02832469997800846 0.03836360731520773 0.28894484032430573 1.976459153589059E-4 0.027896271868613508 0.010670860330198895 0.014754315578452073 0.014527298949462896 0.021881627404463772 0.022057573263520872 0.00860328824181943 
0.08367654365589036 0.08815660068542508 0.04132614481553063 0.012175243132652808 0.025019520506122085 0.06682067832992379 0.04242259128886862 0.003112590755932317 0.11123460002613379 0.02684408293424824 0.0016482589912376288 0.00652125501269735 0.0021641987161979495 0.0028126385973536294 2.856376107184178E-4 
0.011715249381387209 0.0016310415977920305 0.006525259947522704 9.831456047270151E-4 0.2496830930235195 0.007726716939582734 0.1910914263603774 9.656169708844687E-4 0.002820867876521355 0.003130341972653978 0.01770247179414932 0.0013666346459397082 0.011376359597591137 0.0015546328355475975 3.531492571829178E-4 
6.557261857199167E-6 5.4673410538361205E-6 7.7386648177441E-7 6.977426411399882E-5 6.509538675589773E-4 1.2423679468991946E-4 1.2995913509970025E-4 1.5948553304313242E-5 1.921917312813292E-5 0.22808830011382636 0.013727258747652685 5.428570739374627E-4 0.006133216069909534 0.2581472476023099 5.080979195840428E-5 
0.0012976636488566807 0.0010919635228312137 0.0014642002132273654 0.010509998614122615 0.20598993183079845 7.472736368075073E-4 0.004689311990216281 1.552998396873872E-4 4.415082511057675E-4 0.23280401485608807 0.009575248663434396 7.851274972939466E-4 0.0032869186856868036 0.021194114493009557 0.014894320038347557 
1.255884991352992E-4 1.745600767322976E-4 2.2112956001535904E-5 1.8474076925318874E-5 0.019416627960606322 0.26257501682104994 0.006032752951518074 0.18955257327196504 9.382392695351006E-4 0.0024906190711610062 0.002988933949880658 0.0013896378094296524 0.002838395036826542 0.012363402117977712 0.007453263375884037 
0.009891280821612896 0.06574143604235946 0.12479309178780292 0.007686941487087459 0.059161296204956686 0.0013400159041164605 2.1046558268410082E-4 0.1782253983993368 2.6053091212650042E-5 3.686438517561802E-4 0.010906916468222167 0.0019909355312131443 0.03071128720714352 0.010800375283662155 0.0073039249614368085 
4.9880627502431505E-9 1.7228042773638098E-9 1.152644101629096E-8 4.464892105831813E-9 1.230659426649296E-7 2.109533891725101E-6 1.6913254186592128E-6 2.212055168439657E-9 0.001956646057588344 0.25298932780071687 8.024708668218293E-4 0.0011162139094386201 3.9465803070692725E-5 5.889278460577007E-4 0.25041408216148164 
0.008345544033915069 0.009896281014618924 0.03131216765215953 0.008243516695514177 0.2088700186665275 0.13616547355561917 0.0015159532309760905 6.266098120252861E-5 0.008552852382300156 0.0065209145975049 0.016318132368719734 0.014471324967982438 0.04414402421228422 0.01468307363000142 2.6183275841435678E-5 
0.11681367056699896 0.008862813208248495 0.041604255112884486 0.026148581376778845 0.04320743665249007 0.001997435143316592 0.0011905135498177062 2.9874965988161124E-6 0.001196054026000378 0.0153008236019927 0.013773853760718855 0.0015389411808481007 1.3115515465172978E-4 0.2250944557785629 0.006424448056090011 
0.1900883295096003 0.026464820559222633 0.005149956732981701 0.010968768155566098 0.007903715029681898 0.007766844666955681 0.1822933953937073 8.966890710942827E-4 0.03362116393459695 8.119086397209329E-4 0.010140012300008137 6.022809520462989E-4 0.001937568537905708 0.027434180753410718 0.0024681776888870175 
3.4610706391662163E-4 2.864006860371976E-4 5.011653464680933E-4 0.0028419645280861974 0.0014542414667070706 5.747677805009344E-4 8.293084690580439E-4 0.0011348502088373025 5.7305711264359206E-5 0.28309700123493753 0.21905156770524328 0.00114029294132967 0.0020742164004762618 3.638483622200028E-5 1.0641077066605238E-4 
0.025709032783217758 0.1760288297017651 0.131570614569508 0.024356888179037865 0.02793918487460138 9.181757611310301E-4 0.005526069944603219 0.029516295837353216 0.01574994278995013 0.027647621319938375 0.00551410622623318 0.0013222123245006851 0.027113792021081804 0.013870472182522658 2.903952273884037E-4 
0.004317399382878546 0.004427926267158305 0.004244726780310266 0.2399875471915569 0.019315165496640887 0.00860816305034731 0.0015015415385343513 5.741147229376369E-4 0.0015074599376498285 4.7788474994826634E-4 0.18249253385415232 0.007130290996419967 0.0066520079158649105 0.02749260043057333 6.403738692797573E-5 
0.0019473873117790128 0.0023995720341165702 4.856513853513278E-4 0.021670733196956816 0.3578597207015216 0.06608927814127365 0.007446118253779942 0.005834417878071994 0.02100203506347229 0.002729373913792253 0.013521975713288406 0.0014201092732258438 0.0015039028079522972 0.003170527236829974 0.0020186992522666365 
0.003481015009750696 0.04618825912176356 0.02166438077670926 0.021249150279454218 0.008675951084071749 0.007919382957190838 0.012204479912311059 0.1286872290622302 0.028186739479313758 0.006496279771112148 0.0020531115110038805 0.20067105451271855 0.016835024435194617 6.186743479314757E-4 0.003958272840475179 
6.973773320630055E-4 2.098017303443511E-5 3.5231043083689296E-4 0.004186307288500704 0.292981481868599 3.498261630047812E-4 7.799234195536286E-4 0.19821574796954 9.914937281069007E-4 0.002799304789657538 0.0017729145358886097 0.0038685072160413196 2.1468226803997688E-4 0.0016561484474334899 1.9255332381915327E-5 
0.12868958363175353 0.045670231238287055 5.752514712134302E-4 0.004840186566325653 0.017008069142473665 0.001457538179429335 0.0024033127394439925 1.774160710837891E-4 9.997347059429256E-4 0.001000927558561058 0.007730533795351525 0.044858214427647584 0.0026243121617747023 0.0014002713666854728 0.2537956724095552 
1.7325384742968106E-4 2.115332824303722E-4 5.538188658573599E-4 6.326130902623437E-5 0.016707944563283783 0.21461119881208987 0.04534352211377415 0.00956277856069026 0.030181394382351578 0.0031727312568184812 0.03086907127984576 0.04386648070721484 0.08129090326595735 0.024166844205766248 0.007812274795393138 
0.07628306683613233 0.027071851533384268 0.009829850342423235 0.003131649980133309 0.011004393872479912 5.204960947612585E-4 0.001607453177408234 1.1446278450004723E-4 6.449946586266113E-4 0.008265961418440958 0.008447691338876443 0.10378014813434967 0.0021550450725636937 0.0013721707544886537 0.24870250694371174 
5.98466937116307E-4 4.780028027977362E-6 6.238778002364864E-5 1.6250193637026595E-5 0.005706965178384024 8.127028243616194E-4 0.0010291444497204107 7.073494701282241E-5 0.2595053108959589 0.0012889117219552957 0.0017205379335300983 7.562057866048134E-4 0.009543953652288845 0.026519130603154684 0.2009242620394496 
0.09164850580269457 0.18910497640845417 0.023679642684459812 0.08016674476305202 0.013625477528858685 0.0033156013520614564 0.004395067285980502 0.0030808764539923387 0.01537864601815042 0.02683083408673626 0.0053763825172504585 0.005213279371908301 0.026540082931632004 0.012371064201733164 0.0023433178069888357 
0.02379802175955313 0.02857954418241515 0.02880110376881477 0.02039079383369335 0.03185867797062474 0.017254096193814985 0.010973680983862488 2.543631455363376E-4 0.01647416317384257 9.941848281704237E-4 0.0058687800192227125 0.0017283628619583166 0.2527980998591419 0.014673056487186304 0.05469785255953099 
2.3098627989814076E-8 2.7697150883378944E-8 5.253297673387708E-9 1.0329842254867E-9 6.490866886251604E-7 7.432119450318603E-8 3.732018217718116E-8 5.283141203185425E-9 2.5730146981626393E-5 0.2545276491686775 8.037085879340749E-4 7.023319718560684E-4 0.2524537529290356 2.946711287660862E-5 9.800492992227191E-5 
0.007627721137771683 0.010602050317263084 0.010978113515315783 0.0014081042386571278 0.002597798047226861 0.4414106526340074 0.012034843503806156 1.2250788224715809E-4 9.556410778456463E-4 0.0027140204119050263 0.00304547098633372 0.0014159234366150288 1.512330335184951E-4 0.012532903424412448 5.566525144350699E-6 
0.03624197425504308 7.338411079059444E-4 0.002787010115523329 0.23418094206257892 0.020884438866934696 0.009530029584570122 0.1620645901687033 9.482219184937923E-4 0.002563076997657216 0.011634017787984573 0.017899294664371238 6.33366559527362E-4 0.002032648534639167 0.006046309308048607 1.0086524685474165E-4 
0.01092883011901165 0.06204647439597105 0.009799024405015951 0.0052855615723287975 0.010317624813360907 0.002700416837068761 0.07413905974907106 0.012689454524928343 0.03150121242803148 2.1937542200752547E-4 0.008187383112716811 0.23505041607142682 0.00959001317400454 0.03609911552661187 2.5058234512110206E-4 
1.222560357633185E-12 7.433990135588079E-12 8.95846455327913E-13 5.461070536795168E-13 4.4630547127645956E-12 8.04595375517427E-13 7.511053367597249E-13 2.8105384180682066E-13 5.137968827616734E-10 3.628205184353067E-14 1.6696169365280534E-12 0.5022276233920231 2.7117283401899516E-7 0.0031737458074984023 1.7853758497954194E-7 
0.015779722989471116 0.01926616146957202 0.05044106332541425 0.005761753330127156 0.02857289153598881 0.004078374823793743 0.02333176524770332 0.004976644745959781 0.015993817046838343 0.003153015313088654 5.115068065255821E-4 0.021451634958484064 0.04032854405315681 0.2748632089485159 2.471942316833759E-4 
1.5731918651475124E-5 1.5932634520542495E-5 7.883897459838969E-6 0.0035495868722806617 7.454984168847435E-6 3.476767526731331E-5 2.464773612196021E-7 7.28473057070112E-4 2.2986028959389563E-4 1.1056468809141143E-4 3.887681125407599E-4 6.632450231812047E-5 8.490007540035355E-5 0.2443032634472391 0.2531700269418077 
5.439602519045296E-6 4.560141539420822E-6 6.603488027686516E-6 1.0554367865703353E-4 1.7797950290548145E-5 1.783736763293214E-5 4.4745624180603575E-4 3.768155600960097E-5 6.843328965633988E-5 2.6304157390763512E-5 0.5063703895463899 0.0014459351626344558 1.930280249215048E-4 7.168365296139253E-5 2.7840642507887025E-4 
1.517587778123025E-4 4.8423315882249516E-5 3.1558946139023795E-5 6.331452270097795E-4 0.014448001880798929 0.22417353765398354 0.004260386052872214 6.918734850784301E-6 1.8931280865153E-4 1.2640829657278865E-4 0.014661384870012424 1.1802055840352295E-4 8.616412940437179E-4 0.005220889801476068 0.2434595558537696 
