0.011007137548464165 0.23939938197627694 0.0010647102929771627 0.19241195607263145 7.62759113347746E-4 0.0364676715310394 0.018019840434460595 0.00898659900117568 
0.011506749314766624 0.03166100758239627 0.0031997227888017283 0.2527490802632464 0.019430061004257315 0.1459486605503229 0.026471179595369276 0.0204417456136103 
0.013585361919822153 0.015975535623934965 0.004698845612422351 0.0037352634585625247 0.15741691148825912 0.0018073412328216433 0.005257687213958398 0.3070577506040757 
0.02076812939276991 0.20162054164382304 0.022729759246732505 0.033588177536212536 0.017721169776491897 0.0055923860896169445 0.021134072199123412 0.1878989928565832 
0.12052012645494795 0.041365328040972045 0.14553679105905296 0.09945101479281643 0.025619938925268107 0.020493625143254122 0.03517323267888763 0.027778200135208653 
0.011853011718193451 0.025345722228319094 0.01831693287615242 0.2880601766474507 0.0024102225046201066 0.054724361701576386 0.13445290238320096 0.031153467913751683 
0.14420075206899774 0.1792421521660847 0.004617251517985238 7.108504473928732E-5 0.0068309728914892785 0.0017729582954039357 0.19348680851666344 0.021868236683100346 
0.005378377558177166 0.006321557229967797 0.108165493084461 0.24153365968723964 9.089043744327239E-4 0.18105928057266715 1.9767405742819778E-4 8.827158157911783E-4 
1.8476660147436123E-4 0.009365981911322058 0.33065962092634216 0.009255766054067695 8.283363985312117E-4 0.1299373382933968 0.02331187485129372 0.025077611015250575 
7.076700302095317E-9 9.985652423734993E-8 1.7459737503754682E-7 1.0447386182989656E-7 2.041423176627498E-8 2.3501295561853826E-8 0.5485856381449984 1.5146258750990235E-6 
0.025639042265932777 0.1651691793736261 0.17054046997955527 0.06912955789252205 0.04972928948923907 0.02793496100449936 0.006301438315747127 0.021377075772928963 
0.07508972253658153 0.0169587414718104 0.007984983992248297 0.36592995770365516 0.0017177231465722001 0.0023044647101406026 0.022646985724363602 0.01856513018336367 
4.888007846227051E-4 0.005779884150962412 0.13297592944370182 0.19587971354417977 0.014276297665075434 0.0028690485459388917 7.938150904216321E-4 0.15626065748911552 
0.10716147095754855 0.04093965795160794 0.014754539133027749 0.0025425388552502873 0.0024371033158843256 0.1647418120436769 0.1989906643204402 8.014013273767646E-4 
0.018504719918178345 0.009249095753187534 0.18340539824713079 0.06755699410065748 0.16083496363388083 0.0467592142299061 0.02929133838780727 0.04401223977279945 
0.11998694970090565 0.02291406951706926 0.01982547662683983 0.13066859808564646 0.01828724429666131 0.13165932554259904 0.032969176451689605 0.034789474997059616 
0.13713682034345454 0.045546368840826766 0.009929868008702571 0.06392663011399753 0.13944283628271784 0.03701377335795441 0.05359076220276279 0.027955480302061346 
0.30685834670197826 0.002596498632343761 0.003163160040599504 0.028555565033199327 0.004925280852897379 0.002437946292301615 0.16631516608942704 2.8170603951879655E-4 
0.0016230658778569238 0.019511088847245023 0.33183899719335164 8.060329794339828E-4 0.011357433661570505 0.007941187927677973 0.015061002446641259 0.12483026635449429 
0.014653482325584274 0.0073241563096466565 0.14523471706215607 0.05349690367651014 0.12736168433599676 0.03702759740789361 0.12943736041866583 0.003624612689042577 
0.31408718665179697 0.18341847369871558 0.004329163662515784 5.95757196553106E-5 0.001187484310600348 0.002018440417435759 0.01909928786018889 0.003677058571370868 
0.09864847610234917 0.013487876050120891 0.0053598432828386635 0.22930513474882575 1.6825494268240008E-4 0.18003813165715307 0.015980426557704513 6.841259102520408E-4 
4.5701955130686086E-4 0.1535203997743154 0.18468711525053633 0.02590656542011223 0.002642834742984416 0.13817075897633965 0.007902189927319293 0.003612551698774259 
0.00551904399488419 0.035554212911189514 0.03671043352411078 0.014880784835815408 0.046109382747768865 0.18286336105575302 0.19306851907149433 0.021678472052924256 
0.003579128409120407 0.3076781625363501 0.04000521688782755 0.002576514842094313 0.0036490219901334766 0.15902275775606295 0.008666158459779997 0.002361203020472464 
0.0028097257427839683 0.007624026056374632 0.045194205852969876 0.3733371482650191 0.027864783474653165 0.007018159662843089 0.026434294384510164 0.02067249170968131 
0.008520979571430871 0.13308283529745604 0.20292491322568768 0.039505548647434 0.13004244679617588 1.1533382092738753E-4 0.005168151852223289 0.0023616894016455716 
0.031427247342012875 0.016299788696411105 0.3061379752125501 0.07608265746523708 0.03030537495886784 0.022920671934427823 0.03546789393138324 0.001968320922265781 
0.26911867834752606 0.05899457306362398 0.038654360153225875 0.08355646539663038 0.01904956565782522 0.02550605368378708 0.007428229913031218 0.030688274932400193 
7.100082887528982E-5 0.008483185172718883 0.16381913599220924 0.031061098401433507 0.002164559318890653 0.0038826219452021376 0.16182162598803693 0.13802578521236014 
0.14410384591704056 9.211407859487642E-5 0.1988838912920904 0.0029723277869278947 7.019497376616067E-4 0.010370221444840953 0.16234086559479105 0.0028837500116026264 
8.339694308937692E-4 0.001604126631782842 0.0233497381736334 0.40512556782746 0.0060364251447327455 0.05798749588504505 0.028195892810412636 0.0016831151535262536 
3.881751158344755E-4 4.5646964931354047E-4 0.012240609676241692 8.813946672983282E-4 0.17691798508819465 0.16849824172984224 0.0053309280976740585 0.18713689917484208 
0.012776617873359012 0.12406934112138546 0.149548370520201 0.21263061209905934 0.006202016526403789 0.003394001869270293 0.0189797554848171 0.02970235273039374 
0.018803164897410993 0.036646479080120094 0.04970403846477713 0.08443790420819478 0.13165201936157503 0.13569814941391548 0.03398054952626642 0.020188938997686222 
0.005395745038590787 0.13844021838952802 0.013144817966344645 0.02237482399868072 0.01129740936477731 4.544251398000768E-4 0.14270887903522408 0.17717425387481078 
0.0022877015603279295 0.13974957552025863 0.004574323476776332 0.024043092109454708 0.0270989234364201 0.012460791327878043 0.01918903915355954 0.30893164614624813 
0.1321108709449679 0.010201555493369926 3.131692705844489E-5 0.037839880814734175 0.18485667585197943 0.01751437462341645 0.16923412440453303 0.0020981498981223613 
0.0019847370654881005 4.217881682069082E-4 0.1274622649115539 0.21486331716443402 0.007970116618083332 0.0015699218890677736 0.18005004035577687 0.003276260717319464 
0.012384160741798737 0.027847013084533297 0.009727294336086741 0.30975770012392356 0.11851580791154571 0.021993780764325913 0.024198350091974002 0.02251787713529784 
3.339692285903526E-4 7.542573891446398E-5 0.10836012546923482 0.3560444908537954 0.001713486029740949 0.002324892974747167 0.022592380565100927 0.02021042515188178 
0.14319382174711556 0.05349024823124346 0.02010255979964005 0.06724109671017392 0.018059505663342478 0.0072978491660812906 0.037613325900164085 0.2032800900987974 
0.0023330280206726047 0.0013088152441874388 0.003882751870410033 9.53405774816546E-4 3.0227780696615904E-4 5.162649504107832E-6 0.34316690907346115 0.16528521107370966 
0.12315155770909876 0.03946778729914514 0.0065481427667973 0.05463544469556433 0.28745611483518624 3.704673249393243E-4 0.044087395365350654 6.2109709067212E-5 
0.020235364776436556 0.08132938017682528 0.008346794366235555 0.40206476671752733 4.149772306725393E-5 0.002551589352706682 0.0013413827594836347 0.021043761988795727 
1.9240847870614757E-5 2.8416154803406497E-4 4.7780776210182415E-4 0.2338699281226921 0.008743572147798154 0.004860835281083111 0.027072656215183413 0.2483892523725151 
5.626245354212039E-4 5.856940310932729E-4 0.008968514546392962 0.031865450941939745 0.14690212503182326 0.004453282188107364 0.3400706605972628 0.002491417213205247 
0.002261664619134655 0.19442298088987478 0.025279446075600124 0.0016281093587452748 0.13993262338119197 0.168149683384635 0.023074281406132477 0.0023637606109983204 
0.03879146585866771 0.020219790860027283 0.0332352731366988 0.0052708555097531135 0.0296686615847636 0.1695851743932081 0.03246193354115958 0.17846124299505386 
0.017357755745756032 0.020401700167696674 0.346603067328822 0.009191042331968435 0.11365349533065552 9.281940837211313E-4 1.848568411426149E-4 8.254803865350661E-4 
0.008215929686597628 0.054149669629295905 0.055518478776896744 0.08795334361196613 0.011043356263326415 0.2664937045528403 0.036287962119073626 0.029034073545046144 
0.08463289951051743 0.012872165317015759 0.008464739701330454 0.2750833456257962 0.0012963296831114354 8.857376169349633E-4 0.1890140437308005 0.0020552519080304014 
0.12803884782166394 0.019864597188533974 0.03245898173626666 0.07612462379973528 8.937246484705105E-4 0.02809631141767036 0.16828766224935188 0.05990392897274047 
0.11295432634613721 0.009968718558368953 0.181129869130835 0.014202034414262198 0.16596676489593357 0.01791841405899592 0.010847352246989149 7.980451391354254E-5 
0.1621627186767256 0.3593585796512178 0.007839164664743709 0.0033695772028814732 8.69170972206794E-4 0.0012956800083479521 0.010836149812435792 7.328564195188018E-4 
9.140124075081972E-4 0.007304931230565119 0.21671288077306836 0.0017667911808400612 0.14595565230011892 0.15917975185783617 4.6797017748737696E-4 0.005048272118008313 
5.45319715947052E-4 0.010561113394725664 0.1987813686194531 0.019162504916396653 0.013954786237709028 0.10398949766546464 6.699869308020546E-4 0.16262931913128123 
0.013683484975555122 0.01215392317520875 0.03603573533744465 0.005093993806817791 0.009332685722556086 0.3258892786129356 0.007765521738422779 0.18888271822380945 
0.010573331188420972 0.130508282170374 0.03410739525218889 0.2241154581415879 0.014636141199594128 0.03213544825967923 0.021716793914424184 0.040600225824283145 
1.0952084887617175E-7 8.923966536904579E-7 1.560389339344032E-6 7.801493989925274E-7 3.5060276493638084E-7 4.372881841081941E-9 2.5323859894069313E-8 0.5067709368327235 
0.21144567129856914 0.02165281752862086 0.028449911753106207 0.2291062751753882 0.02301163549800146 1.454475133026911E-5 7.299566407227048E-4 8.002593919631502E-5 
0.0010548184260805108 0.001259843798731625 0.17751231735822326 0.01520849990522039 0.002785784375549827 0.0012076991347962738 2.1603047272776682E-4 0.30960808228808884 
0.0019012819105436957 3.1659423387200473E-4 0.16987485039632608 0.2961728088968851 0.021616163380901138 0.00503553692563983 0.011334750076246387 0.0031041449094396842 
0.003198453695017717 0.15006556519262967 0.008282242992111966 0.03824317452839385 1.8590808663969825E-4 0.29927201724198177 0.006848616001060788 0.006463130439066163 
0.0028009389092822053 0.15853087219014325 5.014746640320117E-4 2.302481905424517E-4 0.006030911258555612 0.13491637890270697 0.21169503041787102 1.0006723627836606E-4 
0.0038022824379123047 0.02774487029261913 0.20736195211669803 0.004829925979870899 0.23076802650127143 0.007789954351873852 0.013538252948469633 0.020939367862341483 
0.15801981871215484 0.18792358202644652 0.019506725101667767 0.03883216405184704 0.0171064253488157 0.025310030676297952 0.05348725709400973 0.025827105135632245 
6.4848184421135455E-6 8.616116148009705E-5 1.7599017173133583E-4 0.2457308879955953 0.010053660213906525 0.001188184775982595 0.1307286550381343 0.12531887421655552 
0.01903883626605782 0.18483226908086353 0.06714069748252523 0.0242766354263045 0.018850501335757646 0.17943585201367232 0.034538241268912084 0.02522332227354415 
0.023362765875385865 0.3139661929968559 9.49074123738571E-4 8.46538308326519E-4 0.0034450562330352384 2.598227408757774E-4 0.18393717012425612 0.003695065145292788 
0.001593520883221102 0.4246040992314042 0.018504753535427063 0.0037436927229407605 0.18400253096931393 0.001466720175307253 0.002878777509124393 0.004466865541829071 
0.08574501043654338 0.01822840421231948 0.014424827151089148 0.09507322204344079 0.013305624021768011 0.09579406586421592 0.023988057416261352 0.15969593002112856 
0.30735386507835244 0.001945504447946242 0.016714293364307145 0.011165503732012182 0.007629757925419407 0.001227429075784027 0.004765274102278487 0.18618926974305802 
1.1485379403648999E-7 2.34514303806471E-7 9.092896916117621E-8 2.0410692637564566E-8 0.5077427979894179 1.9061326705413912E-4 4.8525020523833393E-4 4.7543229202146877E-4 
0.008794413214463842 0.0033144189291172085 0.23564452060819222 0.008504947707236287 0.019750347015913904 0.1576558668186926 0.030345977710343943 0.04587648839438372 
0.007034010343690524 0.06783954456585901 0.00576925393525924 0.05880118569480794 0.05336030653513306 0.02079247738403044 0.17892107853179082 0.12914482572924302 
9.500783055390238E-5 0.001374987900505977 0.0023651567932700852 1.172540540309378 0.0023732589214286426 0.0021070716152890205 3.901929318143864E-4 3.0368258256321213E-4 
0.1320647108908 0.022861321487630856 0.014062959824482668 0.022203174444774307 0.0068476237542894735 1.4494971019922507E-4 0.15115013780581135 0.16405598360089266 
0.019948023191399527 0.03738782159319423 0.03734350571843379 0.005871059463287493 0.061976883157027436 0.02901179361298604 0.30894344214906727 0.04068785558669323 
0.15480152462941016 0.026212760726532863 0.30125601246863853 0.003256816923574714 0.0027020957848096095 5.966347577716094E-4 0.024417916729689196 7.984438328791584E-5 
0.023232022081328452 0.16907755574238176 0.011841772408025523 0.023392685402177243 0.2353780745962173 0.010094671916976997 0.005352093181996064 0.034784169170988276 
0.24251641266253984 0.04206688194147955 0.008197151356475623 0.0524655934166429 2.3873714783509223E-5 0.17915619332391086 0.0015969603625165334 7.64750734025939E-4 
0.003531737857914045 0.022751795394850664 0.022056171745618185 0.036409306274426505 0.0013839855180384053 0.14446134277878042 0.3061918240382567 1.1074353299711344E-4 
0.0027917062352850355 0.007681425037195667 7.762997017079429E-4 0.046059603860433854 0.26682911557703787 0.1485105343269404 0.026935834910367017 0.011545332207438525 
0.07489758098936017 0.16597580839344617 0.003689928672079045 0.23922077913940243 7.124682338106062E-4 0.03209042141157026 0.010465259760176456 7.077728648948166E-4 
0.0023474070150360593 0.005019545038379467 4.368941518512787E-4 0.040492665315530876 0.15530003841835457 0.19747484489900002 0.1345740199764113 0.031138716079285225 
0.011249376078584604 0.0029369748144211605 0.12478677829260779 0.25440662156743593 0.11666876444192557 4.223060139541121E-4 6.084191299324419E-4 8.901068799704032E-4 
1.3459960200671723E-5 0.004733093637175244 5.138850143399758E-4 0.026712420483436042 0.1594277823395177 0.0010516103572093046 0.1459016259997913 0.1852904150887723 
0.2105351146969276 0.12165587088230982 0.0014128508376124085 0.030585823530853328 6.418934182498807E-4 0.03549933863225281 0.0024159438444822903 0.10732026156474093 
0.08938687183003188 0.01900262210823867 0.015037495116744994 0.0991112820442709 0.026730561851473624 0.2096609058854917 0.03412838624271335 0.013197016087801477 
0.010540041043519202 0.19324859789279697 0.0622226123599186 0.04435001455237886 0.010233234487591555 0.008229881572374751 0.15179255695704913 0.04363499895984114 
6.511307982622796E-5 1.2622292444208071E-5 0.7351469212804816 5.441752640223493E-4 3.6543684087596436E-4 0.0019953321806763648 1.8651483759636744E-4 7.569713613637725E-4 
0.02399394998400421 0.004178237893976352 0.04151235195509589 0.06432177557356629 0.16944562949325975 0.0207594426727029 0.18975016545419968 7.995604870788762E-5 
0.14380195663921697 0.0060717403783202345 0.03779062576026371 0.003781327283319475 0.021185994556231366 0.006433498466432798 0.010625548018563035 0.34533716362235983 
0.030046033774770615 0.1564035898862228 0.017289292731237298 0.001976815673771396 0.02549276817260136 0.1250187928900406 0.02488119048871419 0.13169691404794712 
0.020684033238872784 0.1986798190469021 0.00897149396228218 0.028036772378586792 5.893498248244298E-4 3.946110623154208E-4 0.3870321380820315 0.006299724753721383 
1.9572972436511787E-6 6.129152566428623E-6 2.031055293289269E-6 1.0718489422564777E-6 6.64403489827707E-6 0.34660380329564283 0.19555735647077682 8.151725659377557E-6 
0.49421389818946293 0.008109325547984825 0.0019148004308364999 0.013038719165361926 0.0032697428755762373 0.0023127707136925742 0.006127641492031121 4.0141018927065866E-4 
5.718867919858585E-4 0.011075633399059004 0.20846566863791013 0.02009607051162509 0.028477904546237717 0.2284796744991886 9.599437375064671E-4 0.012167114488266503 
0.0043835466333621235 0.02407404924017871 0.050769260723167134 0.0032907789453884818 0.13053220463306933 0.2847679961288954 0.00846970325864969 0.004196805504918609 
0.11926550310373452 0.0027396664763775984 0.17834200720510773 0.010286463130289032 0.019686236271154182 0.0010339414460829928 0.0023012195816138974 0.17708865300231477 
0.0027216992031524924 8.077020796994463E-6 0.0036991220510297794 5.569780011950625E-5 0.3419400670634622 0.010420181371644742 0.1631229643962023 8.054696117968135E-5 
0.1542617335964672 0.03714571576420577 0.015590855677652535 0.3025964487728257 0.018615813507724212 0.009118775266056861 0.027190705465050344 0.034489096299810465 
0.017461185437028837 0.1696129338192708 0.01730103762374957 0.009777607681703111 0.11254672101851014 8.133064483189265E-4 0.1833020137466084 0.0012690082900881573 
0.0033172207216187717 0.0026823600245376653 0.029094336554704652 0.06127006486164885 0.004591237308490311 0.009145351120553069 0.14015664248700066 0.2787307560294424 
0.018785125186925995 0.033709030172029704 0.03498429119916835 0.044141173643690405 0.012878217992961932 0.01688078167364932 0.05213640874017184 0.3159268444583957 
0.0021721710936129534 0.5118385913137902 0.002890266485559766 6.136431613217278E-5 0.0012231352480385758 0.0012017311325128413 0.004812352731262179 0.003677058571370868 
0.17746335597597035 0.024062425227442234 0.02590166662776682 0.001524110835491014 0.14328671615677943 0.1721801204952247 0.011783782662835059 0.0023699534381333826 
0.00819305378966107 0.03659323841644869 0.019945622567002243 0.10160723978988623 0.013792574960385847 0.13835883072325605 0.006965256326826082 0.21902397499005685 
6.197189394072997E-4 0.2623491579652211 0.20308871488973243 0.042571245554904165 0.0037986755905555724 5.192903238110946E-4 6.887273778479183E-4 3.8000077294453896E-4 
0.13159285008699567 0.013513310976216707 0.0061900144711221905 0.05011362741772776 0.1814076977053995 0.007539346412478748 0.012845822876264162 0.1659479002272881 
9.149094969962603E-4 0.0016341476449455777 0.0021106964345754854 0.3106759825902927 0.09181872348019318 0.11069713782823308 0.0075530645839239335 0.008109388970310409 
4.598144032206651E-4 0.008970099053844981 0.1449594832011973 0.001984063290581231 0.005819165096155815 0.13318093176656456 0.2065520067021294 0.01293316231142356 
0.004153345601160929 0.0323900156616398 0.28851434115701424 0.0018103597494956423 0.005643923108171929 0.0018164272946884876 0.18713832921715662 0.0036578885361850254 
0.014699910803850288 0.2808187747009461 0.04443256642023921 0.04604833562156318 0.014148462981802418 0.037279951339705 0.030348835662586806 0.04069101306056082 
0.2625094209930893 0.002221237779293279 0.20552506937014098 0.04295471724702384 0.0074390073734308705 0.0023132281906640367 0.00612885356846195 3.914355220436443E-4 
0.004285797690425483 0.1174194404147805 0.15281237815922508 0.007337530320265572 0.001240704801940819 0.040019701935998284 0.18557723520763747 0.0015026251261597966 
0.0011196820906582436 4.2138015650812136E-4 0.0024007315689543824 0.24783346322960761 6.991944716891567E-5 0.14397763912633557 0.1601903901904399 2.5146267702139537E-4 
0.13602572007354202 0.0013494959736575522 0.21388729178609844 0.002576514842094313 0.0036490219901334766 0.15902275775606295 0.008666158459779997 0.002361203020472464 
9.143979681446017E-7 2.8721799404226325E-6 9.496333285748503E-7 2.2916410821609684E-5 6.338513179367377E-8 0.5386790774670435 4.2314731841392295E-6 1.2843882452648851E-4 
0.007228057838514611 0.016247529934567993 0.005873036743971736 0.2346372032383952 0.24378287284936614 0.0036785593786061313 0.014300174914699738 0.022202199296267044 
0.03794892973628415 0.13671844574805034 0.28052057172068157 0.011223165133923041 0.004809939820935882 0.018126409891531334 0.031415235907268725 0.0023495274993357274 
0.02008310255953345 0.010416131089251861 0.19563279871929654 0.03333203509588915 0.014524095020915803 8.02329465446431E-4 0.24773766924110863 4.032604540956316E-5 
0.08935956875690777 0.018987102439691567 0.17398501944092845 0.20561169159609022 0.014242852036590817 6.136907742840018E-4 0.009546458260853728 1.241274895020294E-4 
0.033485808225359584 0.005670199184712392 0.057697256876300736 0.0893996565654057 0.2713641691856392 0.03130603018482728 0.02369057821479709 7.974636546096849E-5 
0.004960512571804217 0.0010540086715329375 0.2735874481070165 0.20174738874111625 0.01405037538130265 6.053974108963931E-4 0.009417448259824676 2.3800655747918068E-4 
3.763724442480323E-5 2.737485277762282E-4 0.033223493809483466 0.26092253725117004 0.004124889470854401 0.23307296673126446 1.8523981788285556E-4 0.001704924394905386 
0.0015025471020939636 3.193151379379078E-4 4.800106934695198E-4 0.0033047032644947204 0.3635300448204824 0.0013513306766239747 0.0024756839939173002 0.16783014416127026 
0.29931759450703604 0.0025326921464800204 0.006643137059323547 0.0014049596187941979 0.1773876867321003 0.00323559764712495 0.0060101373426199685 0.015529071332842672 
5.277508370832264E-4 9.3550795127657E-4 0.001211622547268396 0.373270791337528 0.10946698329329713 0.0031731587350777423 0.006989306292166308 0.020979662549734705 
0.004950616246354155 0.0043972284571962795 0.01303754833871439 0.0018429814147427402 0.0033764998457661063 0.1999028222316544 0.18241775609182612 0.1888692780798102 
0.02466156450627381 0.2916136600266988 0.006840441674737116 0.04300102388624936 0.01574845034472888 0.006726022558378588 8.756630270529719E-4 0.11985732068989854 
0.01636635126098636 0.01706443087808903 0.04179425124308419 0.2443213366211879 0.02012786912928235 6.93425930683427E-4 0.05045433902105225 0.12048845976216012 
0.18747880623706648 0.10435319771578322 0.02197318694906432 0.03479243339133701 6.236521149756453E-4 0.16000552489569467 0.003073116216225274 4.1558525522662873E-4 
0.01218644604145964 0.15841212879158476 0.018372641949730484 0.004906661320799864 0.1589835390096783 0.007029615375445532 0.0027454890809926924 0.19656047172237426 
0.030009022134681877 0.03410167143338803 0.0848881521727438 0.04340825081479155 0.13872021833363576 0.007777330609873924 0.04184006526349863 0.1299256556705717 
1.5230695249495198E-6 3.2922391534757843E-7 4.5525779551585525E-7 0.4390510830955521 9.164634016387291E-4 0.016253479928126358 0.08409009352367236 0.0036280180446007573 
0.14263613625441843 0.021703844179391165 0.019852190568212854 0.0063746288424286895 7.40528890027726E-4 0.005399840961223279 0.3163737013705153 0.003475892338067683 
0.015262480251902836 0.007915908141168744 0.24208031996637455 0.03938932525256777 0.014523093980623847 9.34640379587425E-4 0.20009285232248006 0.0028263973949655004 
0.13028525089612053 0.14699284225143433 0.1478179303978791 0.030105603076200957 0.05382670758943489 0.004754098948938549 0.014022230131381482 0.006638633928032155 
0.0012909198865085085 0.12902822173863976 0.1875663907967884 0.010887126837382893 0.002300745299563173 0.001036300081669297 0.00230646914232902 0.17749262906931965 
0.02545029955167271 0.012367681185181749 0.2425778135496837 0.04133055524254775 0.022677266016442287 0.0010085295884770347 0.02535535549728774 0.17310869223209727 
0.010225575162753672 0.14501629184889617 0.018994373336019207 0.12663551280328916 0.11827406403203741 0.03437627657778701 0.01698641543744735 0.04008129279654588 
8.312534581396009E-7 1.1074109683851244E-5 2.100614515639567E-6 0.285196904034485 0.00847451450485881 0.005469713026427988 0.2420445813073153 0.008488501799068116 
0.005947958847556202 0.0011910946937382094 0.14518600316790292 0.03732382047978416 0.09898314030061477 0.013548570913164592 0.02114529803091106 0.18730145436397008 
1.0552510027081902E-5 1.4020693541073347E-4 2.863824281960167E-4 0.39986896821927337 0.016359956899818073 0.0013055905391184607 0.0030806600553219773 0.0941767491051693 
1.2777996182830613E-5 0.004493286126194257 4.8784845228014615E-4 0.027089272906958256 0.1599779080281548 0.0010552390714989237 0.1464050779784777 0.1859297830565302 
0.12928750712908965 0.001093973291089401 0.18137739423046112 0.02847708918456798 0.004911745291817446 0.00107056144738057 0.16864422165824997 2.817118003346708E-4 
6.807496785083378E-4 0.007002956844118345 0.20434771936543583 0.007278675220494311 4.892799411121389E-4 0.10993047877627629 3.987216253737764E-4 0.18409852738744112 
7.0112786431379E-6 9.315602537616626E-5 1.9027766829196312E-4 0.2656801793823701 0.010869851449557948 0.0012846457643050373 0.14134166365593434 0.09382211316734909 
0.005636778327290021 0.2758493193935142 8.749554432090858E-4 4.017289846397919E-4 0.010522522894291916 0.0028981490447740413 0.206925166800375 0.011697300881317868 
0.00817924595999754 0.24222744372315896 0.0010647110164783583 0.1924120868220768 7.627596316644507E-4 0.036467696311868636 0.018019852679459242 0.008986605107827571 
0.001433961332814164 0.12326984047405688 0.01602790611865388 0.0010322688192941959 0.1258650403262157 0.12379274116603121 0.01698741554670412 0.1661056532179225 
0.0030446888718133306 0.1859919076884206 0.0022912780999743204 0.0313761918980058 6.161852971625932E-4 0.014071788483535385 0.021669899853555396 0.2808155220992812 
2.512880621339439E-4 0.012738013394722093 0.4497068988956586 0.012588116557496762 0.0011265620881748056 0.1767186367993094 0.009017508697149169 0.03297641497376943 
0.15157595223601994 0.07861509364842084 0.011617698011606814 0.03564279440480357 0.0011818742532396446 8.159323195664335E-4 0.2519378632011312 4.100974124346558E-5 
