0.44217569680166896 0.09268239218139826 5.836178393472262E-4 
0.27349605992230674 0.21457791493549644 0.05733029840944344 
5.161957148984685E-6 0.5130470154798601 0.013554788826145076 
0.13064934088086388 0.3986412819203582 0.0185058275892139 
0.09291364855192034 0.4447858344194776 2.5205466366349415E-4 
0.1268488249051164 0.3918483324743398 0.026971223177162055 
0.20773501188537585 1.0949069569031533E-4 0.3208947542026391 
0.060726882292209426 0.4336649644319108 0.03502841091857806 
0.12346577794567319 0.3048539066198994 0.1135165731695779 
0.103819461197672 5.104533259730289E-4 0.40960338932571105 
0.5209608262333632 9.416583046803502E-8 0.01934769106514107 
0.14912514671766053 0.18928644304236542 0.1923297958434795 
0.0944208096368523 0.23338452295005457 0.2136854676956441 
0.026352511217116226 0.4956373427938042 0.016677468024248042 
0.32166102997080614 0.14039857004386955 0.08510331448969714 
0.20951661319358866 0.3189613595923502 2.3446698178078277E-4 
0.007999254063444636 0.5046596975884041 0.02651503077695958 
0.4296475902296188 7.766058426135662E-8 0.11066094357413173 
0.3284525276775551 0.006551766472546452 0.22694693913324002 
0.08024259247853599 0.36854645909128664 0.08828047272882697 
0.02762393541023702 0.44823231187359175 0.06442358089075437 
3.7156726332255395E-6 0.5229594142185826 0.053872335301155004 
0.15557431079034767 0.34764105620978525 0.012413528187847267 
0.35250681014768936 0.0755823417993327 0.11345547564405041 
0.3237588813475063 0.21787282892423132 6.518359591214651E-4 
2.931103221614403E-13 2.9120805884895394E-13 0.531905514132495 
0.2125658901855509 0.20985615895046128 0.12667794875867383 
0.612445240666598 0.058735395102576624 3.333042740619253E-8 
0.3948763107554228 0.0032883089053181583 0.1413945731574761 
7.434360860069144E-4 0.3906696460170472 0.1400709152136406 
0.1934451848559511 0.19097919908925878 0.1647043296904168 
0.2683452186351 0.22159363433866372 0.03471730528794068 
0.05535877902420687 0.40403936314972116 0.08674189422485049 
0.03624597212468178 0.4450210897446916 0.04232225517132193 
0.14776944323371563 0.24455098186860033 0.1301186126785366 
0.19336456413068276 0.3184508153640437 0.016823481109608872 
0.08429256830066936 0.40351596252323835 0.04999834352180616 
0.23530421260571913 0.08671835276828352 0.2099158727756564 
0.010736108188943487 0.1515255261938891 0.4186160479683999 
0.24980109883037158 0.29844652188723936 0.004930541428039753 
0.02816305890555911 0.3178854220073329 0.1942313473514415 
0.47068459919452454 0.035419582241821394 0.015724690714307245 
0.3710482011051006 0.17291268200392007 1.6416846645138353E-4 
0.17683474378726252 0.29265258956995555 0.05939529270538041 
1.7572238880027193E-4 0.21968788588753696 0.30724679732134835 
0.277682787826701 0.25717530115636617 5.836178393472262E-4 
0.27034911815418466 0.10752803422182518 0.1482954542802397 
0.37095499803193455 0.15751450763104635 0.034501784417257285 
0.4343899844993697 0.046534456436594776 0.0544540637940903 
0.48566612801003756 0.005479695745937042 0.03205006956853786 
0.16224842488650787 0.268512966851162 0.09781630166567228 
0.2586340654626162 0.20251702060465107 0.07544162006385498 
1.4581178701916078 1.1613598820875356E-7 1.5835485570964647E-7 
0.083423284876668 0.12445386880475104 0.32094516480620117 
0.03656537554111281 0.5300793514931785 6.967015461367682E-5 
0.04588522835237704 0.33489608637082047 0.16424831327963757 
0.29951676126853705 0.12868427613431385 0.11364253394663605 
0.1593545315717933 0.3906747355877675 0.006415238266073774 
0.12417057644782177 0.3420856570312586 0.05476753602444502 
0.38982507775427716 0.0705750928065271 0.08479767654454505 
0.46823142179460114 0.0031477540288823483 0.05567098064491655 
0.2165422896917595 0.21513694698582933 0.10022627745549044 
0.4001563439369716 0.08466360743855719 0.03143579097978017 
0.09229349484227202 0.3824147518781928 0.07200184140102846 
0.2439717444063348 0.001266821206382012 0.2807330201915684 
0.1616205994588154 0.1231354669819525 0.2548978325380963 
0.3822944979803879 0.16232947376073611 0.01834763020311551 
5.97581871048468E-8 1.6979387035163753 8.84441055572798E-7 
0.06346592397554565 0.45322510599270865 0.012729227674443917 
0.13014226588336958 0.255171932263118 0.162444299064638 
0.4644245162674209 9.996050351521746E-4 0.08347994854232862 
0.046846043642490794 0.34673836744056896 0.1312549304726893 
0.337385198383016 0.13412944549762945 0.05553551258775458 
0.1898561921118654 0.3126729008065568 0.026108810570814843 
0.0010825521969454349 0.43250003533426085 0.11120572197231217 
0.16224842488650787 0.268512966851162 0.09781630166567228 
0.277682787826701 0.25717530115636617 5.836178393472262E-4 
0.06203809722922959 0.45918474389310493 0.0013741435914728722 
0.3974316284533419 0.0026717920913433757 0.12561896763475358 
0.5366925510117171 5.4124769477504317E-5 0.009840466182777279 
0.337385198383016 0.13412944549762945 0.05553551258775458 
0.14868786738470954 0.18972372237531643 0.1923297958434795 
0.44217569680166896 0.09268239218139826 5.836178393472262E-4 
1.7932711095308872E-4 0.4869208514231629 0.059429330852212275 
0.04833658696730826 0.35777085852969626 0.117757506687156 
0.48332834698275856 2.8888393130919567E-5 0.06464528977895491 
0.24680857325370606 0.29487124197775866 0.0136296411745517 
0.010736108188943487 0.1515255261938891 0.4186160479683999 
0.4001563439369716 0.08466360743855719 0.03143579097978017 
0.28256004413033176 0.12210989652024824 0.12407702617906032 
8.689338823154876E-4 0.3513199604186079 0.18427107873506152 
0.39014636604443476 0.1425580816982067 0.01412717631323494 
