0.01310686634742155 0.03258462026427801 0.29829885259532424 0.018213458067312522 8.412651559527312E-4 0.009361091181202994 0.005803956038309666 0.0047109137397570435 0.0366068073478061 0.02317684730841599 0.012695813787855366 0.013104207650180466 0.015598053660813415 0.012424771765699557 0.012382885095994594 
0.003945369046583562 0.22456051055299936 0.008784016587893236 0.005504590440639981 3.6998521261289304E-6 0.0022687118208787557 0.007732243392308207 0.007698956440720583 0.005372590911293733 2.1581562915727492E-4 0.005871454505123322 6.340402599114316E-4 1.206784716144847E-5 0.006582723002965739 0.2308889778254625 
3.766265731322577E-4 0.2459487597901307 0.00929937569569271 0.003965785505613897 0.0014014849862807172 4.3836356592476765E-4 1.4260175122362216E-5 0.24420996917721816 9.565455655498694E-4 6.905906313425518E-4 8.625666482672417E-4 6.0298545943188814E-5 0.0015187703944798368 0.003770296642291874 3.9282721589291135E-4 
0.23010241750761373 0.007262211433163693 0.0062918692220259075 0.010621972944951432 6.149896718261942E-5 0.0017041967224502947 0.2268908141502361 1.0956053147741611E-4 0.0032010386498358165 0.0025776237131991475 0.005222089115105314 0.00783420766164597 0.004404419133484961 0.0027255895570325673 9.941543008757324E-4 
0.00234118328745511 1.1018256469264008E-4 0.0022225975568078236 7.350513515899231E-5 0.0032581884390549916 4.2431005125832356E-5 7.333389257106028E-4 0.0035464584437037007 0.0023162487036207397 0.2409374976628987 0.006301815517402678 0.0076204479919464215 0.00449884926691421 0.005135172667245347 0.23088310719995236 
0.009523194734248943 0.017705161256255653 0.03299961446214025 0.004054541011856696 0.001582203190213194 0.02176092148910537 0.02915041955391321 0.17686393163640368 0.0014549891448119394 0.19885176007557365 0.004070671915542817 7.325577659770886E-4 0.008305205781205359 0.014200503771037295 4.217157933316094E-5 
0.0019247232436769824 2.7757363874843978E-5 0.0018546410420825301 0.0019389791982299014 2.1827868024144434E-4 5.0326465901297474E-5 0.0011134993812778166 6.150734850492344E-6 0.2444827128117975 0.002784595310044971 0.0013597995867642104 0.25241422626407317 7.837770990290553E-4 9.95858425622925E-4 7.105360354727174E-5 
0.0011563478880151983 0.0013297331704785486 2.993005951217932E-4 1.3915094727936218E-4 2.7715923897350946E-4 1.9111183725779836E-5 5.0290403782702215E-5 1.4553825028547365E-4 0.00161491057877737 0.25142973538935065 2.3889966827315173E-4 0.24759936561865803 0.005004544059587408 7.796133777819726E-4 1.1853936160263416E-4 
1.4854547263528111E-5 4.8088789693339106E-5 0.00564730164806354 0.2332675717959255 0.0016312024207505342 8.906721643045019E-4 8.127379568898758E-4 9.125945257121075E-4 0.0018008399497183053 0.24602783093101735 0.007838104123442222 0.001329178310447452 6.489677740294167E-4 0.008241505122654414 8.358790303813407E-5 
0.009699826304312634 0.02321796513839195 0.02165276989843098 0.020562234330893107 0.021392137068836956 0.01530902430034138 0.024300166329136993 0.01317572067653389 0.02608336100114541 0.00930963523047243 0.018628894609091024 0.029260392191416896 0.0322617838855757 0.020510504035600407 0.22469635717073694 
0.2407453031548714 0.010503488396010025 0.023314047824465944 0.15453736292994538 0.006451452639771068 0.004341353526735737 0.0064334249965192535 0.0010854743787924463 0.00959577689732686 0.009769643168769502 0.011568599822954443 0.007390140072451373 0.009559626175445545 0.003449436625347839 0.010888002228942264 
7.309717021111856E-9 5.084882532627462E-8 5.7246934487056784E-8 2.2855330418167783E-8 4.0816109283437465E-8 2.3553386745306533E-8 7.50272985269471E-8 7.862322827528325E-8 2.3647881982324196E-8 1.0771785347223832E-7 8.681278389614482E-8 5.069790719385192E-8 0.5201704904601856 1.0963590180880268E-6 2.3556702691458432E-7 
0.0013485401125411492 0.009204816760991717 0.01116124965612978 0.011863347396830617 0.017024957218160615 1.1716690368622714E-4 0.3031494900932492 0.03049287983201381 0.016750336904070417 0.019233089590387917 0.016470938463896117 0.015943265855837198 0.021916182962506702 0.017180600268928908 0.017199743015310427 
4.551548449126685E-6 2.1465865411517158E-7 2.912051742269715E-6 2.063251669943867E-4 1.779115943542945E-4 7.132353899540372E-6 3.8382432776121097E-4 2.356564000657442E-4 0.2507514270584868 0.25577697998140686 0.0026334534664121806 4.2607140723628417E-4 1.6042657415556776E-4 4.6943540836014314E-5 4.397448916946126E-5 
7.674811353378837E-4 0.005491259095700985 0.0022592564980396853 0.004364930001089156 0.0047850569326847794 0.009257308061032168 0.23988105853109845 0.00575055365546281 0.00604882107275633 0.004107994347821558 0.2311579343730599 0.0014304642659667645 8.615100054984864E-4 0.0036800539856546833 2.06662747951309E-4 
4.93521796163523E-4 0.001012402210223966 0.0013171482188335804 0.0015143756885333908 1.6556288198034887E-5 5.967297360228822E-4 0.0015746081830305006 7.92668092164275E-4 2.285920118004607E-4 0.24952851561136868 0.24697557969221817 4.2359637780267157E-4 3.172547886299344E-4 0.00353002695240224 8.233116518951629E-5 
0.002797214146876477 9.042002158877771E-4 0.0055646702614896406 0.0010292825698349553 0.007805531434750036 0.003159460134028658 0.2413940182065421 0.23025480006298013 0.004724044938450838 0.0010652928650967221 6.395297472239553E-5 0.004131340144444386 0.006899301687972611 8.539737282263413E-6 3.9878518669481534E-4 
0.0031278628396657028 0.02046819606064966 0.03307204003600888 0.029917757425784234 0.045057949966512516 0.18188022590223046 0.11710470280516987 0.0012224782739453481 0.019042107405756327 0.009624570080500935 0.010917199934022823 0.013902363234016855 0.014184650375038915 0.010877094112884273 3.245724642341274E-4 
0.0017410316734789682 0.0034916355987838713 0.005560308093401605 4.501205084706939E-5 0.0037372379802619407 0.004354772397506414 0.0039956179829222435 8.164115001261934E-5 0.002404038414322216 6.276963036150994E-4 0.23793795407477109 9.79519318079531E-4 0.23316272910240624 0.009568561686117093 0.0013593681528294977 
5.175782372601561E-4 0.0012312136481140155 3.069463848745826E-4 0.500118139403403 0.002986061836568825 8.774357611997413E-4 9.496096204182026E-4 0.0014816331767037174 0.001125184292672254 0.0014287614876571312 0.010693712310110997 5.187689134738602E-4 5.435418227630164E-5 0.0014270409840609628 1.9712725758715225E-4 
4.377660274893402E-4 6.325749836519955E-4 2.2705673754399097E-4 2.6964866270225665E-5 0.24053455529992637 1.9123919529147782E-4 9.855909094595388E-5 1.1000903455412094E-5 0.0012502055149951163 0.25745432713465716 0.008671067846999461 0.00135587891895075 0.00451684757056661 0.008480720551446257 8.598939193841653E-5 
1.3254697736474054E-5 2.469132831591087E-7 2.8053163689763195E-6 4.196633511525243E-4 2.1204190195919895E-5 4.1835236766340784E-4 1.7049066166837962E-4 2.9033002909594567E-5 0.2535402655012934 2.6514496244864927E-5 0.001356462313666497 2.1444116062175342E-4 0.0013744381299586777 0.2522781366922041 9.384860197014489E-7 
0.0039649914908190705 0.0013468996036426154 0.0787162094541426 0.015587279438760487 0.0014993538867259647 0.1624750521040929 0.002513006616186076 5.031245706474849E-4 0.002420973157938002 0.0013645038886498655 0.2162216759127566 4.48507647742967E-5 0.003450226915482732 0.01803992923338692 5.125079635907422E-4 
0.00735145868200538 3.7858729699444027E-4 0.00100906171715159 0.23519326098514112 0.01160015702792415 0.0015106200971320633 0.238961679050074 0.0035721434105733573 0.0011213254306861513 0.0025881196439338523 7.388720208635855E-4 0.0013352448728731427 7.941305534385424E-5 0.004115723777353624 6.925084624969452E-4 
5.072393071387031E-4 0.0011981831334955749 0.0013309461964760008 2.70139043347607E-4 4.9495736575195246E-5 4.845057170001934E-4 0.0012748188162921166 7.83199221891275E-6 9.817569765428592E-4 0.25285795617007734 0.0029774945783304684 0.0010479106465790821 3.107574304446783E-5 0.24650250342261956 2.3940166795108434E-4 
2.228138733429734E-4 0.24606041864912134 4.522790901376573E-5 0.0016858628547190466 0.0036271959495574753 0.0022954036402616906 8.031373024413957E-4 6.279666656383286E-4 0.24437815217739023 0.00640972455291362 0.0017324450018166228 3.560791844083821E-4 2.516485194371362E-4 0.0010321616026188099 3.596514838969221E-4 
0.2942781340408998 0.019426789371955768 0.01875886299868848 0.01941848430680433 0.020863593388651687 0.016210457254873592 0.0030836111323356923 0.017058945618767273 0.007797796775799758 0.02743692451210145 0.008865624741741733 0.018013173817766365 0.006270654684575098 0.006649971354953562 0.024638097309832973 
0.02020954441440355 0.031063027911174403 0.23380632222772005 0.16384204584241174 9.867194788562635E-4 0.004274721992793595 0.006650911269195175 0.012846942192225935 0.0011065219139877525 0.002027109621393211 4.483735810578273E-5 0.007367163415915921 0.009601719144863408 0.0035665393974314732 0.011851275451218536 
6.592368331068556E-4 9.635605085583393E-5 7.840119717486559E-4 4.194587093017202E-5 0.2565660039097538 0.23777119914916858 0.0013211695947956076 4.945941368808639E-5 0.0024946083423551357 9.445889773736927E-7 5.658718829179012E-4 0.008939083631151461 7.992105471857598E-4 2.1090912764568846E-4 1.1445687947016235E-4 
2.6035366372624412E-5 5.545038037171416E-5 8.121686217192405E-5 5.9796215572748164E-5 6.21421530292177E-5 1.1358961932729323E-7 8.445220440334655E-5 7.206029651990138E-6 9.840208225503723E-6 6.585476594953398E-6 2.6014196467931685E-7 0.5105907784205753 1.138412464004468E-5 2.0778612447927577E-4 2.7347749440022144E-5 
0.0019120938600565341 0.004631571394696883 0.2400220173157488 0.008938871831725762 0.0032988034541989006 0.0011479679339712792 6.152507821131038E-4 0.003178274797198948 0.0010702798399614866 0.002825511182566797 0.004117665502717819 0.23500630112717993 6.502077307146711E-4 0.002125805265456374 1.3507540523533101E-5 
0.0015238167443099642 0.23778548070678807 0.2457098076613704 0.0054665642529736274 0.0023572026281667895 6.67362043243265E-4 0.0011701590133113124 1.8406868744687102E-5 0.002627787142303578 0.0074723626072169804 0.0029589974926729997 1.2758377197552456E-4 6.192376458279575E-5 0.0011217958806250857 6.543548892302351E-4 
0.008017726117029946 0.019842177096267663 0.019395251041278434 0.006389208738038333 0.015728646238362322 0.013691552993261694 0.022761438394054676 0.166375833889448 0.001786532299778331 4.4905300881464263E-4 0.16923890747646234 0.02633845332482009 0.009816019496637206 0.005759968596420209 0.024593338770918377 
0.0016462068199144969 0.003031869372791977 5.710604847628325E-4 0.24794602814483688 0.0037387029632492412 0.001106979514349554 4.826026382723238E-4 0.0030850391580834265 9.425373152872539E-4 0.002899702178889519 0.005575582617306521 3.3878835233179424E-4 0.004315870497987327 0.005017199394643625 0.24027093100406233 
0.2058892024166788 0.00795213253854133 0.0034747162954795368 0.019512000116281035 0.008617062281129007 9.907713815399627E-5 0.0014210151235167902 0.0018701854986297392 0.0014080966001369874 0.24021832831779807 0.0036064928357701716 5.343824649115906E-5 3.969218104898389E-5 0.017960182447708188 2.546166300064614E-5 
0.008098633399387526 0.015202918462509 0.028073549637821535 9.521636305877227E-4 0.015500447435598723 0.016904366959487487 0.011516917907635047 0.17934395260168742 0.0014036316164018113 0.007825440798731709 0.007102486295370264 0.2145769584519964 0.011752415696025241 0.008173748241793222 3.690537499556451E-4 
0.0047967907946183715 3.2272342130116054E-4 1.1463398746649608E-4 1.7842085524282872E-4 0.49218295070689577 0.0012162581275030223 6.677278061906573E-4 0.0016111084111278496 0.004788810910749985 0.0010349581921103572 7.851467117315107E-4 2.4299032132883588E-4 2.630687386068649E-4 0.0011442919382549164 1.3554923051081122E-6 
0.004788632097525263 0.007646775658450041 4.6610634479188166E-4 8.348049667500975E-4 0.23122138601966766 4.111801973055536E-4 0.24326451920474407 0.00256786248204667 0.004691468460388538 0.00235179859487226 0.00107759870088043 6.352309832708575E-4 5.676297873969362E-4 0.007602574164910228 9.517939859998506E-4 
0.007918822584060865 0.019615746990252286 0.02887062947260166 0.011615609216388816 0.025060939596496842 0.01784150460689644 0.017457556213210813 0.0020623912579024167 0.016130017186035527 0.004391076429126457 0.010978010132414489 0.004581806252266427 0.316061764433299 0.019998331699707977 0.020768613184058274 
3.507087505671625E-4 8.81698351218498E-4 0.0012111852692834526 3.5592178942396216E-4 8.281495361374203E-4 9.413855042168592E-5 1.384968559640508E-5 1.8946701516141942E-4 6.589555120008803E-4 0.0010961150273966758 2.7700742818434986E-4 7.105997303866687E-4 8.497927343318062E-4 0.2615049720349011 0.2408343838397156 
0.23118173949758192 0.009866705403791767 0.0023805858292058335 0.0077798729177186 0.0024187846774738867 0.005894809482402486 0.006385005303323563 0.0015373991065604003 0.00342170047671964 0.011962371844454948 0.2198521856310518 0.001803617769397249 3.139548462913814E-4 0.005185376553125605 5.051495268030109E-6 
0.020242288754346017 0.02027988571072382 0.011259196282053064 0.021705242013715906 0.021840676746299352 0.03703057919254347 0.021023853592780126 0.24720360415863846 0.011136458077511235 0.01269748041578786 0.031027072159698 0.022537582075857137 0.017622888374274562 0.003639665789037477 0.010717779417941125 
0.028582309073045705 0.206567102508087 0.03298531466105056 0.024459336142923848 0.001981066137204257 0.15514115235886813 0.00468279363653823 0.011716761139668592 0.010439190595999629 0.0070505398581252625 0.006351320224352358 0.01701376019243884 0.008042946205393411 0.007716692746833821 9.791849534894332E-4 
0.0012623153264360917 0.23051503568405235 0.003647326860957551 0.0030334704584289475 0.0010176103029384967 1.0027653467553518E-4 0.004080613699398794 8.435876958719342E-4 0.0014033605666043916 0.2456037002565888 0.006482072880453525 0.001929434883978658 2.964105911399026E-4 0.007508090462078023 0.0037515567198076034 
3.12736939402901E-4 0.002755423439774323 0.25466904845418364 0.006991913588363059 0.0012747406572352394 0.001175012650786835 6.300494245837757E-4 0.001018471159999334 0.001251837929166193 7.572282212127717E-4 0.004677899833554167 2.315379910679415E-4 8.604306804873504E-5 0.24419237376975794 1.9975685503007343E-4 
1.3318053303994584E-4 4.35054686506491E-4 5.119234721796748E-4 5.934496930364576E-4 1.8879314926373228E-5 4.293780569480226E-4 6.870834038802169E-4 8.330074295242664E-4 2.7104268107746806E-5 0.5053358159312755 5.822457302776865E-5 8.604055061044641E-5 6.067974394782157E-4 1.5741685774560817E-4 9.341355410444831E-4 
0.004807470923675276 8.581397955486352E-4 1.733625437350273E-5 3.88938784878696E-5 0.2461167181567612 0.0022972009820270917 8.037661731949791E-4 1.057531634606568E-5 0.24397821241442655 0.006399234647431015 0.001742317861308804 0.0018511166417410191 2.5198350419331265E-4 3.563782219991862E-4 3.596522651965283E-4 
0.022836248884504497 0.003416441475439624 0.018732749314927525 0.005558798619037806 0.014820050018488804 0.009477579222111307 0.04426490140590308 0.17332682583334136 0.01642525991317404 0.002080314115740612 0.009104417321033134 0.001977043207353055 1.6745337341759524E-4 0.0035965503770029137 0.18385027524791697 
0.0020210583062395347 1.726755144644519E-5 0.0020003681822450873 6.371052615888145E-4 5.521707051321929E-4 9.231437178243325E-4 0.0013513515095784627 5.751977691968921E-6 0.2552292048106526 0.0014284388824766098 9.4188840263198E-4 4.073712663883275E-4 0.2573315710284003 0.0010230273581197094 6.819917409267202E-5 
0.0015001050364809713 0.0023030939341507697 0.00297372603740156 9.666121905439282E-4 2.7186040946438136E-4 3.91252511686519E-4 0.0015635826024050753 0.00239205120526355 0.0013662547679935504 0.0023303837828312834 2.516141204543765E-4 0.25058063853683044 0.0028863112969153256 1.9839088827020287E-4 0.23976653732281794 
2.8805826698810626E-4 2.487910521064009E-5 0.04087740964658954 0.028797267465892097 0.02676161696464875 0.015605095738182079 0.007610033893518198 0.16439918041727652 0.002026102720443054 0.002268919973818766 0.007253821288914991 2.616539054601773E-4 0.007354732948167718 0.2049515037628005 2.408477942524194E-4 
6.11442708388931E-4 0.002735164354450592 0.0028933413785525073 0.24983701588944782 0.004129600230457907 0.006677514233312288 0.0033716623418013274 0.0012883672634650912 0.001501019287528141 7.976285098406151E-4 0.2338678602662055 2.8773096245374456E-4 3.965497583102827E-4 2.261473643710284E-4 0.0012271502669236323 
1.7527502556954158E-5 2.7348895354667692E-5 0.0036993455231127534 0.26147308121523755 0.0014620674986165244 0.24383873013992463 9.606148701525525E-4 0.0019451417481239441 0.0011247156947505124 0.001442653308086575 0.002861148358121352 4.3603547745844104E-4 3.278488994009435E-4 7.527208057655885E-4 4.6573150786484376E-5 
0.2299730753935863 0.008120335970335773 0.004655044687769852 0.004640787289166863 0.005509884686342976 1.278554718579847E-4 0.0026299735272799236 8.90471185521995E-6 0.002528866852220033 1.0851039199893386E-4 0.006373429997029871 1.9614163381770475E-4 3.2593801882568164E-5 0.24336983678799373 6.882066495234271E-4 
9.670351043998708E-4 0.24303626784474852 0.003268218604964399 0.003448278742315585 1.0160762266966731E-4 9.795325616175595E-4 0.005248109250693583 0.0025030990495995215 0.0025612883251635793 0.004144363005628926 9.231120523967826E-5 0.002902357105675841 0.2405013478544376 0.0013743333962654982 0.001053674329490674 
0.004974676249958445 0.013830807458629394 0.021002482848186878 0.021016499748783855 0.010241393818932857 0.10547193961327779 0.06433856030644086 0.21064724332889018 0.01991526171992916 0.011662144528951176 0.002304351161645169 0.013570728913828921 2.537442889016696E-5 0.01141247496071592 3.323489242155688E-4 
0.01399425593513655 0.23283577708643802 0.004052834422408558 0.009364071486961063 0.0038268082141933355 0.0015473263874183803 0.22384495477817304 0.001538469977108004 0.0031183701624348057 0.002341176692793592 0.0037987232622918783 0.005416596984434032 6.242182548514526E-4 0.004979077210204217 3.7236369624042786E-5 
0.2294971959908419 0.004237334094325242 8.610602742168172E-5 3.8462093356306427E-4 0.011247688955031093 3.374076312969969E-4 3.563609072235942E-5 0.23054207456043826 0.012334527598331242 1.5991961851892356E-4 0.004303456109251637 0.009168341355041494 4.641434785227047E-4 0.0029209526813022313 0.0043782718340669 
0.2460250263773645 0.002665117106535115 0.004051988280362579 0.013707545853315541 0.0035401766542924274 4.382564061900112E-4 6.376879526517992E-4 2.5566817234973005E-4 0.24131995061746764 0.006575118366116676 0.0011449693973725503 4.356456598983978E-4 2.1335424425929892E-4 3.2867293938856294E-4 6.29196014994323E-5 
0.2333454425701819 0.002572094100312309 0.2446029432262964 0.001212907498019273 0.00768517703025134 6.421260307620016E-4 0.00467123430357252 0.0022281678595351454 0.004893855554096735 0.004480826186960974 0.01017621844246829 1.383579655085932E-4 0.0023267224527376684 0.0014008164183291426 2.7812842403495102E-5 
9.315808299369891E-5 1.3938540274575955E-4 0.0012489435740269618 1.8334740762442281E-4 8.658963822306357E-4 3.296498135716511E-6 3.97318694881149E-4 1.1221302687978589E-5 4.6432541690281216E-4 2.0159574403168643E-5 1.0387822857662374E-4 0.25689436407640737 0.00392303317089606 0.24527779872972816 2.053175341619966E-4 
0.004880731235461504 0.0122695748237158 0.030691915559756942 0.0031416407213133014 0.020654888281449027 0.010548939462200887 0.005067323065666985 0.025217149790371315 0.005454699392611361 0.014460045008975683 0.028862670003530953 0.026032395465124526 0.027746774909692816 0.2851686965844759 0.020271277703568718 
9.535561703977355E-5 2.245797324468429E-4 0.0022946159006947144 0.25745341960750967 0.00280838229608777 1.0513818243816083E-4 9.455171791590064E-4 6.028284856754028E-5 7.753954319266339E-4 1.3801455280798266E-5 2.4169573228940672E-5 6.735313585097642E-4 8.936508387837035E-4 0.25964769773278357 2.104474505435236E-5 
0.02251719284804238 0.008276916894411469 0.026903988701434414 0.011496857403963955 0.035181910496232836 0.16636497971397565 7.190916881149068E-4 4.691328328380075E-4 0.01019637297161551 0.005845947096857503 0.002275299302260068 6.179225099211688E-4 0.20983224260017594 0.0017939661695559926 0.007433893977726641 
2.6036025647355735E-4 9.848067121625655E-6 2.513464846623661E-4 3.4319525227842265E-5 3.8932999400994987E-4 1.5571257335935366E-4 0.25012616981109914 9.136482798592485E-6 0.24578416184713406 1.6970726637822997E-4 0.008059684493434053 0.0014391148028783311 7.835826314466329E-4 0.0025962576972929853 4.912105999781811E-4 
0.0020096575538216532 9.540089029155986E-5 8.997579225917396E-5 3.122633930170866E-4 3.183461654531689E-5 1.1338011672456213E-5 2.6209965583379803E-5 1.9529527318855755E-5 3.32113618359029E-4 9.193522723502268E-4 9.486058616956052E-5 2.2970154067976253E-4 0.2550253350778044 2.3680746056764328E-4 0.2501510262504045 
0.0010038808611446486 0.24961006920585593 1.7828083991850244E-6 0.003464989575474043 9.277487631102921E-4 8.49362349625469E-4 0.0021526886957837464 6.563440052371064E-5 7.52215451962277E-4 7.216162900461016E-4 0.006404379475796924 1.0261567311737878E-4 3.516082901848357E-6 0.24573165686395132 3.5847932531221286E-4 
0.008022802436287028 0.019560257810287824 0.016251939300483922 0.02392118793385134 0.005050588193219056 0.01805254678685242 0.021924136764550222 0.03346504392582217 0.021722245872639257 0.2976463476107524 0.014423945707122863 0.014282094558088142 0.004493958701470353 0.005385599877048533 0.01655230436230195 
7.896025976271038E-4 0.47108536641096316 0.0066191420002464545 0.005718235522561322 0.0024004668259683093 6.589258764702939E-4 2.8444295931230265E-4 1.2492126294041307E-5 0.0025899126773233612 0.007364662964681083 0.004933644444143305 0.006046506529897303 2.1570483350553832E-4 3.5480901487458706E-4 6.671787686272769E-4 
0.030462847010300043 0.20598517757558704 0.03315976585069671 0.16509764340631372 0.0032528595213487366 0.011345469438319133 0.009576682252343982 0.0011160059738459013 0.004857281701981358 0.009958715402571552 0.009627279708305913 0.002640908050933615 0.009253546412143182 0.0034566690719281205 0.010551641834127547 
0.002176476149537807 0.005884984447231809 0.00854555817686464 0.003911032317094539 0.007933173905567664 0.003474373137523421 0.0027489840087684832 4.1378013474827085E-4 0.0015368208131409605 3.205443174873099E-4 9.190294179934618E-4 0.2307593938308074 0.23237817850381906 0.008431071124373109 3.8228333335035944E-4 
0.006617335459324516 0.01774849237765768 0.21149579381944222 0.006536131148429889 5.661910367248379E-4 0.0022168020395004905 0.2089363820167526 0.0034156405020527286 0.00431385954484708 0.021391497565247945 0.0052090468550834235 0.01336886502448583 0.006657075991271915 4.8234973383502635E-4 7.0348665979302E-4 
0.016106070806575817 0.022943870167463607 0.029508195173499785 0.014712172593244375 0.003056567663001181 0.016540291760411347 0.02801354342203482 0.007574403189875263 0.01631289425685892 0.004921628715105151 0.021073815170605296 0.28003023096963064 0.022295498418062155 0.01766259736742337 0.010889263319679272 
5.502696959811166E-4 0.0024903307826929766 0.25064916730860193 0.004175062910401574 7.223830248367798E-4 0.0011422512588303362 6.124825531658948E-4 0.008067418678092495 0.0013464519197215988 7.56321450993065E-4 0.0047815593237963494 2.31352548981139E-4 0.009142243426011054 8.653325655559038E-5 0.23468038167361258 
1.2007170260968327E-5 1.7208983302228763E-5 3.680819717673653E-6 6.693611034436204E-6 2.7009638090216025E-7 3.3264108623078256E-6 3.401804095138038E-7 4.890047060273291E-7 2.502829244552829E-7 1.3359721993227369E-5 0.5089789694385218 6.4818226666831695E-6 4.0671825801598535E-6 5.3427063639064215E-5 4.449782543071419E-6 
0.012755776722105665 0.23210589616746197 0.007930259205567393 0.015672729378259625 0.2158323712300608 0.0028356821422187866 0.0011593071261262991 0.001840890910767006 0.002470178070962699 0.00630135975767912 7.242038046196544E-4 4.164792070534973E-4 0.00833170569408256 0.0010255151963139656 3.6484426289700193E-4 
3.2663616813579093E-4 0.004214373288592468 0.00466892052892844 0.00179939174342189 0.24105676227252382 0.005895892583198271 0.0033592766934703536 2.165445861866873E-4 0.0023564263505382443 0.005947459314226295 0.235440412993167 0.0055473618869941585 3.186919106855042E-4 4.7931714601660044E-4 1.825054478099971E-5 
0.024764387776064156 0.0036539731234006456 0.021107061313617153 0.005741262343414167 0.013933858184813989 7.189327434542185E-5 0.01500501367868724 0.008492110100208984 0.01705393763044392 0.03138941361323722 0.2814304937963873 0.015508400918125201 0.021463087951826967 0.039538491828409295 0.010536784395529547 
0.027573550246431922 0.0102242550645061 0.03541063369655529 0.017533277853787305 0.03351538532882691 0.2803085344170076 0.035073348785671296 6.783937647126081E-5 0.011459738215421513 0.007710150328577112 0.010685390895813052 0.023394446253911877 0.008448639785025717 0.008713551899246922 3.8279761995083854E-4 
2.1971295220653516E-4 0.0020566789227965654 0.001568493720207539 7.993682060536759E-6 0.2483034288363637 0.0011062306594216945 0.0015660480994854494 1.7350113328698226E-4 0.01079790935348433 0.004605762718587577 0.0062519241751393334 0.23340824116497155 1.7650067279801745E-4 4.455128354165677E-5 4.9881629720090055E-6 
0.014570620409834596 0.022397910076258458 0.011791359526935349 0.024130968282988392 0.29096700098221434 0.024187760086485106 0.004288188276397168 0.02355165361867839 0.003898923235173464 0.009184722465622384 0.012564752346773215 0.012610140947883762 0.011581320673565508 0.014935052117974338 0.029541694160958462 
2.0124736528400565E-4 9.107761382516977E-4 0.25958002973136374 0.007072072820381336 0.0012893550014794984 0.0011884836570440623 6.372726657422832E-4 0.2419265112308095 0.0025724448233813706 0.001444979336374433 0.002444563506280974 4.363845408308574E-4 1.6216718720301747E-4 1.580291227101452E-4 1.9975685503007343E-4 
3.228621286395744E-5 7.820531359238741E-5 0.004052835535418549 0.24981843066323847 0.003279142720752247 0.001141126092113018 0.0044389007652791915 0.00320601631225666 0.0010796217585150442 5.092122679562444E-4 0.004117590658276722 0.23500202955260674 6.501959122621595E-4 0.0021257666259148983 1.3507295004726285E-5 
0.008850363165814487 0.010078437269056106 0.02096036601349461 0.003780655568784806 0.001594008790094882 0.02342109643443264 0.021904573402955603 0.0050735956827034565 0.002992072863701371 0.20037693578600188 0.003947471329221464 0.010379129380098584 0.20720101753925246 0.003388632861071482 1.3689046623945888E-5 
6.75622980112427E-11 9.795229623772075E-9 9.232862677321805E-9 2.7950344891700847E-9 8.681908864285641E-11 4.392016840761658E-9 8.420538925251189E-9 1.5440300456815116E-9 6.803747058204348E-9 1.3777269932296655E-8 1.7261611203034986E-9 7.047489352145196E-9 8.371855827986871E-9 0.5097247895649522 4.338219927309294E-8 
0.0010532740312571558 0.004766754850953726 0.47976884936698405 0.013173090108163909 0.002401670634237813 0.0022137784358217923 0.001187042393723578 0.00191884699284141 0.0025407288515649808 0.001427164017852857 0.008816536592991649 4.363845408308574E-4 1.6216718720301747E-4 1.580291227101452E-4 1.9975685503007343E-4 
0.0023298997022534085 1.1834671018605215E-4 2.9634504762087463E-4 5.218117849741025E-4 0.0017679026338950298 5.264293047004237E-5 0.2529604380670707 9.948843071646706E-4 0.0014165569407880317 6.475278459119904E-6 0.0034536351163491955 3.1915163352310707E-4 9.01377670084484E-4 0.24386171019185696 1.824558880000403E-5 
0.2404095928040269 0.004509045795159529 0.003953377018330691 0.004076164401670383 7.099831668229938E-4 0.003193155645712232 5.552447459731912E-4 0.002364723992119521 0.0013039549341873813 5.931309986638892E-4 0.0065542103873046514 0.002239394445615325 0.004633977155606005 0.005153245502779451 0.22924071530144116 
0.001633215955207438 0.00194109879785115 0.0020982784852525017 0.0030494715170175505 0.23834969239246162 7.576680225964368E-4 0.0027514417636500554 9.818273384725476E-5 0.002346426968995211 0.005408639266137537 0.006457277661904349 1.2053202368603629E-4 0.005615759433118706 0.01114702366529768 0.2285328985036502 
0.0027208126401848543 0.006417004861518892 0.005893898566590202 0.0016731543601903017 0.24002293451709458 0.0030163665393494504 0.002565794910204943 0.0011818783010210394 0.004481963845550845 0.004705990825432768 0.001906644327453458 0.0016831102598912245 0.242271316874538 0.0014815418482167692 6.381566043055195E-5 
0.04240173758782706 7.611569128339678E-4 0.04295383816009358 0.005910893401707694 6.453262060083499E-5 0.13777843536850456 0.01561135549898686 0.0035068236252492053 9.959126100359502E-4 2.6825416352056547E-4 0.0062501746926400745 0.21712089742741775 0.007531808500428139 0.015080524637918761 0.012985766679887394 
0.002299744354149056 0.003534166956971198 0.001597448476811089 0.25523184423030054 0.0023968749055191937 0.003440646783969958 1.2640305322475325E-4 0.23425080119225578 0.0028787719156535907 6.925827150066448E-4 0.001029509849830793 0.0020140123582972303 6.486363553753234E-4 0.0010489366699973973 0.001126837856755724 
2.0765612318737368E-4 0.002681178063911921 0.0023329968472667827 0.0010380745932472327 0.004283044937839717 0.003446003473553583 0.0012026004674121108 5.226262071071308E-4 0.002828218116757397 0.004050931304985033 0.24058345893163158 0.005503792128873568 0.007647009283856942 0.003094325442650749 0.22997383911980424 
0.007556380450552648 0.018895362646974858 0.02714101218425637 0.3088667427470363 0.017015368918531417 0.004886018601830529 0.032121546621938196 0.0101138605827748 0.012690997222138163 0.009392871686420647 0.013120457354013402 0.014216904250621285 0.012300566507136233 0.007830912860470312 0.013306445952785715 
9.703185829965938E-4 0.00143156778939172 0.0014100119456158502 9.243150354284788E-5 8.26397051918535E-6 0.0015219354221890362 0.24131555001505473 0.001303207658835092 0.0023216881648362164 0.005324725532578165 0.0045154865685983646 6.900633054607569E-4 0.005544219944942263 0.004118574314355626 0.2395990730546798 
0.011169571302731851 0.027047142851809036 0.03550962093651027 0.014901200129054045 0.0032596456231774565 0.0066784164731843974 0.026448928760122736 0.03635936870808716 0.2629342186136669 0.007698538745218057 0.01966580311131934 0.02716022424672408 0.022524452088225778 0.004292496515764941 0.018656735046253155 
1.8919245148556595E-10 8.345502472852925E-10 1.2876967761519593E-10 7.972212572242584E-11 3.011326132775456E-11 2.0350558187829914E-10 6.904022148146572E-13 1.269871441051725E-10 3.276306524950966E-11 1.9864422472183408E-10 3.1757805900431504E-10 1.7619220873500369E-10 5.3784088833018584E-11 2.1326016542180574E-12 0.5104179557555903 
6.173757477294036E-6 1.4366912260564105E-5 2.968806260414216E-6 4.58402740835751E-6 8.093963679001825E-6 6.932033815237973E-6 3.281375207005283E-6 1.3080290570179578E-6 1.3100088876197635E-6 8.443031358043922E-6 4.738285391995623E-6 1.0446554401219076E-6 0.2639597605302157 0.2597724167699418 4.956913928307877E-5 
0.002011616454289183 0.004981750790906006 0.2533362542257935 0.007446394950350165 0.23518837035465157 0.0010642124571056141 8.690251325992678E-4 1.706527357695241E-4 0.0061399505625738225 3.670111105731712E-5 0.005426572836169189 7.885849002113431E-4 0.0012755776575792892 0.002546052224302652 4.2161264316742055E-5 
0.24322296537215185 0.002221155410524057 0.0013269850217708227 0.006514286134690448 0.0046018330549618975 0.0031757973438000346 0.004472944337622093 0.0010450539224422873 0.0030952023145260073 0.001090217678700889 6.589615995384338E-4 0.002990914651566614 0.24287975429555145 0.0027749600626978846 8.969172375593618E-5 
1.65745123170089E-4 3.301834349480802E-4 5.221231571783975E-4 1.087505820445539E-4 0.001582724842127524 5.152917977653445E-4 5.838505589053737E-4 3.9323745706688527E-4 5.962454615703338E-4 3.650520093057829E-5 0.25239061532056695 3.05696260556547E-6 4.4451155537096864E-4 0.2511013937539178 2.633228511753181E-4 
2.315927947346537E-5 5.571907981993899E-5 1.1122431843529959E-4 2.0451773120453278E-5 1.1115242029747798E-4 8.537692194186897E-6 0.5135438929645622 1.4918313966479507E-5 0.001107730889542794 0.0011521627746863474 0.0011019388666737024 0.0017750445010910403 7.77290242124113E-5 0.0014847556392530326 1.2215502239476525E-4 
6.27940408370209E-5 1.7482161154198805E-4 1.2224649280085078E-4 2.7866767627037273E-5 1.0010039329118025E-5 3.539052912969578E-5 1.1091388454875801E-4 5.473262957474835E-5 4.356186522805484E-5 3.36122816165989E-5 0.2534103790374323 0.26625535295652436 9.764275672004326E-5 1.7289076563169057E-5 4.672877867223195E-5 
9.2004923684462E-4 0.011640332486007463 0.014351700236965866 0.2324984115952485 0.22291338964192298 0.004560364916324462 0.002011173558463675 0.0015321566031104088 0.006057728649544496 6.240876161039448E-4 0.004646968715465823 0.0018593954930763456 0.003936946130747297 0.0016258104796425513 3.17387624822754E-4 
6.717568310194309E-4 0.001313785153828853 6.774361531959906E-4 3.6130824290480425E-4 3.1692977377276043E-6 7.332421735578866E-4 0.2577127279122467 0.0016114123528580971 0.001440800024550979 0.001437867276613079 0.0021465452038749422 0.25448051097514607 2.1449347305973955E-4 0.0010478570348909266 2.5213431872022734E-4 
0.2464765242837125 6.580528739928682E-4 0.0017156565169788758 0.003761525089323128 0.0015207415083991344 8.913918536163199E-4 0.0012856582939090727 8.038083724739583E-4 0.00269634029035016 0.0028543597801743304 0.002456702709689852 0.2425544087732412 4.706405175049599E-4 0.0024552534588630393 1.2462659075634352E-6 
2.720852370427568E-4 0.0025694229607650613 0.0027966693946530298 4.8186485509484967E-4 0.004645528825667689 6.6325736294639316E-6 0.0016050172989042833 6.699888239855572E-4 0.24790683434188468 0.0013825312095734658 0.0011222850106280364 1.7810162348354643E-4 0.004531202226166763 6.883926516879808E-5 0.24166438734206108 
1.7980429499992807E-4 2.763169727816889E-4 0.007889604380267522 4.453865575767566E-5 0.24688911433348035 0.005579338686242519 0.00430205660096897 0.23122803725400515 0.00275175695252996 0.0065410769010675026 5.255606543727389E-4 2.1015844631448337E-5 6.444802050681876E-4 0.0010422155874878405 0.0016337716790748792 
0.48330082661606644 0.006372344059259285 0.006873162959099418 0.0059278855947803 0.0014269129491317532 2.9839842370121676E-4 0.0014107544800259645 0.0022678768037802666 0.0025402334612452055 0.002500703001383575 0.0036858338183095776 6.756304191765512E-4 0.001617016799328085 0.0010527669947293903 2.4907773275749596E-5 
1.6806629821224713E-4 0.0023612698542993457 0.22968882792272194 0.014056936396926782 0.002343869395657603 0.0010701372083786994 0.003279701756154896 0.0012481899337059017 0.0018854085882299948 0.2571496690220784 0.004133054756642792 9.308717007268286E-4 3.2844729972097536E-4 0.005142252239754245 8.597263977070135E-5 
0.0012417112460048258 0.23986513698049333 0.0016738108451091378 0.009704869334453062 0.00151998159228957 8.909464241822208E-4 0.0012850158491256956 9.632948172783461E-4 0.0026966696682392895 0.0028547084613117133 0.002457002814077874 0.2425840385864538 4.70698009721632E-4 0.0024555533862143657 1.6868981092046188E-5 
9.683744933341503E-4 4.109709590620704E-5 0.006408460591074984 0.00374468480842589 0.2485018171218832 1.433407712266282E-4 8.489120042683817E-4 5.5503785113825664E-5 6.206502028056318E-4 0.0034541699124604696 4.590725003565926E-5 9.071625474347785E-4 5.038745220576343E-4 0.24331997392807542 2.7625083976280516E-4 
0.2438333504255288 0.0015154034960185453 0.007946034148179407 0.015703905711858167 0.21626170691527755 0.002841322906524196 0.0011616132302409666 0.0018445528274483596 0.0024750917712971767 0.0063138944789257155 7.256443973116633E-4 4.1730767122094255E-4 0.008348279197643712 3.0119636661188684E-4 6.744231541460068E-5 
0.23684799245580684 0.004153815463481682 0.0038445575431296512 0.011429226759289712 0.013720577201715317 0.20958498950940643 0.003876278840248162 5.416841397482615E-4 0.002597945296560916 0.008766012843023384 0.0026649089665166394 0.004174075949088879 0.002337733728163158 4.842449043991381E-4 0.004847820224572271 
0.002571401386877357 0.003849612228726922 2.043631536630165E-5 0.24558102096954426 4.265528700139269E-5 8.828819810369835E-4 0.0014668084661121912 0.0030913517665092437 0.0025136694924157614 0.0016402999134142349 0.006528009658700512 7.06879291579733E-4 0.23798395128995398 0.0013665826231234975 0.0011037225411170157 
0.002647308873522086 3.513641299995604E-4 0.24807796379343244 0.011574442932906702 5.950306398341609E-5 0.0021578678384081415 6.243701927544488E-4 8.512592017526256E-4 0.0021109659873678427 6.318142075594436E-4 9.001358924827E-4 2.2475932598499564E-4 0.23948208943022584 1.8349401442955423E-4 4.334116340465369E-5 
5.575014946060337E-4 0.0024924186492033687 0.2514174255267217 0.006932853191417034 0.0014410248892833123 0.2403293140948404 0.0011865545394318434 0.0019180583792707492 0.0025396846550974207 0.0014265774776460374 0.008812913145979252 4.3620519418560147E-4 3.219251644702906E-4 2.1492949238699656E-4 1.9975803383518907E-4 
9.126522418711247E-4 0.0024278814975451286 0.0033011361529685277 6.337127289097675E-4 0.0028120351659841536 9.43018878413873E-4 0.0087697037025398 0.006004172470757655 0.23646527581875157 0.0012523956238774502 0.24360219258219434 0.0018851505942130045 3.6416491993944124E-4 6.664631547841267E-4 2.658179192962466E-4 
0.01826085886907897 0.27607227124905426 0.027036413157717824 0.018759177734391026 0.01867286383979251 0.00850389153706677 0.016357338478631557 0.021106171696229005 0.006423706650931302 0.02648227601863006 0.010291960312328163 0.025813236841912515 0.01257915925973321 0.012504505623235235 0.012298014003501626 
9.921910115207593E-4 0.002614007948687122 0.24285522883373756 0.013366909976490232 0.003454412335012389 4.273692142403527E-4 0.001767474566260705 2.5039740008326634E-4 0.23634497664488005 0.006394020658925283 0.0011212646388996518 4.2662631390421153E-4 2.100871187506343E-4 3.2186901781116695E-4 6.446406906951226E-4 
2.7444469936944845E-6 1.8442644715271373E-7 3.1785719572972054E-6 3.1563752935891208E-6 1.7142015254995907E-7 4.213748972011163E-8 4.549291654600216E-4 1.0087444845787948E-7 0.5048876974514641 3.535248628544666E-6 0.002522753999040508 0.0014275394288382791 1.2970281693871523E-5 3.831666841419846E-4 1.9042732400889893E-4 
0.01525203976483154 0.027198780639307286 0.035029313872394226 0.007055588061429916 0.027491954240510985 0.03530333107264228 0.023304914433527373 0.15092187089826067 0.1732721329818918 0.005760425376884739 0.008546084512303693 0.005241451319075964 0.005680354412987975 4.622676288241057E-4 0.0012640424762116736 
4.095370236203772E-6 0.001029252705636902 1.6043474548126857E-5 1.3027894322649932E-4 9.427282979814174E-4 3.2159948270418E-5 0.24833881039320777 0.0024392609693100454 0.0010572798316838777 0.004015919207177207 0.006398433566654026 0.0028933737863786092 0.2534753186944395 0.00140404179691053 0.001076451174770687 
0.02471809581045558 0.0036132759039130082 0.025558262497534564 0.007795390876941259 0.015906488457004632 0.0198922536791959 0.015068438405747344 0.15236227407055974 0.006870800470106526 5.2391847704993185E-6 2.960192715259655E-4 0.003045465023680613 0.21585868704424138 0.008158265703122902 0.011943798476918954 
9.276671908214784E-4 0.0017241959904680494 9.047746187407509E-4 6.672166804375164E-4 4.4263838681957764E-6 0.0010240790222645823 0.24538293043503592 5.450870652205274E-5 0.0013729178434575527 0.24100614162636091 0.009055568788677476 0.006605332840023611 1.026288501656845E-4 6.38788398479641E-4 3.8415089539080615E-5 
0.012164024152135189 0.017519673725534094 0.021173407134267644 0.007577490788418792 0.02971084660928316 0.1317922632705191 0.0023402667595494287 0.0026957290585419677 0.0020010383244286117 0.2344804698479008 0.013946089733652267 0.01690141495536275 0.008261730646906206 0.008724465518925301 2.844650857129909E-4 
1.517300348760461E-5 2.310300697847802E-5 0.007743318699070427 0.24368501549149507 0.0073051413452206206 4.1661828085366866E-4 0.005977227565627867 1.6072765588046053E-4 0.23880130609115813 0.006465920882968574 8.180563014488196E-4 3.5887398395203227E-4 0.006405449242658184 0.004122756440516086 1.3803884403932646E-5 
0.15599576664655757 0.2324582399853949 0.00993323401343697 0.006138314550289061 0.0069130966813009094 0.005342059417997022 0.0011529185835028547 0.012364559293899142 0.011331739468134604 0.013702066317578827 0.008549518933547223 0.0076265100525892415 0.016030827939057538 0.009166455859770101 0.01306309389367795 
0.036186519111215634 0.001131318909164247 0.03859537032657559 0.004949249835651471 5.6703259206178395E-5 0.11995460448804178 0.013349221202192429 0.0031359867835264363 0.19413817834669525 4.4157034669626356E-4 0.010288346580423926 0.0071476950769977015 0.021699564944223763 0.04596379452028529 0.013139399354690055 
6.586801234330356E-4 0.01563999655225354 0.24152792747696783 0.0046058633681905665 0.003949983830111107 0.0050831561631694 0.0025880929536717043 0.0032703094370883064 0.0025183011358892574 0.001419359682467104 0.2249142210724659 4.665385549867616E-5 5.225139471373258E-4 0.002034283359487873 5.131446457424094E-4 
0.01003969083842187 0.23838692638881934 0.009427673763296639 0.004606357971114914 0.0039504080010856505 7.991809836942645E-4 0.00254482699640758 0.0032190134016767307 0.007185163198926431 0.0047689496617808235 0.2278763255533865 1.0772575274974997E-6 0.00450180798522118 0.002094661980864197 0.001320156921256056 
0.03718731275078227 0.001162607267271676 0.039662784437914746 0.001196346070974629 5.5543838567977474E-5 0.11750187344510535 0.013076267534583057 0.00307186475864026 0.19016860386739684 4.325414869738334E-4 0.010077979107278614 0.0070015450090147435 0.03056542409609233 0.04597259492863391 0.013141915075617443 
5.262231537998665E-4 7.603961523038873E-4 7.67570791409099E-6 1.951138283092106E-5 0.23861730454149255 8.285925988654007E-4 9.803363815311945E-5 1.094225381296036E-5 0.0025355463774651902 0.25744830162376425 0.008670864907649607 0.001355847185698151 0.004516741857392001 0.008480522067021346 8.598737942604756E-5 
0.008101356132626886 0.015208029632430125 0.028082987870542565 9.524837447895223E-4 0.0155056586337573 0.01691005015065582 0.011520789856599238 0.17940424743378391 0.0014041035126180403 0.007825463191118931 0.007104809080390381 0.21464713333499189 0.011756259186036157 0.008176421370495578 1.968917541523837E-4 
5.417822901191106E-4 0.002423552668917929 0.0025637089079022205 0.22137359521672573 0.003659123315132815 0.005915852351441885 0.002987524291196077 0.00114256528153914 0.002497634858417108 0.03065305244688383 0.23379581103072042 2.8764231925220937E-4 3.964275905746839E-4 2.2607769364033734E-4 0.0012267722105354798 
1.0111832798038167E-5 3.273514784479355E-5 0.00384424843196069 0.15879061417079712 0.0011103970956343305 0.06532612608166466 7.710561962835604E-4 8.65791560218864E-4 0.006374755988224714 0.2380954986088816 0.007585391060666493 0.0012863234674244267 0.022110250361717026 0.003702484407612003 8.371831994934607E-5 
