1.3661143107117224E-5 1.2250408440448366E-5 0.002299109635872898 1.1013341059087623E-5 0.24104453346038637 0.00616853794099764 3.921728943079301E-4 0.011192822364530014 0.001219275432999274 4.257295781609898E-4 0.0011219455005760284 0.0029805825851467204 0.23444102874159845 0.004064253104527888 4.16170464079453E-4 
1.3725895115643627E-4 2.2836052749014574E-4 1.1191809854654433E-4 2.3424074801943686E-5 0.2538136236855695 0.0012065950445595876 4.948273010116305E-4 0.25134639399526515 9.544264858121074E-4 0.001084613490977185 0.0021651779123318753 6.789687940916213E-4 0.0023040089661002135 2.665941133678459E-4 4.7737948948198646E-5 
0.0035681110289556496 0.0032307441586598945 0.006628950478466719 0.005653656545377431 0.240763544568793 0.00537591907497232 0.0015712572382438853 0.006477869992611024 0.004487873713821826 5.421484435165022E-4 0.0025845913326075073 0.23186328808672327 0.0017123303335780063 0.0016950377470938893 9.701423075531434E-5 
0.0020683798189635055 0.0013258292576339061 5.611895375787336E-4 3.4116536859175314E-4 0.003030511905855317 0.0015996549570911865 0.004826813087283374 0.0018973682991694498 0.24673427057233202 0.0031881916110488473 0.007834506953331958 0.23749662869746307 6.011143966948132E-4 8.438823363736945E-4 9.127542894305585E-4 
9.261847444589829E-5 5.853363409922807E-5 6.737019863626294E-5 2.1109122359536268E-5 1.4909169086674721E-5 0.2534835035220846 1.3102814943112754E-4 2.4461700532170665E-5 8.121461507953858E-4 3.9751373399163876E-5 0.002785961178843899 0.0011238317381502046 7.089181977255738E-4 3.5631227650540284E-4 0.248085090275859 
0.012152523304713378 0.012728534480171416 0.009699758511365121 0.004845533294940572 0.004024160594717255 0.013458445591678506 0.010199619082661801 0.012041667710265228 0.013221416711057423 0.2023176577223461 0.20485153013842505 0.0012577532960800972 0.0012638081373090328 0.0036327791064422734 6.613467426940169E-4 
9.160234637283367E-7 1.8437033060908245E-6 1.8004474085007557E-6 1.064005238324448E-6 1.7144355653187192E-6 8.752267543518315E-7 1.1427473022972566E-6 1.3502146317949123E-6 9.342639692312584E-7 1.6981668543334893E-6 7.014452696889702E-7 1.6081712164559658E-6 1.7527178404905357E-6 0.5054446056363243 1.569535349310208E-6 
0.005240172442918635 0.0036582933055768693 0.008728389397896748 7.12718027327992E-4 0.23461297345633197 4.942671196340031E-4 0.0012679035305208687 7.335279401317506E-4 0.006482463243765666 0.0010239534239591802 4.6218226694247664E-4 0.004977005363162409 5.531920071421347E-4 0.23671725469248794 3.8580358428082315E-4 
0.011291686069673923 0.007143426944985339 0.008714374704273423 8.422472731190984E-4 0.011320140229750284 0.008261605452039932 0.23247410627040338 2.6853187946252057E-4 6.150643073314481E-5 0.21709912715721139 6.800497052949095E-4 4.507956593236901E-5 0.0024923185429099885 0.0032736915278087047 6.249564251099417E-4 
0.011063166115039847 0.020208381453342552 0.012531330067255004 2.5277802202358447E-5 0.0027259948452517647 0.00247945330241686 4.4603457773684853E-4 0.04647832508685571 5.574614960193923E-4 0.41014686645413806 5.619990449530437E-5 8.948996380900975E-4 0.002018308833301671 0.001059731947733327 2.576885398845803E-4 
0.006569237874055804 0.007797239862854369 0.20068852138744103 0.003719008595398938 0.011854919185950183 0.019137334606510913 0.018931032886329892 0.0241485324706744 0.005827568088972186 0.18545588824754672 0.003112508818224741 0.004110771396475661 0.0016116884384833972 0.006893802100820694 0.012050203310393453 
1.30843574117003E-4 3.1298433621510966E-4 3.7533212279353037E-4 9.351986552985571E-5 1.45879233401784E-4 2.1761088437165528E-4 3.361673958731748E-4 0.25088151845588746 0.0011675383850075075 7.601341012526797E-4 0.0012200365407453969 0.2507102895098727 0.0018557562245429494 1.4748896117226996E-5 7.56783188616282E-5 
0.010084036362038837 0.01790740143059805 0.01359186398241885 0.00987443986042247 0.01627106680381243 0.00381784037188863 0.00654145408135376 0.00883511389139557 0.004068872972735849 0.20261094468740531 0.00904284518134699 0.005755857743831624 7.602243711719239E-4 6.624614745580043E-4 0.20228233212624516 
0.007228993641968632 0.23243997416096931 0.002213319354381429 0.008959499102872122 0.00347395003523073 2.6150581922193425E-4 7.768119681710006E-5 0.012016442801933794 0.009384574988407479 7.473938346800284E-4 0.22501850652838917 4.030334234599032E-4 0.003309430237483567 1.6407842698398992E-4 0.003785986953141959 
0.22720630800727493 0.22853006746144242 0.005252577483643956 0.01555433990937033 0.008382741664461348 0.004013788914049281 0.003891581627678137 0.0014907326772572156 0.006425149690342732 0.0015271462737050559 1.623815665936012E-5 0.0020666369959068437 0.0018015091767203536 0.0019711077592698555 5.761980136560324E-5 
0.00492243963706593 0.24698827918918423 5.156088243895389E-4 0.003917953813791222 0.0034807652967806706 2.7306319383496185E-4 1.0806371121681116E-4 0.24166707280039218 0.0029627377473985844 0.001228540831351242 0.0011479975432432431 4.35462195727766E-4 5.155783935212329E-4 1.6635097174626584E-4 0.004647666871412513 
6.380124247519876E-4 3.6618521827545E-4 0.2385790389253796 0.001440108999513684 0.006655196933533448 0.007365905060240113 4.0080896625431343E-4 0.011663689533864586 0.001284564519336684 1.0450145874127754E-4 0.0011445214514751855 0.0030454287103467226 0.23954157263444503 1.1417068362772158E-4 5.254961479563476E-4 
0.21599850608343255 0.017286331987681418 0.02380299400748235 0.0054731306167697 0.018964296915842574 0.02061969364663309 0.1799032380925831 0.005916049623916529 0.004466794468521495 0.004778288917813004 0.0013257399344046123 3.342973037512011E-4 7.126085787886795E-5 6.186646003167525E-4 0.006961443713027262 
0.04789324308276799 0.05719270932801215 0.13709160563140887 0.009188465542667558 0.018479047716504805 0.15509451210015066 0.01359021420330548 0.002328666127408546 0.01683252535779522 4.463069603322876E-5 0.021738066570278068 0.009841158003547902 0.012072901784019605 2.1763053467901145E-4 0.006108981548172227 
0.012707498780806322 0.012633529267892614 0.019180674587567205 0.18736097418699332 0.044591481026817016 0.15293033889775165 0.013181509148676728 0.0021924367630908963 0.012708882267979043 0.007309795191301741 0.005952079231534026 0.012978129512966409 0.005006457707927829 0.009914177257970896 0.006122856114269104 
0.006420369295228804 0.473887386564634 0.004348585702476789 0.007619899219772015 0.001971820059866166 4.8094745900524626E-4 0.004449666637945351 0.001852787281828065 4.479493576120119E-4 0.008327278889660719 0.0016552487789825044 5.548709171374608E-4 1.753749304296562E-4 0.0011649242033822682 3.7956893169772515E-4 
6.695342993337277E-4 0.0011513033589753345 1.1589028306719332E-4 3.996431930288679E-5 3.056496846558265E-4 2.637317577991347E-6 5.65187396003122E-4 6.856545921691909E-7 1.6455758978655827E-5 7.591592968384356E-5 2.5571207223149033E-4 0.2537419243348872 0.251593791980982 1.388458232704139E-4 6.599810526852782E-5 
1.173734655894561E-5 8.10199739714907E-6 1.4958026596987875E-5 4.013981809065374E-6 1.3152143231247404E-5 9.423623169595733E-8 1.373203481005896E-5 3.982096943410855E-7 1.418656935221586E-5 1.3072891103977016E-7 1.0037294829739136E-6 0.5079305893175499 8.705445888046221E-6 3.918026112968842E-6 3.4787650696983277E-6 
3.632504087964593E-4 4.5826450166361137E-4 5.473927565048709E-4 1.2860183746010217E-5 2.3466542178713905E-4 4.595960331036282E-4 5.359968946288837E-4 4.1102148391877205E-4 2.759369939272403E-4 8.566155030476E-6 0.24995669586776156 6.683720811622559E-4 0.2506582113467625 2.360730478699757E-4 1.2759201523100227E-5 
0.024214642721145856 0.19725662775875835 0.020759960921196752 0.0012785284302432223 0.0071623950160552615 0.008397989248814887 0.009510474120773741 0.00994312369777679 0.007355924714822284 5.956089554716311E-4 0.006558966246424623 0.009196497039831133 0.013995189862693776 0.192223084085644 4.932465029229038E-4 
0.008570148016199715 0.006162635800790454 0.020475512552473957 0.22113753557742863 0.005593905061154921 2.221124885073864E-4 0.0027832806400259202 7.331294607799417E-4 0.22614205621852607 3.7919293642931846E-4 0.00424739009308446 0.0041714874008579855 0.005782074182277856 5.72449418256729E-4 0.0020235614969651857 
1.8496866905767027E-9 3.022131367876874E-9 4.883212976781049E-10 4.711352896409084E-10 4.6273156218794383E-10 1.6808439427862958E-9 4.5218013737983107E-11 3.961007350504609E-10 9.035927417214445E-11 3.3036486839341995E-10 2.7182672397801708E-11 8.458622327242856E-11 1.111288593581037E-9 1.925143452187035E-10 0.5094221741550722 
0.00800555247670197 0.015938769268628167 0.006779920873930767 0.004155054902201857 0.021243281891633894 0.011330459790286691 0.011554354765846729 0.012070036936850922 0.015513821419416563 0.02008737035640273 0.022979204550345286 0.017826211447750758 0.3007876615075763 0.021169077550633 0.019277030862760842 
0.004273145661068877 0.003487640945423873 0.0034461461687315923 0.004336109212871341 0.0054102228926421045 0.005687157920991688 0.0020760637674714006 0.001024909253027855 0.0018733877228034668 0.0016857041973764174 0.2386515229374479 0.0011607794892445058 0.0013104544878702973 0.2400288885421863 2.9004653535942175E-4 
1.2071356724875529E-4 0.0012946431809883272 0.0026686596577413318 0.001745170506774661 9.707608309026698E-4 0.0016363054836936103 0.002651690880762603 0.0013057574482396935 1.8565540419023522E-4 0.0013695621628168585 3.2795148162675225E-4 0.2484202665806154 0.0015621721708012255 0.24494596886402434 2.5004145253277566E-5 
0.0021746633512293835 0.0017744878604339922 0.0017483978919675446 1.197776594822343E-4 5.714955987947743E-4 9.624173753906191E-4 0.24548136768634068 0.0031031351874486928 2.942773432623649E-4 0.005690810584360282 1.0198192914249435E-4 0.002205066212734741 1.6549841194804423E-4 0.002463456239476101 0.24216589723893922 
0.004061845601766302 0.0015690689910432397 0.0018401533724043352 5.57405059065718E-4 0.003629624218233812 4.4106349680669465E-5 5.292308480209359E-4 0.2494642993387128 0.001270728397090906 4.36979379526385E-4 9.441419783062144E-5 0.001474064457831539 0.0023106272590604914 2.9610563834730314E-4 0.24143782587166873 
0.019937549494700457 0.01573985832577487 0.02097574850483674 0.01399486896976416 0.015711594675941194 0.017763812442134017 0.02310327909045591 0.017237863170624774 0.02188781798180888 0.02932383586089941 0.03499989719764433 0.022787808327952356 0.022910383047188846 0.012588339934612426 0.22563518784189923 
0.0020475396818861514 0.0019474710956369791 0.002080664473127292 0.002740197830491027 8.924450283809232E-4 0.0021479408381908896 0.0016436695824109577 0.0025859762752168743 0.0038074713621745523 9.787593569176322E-4 0.2439878815235142 0.001337908014506119 0.001318931984156665 1.9987011069407977E-4 0.23938983063941677 
3.7907588921711067E-6 1.311767708991522E-5 1.7212899143730242E-6 3.952599191560728E-7 6.384630948021002E-6 5.568941003051744E-6 5.110914439432963E-6 1.5555719361914763E-6 2.4839176403805076E-6 3.039593141033317E-6 2.0551738367339536E-7 4.219729774711726E-6 0.5105741486829992 4.5411166473011104E-6 1.1530696224202591E-6 
0.0031835347927744043 0.002597792871791624 0.0034341373943397244 0.004242144355895349 0.0023921962089049798 0.0018776590132824397 0.003011165657680002 0.002966211518344234 6.551066408190418E-4 0.001223577903624795 0.2427072642861985 0.2360907617077213 4.026498627778984E-4 1.6474738917092254E-4 1.0807515011572092E-4 
0.00240609093955322 0.0013890925308024371 0.007419346515419507 0.4540340252085144 0.006972521211891505 8.968569002460608E-4 9.870667076924944E-4 0.00993186505674122 0.0046417014139990345 3.142305429127269E-4 0.003961058137053681 1.375753151402154E-4 0.011326715025981243 1.4882125000457782E-4 9.297306527943281E-4 
2.5522899659673396E-6 1.5727682151140682E-6 3.178986046918557E-5 2.9341079506508383E-6 4.141730688582286E-6 4.909389058651293E-6 3.5897648273721663E-6 0.25575611171634544 1.5735099670678284E-4 0.25151152273336264 0.0011607996538920235 5.184831437923304E-4 3.3386393857150784E-4 1.8748236262184408E-4 1.7502521263973672E-4 
5.842333248574812E-6 1.2303513920374095E-5 0.001610601399346022 0.009055166693355389 0.001477678096563834 0.23910573030311444 0.00524701581947388 0.004161512120262799 0.0070224041742054065 0.006938739710342299 0.22896310024896138 0.00232668647598462 8.896539697381173E-4 6.845664182159341E-4 1.0500099492083512E-4 
0.20751775928957944 0.022774638789722898 0.00206105648166623 0.00762505382124065 0.009376519341427924 0.008188492477954392 0.010209369956620397 0.003676015904747089 0.00969913402480379 0.009672884258936318 0.20091687849654608 0.002073617357543111 0.01708884291781902 0.0018215575680645452 0.004722418316522343 
0.02006659545710106 0.01808744966213829 0.019529936225551194 0.28308356748337 0.017189383995689776 0.01803432731880565 0.010622259887684225 0.010651932578387533 0.011632162659253627 0.01476143621179704 0.01931761591503381 0.015035552845593993 0.017965425722458114 0.021467133341889606 0.008284750390021738 
2.7341690711732533E-4 5.403841514505009E-4 6.971463786892207E-4 6.843846861685634E-4 8.271952034862379E-5 4.3723728848888327E-4 0.0025910528249686996 1.921755268293933E-4 0.24930962682842617 0.2529398163856417 0.003108053330162086 5.324477667875371E-4 1.1358094833829512E-4 2.0147528853486343E-4 6.0374737941930945E-5 
6.942502918536325E-5 4.915445242414836E-5 8.167970382791971E-5 9.173571139407947E-5 1.7250932863537796E-5 2.464329069141926E-5 4.1967979134735604E-5 0.5057707309706252 2.05355238481778E-4 2.1798824673784504E-4 0.0010090245047974838 4.6921697889564835E-4 5.366681017979476E-4 6.971520557027274E-5 5.9105363219921876E-5 
0.008014954303952096 0.009059479822852327 0.010250904549842756 0.004381889079912148 0.007294619429736422 0.2238245470387279 0.005745589850741572 0.0036856372746365234 2.1652740684453572E-5 0.20933527174052244 0.005079724743899125 0.003841859421320361 0.004193755250146818 0.006902856425188697 0.00615030743996758 
2.1589969266766894E-4 8.835428914008832E-5 0.1251358066165861 0.22451751826062527 0.016629217680705816 0.0109761942415186 0.016521140357950527 0.018200174761529613 0.012962934386162722 8.750725280343595E-4 0.020706019249033057 0.01835780159349217 0.011768067656976843 0.016678599030555775 0.011303477053236694 
0.011104387445502175 0.007656626431154066 0.009524976224134028 0.2314933476304745 0.006891996518315503 0.0024986350571054466 2.0103463831034592E-5 0.0020096877602720892 1.4448242665423598E-4 5.062919191534884E-5 0.002736994522329152 0.22941922148501623 0.0025302045058493215 0.0020740530333362207 1.1312477455129575E-4 
0.02896799140799113 0.01768191054412604 0.003409456996175568 0.2097044998152088 8.626707045852903E-4 0.011978236569182276 0.003656594615852506 0.013827441503405653 0.0011115732518550683 0.19449621264366285 0.006889578622919269 0.010139039450623248 0.002403314930172386 1.0396275890309556E-4 2.7544671136430724E-4 
0.003255525884184316 0.0030469870680966617 0.002705527187020735 0.0016213181913756988 5.246301990866757E-4 5.333243695635139E-4 0.001096804931371385 8.302616366228455E-4 0.002334814026685359 4.3339700430093214E-4 0.001424322633153003 0.00207384385510883 0.0038745352164764606 0.24149827558107592 0.24184084933124958 
0.0036583304081079975 0.2435307885667994 0.00564980109931746 0.1353279498444872 0.010270452148172814 5.957254056067244E-4 0.01669738914418939 0.008575899285269013 0.0032262118611038134 0.011141673742259597 0.02149945498185541 0.009927224491540156 0.005951592905679518 0.01667520135305129 0.011362536156898265 
0.0021824579882977102 0.0015420899296300194 0.001651439377526021 1.2419269178054294E-4 3.42205167301794E-4 0.4920488284950602 0.0015998462722206306 6.052414800058501E-4 0.0017371337460903805 0.001986180575058405 3.549330628977459E-4 8.44449574270059E-4 0.003315502593815459 6.966776481039384E-4 6.295862916452062E-4 
0.01682401154939572 0.012080489101971115 0.018493663601403497 0.022540235624339582 0.01323243474988853 0.011481624999896118 0.012465648925428029 0.012624844153329241 0.022788741092134548 0.013779077744274155 0.27730440868075645 0.023180844515042917 0.016348692558719218 0.01446146664280667 0.016543919735596647 
0.01138533375116473 0.2282501340460864 0.00209633279163282 5.835784383904668E-4 0.006707711309026241 0.0017581763181506456 3.275950497171941E-4 0.0027303383045079355 0.007695467902522914 0.0012311753421221138 3.922950024727736E-4 0.21405816628901497 0.0019183409939737088 0.009736039191168345 0.0170277328699964 
7.156017959427749E-4 0.006069561819953033 6.357018091601987E-4 3.4686219516163677E-4 0.006380632093089393 0.231768760285313 0.0033550802284265943 0.008926564349022906 0.005844682078060307 0.004246092692179176 0.0048618781712311656 0.010974879109606423 0.003021842618399951 0.21620601772613468 0.0017410433114304017 
0.0033377440865921142 0.24635885406033028 0.0019274994714801978 0.0036236227962625138 9.846149951994567E-4 2.493369228812313E-4 0.0023804029113617562 9.608109978227343E-4 9.574315195880721E-4 0.004330368076526989 8.607657514768497E-4 2.867716448931065E-4 8.709933873719785E-5 6.057728363540526E-4 0.24684505548081517 
0.02312212199729302 0.2575606878982536 0.028614194671630355 0.01718473091081968 0.020784839978526117 0.01818906089332222 0.02436287316400885 0.015605141825231442 0.007641067249169661 0.018770930217316455 0.010668423496936709 0.009976804061113063 0.020109559329411494 0.01729274896066731 0.015850008205158913 
2.3616750778136163E-4 2.5330072610875003E-4 4.3610559841754815E-4 8.878423745901389E-5 0.4977680544278409 0.001982692989475975 0.0013090000244359128 0.0025423459661967113 0.0012828239238963628 5.171764937645229E-4 3.2276082264955585E-4 0.0027919845689657356 3.713673105354017E-4 7.82126913168029E-5 2.3794157219906849E-4 
0.0040830682328432625 0.21595985940688217 0.024960403823166263 0.004876924517158408 0.0052907809982791956 5.274765596327127E-4 0.20981096537749452 0.0016939170379805587 0.013151801603330975 0.0027394149799845366 0.009256387853662038 0.004380196726348785 0.005667687143980678 0.007349705945444112 1.564375011804657E-4 
0.005228307141037862 0.004306175403122335 0.004589871775240739 0.006536107026957486 0.23921134450567513 0.0031055398274309385 0.012042609548284676 0.0015560203483418065 0.008319549443328493 0.005727580459464842 0.2240979941317836 0.0012499722649756812 7.384092785465571E-4 1.5446105368010094E-4 1.8788092673594395E-4 
1.9687045092666616E-4 2.4570202854049054E-4 2.1346988252768465E-4 2.564983296922129E-4 0.011673875015989155 2.4593748990587135E-5 6.308835836986207E-5 0.2426683268348391 0.006479777854567279 0.0010235292467041847 4.6469301731120316E-4 0.00500823968714076 5.530370416846753E-4 0.2366509431818581 3.8053152329554587E-4 
6.79063615893416E-4 4.667380243704423E-4 4.251906717505012E-4 6.105399173112293E-4 4.869813797307297E-4 7.952505304421909E-6 0.24814903161150997 0.003131174794326122 0.0012852496038431274 0.0044178329612033765 0.0026290674660572064 0.0011161131191600648 0.001417365704730829 0.24026957372414307 1.3810894797123776E-4 
0.26893393989441805 0.021787581922445162 0.0328677322066693 0.006293970789974793 0.01758218221536501 0.01994018581389752 0.024681581247376783 0.009857711234898417 0.011075180761466526 0.010771556698556851 0.013242440982443184 0.019129514380484717 0.013825797543105443 0.017202055325107445 0.021460170085141294 
0.4604973369963094 0.021495488231094 9.865390211962555E-4 0.007496408396667752 1.7904899319151992E-4 5.156537998827084E-4 6.521433706277722E-4 0.007347475408897346 2.625535573569873E-4 6.220663395224392E-4 0.0011343644039056575 3.2566086945115855E-4 0.0017518221404979764 0.0019307791514939126 0.006341023554947086 
0.019522577018058283 0.013800317178310694 0.004179887659593036 0.23350915992673255 0.21601758705117166 0.0017416568973570058 0.0036761647569500473 0.006052160813197863 5.419932457341687E-4 3.631463130605849E-4 0.004309670932005034 0.002359773227214605 6.387581907031162E-4 1.29092469419369E-4 0.0024938374414592733 
0.00466674655053769 0.24100487116414374 0.005588843691980992 0.003962194818531453 0.006989292058315594 2.444794182936783E-4 0.001526811097704732 0.0032273221677185534 0.22541756859989523 3.8036461516932103E-4 0.008597388359893493 0.0016504440538872675 0.0055181858648387675 3.556534548756491E-5 5.132740410559981E-6 
0.01645979487516588 0.0131749369514887 0.01333843591226562 0.019805924049486605 0.2866142791606178 0.026329140869616182 0.020710603379778512 0.010108558943974425 0.01890609120374148 0.020098572829724014 0.009907363545513682 0.021084662907727942 0.02314378988951178 8.981155511893324E-5 0.015168126818914142 
4.164043361628997E-4 2.9351270908265143E-4 7.474224966668342E-5 3.663140044703239E-4 1.0267137762621436E-4 5.2561062767879755E-5 7.292488684243314E-5 0.25255294398151024 0.25022144876765534 2.5007653785954706E-4 0.0015284279640860494 3.952665539026213E-4 5.121130306220486E-4 1.3882869060854409E-5 6.674478197329002E-5 
0.011983786922098432 0.011912561656907596 0.009691201029344407 0.014971796780160904 0.00506047359636727 0.003096933063904815 0.009846287378964279 0.007728457032923905 0.008835336420272434 0.2070204511540793 0.0036865972209123 0.20490485619443471 0.003939562538562264 0.001965275421916054 0.004178594990519478 
0.015678094053232526 0.015693003083095534 0.014077573426218952 0.0073728458168224355 0.016896343111192196 0.012210810556324963 0.2894457025621988 0.01638714455831585 0.02275566975221915 0.014761606756912399 0.010809881732990799 0.029606522782319674 0.004849374627473966 0.014530891206609744 0.025112363816084952 
0.19239980704575885 0.04454111424428513 0.018253405468639048 0.005587468017992905 0.005801551408522138 0.009015550373266333 9.039647522155326E-5 8.867676358036313E-4 0.21251476029903646 0.003902798748716976 0.005202736431482236 0.003822408839901826 0.00408848497327545 0.0015964678904245749 0.0011652327238859063 
0.011590866303348763 0.008449377617723781 0.012230420681559759 0.014768196479473744 0.01519361918039183 0.005638924680873789 0.011658061506968152 0.01028623014779859 0.014000582196474883 0.19889907412431398 0.0031745611649646346 0.0015874201750109417 0.010659041793320587 0.19442072112816555 6.862936115960333E-5 
0.008635874867269272 0.007784128218670128 0.008404917803329982 0.20279980021647118 0.011481430161063623 0.012757712298774544 4.942393174427687E-4 0.006952942300902399 0.0074743770365317775 0.00968029546117444 0.012573103589058332 0.002524846716069122 0.011392982191655637 0.19965100659782362 0.006122080828736603 
8.566126354463768E-5 1.080144640319084E-4 8.514171377747125E-5 4.020056017504397E-6 0.23636628043157207 4.94316015543891E-4 0.0075759865851981 0.002089779115539107 0.004758222530252304 0.007405978274750632 1.9747617504463726E-4 0.002118201657697296 7.041965837570977E-4 0.0038126718291778914 0.23850185765146537 
0.014702244390893038 0.22226184345543448 0.027385169870924517 0.0069094219420325915 0.20448699046073085 0.006625951125430991 9.902663097347054E-4 0.0014598351232102086 0.0018985387539793008 0.0024284694016154158 4.7504021101254623E-4 3.962726641331713E-4 0.005364877985346088 0.00976454012056691 1.8430618360512383E-4 
0.15296388312994097 0.03093936886551749 0.029758632160231155 0.02037728593796729 0.03808098708901358 0.09878156875727834 0.009972578492895819 0.013454215324708509 0.010987862620043275 0.022726985501751933 0.009836029724950627 0.01674873443324095 0.00920630453043101 0.022291232412070146 0.01945249996644399 
4.915541907783356E-4 3.163321600084334E-5 0.23486745212954668 3.2275743161928536E-4 0.015575102816702836 0.0032368539619362616 0.0037027726432407367 1.7581652385715365E-5 9.315137272172569E-4 0.003256863364311529 0.22765109467342723 0.00621715811108815 1.0672132116817106E-4 0.013935070545423254 1.1106061175038205E-4 
0.01768245398897315 0.018992758114512304 0.01657860424478407 0.021621715748331292 0.021280645254877086 0.016630458473599587 0.010886548979662024 0.009639626088436572 0.02608425400702167 0.014829905436501345 0.012798029286640877 0.012630742008640908 0.013124220840419285 0.27857603360048055 0.014800594569566887 
0.006784729783373165 0.00639342515093322 0.011743711964307598 0.0062627696927878545 0.009497764712871155 0.0068867853179264355 0.22594185350507245 0.0018301097333595505 0.007757511671050533 1.9035008861174716E-4 0.22477459068611302 4.8395530286768435E-5 6.626332198002594E-4 4.114323577694414E-4 6.434808997917315E-4 
0.005103372729959101 0.0027611202597266856 0.003515499241600425 0.0030061487140574552 0.001620879715734815 0.0013335034941224365 0.004246594119114894 1.6742217322982778E-4 0.23559304124709135 4.295844098601021E-4 0.2387140938481769 0.003716846653474952 0.0013402780596096246 4.721958855822287E-5 5.139727516096288E-4 
0.003545265756585879 0.0034958686946523544 0.0060458113599990634 0.005882763078473752 0.0010899142137133359 0.0014371429275258434 0.24438898161644285 0.0035044510899338906 0.23229055371055582 2.170518195521001E-4 0.0012425267233774843 5.727773179319824E-4 4.551810403468164E-4 1.399861499843599E-4 0.0012841869720402789 
3.655488924565975E-5 2.3067960876005784E-5 1.1465604617088127E-5 5.330599876612114E-6 5.6623027019210665E-6 2.8212430931058335E-6 4.5121994904195534E-6 1.4084212889218065E-5 0.5056687024306904 3.819369567398965E-5 7.454616681998759E-4 9.722728607437821E-5 1.1617557100043256E-4 1.0384616022006307E-4 1.7577722775802282E-4 
3.836924223770004E-6 2.3427911233217797E-6 2.484726411621791E-6 2.4509139491270403E-6 1.4638261750606978E-6 4.414999804952048E-8 1.5642415198228368E-6 1.1446504112962583E-6 0.25206306214262114 2.0489321116520258E-4 2.3650567223799963E-6 8.348225159901064E-5 0.25790449628247847 6.744320316995464E-5 4.958552359716302E-5 
0.00443511686417483 0.005229502576170849 0.2429178258090543 0.007580259450280326 0.22182315929699947 5.128687658246619E-4 0.011521252680559329 0.0024422526397613175 2.0903379113976925E-4 0.004281762268156096 0.0050272603563031 4.308874257730509E-4 0.0017486898152309866 2.2696747463355307E-4 0.007221620970184852 
2.3447536623454694E-6 9.057656602263491E-7 1.0635103384668889E-6 1.956646149460627E-6 2.8164889252378253E-6 7.303260555149328E-7 2.9140642685293204E-4 0.0035948474679384492 0.25201137816866326 0.0012489546251736405 0.006621619822617893 0.00219662204370276 0.0022748805552773614 0.001634626390671319 0.24351809226381166 
0.0019609186978473475 0.004279263498331065 0.24136812863895205 0.0014012371385937945 0.005984306253428211 0.004503721095284766 0.009997495224350596 0.0018951552262326777 0.007641731271161857 4.378802739654248E-4 0.0015903302112981498 0.0024262091605757818 0.004984815229312616 3.6731940699328896E-4 0.22693054577173075 
0.0023264107429717524 0.003917700911126597 0.00275490656348844 0.0021970457483686217 4.110088495176564E-4 0.24943555038002474 0.2486141660037666 8.824242934000712E-4 3.789142276480306E-4 3.777890739909649E-4 0.0022393379764864916 6.140899550784565E-4 3.360968690257667E-4 3.4149832206934056E-5 3.462401151021936E-5 
0.21714626415956279 0.006012091017280888 0.009355312724925534 0.0019821066806810436 0.016323335692410488 0.020775474583235847 0.012859072384362591 0.012299269091895802 0.009286062071944061 0.1823579065795939 0.011163256629545891 1.2852104652808923E-4 0.005147889210585623 0.0013448170055769366 0.006711684524867119 
7.408612899327904E-5 5.134467408436021E-5 0.003549288626213608 8.182577159469202E-4 6.861711508333324E-5 0.24667564070400283 1.7588856903860854E-4 2.7635515797983744E-5 5.924994777694984E-4 1.4274552756312386E-4 5.285921093441965E-6 0.0012955545363211882 0.2570061617061676 2.8914705819453666E-5 0.001630474985824802 
7.6635855711302E-4 8.676028563792859E-4 0.24325894040412563 0.004565421398053072 0.00682396165246081 0.0018346387362389175 0.0018249003459134498 0.24379061647177042 1.5206540614040904E-4 3.682305590002034E-5 4.740502330557248E-4 0.005012201478519266 0.0025452944567242244 2.5192308124635744E-4 1.1072169776678198E-4 
2.8640921010910086E-5 3.5933567297138135E-5 1.7412423503143725E-6 2.191772895427708E-5 1.6219737199991107E-5 3.777478058575823E-5 1.8028379998671798E-6 5.396048035765209E-5 7.123458114600414E-6 3.059084275476621E-5 0.5050684444502015 2.1558136059256976E-4 1.1011845367031416E-4 1.674485087000566E-5 5.113719676747688E-5 
0.008743238325662263 0.008313251117774602 0.008575517053616866 0.010262620939652502 0.010162312122272641 0.007324194215816692 0.003843760744258259 0.31337160037392 0.009803824746171141 0.019489611979465245 0.022104196888877565 0.019425899212885123 0.027597874375780134 0.021095224990894862 0.016776470899822066 
0.008235202794572235 0.006825853034433683 0.003913463855728007 4.331225297746241E-4 0.23111846399051225 0.0024851676942629942 0.24143492362681018 4.6770127115592497E-4 9.996249625617145E-4 3.7210788182681084E-4 0.003032250288059173 1.309303915391456E-4 0.006590115168088029 0.004537120061233929 0.0010380810485101945 
1.7776238975617182E-4 0.002506787876631532 0.002277237863707282 0.0017834454169324083 0.0027280527621816606 0.0011589648072573124 8.248347668276605E-4 9.743719644475426E-5 0.002253340747988936 0.0013729727171798913 4.273016670722567E-5 0.24649268230501864 3.61609805278346E-4 0.0034453721717953374 0.24017745704071966 
0.0044595842901014844 0.004303318919502444 0.0031781766186198615 0.0020625493762700163 2.4973798947019635E-4 8.719838492945176E-5 9.20068016363627E-4 5.582247945861749E-4 0.24500104355151742 4.155465806972572E-4 0.0011666637539781211 0.0011293630884748726 1.1884347983732002E-4 0.2450667092671294 3.37061616700033E-4 
0.01726271529621447 0.01896500466150088 0.017484744068049174 0.0045868266662444975 0.017218046320305314 0.27404401703885306 0.0170778052886007 0.01670805535056597 0.018079320490496723 0.019002475067290345 0.016019740501060777 0.009916227561064448 0.013542623586723009 0.02649385755840593 0.019669506441467425 
9.277776052561853E-4 0.001100513495367825 0.0017683787576493902 3.70408198475039E-4 0.23962929821715812 0.009910987344828991 0.009399914163071647 0.006181034748508728 0.23581355559525258 3.326897917364534E-4 0.0029305084124351807 6.527146294990046E-4 7.607662807823102E-4 2.7148247851933486E-4 0.0020479775341624012 
0.006155531110430264 0.003426005149989953 0.004852227042896937 0.005769302914468118 0.0032163252048075497 0.2276348268069208 2.3925831951624935E-4 0.006783141166910326 0.006858296516663158 2.7175579763924913E-4 0.002893363010803765 0.237380569803089 9.561250937879524E-5 1.507048601417948E-4 4.93249911984501E-6 
0.0020470422929822966 0.0023860208717911033 4.01188770478788E-4 1.6909662970985925E-6 0.0021532721980627445 3.7760185510588564E-5 0.24552467661890967 7.025452943383284E-4 2.875296536406466E-4 5.302653633156182E-4 0.005816797980328773 0.24279141244919616 3.198774602068843E-4 0.002923723489715661 6.880768167634254E-5 
0.20989831613101428 0.028076167568262575 0.005439189658466167 0.1302832387116223 0.009887593586057725 9.896629423717448E-5 0.0186237386712343 0.014558500589722871 0.011976993646561209 0.011166976286807595 0.02142733434731366 0.009954478223215258 0.005967932126801097 0.015280059088619674 0.011356066801714526 
0.1906434821795203 0.039775372446974946 0.025087018347570905 0.005078459180657898 0.20127807271751588 0.0032353948073893675 8.963135984188026E-4 0.008379779448511007 0.013426166278520082 6.177426442509654E-4 0.004235136068190983 0.0042841202305953195 0.002231739254592758 1.3955856654047588E-4 0.005154054992013777 
0.011047736008190073 0.008059509930080727 0.009216376646407577 0.008860183591677775 0.010741577590110225 0.006986491274606451 0.014635452265830162 0.005765335598757605 0.01628991682428054 0.19868752010628088 1.9737594196230572E-4 0.0032242549143117493 0.2127841010262213 0.001949100048930464 0.00163740139501645 
0.002780088191458724 0.002895964298623293 0.0075333175191859445 0.23298817578643147 0.003104593886362255 7.089617426619695E-4 0.008442342545818552 0.0031319887414377134 0.0010322033139736045 0.006457860019703251 0.0016922421441473694 0.00869428586037158 0.001014521080637489 0.0053288308469776535 0.2230829597373828 
0.006774943767490937 0.004789602817411453 0.005155992405850072 0.008021368757669721 0.013751636236917532 0.0091797090518757 0.01228585777973609 0.0013480409093066584 0.011845039625984337 0.00865777504043014 0.0018971831672275914 0.010213166006206585 0.20991548708707522 0.20076152467688 0.0011058186583384763 
0.005921794001588342 0.0037156528542060772 0.010934112981166692 0.00734849908206693 0.23223278848651 0.004667226662005027 0.008876972957146276 0.003579594921498306 0.008204460156972505 0.2170690249808497 4.932929454082131E-4 0.0037361103318822374 0.002302136573083417 5.762492298526609E-4 1.3478017495292809E-5 
0.003615327013776731 0.0020122184037627065 0.2433352772089528 9.655140745802442E-4 0.006838512453290413 0.0036941399963643677 5.433846460377575E-4 9.740467595356764E-4 1.3956973213743345E-4 1.6694221949951506E-4 0.002869210801049301 0.24462798724218718 2.6876558100092003E-4 1.5133612679330338E-4 0.0019346469346010712 
0.01917594266923585 0.010704019712262732 0.01539668029433865 0.20665511658712707 0.014669432590929364 0.011977619268088638 0.012463884140915232 0.19035266166423465 0.008082311362080251 0.002898195819751724 1.8303009857805754E-4 0.002731732507005009 0.003614352529274495 0.0014709502911746382 0.008321505852009912 
6.979490353172366E-4 3.625421945912767E-4 0.24451064454141364 0.0013878704543076462 0.0068190938810038255 0.0031165031524717298 0.0018463734274952433 0.004518392794264504 0.001245098131900526 0.01024726676940047 4.531593929646872E-4 4.0512689540194054E-4 5.941106012799951E-4 0.2336877848268225 5.228778672718562E-4 
0.016735834728641853 0.013658253997006268 0.013561758275496678 0.020580732656522886 0.011414702082537 0.013519425003215266 0.024119864902532123 0.02103823911468051 0.02767620878151556 0.2647279495344153 0.014763934764881186 0.016223132210508723 0.02300389251403765 0.0077606926913836695 0.01923229110729758 
0.001750053168609843 0.001276108441097151 1.955247064467748E-4 0.001262797314873522 3.1910495708228155E-4 3.581144953757145E-4 0.24755965550287784 0.2452806139302934 4.678537492079511E-6 0.001217631869447595 0.0045969057745016036 2.1128418865603869E-4 0.0017702761575179385 4.6659553051281617E-4 0.005182369708288083 
0.22284113280867146 0.010327171939218201 0.001294793316413092 0.005282845647417692 0.004259521312670179 9.255748591058805E-4 0.018563359366910046 0.003242105767126654 0.006158500325158127 0.005486297023953194 0.009260823171355303 0.003227224771789588 0.006784043832800762 6.206115713955609E-4 0.21190662100228616 
0.23910302244855358 0.011161055216054549 5.122384925612563E-4 0.0038923436926766425 0.0034580129048284755 2.712782872744427E-4 1.0735734129417155E-4 0.24008739031867488 0.002943371497527408 0.0012205103437598977 0.0011404935354067526 4.326157508477492E-4 5.122082606075524E-4 1.6526360095619848E-4 0.006338636508634188 
0.22200829276357614 0.018745774361953845 0.0062637258178747 0.0011162955540794666 0.0059268462069631865 0.0017937449822879445 0.0013371358708026415 0.00279647902848595 0.005854320177879952 1.677541347520989E-4 0.0011954799410452725 0.21735065616222413 4.5208661827910216E-4 0.003867985428459656 0.01702793810387964 
0.030470637249186656 0.03617503256414469 0.06981688042512847 0.022866494563736916 0.12652818210612848 0.1379810473783641 0.001797456002724959 0.01879470962789183 0.020368571782822965 8.633307787398375E-5 0.0077253513169221735 0.0025475391741909136 0.0025963341825765494 0.004726961196070906 0.026925834897991413 
0.2161931096143528 0.010801555647482568 0.007910824860302099 0.0013007841347638226 0.0035680917465633487 0.009250963952999432 3.436582135357633E-4 0.00885454787469855 2.9792810578863803E-4 0.004833039779968542 0.014657853282777166 5.8433673596581746E-5 0.22390618819780034 0.0020422071260913464 0.006923096365488507 
1.7451507350890832E-6 2.2045815948527093E-6 2.1008125697310784E-4 3.6955237401533003E-5 1.0279733219334938E-5 3.1671180693538124E-5 1.893733197833937E-5 0.2531431371327801 2.755040495864159E-5 1.0912611277877635E-4 6.252153645679393E-7 9.090851533781244E-5 0.25506728693025027 1.7363311272158232E-5 2.504494221796066E-4 
0.006907219683916941 0.006611421903379109 0.006528383513097821 0.0030900961221300106 0.006536165282947294 0.006215120451040623 5.002763041920909E-4 0.0035362646994735332 0.00804364815620941 2.6854696886919065E-4 0.01004993323471397 0.002386306674808177 0.227716917497949 4.4754696595445005E-4 0.22240052197700272 
0.01832613065861044 0.010695747154416292 0.010619239192079237 0.2219915110834363 6.672076193433844E-5 0.0020544008421670783 3.478689489512897E-4 0.005532575352584626 0.0017795449627657674 1.436803375703741E-4 0.0010356520769312302 0.0024760680721889845 0.22976178924339954 0.0010482796830898478 3.733609014111456E-4 
5.067192767967096E-4 0.0011168309119947875 0.24170895062583894 0.003965972683084561 0.0037339104553644766 9.987626003085909E-4 0.23123740193312572 0.006368934444699732 1.7874509679031425E-4 0.0031727904657135077 5.789097810962554E-4 0.010995565370386663 1.0584131491135054E-4 1.7116605976612422E-5 1.7724792977244838E-4 
0.006846023989091878 0.004311175064275215 0.012847421553639092 0.005600660270286022 0.008827942652730875 0.2307547602173694 0.012441656688736966 0.004154853536740037 0.21689255791803674 2.555483408208002E-4 0.0015230621267454047 0.0011328357775266592 2.89325007968292E-4 3.142524726591288E-4 9.812253559695428E-4 
0.002199652582697468 0.0027778711973580577 0.0024477599633326973 0.0016753846877277162 0.002294012400333023 0.0024050359894548256 4.2953922119450303E-4 0.2437725299968565 1.0578022306990847E-4 9.872586495071741E-4 0.24415096454886326 5.95096137266673E-4 0.0025099459939889623 2.8989286591625983E-5 1.6023310772804607E-4 
0.01225121209107984 0.009314962506120265 0.009238988046392347 0.007382928642325399 0.011991215131525597 0.007192170220121535 0.007528446666066397 0.009353903448458533 0.2937983896297453 0.02083247800028205 0.02343112319041428 0.03157794067322791 0.02634611973360185 0.021461113124651387 0.0193583631963341 
0.0010351159986405742 0.001071290601543805 0.23560189380660262 0.00543842179735115 0.005821599778803177 0.018904587433854966 3.9375593003373197E-4 0.0010733397966815603 0.2248392311999103 0.0034421846193128172 0.0024630486810173955 0.004412177936684221 9.082829297333845E-4 0.001221888377178589 6.343268302369154E-4 
2.133990349411489E-4 1.1524192890104335E-4 0.020240609945043488 0.2224505159651238 0.0034473615136330956 0.0011314766762731282 0.2270732864626707 0.00628652403038802 0.0014683181482392745 0.003124924928003205 0.0011017601563071003 0.003515941145151946 0.0018776053262659375 0.015423428559133461 3.4278543425435076E-5 
0.005833934829648553 0.22142922832119144 0.01660976656227367 0.020669891048102445 8.785415440984505E-4 0.0010693993329959877 0.0035745841804095905 0.013517318392180934 0.001074080307043893 0.18450176296322646 0.010297758317583986 0.009903486558868845 0.0023394203925647945 0.006775171186228162 0.006743186903223506 
0.0046100141535504345 0.24267562050707378 0.22316061635209491 0.0021265026005907917 0.0052554362657442994 0.0014170675085654401 5.949795921802529E-4 0.006282862851452527 0.010970552755030769 3.610463189393199E-4 0.0011533126828323502 0.0038466094515891003 4.8728065276764466E-4 7.946472048169464E-4 0.0013267492636059746 
0.003300393919794857 0.003398777516667584 0.48048798159003225 0.003189070370312336 0.012426456675815647 4.7780748051248214E-4 8.454176371543768E-4 5.458617339567676E-4 2.088645436816851E-4 2.7178261895948223E-4 4.7334407752959353E-4 2.5621183634201393E-4 3.4631969948273285E-4 4.114528673488095E-5 0.0020307013657356173 
3.433999362576425E-4 2.172441159303262E-4 2.360016802195652E-4 2.471400943946025E-5 3.2785176839567515E-4 3.107675290804206E-5 0.4991579073539793 4.797640197581966E-4 1.0858520863478822E-4 4.076417126169345E-5 6.848212890505884E-4 3.918227551278323E-4 0.0014238858811348998 0.003033657664094518 5.987436195759595E-5 
3.894750846719509E-5 2.7670546871671284E-5 2.178159862017006E-5 0.0012744822358386474 1.538050556159685E-4 0.25382252736467403 0.0013691563795215555 0.252026128620407 0.002364298100442236 0.0010905494765845445 2.1556510823936124E-4 5.980217074138282E-4 1.0076601800457547E-4 2.6584497705025044E-4 1.2739861296911427E-4 
0.0014480961371537394 0.0024900859425475022 2.506522390417619E-4 8.809826747356568E-5 6.613285852711269E-4 7.981934308275805E-5 0.24732379491988232 6.0704999529402165E-5 0.0011727333911283298 2.6167851791795803E-4 8.648294666841916E-4 1.6076378891607628E-4 0.2531498405743731 1.3870323922283845E-4 2.3177993670092208E-5 
0.20759540300644427 0.00925981714079725 0.021691327752680383 0.0023792468672006154 0.015586712549532193 0.0064078062382119565 0.001365834367166226 0.008058009008848947 3.799363877594525E-5 0.009054132409416759 0.007740421569011545 0.01518082922873966 0.007333138288659986 0.19392258272606114 2.697965677652991E-4 
4.5944006531397804E-5 0.2063468687490911 0.006498869010393623 0.00921042487770854 0.0027017737818331644 8.336173317789785E-4 0.005588886368977975 0.012729345865459457 0.015145290120962386 1.857388731690772E-4 0.014572614361828858 2.3452829382963642E-4 0.22460036472463218 4.0321724228959636E-5 0.014545221718405124 
0.23547159145311203 0.023682748492789518 0.21831396150724927 0.0021582435454721954 0.006629994028938135 0.0013552349029287195 4.50858304959071E-4 0.006005253543115388 0.002353440588344483 8.004974267092621E-5 0.001060522055011509 0.002193576950382709 8.6412145562623E-4 0.001047299820050331 0.006387595147483676 
0.022539582061175924 0.018417147619767257 0.016958385237156617 0.02652780321621544 0.02075895222572318 0.011497197407278472 0.014525536339877253 0.01721084067921622 0.015152508435983356 0.009102274049684448 0.007801789180019005 0.27321849041364177 0.015674540313997423 0.022553425555674377 0.019566009178904383 
0.014680821667055019 0.015329462574643328 0.26792612442468616 0.014101081109879964 0.02113746008045013 0.013584343206582337 0.02393901017261144 0.013616754805246118 0.015591206589116564 0.016142522247675 0.015425734373719953 0.019974576558453645 0.02309223980221473 0.01650510752206848 0.014477914981712968 
0.015197032092166128 0.16667510110827885 0.02981642723504377 0.024337133794521713 0.03948833886909071 0.09871864283870803 0.010055944127011931 0.013991473799781105 0.00413255612693369 0.021951914804927565 0.018765936047686036 0.01843376497177188 0.01365910588949014 0.01081226463735881 0.019493676028706813 
0.00773935784788858 0.009337694053541661 0.010800714503570882 0.21820804677661712 0.007600981909476403 0.004958123794950351 0.004062429120084642 0.005179621098613815 0.010358205493017698 0.007789709858985491 0.20980005616698336 7.529660323118122E-4 0.001505095944056141 1.2041908173675903E-4 0.006069775698360189 
0.008754422259267492 0.010562390094787575 0.009292139626347205 0.22393126627424872 0.007800342512845875 0.0050881668029608695 0.004168979606610083 0.005660614101758274 0.010643228616149516 5.582706900105983E-4 0.21011173711366704 7.5408464576721E-4 7.31625316121098E-4 1.2041044244934717E-4 0.006069340231355896 
