0.20766953980727762 0.06539793099377715 0.0159420364435463 0.15686699347678765 0.08774439827646612 
0.0015246670508602884 0.08140125344137322 0.003934549780638279 0.2376643060865363 0.1800241474261997 
0.017978995657317736 0.006501911524304563 0.08547339779308662 0.34239513688648004 0.05364779450961376 
0.003903525610484334 0.07489713947807526 0.14390080635844227 4.3550244799611687E-4 0.29437724822706346 
2.0322401686981078E-4 0.0037702654396305113 0.2445452724962282 0.0850891448560732 0.16996667386110553 
0.01490322502302964 0.42068658990246377 0.003024403183996192 0.07127080176588897 4.0015628719358454E-4 
0.11282191022844605 0.10099109191005785 0.0023358048141214572 0.2097978888654167 0.08483379666671007 
0.08815354121400179 0.0744072710984319 0.10309759686702585 0.24054558737353557 6.283752324084322E-4 
0.224132602142077 0.14162979208087487 3.408238884464331E-4 5.308736650988679E-4 0.17149833044862622 
7.180337404603653E-4 0.13415358060098184 0.011821827399147456 0.08848432377274076 0.2900930430035558 
0.08147744871821093 0.059838432413321166 0.10912172589363806 0.1698391163432802 0.08370453496655594 
0.012796621222332546 0.01190933880874209 0.320958046736748 0.0016023829969793024 0.15581022827415333 
6.859251102888183E-4 0.10065570423891265 0.16895469635308705 0.08938488378895983 0.17099401434401534 
0.027739492354786364 0.16173726317573392 0.16944811527584203 0.057217699150349806 0.11013638903567517 
0.44144176290217363 0.0032737790628346035 0.07080571460823434 0.0014207601787788512 7.541762873079072E-4 
4.770631553525207E-5 0.06836978992664605 0.2660347404684405 3.076997255224172E-4 0.1871943558014473 
0.0016828840085046299 6.049700005784224E-4 0.35766179485456556 0.08208054987770405 0.07423416949738605 
0.09176850276391824 0.0037682143516207882 0.07830692694457163 0.33648887220708346 1.2422087773187248E-4 
0.0939383154787207 0.16137160143745008 0.0056116877168163135 0.16330822343563925 0.08523183456022496 
0.29711460577460375 0.009958707095564678 0.08457520914849802 0.13626072857874902 0.004349669621481712 
0.00524459405674848 2.2778858907706183E-5 0.08798279682580384 0.4201320341074587 2.3360532752945897E-4 
0.0012876521136257982 9.417786123409955E-4 0.001629685302975856 0.4253459760595934 0.09686405515534292 
0.07956801950500642 0.2374051815440931 0.09758316113452022 0.001375184068857939 0.0903393903685224 
0.019411284929781433 0.2408288244846408 0.003707440232873531 0.24346466437261005 0.0044678051484586005 
9.150383571645636E-4 0.10229096589440088 0.009509081313678494 0.06798884808268547 0.34723953120502365 
0.38768648581115944 0.0028751242108322255 0.06218355619854989 0.06441758367375176 7.544983189794095E-4 
0.004416548028357989 9.665263522969691E-5 0.15281043389950197 0.26689555171882806 0.08629499032228613 
0.22185256526816877 0.056981324131764814 0.22708919257089333 0.00125939846694865 3.0283563888524717E-4 
0.0014560415686455295 0.16276902194643625 0.015131188287286499 0.0013476818455611394 0.34723953120502365 
0.1924855117392248 0.32166853168576576 5.308116940885408E-4 1.1176571795498311E-4 3.5699365769996036E-4 
0.14345784567344164 0.04564934635003195 0.24063103392597252 0.07250731429796677 7.360263093461539E-4 
0.0032828088371808124 0.0629874159651491 0.12101850632723932 3.662512885929655E-4 0.3440180068018152 
6.903789524076686E-4 0.29825711365049046 0.28770231827528187 2.9022862268698443E-5 7.072750988448046E-4 
0.0017076259964693497 0.1378807601192017 0.2741304161662869 0.07747957816813451 0.012300424701821104 
0.20003083157844573 0.01064940397256452 0.058026289613500745 0.09126926424022683 0.1716159729918389 
0.10559557693441937 0.40820910688187984 5.304510158674765E-4 0.0012640257720804857 3.575501912810885E-4 
0.20401715228069744 0.001143949173846341 0.07800027930092082 0.22056642904127644 1.8950834459213875E-4 
0.20095118279185784 0.1469741120876967 0.003255065576226661 0.07802473163275488 0.09686405515534292 
0.1284500246214711 0.0023277868882914886 0.020286694433686463 0.1363210139883425 0.21676694819746772 
0.11817809332256664 0.16049609923470715 0.2284160508836509 0.001262303891544809 1.2373893023467526E-4 
0.018419431437139092 0.002199598557358247 0.23831415809377826 0.0019418071390761478 0.25686898857394763 
0.11744114066322094 0.0011668741081847008 0.07517097176960676 0.2307669384267328 0.08619773458905484 
0.08291243132425018 0.001218848662876253 2.827908184279252E-4 0.33712625303970933 0.08251866503250052 
0.18968580183714517 0.07792165297516328 0.1560719275147872 0.08040476105229478 3.9272517070575717E-4 
1.462860978766002E-4 0.0015779642640349225 0.11050376408618164 0.06761731948016225 0.3483763698683161 
0.013334536419699212 0.014011789203357912 0.09910626433096732 0.22637187216259702 0.17068338901649843 
0.028470297112782057 0.1602451552652612 0.16055539195037866 0.00998552473337658 0.15480564508837497 
6.741925576711617E-6 1.1174619057241847E-4 0.5219114841975294 1.546648509743227E-5 2.1332722729416382E-6 
0.22913995012972183 0.1486418281836237 0.13806118231455816 0.005269275424824592 1.528447330866892E-4 
0.1907282978022755 7.460984423424581E-4 0.16030049895513285 0.16194413081623296 7.384924987373765E-4 
0.09030582398278124 7.992240972964998E-4 3.0623177388270994E-4 0.41184704598275246 2.5813757426770933E-5 
0.3891675412251847 0.07859604930453477 0.05210724536870726 5.305960046300631E-4 8.028251845912642E-4 
0.004677188033806583 0.09777659460500007 0.08675986825017148 0.25527235381860897 0.07192503607046555 
0.399231740121531 0.0015132772506943931 0.05941122865971165 6.375651683238606E-5 0.06584475862786682 
0.003164631638510391 0.2436509004823144 0.002359522686070405 0.08653871214219022 0.16959135908019038 
2.374896402917609E-4 0.00238933170349277 0.16834773678012274 0.08078683374935249 0.25418311661752524 
0.10035581499306254 0.003081668543266217 0.21027516181538464 0.014122585298850568 0.185877156469349 
0.009295604516711636 0.0882571357655798 0.08547193868655259 0.16925523712228266 0.16193762902408712 
0.029171938501729378 0.14989005157093196 0.2514642453496865 0.014637546053302976 0.07990239495165112 
0.019279698622831937 0.0814089478135184 0.3782676450217648 0.012065125461257754 0.01229599324058015 
0.014128082409805225 0.32639844166703336 0.18105761508329976 0.0014694615789305923 0.0033857023700136625 
0.0939875392292375 0.00538989849011941 0.07680640705379883 0.08419371892887402 0.24425560952886485 
8.626993068291991E-4 0.16108478985862656 0.07593065730617961 0.0023767036225066243 0.2722825057377677 
0.001803440639444105 0.0868140532303529 0.2581988327149296 0.05264573544524559 0.10737532204796789 
0.6954091284312806 2.117302898793122E-5 3.073203924072239E-4 3.980861211826323E-4 6.77563935692153E-6 
6.567213883043255E-8 1.5696759550985808E-7 1.6038205394040999E-7 0.5185960590311918 2.155462071130639E-8 
0.11131476250909862 0.14336581003375096 0.0010822274511798717 0.014425585342904708 0.2498469686863281 
0.016089331465018647 0.2919744784766482 0.11844076206366946 0.07788514986218772 0.010012612458467298 
7.158743384631642E-4 0.028497752417852327 0.13260608689351064 0.022017037348300628 0.3273953017207191 
0.014735736324457452 0.4159587374181421 0.0839621343542756 2.2777418547555376E-4 7.515614673636399E-4 
0.11770176596122021 0.04240015633310133 1.4044110305417055E-4 3.8061566086985125E-4 0.3529489069839174 
0.028981126466739504 0.21862123006972528 0.09673874140006139 0.003010792568645589 0.1558485904372284 
0.02157376498845996 0.1803158716350362 0.09892883113826711 0.2235690476405807 5.239892768374875E-4 
0.22334170929020347 0.08301022373643957 0.1215406967157969 0.002092762944183443 0.09194362589029273 
0.004573238429119946 0.3413797009182034 0.008487021929134779 0.077463910507245 0.07225757784891944 
0.29122844415896565 0.14169242143517408 0.08365652570744846 0.007673844019294457 0.0015150895058987743 
0.16102286693312642 0.012972926995220959 5.9329229104970984E-5 0.10937187956269113 0.23983267699920166 
0.018055178705402047 0.1513071653428015 0.06552482276972701 0.17456873768158285 0.10510269690499952 
0.18357915319772758 1.0069061418484129E-4 0.00846300802326932 0.3252845998678359 4.5436365125272677E-4 
0.005321174840180157 0.24154975448294655 0.007919361037484689 0.1708025794897562 0.08864518479127889 
2.2590618559800563E-4 0.32375500558311876 7.757527304355926E-6 2.9807312875295485E-4 0.1813378521020688 
0.12080606567801742 0.1928475007892582 0.14795539967807833 0.06981971766337028 0.0010140374126798276 
0.0923655277872839 0.0016746273437363561 0.17173020225423807 5.197255343399352E-4 0.23956343163044885 
0.10886108276639817 0.37148789712331365 0.09193948904188308 0.002036582310210758 3.982745660182462E-4 
0.37214284286662985 0.016700728842708637 0.002272665415780433 0.042532213373334266 0.0701519123539599 
0.006711557650780351 0.43197096449826544 0.005995959978861123 0.003445150955398659 0.08197482635025294 
0.08838914353781702 0.09054427571936519 0.15537204687817818 0.012152524220075012 0.17541159628060093 
0.21072711818961815 0.0014481316545212415 0.13133106466053396 0.0024039339538091155 0.16816475448639753 
0.296802937484835 0.14499268697113302 0.002181395257070861 0.006595353290326248 0.07521086712262215 
0.007709061562917811 0.256986337032765 0.1619948422732939 0.007271286594909105 0.09038826192710141 
0.11932806922894514 0.22767565861805553 0.001156811569289389 0.16134164975481793 2.192662140606978E-5 
0.18716051863451583 9.02984371619727E-4 0.006550110880755753 4.622559708517272E-4 0.3117394087377304 
0.10411796496999955 0.17892570253186726 0.078583821910905 0.1541426809066791 0.001388410573522147 
0.004560984857313435 0.10947458505370869 0.09158567282270688 0.31959390283991224 0.0072344668548343935 
0.2816279602110068 0.0861288854972787 0.005077485152683784 0.14299179617079863 9.808958489924914E-4 
0.1029528308912769 0.0027421408713880473 0.20936768336587555 0.10791662518449717 0.08535454883072079 
0.23639348568037263 0.0012732124205178466 0.13344536215706626 0.055778347674564945 0.08766218590448109 
0.17809527910637876 0.06350088761531078 0.09866540412579128 2.467815115454858E-5 0.17283710439299546 
0.10135182105009179 4.714932000019835E-4 0.1697577515900193 0.0898097373182118 0.17180676262309283 
0.0025707290669925195 7.661244397780884E-4 0.3943305943071106 0.003973200892100081 0.10304632188507995 
6.615729935091181E-4 0.0795123480882498 2.981412452931515E-4 0.16729011989734935 0.2650449359659152 
0.09906861663802266 4.611032426232013E-4 0.18628316905162368 0.13805817860793232 0.08446245740386898 
4.513337374796925E-4 0.3399792050440175 0.07864596693840416 8.502345218045094E-4 0.0887678477563535 
0.1268937516546941 0.13215071872931805 0.06887900509942721 0.003198849762840167 0.17204595414616072 
0.013174727024323525 0.1720592071905706 0.15595642307918298 0.16073540471893902 0.0020513199327113992 
0.25825977999805694 0.0013544384578550628 7.402562878955033E-4 0.08917096705655017 0.15405615110785076 
0.034306257240696116 0.011337608863517023 0.015671655840582322 0.05332493000240271 0.40299294158720156 
0.2661262396362199 0.011239536988725632 0.07656662151232849 0.07777646734802789 0.08602425231221185 
0.25765214446838575 0.081986815886245 0.15865473382395665 0.003951846068825483 7.360263093461539E-4 
0.014368050946665746 0.2607382532331825 0.0759336396551529 0.16227618967660143 0.0010862008143888494 
0.1082438557479415 0.09521896380248863 0.005162994924706767 0.14626078040050478 0.1590700992818492 
0.1149461015534198 0.09702191905405508 0.13443211328994686 0.15947170202625313 6.27962905532178E-4 
0.0013397483431643405 0.15759214649298492 0.31211813307610786 0.02016898651754935 0.012003473577253237 
8.814634117110116E-4 0.0017379526841073288 0.001918360969752548 0.33667400652123847 0.17416391071264822 
0.0053104882423582935 7.231349053379073E-4 1.4164856877565277E-4 0.25182275999546305 0.2613466779936805 
0.21297414420790584 0.06793966306583804 0.07799249069216001 0.16436233291622068 9.950485270953512E-4 
0.02322942951476788 0.013098875491119545 0.39127987160195254 0.09500535047146916 0.0010160773453929376 
0.38020888998884383 0.0767867653337882 4.818620126733141E-4 0.06450653407782883 7.710170096045075E-5 
0.2242035485451921 0.07411194240242147 0.004334882771222724 0.06610029239699215 0.16570472567640346 
0.3700062242437242 1.7772419411546748E-5 0.1420704625006303 5.56241438545009E-4 4.803694651069628E-4 
0.08532105634495445 0.08838229486709866 0.08144250770286553 0.0025492299151698627 0.2548006583723904 
0.27667728258043633 0.22896459080324172 9.90343121258536E-6 6.757516805387304E-6 1.8256146175019977E-5 
0.09665380635893142 0.009740404225630817 0.31138707117270487 0.0033370476915428235 0.08557818711449931 
0.002529862213170761 0.2401016744279223 3.223023161601677E-4 0.004278247791685592 0.2786655048036428 
0.291640197948126 0.05915241854978339 1.8355136940993833E-4 7.803494528075216E-5 0.1642610923473899 
0.11729359792254483 0.004089865718512594 0.22718537040628897 0.16837161727675323 0.001704104491583725 
0.19177571898843024 0.005433083764379914 0.2093252084873715 0.10641269308269266 0.0019622495331332785 
0.38659860570696924 0.05335071876738028 0.003586197279546836 6.421691788250369E-4 0.07222074638638808 
0.10379425200812369 0.235184228056317 0.0033625831177314133 0.006745818829345754 0.1712281197895677 
0.4176059788871766 0.14889979378373458 0.008553555507958064 4.170732824246104E-5 0.44428434975426095 
0.20311113982492787 0.06397684689570862 6.853809694532323E-4 0.23904788708475408 0.004462601705016238 
0.2600667575447022 0.003905452603263043 0.0015285656887972126 0.23332762663906817 0.0043922240009213985 
0.09320428940052969 0.3180210849453743 3.300539725950873E-4 0.0914387746651843 0.004433580567433816 
0.3732486604647873 1.1364252185695004E-5 0.27294657970029945 2.1472347163923556E-4 0.006117923565797018 
4.342000148830278E-4 0.015256598997433934 0.1632349523414928 0.1566858075420102 0.1682041544718964 
0.014298175857575481 7.267082505773524E-4 0.2561221854503798 0.2422475843286669 2.3361099269519417E-4 
0.007938888498565964 0.15874809853356633 0.05995474317797712 0.08998082749384852 0.19793608340763708 
0.29362007250849403 1.1344739667408423E-4 0.07810270022528715 0.007671256700421797 0.1328351319741723 
0.19060559173885075 7.032285520347512E-4 0.30916171050738267 0.0033654245789088858 0.0013921485961211186 
0.13825467836248548 0.04970035512028121 0.15708398156512096 0.08037204155086977 0.08871227902771286 
0.27010789372407906 0.152311517887727 0.0015229107935386525 0.0941908764217721 0.0010073665872493093 
0.013761074249818804 0.1707286945309415 0.0025955045281939046 0.16441444535415708 0.1776229527816366 
0.19637787979135155 0.15408464417871956 0.0787258795670682 0.0026143594647252437 0.07175764923605951 
0.2008089423022262 0.016187454223730847 0.0023705818756709863 0.21292150349705197 0.08609686032268085 
0.003939691554248712 0.07871021849622215 4.1745047566414597E-4 0.3468950254395987 0.08865477772364913 
0.5378852152536696 1.637691941208244E-5 2.3770624897417756E-4 0.07636336480824191 2.197823152407493E-5 
9.490737337382698E-4 0.2325070591009801 0.16645614173938586 0.10467941416373545 9.274699412617665E-4 
0.09959230148549833 0.07843991421122046 0.008202794811740962 0.3167481847174121 9.51548248771001E-4 
0.0028090958177485886 0.18079973277437528 0.001262754343955886 0.37839173520169217 2.1630102044761165E-5 
0.20913446453738388 0.0633333624083563 0.08761342699986611 0.06270232220269038 0.09166368106110781 
0.014566481681605063 0.06483700091262044 0.0751566371234819 0.08824070436453887 0.2685082817466698 
0.3098659094124283 0.05452829014016316 0.07939337023767842 6.425341044569284E-4 0.07226178728710361 
0.26768228005987665 0.08517847913341249 0.00276053881610306 0.060001981831728494 0.08735889651011984 
0.2700335157212569 0.0014543972105782587 0.1524353355011292 0.0029667096285742236 0.08766209352322112 
0.29783305521543335 0.014881812650232557 0.14751260054672233 0.06961076205647705 0.011103002970541393 
0.11183836602885304 0.16421386809646374 0.001359852012165175 0.2475861585334793 3.0962356504075656E-4 
0.2812155585468717 0.00178958468723953 8.547464445552495E-4 3.7502232940510647E-4 0.24051632056681063 
0.1194731483782032 0.009625443027562783 4.4020144014492025E-5 0.08114998226197996 0.30466506538693955 
0.13480618243111284 0.13574476380073872 0.002109178911145328 0.06493652591451271 0.16682583013854405 
0.13929225911784526 0.24355634757926065 0.13991286589858404 0.0012344440720030655 1.42416896490206E-4 
8.695775929711193E-5 0.002125764725689993 0.24514628770341274 0.18492091075362377 0.07163639686584908 
0.0169855690560436 0.08251663012802464 0.1856909213655495 0.16596560968555618 0.07342824873645629 
0.07979677420656184 0.027213358820225374 0.059315203845478635 7.490984499332015E-4 0.33965455445336273 
3.624538417637853E-4 0.08270963912303488 0.003955226930783602 0.4219217282276394 7.351999439980451E-6 
0.3711656334320665 0.1316721678484804 4.046061710383969E-4 4.015199414759787E-4 1.3680134990111106E-5 
0.1057688442013582 0.0824343472706474 2.981341883529994E-4 0.07958792267035407 0.25941383968697584 
3.039057912175076E-12 1.7784558004792858E-14 5.664884530015168E-13 2.247721582072578E-15 0.5714789830323851 
0.10846584260494087 0.3237358383778347 0.010540136549513952 0.0014577457810854464 0.07431464875278135 
0.18817652797434334 9.088499572399352E-4 0.07866967723010666 2.886276119052077E-5 0.26367181758172364 
0.005406142677592647 0.34795151709430766 0.004829730566508616 0.1641711092516996 6.729571619597913E-7 
0.0862237542149291 0.2598981462456205 0.008491166934163 0.07750174336560679 0.07229286796905954 
0.15140914780599224 0.06215720799584332 0.22996916595206082 6.421691788250369E-4 0.07222074638638808 
0.12536564439240458 0.0926578940214527 0.2763944513538987 0.008610459288751097 3.831019479880517E-4 
0.12238304651971066 0.005844181995843938 0.13540007937003287 0.24944717455015214 0.001962738341308088 
0.0022232423751997158 0.10702247564081598 0.3177151906623825 0.0648114558651072 0.01202316519797393 
0.2941712745971164 0.05941065878573471 0.08914967473536212 0.0722315611285387 0.005767380613762888 
0.28131893689487625 0.006593796797549794 8.359547470597343E-4 0.14240207549308806 0.08591304248395469 
0.09526709227462649 0.02812771562171533 0.29994431041329406 0.0789093945607693 7.360306656391516E-4 
0.002182565643668294 0.16292253688885602 0.004050408209998697 0.2628033420079397 0.07226677617230891 
0.006222096306585377 0.08125928951681087 0.2620199143908721 0.1646507052112139 0.001788451343299284 
0.009119445002775643 0.0868854019461597 0.16078882636322878 0.2431962550489731 0.004320817069520721 
0.20743408846670314 0.002718853647009081 0.004027418557471413 0.15961089342933654 0.13902661010374184 
0.018056459366461487 0.006157854282309183 7.177972268783411E-4 0.14214232444655 0.33965455445336273 
0.006131216772410345 0.0018022725894536473 0.16758798277978473 0.3269048480903201 0.0016170144591372982 
0.2286782705607947 0.2117363216810182 0.007427529606768553 7.169833982928828E-4 0.0583865654242247 
0.22833692774624612 0.2141730688188442 0.0034420917086484537 0.07246313860374654 3.8647972320537006E-4 
0.023754532218020628 0.25361124440692495 0.07656662151232849 0.07777646734802789 0.08602425231221185 
0.4667502962955713 0.0024313793960815612 4.5250658711114646E-4 6.81000349814393E-4 0.06481387780075022 
0.19233635268430288 0.15200056985331178 0.06726476371445365 0.0651914866381974 0.026942382133576977 
0.385284161400913 1.4886409065043336E-4 0.010353481494899959 0.007147671087963916 0.1410349413096634 
0.021747916668212245 0.08888120327981416 0.3227679104112382 0.011535212256289087 0.07986083606879499 
0.13094361639164878 7.425742662203437E-4 0.05483136851358212 0.16386199413939967 0.1537767028228962 
1.7101954871110327E-5 0.518368899828727 1.0153035934062208E-5 1.1804065711480342E-5 1.8716447628459457E-5 
0.122574174063399 0.005499252725844932 0.0036403682427167666 0.2550418782587778 0.16253026047886646 
1.1355303668272764E-4 0.002834117477006402 0.3374211296777603 0.1720852833874133 1.7985195310664121E-4 
0.20227326259627784 0.22025993569140967 0.07579448466720906 0.003901765229016569 7.435730382725045E-4 
0.21308079547054637 0.017913108882073488 0.19124275811801678 0.0014069610936391758 0.08195198635887219 
0.20471675170599507 0.15955257835779768 2.726074698018822E-4 0.1539147559460701 0.0014849023553177528 
0.1173293157992664 0.1604676704136576 0.1454539273930222 0.003620218159682081 0.08806495466625437 
0.11599889062726171 0.06589287706486599 0.07378064429106505 0.08541585498040515 0.17236642164436328 
0.2164191614086637 0.004830760046663987 0.061075880383791054 0.13923450307053598 0.08400200443786293 
0.6004844675238312 0.08284797164498565 3.0197417758326444E-4 3.0249964294756397E-4 3.169764066647659E-5 
0.001707851838665853 9.042498464385946E-5 0.07523456326256736 0.15107654164814716 0.2760927775387905 
0.3767638115128328 2.6533361342897014E-4 9.752628435920374E-4 0.15478356507198898 2.2253527734391568E-4 
0.12399920037921694 0.14749917911917873 0.10717902811812487 0.03679686441537815 0.09041253578073968 
0.08704675853632401 0.006486424474519402 0.3897641884034563 0.017379897879036724 0.003017507583957873 
0.031057031955664293 0.060224167552888855 0.15218215302786303 0.1128473952449788 0.17687453230742603 
0.0132100092253914 0.17251998543155195 0.15531883248159 0.16066872960240972 0.0020504690187774623 
0.2298350990500244 0.07331837978848198 0.11713212407596808 0.09388532419951517 0.010092752295230347 
0.002763771040041087 8.236544904374178E-4 0.42394178785366116 0.004271557708217864 0.07288619949870372 
