2.0495424260890325E-15 3.14707167311253E-11 0.8313009791024911 
4.649157496893145E-4 0.05207864013677446 0.46117071985830566 
4.515565412723786E-5 0.32598551845027013 0.1815618231545041 
0.03216046489477746 0.2478392394418373 0.23652826468439261 
2.1333765910255518E-10 0.7560742904411345 0.3051142986074129 
0.13418870407524885 0.3334365949482819 0.04172192240027475 
0.05025740641573334 0.38730029006568734 0.0802299024642637 
0.12921962404283502 0.0534707445657948 0.32647096160595007 
0.025982716704611292 4.2692280550966634E-4 0.4836061831307865 
0.04375314610843086 0.43104447013176916 0.039814226730935064 
0.08042833936103679 0.345254789678534 0.0827311363618422 
0.19178739111992002 7.237652834973268E-6 0.31631144072608164 
0.44298529385114743 0.0011665745026162478 0.06814298284061954 
0.06947448574130294 0.3994497480488178 0.03935386633490467 
0.10388736318557003 0.4021334916000304 0.0022602105691311263 
0.192157280560443 0.20542931081664867 0.11086458722659392 
0.056203107435231735 0.0019472010642722951 0.4491113252638628 
0.09729020396102166 0.37502779780451867 0.036441696118268564 
0.020365664349211103 0.20300881076066726 0.2888252017149195 
0.04426180448455028 0.16567940681140028 0.3046683414005923 
0.3337804562576386 0.06669296598996531 0.10698600181559031 
0.09489605207411156 0.2845125988771027 0.12867602433433256 
0.2739557100468657 0.12300484359162613 0.11126273547267264 
0.02642645693832436 0.2986302069884574 0.18870828198165263 
8.659826483772127E-4 0.3998112136262179 0.10706629406581099 
0.001354454745514475 0.10338800506017164 0.4029848686324146 
0.1083361331745599 0.17881994850480729 0.22132547092572136 
0.041280470001496906 0.2557839387905941 0.20881020952300272 
0.19813943131463868 0.3072365823049947 0.002702374442016351 
0.3785182613625728 0.07654272626090952 0.05867736968198823 
3.439327044513135E-10 1.0611885885979886 3.199637257262929E-10 
0.18305726191569477 0.19735509191174788 0.12428709992496767 
0.05053230319195978 0.295623796737397 0.16111963914315297 
2.061045909044066E-5 0.4767537302452888 0.03552051049000398 
0.04765194040275942 0.34973375093846426 0.11084131406037165 
0.049705489144787146 0.05930409065302676 0.40528728179842743 
0.016955693882289256 0.4578462830514359 0.039814592397557594 
0.16976446867336625 0.2894945895271918 0.04949183251754302 
0.16016240121085676 0.23733620208843673 0.11084005228970842 
0.025033373388711897 0.3716885087362962 0.11065616022264188 
0.2809469354154668 0.23291917521421537 1.8412950752678226E-4 
0.05930758371165671 0.10445810625860917 0.3445395557267275 
0.02852824924408866 0.1065535400550502 0.38049272152853725 
0.1059719635771716 0.31668306311826755 0.09122358208499846 
0.07834543949178613 0.16421739111064762 0.26566830548246817 
0.23674405678159294 0.056780377269293816 0.21556521151725208 
0.1410812280865511 0.18952592120436282 0.17765910353448122 
1.8206890783372168E-4 0.2462704267158288 0.2679077099417599 
1.1506423627706993E-5 0.4441212045707126 0.06814004366663994 
0.19838155479145383 0.2491250617716506 0.061666710860701544 
0.12031416273377958 0.0014890655895542213 0.38857601991669954 
0.07216734745096443 0.2606074800394728 0.17174916831051631 
0.16992755610371119 0.03395337416410934 0.30358141504115227 
0.06853276911422153 0.3265129496431915 0.11396193835261427 
0.022681716938089024 0.33677947678914055 0.1482291219776373 
0.24872122082459522 5.194802610054546E-4 0.2583991244383856 
0.33346104493936923 0.0010425381909203862 0.17963137792861963 
0.42128429720853455 0.08375568860677063 0.002178901197078294 
0.08360397191681669 0.10734469605539655 0.31678738254543504 
0.134636156464329 0.14271236957172487 0.2289012022294744 
0.2789144354499958 0.06558132655912234 0.17048331938888517 
0.11613164636897172 0.2253920997743009 0.17302219151905204 
0.05756684858165792 0.20487516817907886 0.24711258064740887 
0.38509935484840074 2.9972095655818467E-4 0.1300509718526358 
0.07328835680189406 0.22151961166602765 0.21453912777388567 
0.19063840264950707 0.05358555296121734 0.2699596292666231 
0.1623886359743089 0.002624035656638246 0.34716302653705716 
0.12679080045593782 0.3801378388560822 0.0011560359735267307 
0.08096871755099205 0.42701520808026533 1.6743387924146387E-8 
0.1469944921492067 0.28529172087599713 0.08098939444546024 
0.03265456913354358 0.15557724902886325 0.3201841574595491 
0.24776260590570043 0.21232464812648255 0.04954082403574181 
3.4460407575705355E-4 0.2840095462835869 0.23314584201125146 
0.16107468368754105 0.35883038766122966 1.7339495064058847E-4 
0.2545628361068027 0.2535704155909582 2.2185199682968557E-4 
1.3954616036311773E-5 0.15685570808876417 0.3571017920963755 
0.011855615989631235 0.4957595128827148 1.8840019227455584E-4 
0.3392865549652502 0.1385812330510348 0.030646171181013246 
0.5094053305165274 1.2854380851432826E-5 4.847225744931855E-6 
0.08376631214967624 0.03466228224506528 0.3907327358198384 
0.09739691262945449 2.45772263007781E-6 0.41660265031262056 
0.14314914849209373 0.242654908979143 0.1301876308707508 
0.3215419490431257 0.13305322277345 0.05457775349137849 
4.0972126973353557E-4 0.2006449996952742 0.31336272437346935 
0.020576733046112895 0.42128398833053476 0.07533914844699985 
0.028113513981858584 0.06855937228823919 0.41541861727037005 
0.2779503551964435 5.524997727315896E-4 0.23061926222914844 
3.7008647151113135E-4 0.18123540428318216 0.3328967788004567 
4.339871789394776E-5 0.3133019292085042 0.19495503819496285 
0.05930758371165671 0.10445810625860917 0.3445395557267275 
1.1202407312851144E-5 0.43238688152373156 0.07987204908410206 
0.013047925706930546 0.4606620691790312 0.03972302407592186 
