0.029616545413977187 0.017376655001414207 0.24018826384195135 0.2217190505829239 0.0013977550036002853 
0.011770418045699166 0.32839880121849035 0.16186829460610086 0.003357977305736588 8.240463858878024E-6 
1.2746944067621737E-5 0.08687315754643822 0.42886745457994235 0.002746369710035867 0.002830470536298504 
0.002796204756677626 0.17236621219406864 0.0876811424077534 0.09710115925355145 0.1604258037847998 
2.188421100149387E-6 2.3991839944283475E-6 3.4529989400062085E-6 0.5086511953395718 1.668698082187465E-6 
5.451231731789052E-6 7.966760160357332E-4 1.6876334910906366E-5 0.3313520079148383 0.18022216926464343 
0.06981738247769458 9.043900554965206E-4 0.0018318461986458823 0.44775084386022324 0.008456879613314282 
0.004551157819090958 0.30588929970305784 0.07591784710300103 0.14592194598041922 0.0012695142795522338 
3.753328337261434E-4 0.09265459671583545 0.05983549252781361 0.37263007155209704 0.006586716300179154 
0.2641188261312467 0.007492121459952902 0.15687009072035848 0.013950055345081308 0.08526964737402787 
0.08417834302607081 0.010076495216165854 0.2418725949787144 0.09799054813054993 0.07261547759682603 
2.5669362042548123E-4 0.07701815086371364 0.27679952674633757 0.08197832548242091 0.07465959327127406 
1.0815436308152687E-4 0.5346185527994644 4.4072962312318245E-4 9.30652605298582E-4 1.6104719128312006E-4 
0.0842857795675148 0.06005922413090471 0.07888604679471126 0.17960153985676028 0.10620502084641428 
2.6572166423581163E-5 8.8034157007812E-5 0.5313537043052715 0.0010828591618974267 3.289239218301433E-5 
0.07733088895870273 0.23208956746163428 0.006178038224151481 0.18477289178917639 0.009803759391887948 
0.0046475317364031 0.012275215648035133 0.1501494589553482 0.20585930861200433 0.15430980011835707 
0.16554780623414225 0.004865351462097646 0.0824070878825092 7.428069894911859E-4 0.2594816919915023 
0.2663699283498505 0.0029033477901819014 0.27485803060594344 1.7919881272973013E-4 9.959997566288614E-4 
0.08335524162945872 1.0266618327837706E-4 5.087448024815839E-4 0.19424645779306304 0.24504804859913326 
0.09216522860510995 0.2539852835443109 0.07469394254092679 0.08714004351675024 0.002713904574885552 
0.08626021374043073 6.256907500751179E-4 0.42886745457994235 0.002746369710035867 0.002830470536298504 
0.07817266401760277 0.08554962989857426 6.97843413399866E-5 0.1107978627919354 0.23657082293776452 
0.4819404774293517 0.006255178426595963 0.0010382091658639638 2.674727030460749E-5 0.08754982134387142 
0.0016162164195937954 0.0011530890218138898 0.4135437229566357 0.006910646028350163 0.09255820622792615 
0.001007235330366451 0.14720347064450054 0.0031969593651393043 0.1880251218425488 0.17294575695564784 
0.0016612894116018627 0.242790894798918 0.005272923399832562 0.09428194771105981 0.16830616527221712 
3.020413701631765E-4 0.09132197665232222 0.0015899419564108402 2.14240510746178E-4 0.44715064520874886 
0.09610947633000136 0.0019831788126415425 0.003583725276923242 0.32555664048491423 0.09715227688988007 
0.07605501075921983 0.07492662460295291 4.92487623052896E-4 0.2885762872023141 0.0723708534334145 
0.231116322542435 0.0035089503913970374 0.001515311478455558 0.2926712732850651 9.542156197442155E-5 
0.0019872162704594313 0.059923448828982415 0.11315324431120719 0.2447676674314791 0.08693766090123665 
1.662913905067791E-4 3.6981410004338328E-6 0.10861735979694426 0.27175338768303886 0.13782964481046242 
0.01294042659438256 0.17972163424392282 6.623411376850616E-4 0.23967812468321495 0.07888923635221254 
0.18844864664933297 0.13441443717470797 0.09150736401049461 0.002500716943573816 0.09343758230128123 
0.001457320116945862 0.0825758666941147 5.122516025924921E-4 0.19366767199462867 0.24504804859913326 
0.19303175193819616 0.1678033048960918 0.0036998900824308937 0.006759222409045635 0.15707458441520597 
0.001933059583846433 0.26420615712814 0.006893578808642552 0.24974323376010357 0.006064732191227394 
0.006998402335781734 0.0036110994172538495 3.8700427083266753E-4 0.2629670811065613 0.26586392717286267 
0.001203393880447723 8.574981824267892E-4 0.23847263892298123 0.19352232790560114 0.07375803736515746 
0.09100047202699693 4.8777319266703E-4 0.09268654263345008 0.0010834179214176329 0.3625373649672837 
0.02156861183649287 0.022622096634452013 0.06991029364556516 0.3388861656321332 0.063081111853434 
9.466712383887705E-4 0.31591093210704574 9.547864287235904E-4 0.09623953906436543 0.08648259759672391 
0.07421139510962711 0.08643970553022627 0.2539345919593487 0.001832735554257963 0.09363475446327159 
8.068144194962349E-4 0.2543237873337233 0.2540087914382583 8.143848127114625E-4 1.67153756179379E-5 
0.0600451751082576 0.1817558648728225 0.18353406926230786 0.004057402680792647 0.07147608776474958 
0.1706693843864557 0.0050409723004691655 3.427627182693446E-5 4.7599092001645985E-4 0.34341546975738674 
0.0802791362882467 0.2649351745876088 0.1642689832312456 7.234709731486369E-4 8.31891158826052E-6 
0.002482553523513197 0.006557003069009452 0.08020473867095922 0.1099630472536048 0.3280339725530611 
0.0017608256451303614 0.006255788278438798 0.008220061093919 0.10674326072771918 0.3880916564461511 
5.667415518532801E-4 0.18143559046082092 0.1693090613049726 4.822068127504453E-5 0.1565770821762818 
6.812391452946914E-4 0.17802382017818982 0.2671197709656435 2.1765255524187587E-4 0.08838870354990934 
5.959447932201895E-5 0.4355969508808379 0.003629657448591847 0.004230382612424535 0.0711958098784668 
2.866717242149347E-4 0.34261430104079926 0.0035173234113454396 0.16049704395139727 0.001488860509922639 
0.07577897990945139 0.0025019975929062776 0.03501164854858631 0.25615009021341123 0.16465902024535106 
5.157093577726021E-4 4.8231111143651895E-4 0.15965726533873667 0.11385384971532563 0.24305872544566523 
0.011778468807507995 0.17128296504505494 0.18608579990149246 0.07215518421021655 0.07435902059832558 
0.0013454268339120775 0.07444584203536381 1.2047435421027403E-4 0.10389259590572907 0.32981791130282456 
0.16291789420941882 0.001203865376606751 0.2600971108447959 0.08978838933991404 2.84571691996102E-4 
0.18541685085819415 0.15549401740098995 6.05511679955205E-5 0.16650602963311992 0.0014905114794745307 
0.09465790121029191 0.015886371572278575 0.24587287532231247 0.0072451162736354635 0.14915367350433012 
0.1521317274983564 0.16472273647044028 9.547769688457878E-4 0.09623858553774214 0.08648174074038335 
0.0032457802889429383 0.007145299451601196 0.0862808324125533 0.17226924147581507 0.24112678329266363 
0.08869066954962117 0.07944948672679102 6.533182331502331E-5 0.34351308918742923 2.8094088683203926E-4 
0.001973312263212121 0.0864828152680508 0.07237827356868676 0.10822284948441041 0.2413601282531527 
0.15900143550562842 0.0014988999686009411 0.15836819826530002 0.11426359818736097 0.07860446220105198 
0.3934035732437181 0.09711281442377898 0.001043144492529332 2.687441859100341E-5 0.08796600623419365 
0.003090591291196678 0.17101016960639465 5.326836937447424E-4 0.006082283094477355 0.324000473699433 
0.08665799370740244 4.0853757819674693E-4 0.16929288987947655 0.007276730818442075 0.24493173890000844 
5.4154590338659793E-14 1.4740543722777642E-11 1.1168090630724234E-11 2.3717152443316026E-13 0.5109630061534651 
0.1781570033604602 0.0037899724110645534 0.3425078973581419 0.004269223089637452 5.804277620730862E-4 
0.1372892020545771 0.097948931704647 0.17994675805925786 0.006540530799189786 0.09404255174044457 
0.010918216456978026 0.07167002903957351 0.08692881795585704 0.18271397126531658 0.1690084246074923 
0.4170401565866508 0.09272031903381991 0.0011876672848654738 2.030663474561885E-4 0.003791890578373853 
0.06164259820668434 0.271356095981346 0.0027628427532541346 9.971554261602647E-5 0.19089961495092694 
0.23785486908945358 0.2575406561373361 0.0036419362150610854 0.0022989082592136368 0.0011264208947496714 
0.19739181865744787 0.21372872747062577 0.0012388287794520157 1.3261174299276704E-4 0.08896953851304124 
0.00781003234985133 0.0015454646095007518 0.26649552558441925 0.09132552465816422 0.1607284679096267 
0.15323290263825395 0.0030026049691206013 0.03452893021039987 0.23692507520689718 0.07954584647721764 
0.08583132221872686 4.324121900414304E-4 0.06757021683497637 0.3749909919463891 0.003150246761660182 
0.004215578038010023 0.2739653256343825 0.009023926995365413 0.16191989185250066 0.07524023302186354 
0.43813666201693663 5.642582719972073E-4 0.08711069075192178 1.4416026381055107E-4 8.057330255865527E-4 
0.14754605908522467 0.0849095991505191 0.0539857146861658 0.10044980658629313 0.12362498320621072 
0.23965579333058173 0.17093886928321061 0.0037569140391186108 0.00250060305638934 0.09343332698434108 
0.08491149047953145 0.0028361372132742666 0.08748079742803995 0.24499768700990748 0.0870193602707649 
0.0756523393459198 0.08884414983269742 0.25974880611567186 0.08689895099588588 4.1286649575382426E-5 
0.006342204583242327 0.044464376735928145 0.3254758347401169 0.1305710616152972 0.004150440334515847 
0.12540576070431614 0.11330202033872531 0.18729123233512265 0.08237252394739288 2.974812564068077E-4 
0.07787014963925444 0.17183072247339265 0.0075806161552290415 0.09588799218858253 0.15894972487540332 
0.07495207296883512 0.12463694346941762 7.719820691073768E-4 0.165724530571252 0.14760187191120258 
0.08558141905728245 0.0020788749932407575 6.43014067431634E-4 0.11059811718518674 0.3356354207355492 
0.2730043252632648 0.060007017648679585 0.06436700111794706 0.12880966601944752 7.556423888881649E-4 
0.004803053536750893 0.27258208238591114 0.06861734018574477 0.10615222022398675 0.07589835327169964 
0.008652191940643181 0.004694299298414318 0.0796540949686516 2.648265289063377E-4 0.44637153731181184 
0.32529713598795346 0.00535369646059785 0.09023196454851114 0.08599143777937214 0.002202885923939181 
0.11711287022624672 0.07077154231156116 0.08403245883501152 0.10045307366610116 0.1666885866744557 
0.3444817435463714 0.17962637172129384 0.007649042871297573 7.297333729964083E-4 8.391610573417218E-5 
0.17043086100284865 0.08934824801025186 0.0019496267382269146 0.09639251010158725 0.1592294740534691 
0.5015296919895204 0.002352661270197492 1.0251259531187161E-4 8.793204435052558E-4 7.96961860187895E-5 
0.18523168781481947 0.0020787327447672503 0.19119525726795664 0.0022265796502165237 0.1656444966244133 
0.01374113423691229 0.015454151095658043 0.3082148852834565 0.0010397878650541975 0.1771512185232397 
2.225784043784036E-4 0.0654670836756756 0.34940266701922085 7.441098748000134E-4 0.10682753279381407 
2.3624651052926208E-4 4.86286257487726E-5 0.2559582291493684 0.009067316828569432 0.24400139332979706 
0.1888973290518189 0.0024191857194668003 0.08778466743144944 0.16504789176098975 0.08043250264450423 
6.956145192279307E-4 0.09388467042491713 0.18464195815971546 0.18865604333400796 0.059619558760663445 
0.05212437809053006 0.355637797288125 0.0044618244787290266 0.09982299683082342 0.01009408969264823 
0.26068312593243975 0.07890941437313072 7.769743572499038E-4 1.8608596139861727E-5 0.1991523400202705 
0.18427352141565856 0.016658348027248613 5.999556698488736E-4 0.07642802328901242 0.24482497729818234 
0.004167272439911174 0.2741732960443039 0.0669962652577916 0.009025978093294352 0.1579154031889518 
0.3443629495733388 0.004410215507561541 0.08803925692710926 0.019278302574772897 0.06595410901717208 
0.005512355713055375 0.014559417545538265 0.17808963441856088 0.24416610800623667 0.08491406305197963 
0.002623526250472088 0.09263023024016417 0.17442055746033214 0.09747889383476908 0.14452110004714983 
0.16933034187429802 2.779047270839883E-4 0.009099688745838294 0.34906945630554675 0.004321778719978688 
0.2593466129176153 0.0012226550906848548 0.004827043751927563 0.00709456913527487 0.2528159414015195 
0.15688019545781634 0.2953234010168453 0.0033427776032122682 0.14114518290255998 7.294435625413982E-5 
0.07285553880042377 0.00953336003001124 0.0843830054354343 0.1076902379581634 0.24301711615133087 
0.10378786390077191 0.012423835828751123 0.23064523053968747 0.19057437947489353 0.003258214268267645 
0.14006139364828588 0.09980305902576474 0.0012398612308634246 0.19398155385539778 0.07393306422190689 
0.3532208174516558 4.5489863179038836E-4 0.17258321600374837 1.2628563158394412E-4 8.063909120048568E-4 
0.32214571021853305 0.0815820681657153 0.09899545591299375 0.005762838963620136 0.0014270192915648368 
8.664586445322382E-4 0.41337325548462794 0.0013085318477269016 0.09621463640299037 0.0030364379218952445 
0.08899641484844235 0.27089587150048466 0.004058785572039023 0.07560205448629617 0.07337033467126672 
0.17179854894123237 0.09654172994155336 0.011854759155755595 0.004322761609786481 0.23938885987088493 
0.08784231604048869 0.09065277109668453 0.348267025268098 0.0024665501766024424 2.0134500186096108E-5 
4.004506362583124E-4 0.18082261611170095 0.34114516760410984 0.003590976963224592 0.0015607588031787748 
0.34122398452184793 0.007225049870617681 0.0017133687571851066 0.16279851865355538 0.0017455675330298275 
0.0010129235256219331 0.0026508730558391772 0.06393371289022085 0.44161862075360764 0.0012575945190968902 
0.08475157046436516 0.07117672923876106 0.16960090621611518 0.10493985805286894 0.08339089632379301 
0.08883787475723706 0.09618962062140883 3.2322963344655364E-4 3.3591552960371857E-4 0.3239940740242777 
0.08771266512333882 0.17557293839853672 0.07119840330247659 0.019676552638646275 0.15778759035213463 
0.16894290793092528 0.334770136899228 0.0036510393654236024 0.005748847234138215 5.969521924775749E-4 
0.08334768528364132 0.0020909991580156553 0.15644803436656227 0.09030778381069517 0.17724683479766806 
7.119851482190813E-4 0.10405382109368352 0.0022598369207432072 0.23617748546322034 0.16791284246911092 
3.8592435154190736E-5 0.08748941700891721 0.08665615873695673 5.133583325777884E-4 0.33925052311039594 
0.18951209197042776 0.1431279629310306 0.09077620935969623 0.08411777805639482 0.0010223799208322448 
0.26154923397752416 0.17278285746174693 0.001236359558942591 0.10141252753219403 0.004158699871106164 
0.0034228074417443867 0.1787595180552257 0.22733677742152728 0.0990721460735712 0.0014937828200773768 
0.1740323062919622 0.1796003513664366 0.17460107543242917 0.0011107969973753059 2.0138908364436962E-5 
0.410463082931354 0.002689695991860902 0.008896090603004562 0.09818353905278121 0.008455708468037023 
0.18534604696599422 0.02180505105088302 0.0023690245949436876 0.1526490680501545 0.15065577715980305 
0.1735025729534407 0.005149039413877632 0.07990303218498314 0.09551672400759001 0.1801803484887363 
0.0012580532523920774 0.10322980101705927 0.2638018213931299 0.14350314943615008 4.1865305846667384E-4 
0.005208062362161216 0.3166080420208475 0.08605758896430961 0.02225970635719655 0.08177118272878264 
0.15382629225663502 0.006232167971978039 0.2611635674344266 0.013733747499131435 0.07260294347509724 
0.0022203758419242275 4.255596709737068E-4 0.4232807254812075 0.10380803329405112 2.350324310023951E-4 
0.003282001710531352 0.26275599322372384 0.004945031746888997 9.85413087263762E-4 0.2526103445302821 
0.10174197998221488 0.3084120334964516 0.018028396772400198 0.004084563962545592 0.07717706006148452 
0.2697809570910268 0.1574312325518941 0.08372023781650266 2.449322050113998E-4 0.0022989924332838282 
4.073745177735053E-5 0.441907003575425 0.08398814441779869 2.521246043380117E-4 7.556423888881649E-4 
0.15619166884755428 0.029205788953882067 0.1613825134902208 0.16159239342359866 2.974817405663428E-4 
0.08563455387856533 0.16916365501514852 0.15923613548725554 0.09573641912413713 3.397700626354743E-4 
0.2425297309465599 0.00260516953295523 0.08970053361029912 0.17203880068662028 0.002202885923939181 
0.1417928388131564 0.04395401210942006 0.09927785839691133 0.231225366406442 0.0014488082487851546 
5.07638693936653E-5 1.3981572376530205E-6 2.3934296345795357E-5 0.44432424738025633 0.08182034770048874 
8.680600299942686E-4 0.26045204488541984 0.16368588500439074 0.08526010891418534 3.401002112586773E-4 
0.0914618985837801 0.21046424223691743 0.0022318972012339883 0.3103509498551761 7.512250174933929E-5 
0.0020841300410636638 0.014611566387715713 0.13908315381604291 0.34444330666815703 0.004942303970587313 
0.08958648217682989 0.010677913539491716 0.1986843751601714 0.16425209223973525 0.07748020893705526 
0.07009976834207578 0.3571124213008451 0.08372023781650266 2.449322050113998E-4 0.0022989924332838282 
0.34974047055765434 0.010151815791272658 0.004058785572039023 0.07560205448629617 0.07337033467126672 
0.08229270954082885 0.44728959237098315 1.5742727820476358E-4 4.54591636679271E-4 0.0016216467529664783 
0.09224906180224071 0.09645603621486777 0.08938780459755168 0.00831993141341257 0.21678832591025363 
1.7545756330587988E-5 0.14128488068221465 0.09929949927859341 0.1951548352956287 0.07433884680265174 
0.0016863380133083667 0.005991151711309405 0.007872330535807548 0.13465334181805433 0.36086843011287884 
0.07719552578494274 0.0012377712786551707 0.15846047823375511 0.29360477370773674 2.891356138816527E-4 
0.07811492564049934 0.08640654049708389 0.08983527782575595 0.2786023290046121 2.076865783035031E-4 
0.3233375873245498 0.0794440232132896 0.008115056915102777 0.08890157688395171 0.011032545279695443 
0.24866645341594884 0.061097330690829676 0.00624097692768911 0.18501074785309002 0.009815736222674464 
0.09059298071680096 0.17237323101478524 0.08580933920503385 0.0748453789221498 0.09326146768268129 
0.2401381361932707 0.009039996080258935 0.08609142462253394 0.003331647707481311 0.1730624359136895 
1.379431584991126E-4 0.16486208732989327 0.1759519353842125 0.16649652990982955 0.001490426440832703 
0.07947038695025749 0.15443078066578642 0.0660579862138773 0.209863449838393 0.0013874151183861315 
0.07127510030658323 0.07376136812942853 0.18071255655947083 0.0015644721278780416 0.18773432276856178 
0.24320932872212497 0.003114753066329849 0.08789715669284487 0.10744941306819744 0.07998367649789641 
0.0053288364750699105 0.34861974976228455 0.007644731492043826 8.031450719353025E-4 0.1748012239651545 
0.001574703882341186 0.10233810357997306 0.0033708337849376476 0.34351047587766925 0.07359118066943925 
0.2625691849495688 0.0027429126705088252 0.16720128450628868 0.07177077444142502 7.584856922755164E-4 
0.0013309702240663867 0.08358820805898393 0.17175468979120093 0.25507920465861417 2.7891883798351246E-4 
0.17511661973424736 0.11908324256977854 0.0021747830363245163 0.30240908079416395 7.320011977271794E-5 
0.0010398845809775675 0.08054923693548555 0.002113333938719453 0.41818699966380113 0.006391896999294069 
3.1681320680242104E-4 0.18236082524203626 1.0586130802869619E-4 0.12529747017102552 0.25754755161765364 
0.0713821227119522 0.21423581453405563 0.0057544976138076695 0.17058930346720444 0.04821871543808739 
0.34535222479779326 0.010200487951424489 0.003634022322048337 6.372558797613794E-4 0.1741655428267288 
0.0016830885901659117 0.1744821661334544 0.0933374547307323 0.01241887809004407 0.24002555167581643 
0.07634799332514029 0.17493125114039293 0.001405752099046276 0.018578402962331497 0.2434140877450192 
0.08417381968158007 0.2544856709555379 0.09264321967495633 0.004114329466397205 0.07247892239669239 
0.011881153401190744 0.006893025533891405 0.16657654607701028 3.3591552960371857E-4 0.3239940740242777 
0.26007238283944323 0.008418662349662945 0.007269732049701359 0.1636158022013593 0.07381864778421608 
0.058367023785238344 2.737980193585335E-4 0.35960851110926195 7.297345889338302E-4 0.08582166650606585 
0.021131293564173197 0.14814876840105717 0.009082081240896833 0.33473061320218334 0.004201531537901788 
0.23956379346391063 0.07475995356608593 0.011182353553014512 0.10493240965604253 0.08338497742415797 
0.17910609954923573 0.07005617501582591 0.08608594576008 0.0033314356812590208 0.1730514222118432 
0.08587833500085126 0.16922827414585886 0.25398490432733933 8.609200657488515E-4 1.671533154879228E-5 
9.605369863757555E-4 0.017214785127270794 0.31951634002146145 0.1085651260803152 0.08081419595889226 
8.36321442577725E-4 0.10991892519822767 0.2315794798251685 0.004302193079234594 0.1630272240086917 
0.24530953127685873 0.010581831279622967 0.005818550095773352 0.09880672606875295 0.1499683456957729 
0.0760087660574091 7.480334351341939E-5 1.5495130299063414E-4 0.002296952378873528 0.4220748404378237 
0.25268360190322325 0.07832876604256002 0.1769192792735178 0.008948712694343554 0.0014505770832573936 
0.008757103513002103 0.26248934261951007 0.15705603036431065 0.0139442419088371 0.08523411277245728 
0.002907463054597159 0.0877023245139994 0.1695414053465866 0.00597297145762631 0.24385869359306395 
0.15604962544889345 0.07493709096246938 0.06324906063725863 0.21203119410189317 0.0014053843174100826 
0.07416068506524495 0.0011931404684130701 0.07716971891769789 0.19904287177634836 0.16913330396563583 
0.10138023502184969 0.08896862983898791 0.14934860236897687 0.16867407009574245 2.974812564068077E-4 
0.15647473670179154 0.08901277116178292 0.26225796640449306 2.390558881190796E-4 0.002284632855846661 
0.08483041076953836 3.264163774653454E-4 0.3385964299858573 0.08039172250402386 0.0011506279313049286 
1.9976510911612225E-5 0.159172046070501 0.07616625409154242 0.2656829684030978 0.009907942094430779 
0.15872934258333837 0.2744846958229068 0.07889291451962065 0.02137351292068644 0.001217033708095574 
2.989859439115612E-4 0.089707506155165 0.32240445883053165 0.09548490914586726 0.0028077600603902027 
0.001091311785317406 0.3274363249916637 0.08394357818445336 0.09541857396412023 0.0028086138564287267 
4.792772607022702E-14 1.304562987649728E-11 1.2866574114729128E-11 2.3714725052054074E-13 0.5109107103671442 
