9.954873173654983E-6 1.3306796938538897E-4 1.505294675700779E-4 0.006686110167329945 0.4601992896202069 0.01375107522633551 0.0014511345867232088 0.009221151696668485 4.952654571538129E-4 7.929669962765092E-4 0.004737198011032391 0.01207593603417548 8.873549456260114E-5 0.00388013075574827 8.819861945167263E-4 
2.403496644094219E-7 1.9677355203675647E-7 2.773486663038623E-8 3.725705706261725E-5 0.0015356543785421469 0.053724217256499056 0.0017583724274206627 6.43228619697621E-5 0.034200899016284446 0.013677612952711823 0.0011591258518347887 0.04299269731505792 0.04148111932447975 0.10533923087212246 0.2206859024296376 
1.4400802079305944E-8 3.237612059619017E-7 2.454091178165781E-7 8.760623859131298E-5 3.871167042909338E-6 9.053549936539841E-5 3.539786700322807E-5 8.572648033541353E-5 0.5167520457053437 1.4417789864165396E-7 1.3836371321653126E-5 5.871703067130547E-5 1.2227902435936444E-7 0.0020116143382373926 7.968245489319088E-5 
3.6403641661895405E-4 3.572442255512379E-4 2.838753861054476E-6 0.015537012741776645 5.2028036702528E-4 0.002274790070765314 0.1882061022086479 4.96973263319525E-4 0.035530457026266775 0.014983818643728183 0.00311354968685893 9.894147146967177E-4 0.24565773308704933 0.003751180982647811 1.1000792473810271E-4 
1.815676773068093E-5 1.1752489966885668E-5 1.991524770244296E-6 2.3203848887329938E-4 2.97083441825022E-4 4.5355787654864215E-4 5.264813911463773E-4 0.5063526933803546 4.313323286918193E-4 1.55430084312561E-4 0.002549471931900494 0.006912002757555198 3.6449287338912344E-5 0.0037244456153945962 1.3108024487504418E-4 
2.1653393424750237E-5 1.9024304450360825E-4 2.4830171447759775E-5 0.0028861899328316096 9.027444482339913E-5 0.14115111649742765 0.0018230094153815898 0.15598854716181285 1.7411078457358847E-4 0.0023727481732122822 0.005118326235174173 0.007476561208487438 0.0412773768146354 0.0034012347210801382 0.15998764378296665 
2.1015718862773397E-4 9.265217999683994E-5 6.869168078840418E-5 0.06465608065187625 0.042483333652482136 0.0028865640573947134 0.006457767232955101 0.12923989818814038 3.056125466453594E-4 0.008909441053225024 0.0035706781870187033 0.06234709316214024 0.002029086020304359 9.010342196383328E-4 0.1869744697108297 
0.002575997202646883 0.001997237216462432 8.123785897745468E-5 0.009786900299639413 0.15471838215532777 0.011077040475243076 6.081790891538183E-4 0.011564316463809253 6.045718122870954E-5 0.009805643120977871 0.18478166299282697 0.02420957663271747 0.009160234908626864 0.09590928800504228 0.002079058043924942 
0.0035710028191010337 0.002796617610192418 3.968302686981044E-5 0.012360731053584454 0.23312714589590336 0.002545927990161175 0.0021600411213036565 0.02360648766390919 0.20891510891517218 0.0044031819041046695 0.0024066264978504057 0.004160786004383202 0.012854516074714762 1.2122655061768547E-4 0.0035665440382048764 
1.1640061022462217E-4 0.0025512641716400144 8.291923164328701E-5 0.0013179594766463364 1.512718827584899E-4 1.3805885171734174E-4 0.19400667894858495 0.23144560326220284 0.03942819612808762 0.001291140722900404 0.006942268363673929 0.03246506811030012 1.1494499574298137E-4 0.002696575261314762 2.535148271041304E-4 
2.527595448874101E-4 1.1771024117330956E-4 3.200544942563688E-7 0.006616149570815006 0.19204919600695608 0.11417020493257189 0.02517632293860979 0.002880058719465376 0.06760532923261127 0.025691426876726865 0.01048439676347804 0.024005680993501033 0.002362355536009628 0.020784938326681487 0.024580712292219878 
0.003914649804801767 0.001823054289947874 4.9568900119072386E-6 0.10198522096008988 0.016221451668221497 0.05783899858098578 0.03192293201940157 0.004176740564618092 0.043164369703619275 0.16617194123373716 0.010307425009716485 0.02360047623432412 0.0023224800704347015 0.027532330909343553 0.02558074985887288 
8.527841219054503E-6 6.981718123060699E-6 9.840602001119965E-7 0.0013219168318788718 4.033386056582899E-4 0.11370474420946122 0.003671008403250924 1.3428882478470284E-4 0.008733927109556667 0.019169035685643918 0.0016245031128452937 3.5752179974468185E-4 0.041477268598611026 0.10532945214609199 0.22066541597876096 
1.849316425577509E-12 1.0950493920750519E-12 3.1645600943759603E-12 2.3382677923657542E-9 8.013684322264077E-11 1.9279101294062892E-9 7.102442856185946E-8 4.861334278286344E-8 2.8077711926798618E-8 7.003104999871137E-9 1.2478971310635355E-8 5.3302253244390295E-8 0.5240982403252414 2.8702889404448845E-8 5.814403597030838E-7 
0.008623503371607909 0.07669244788165928 8.390782200888955E-5 0.02499663832175163 0.016623286511690406 0.07286051213197993 0.016066887013039724 0.0010836239381074389 0.04395619654659546 0.1664140817613582 0.010311689840082659 0.023610241236505118 0.002323441026592024 0.027543722767232704 0.025591334224869703 
1.0228732736551869E-7 4.3719014806285554E-8 5.2112933382636334E-8 8.97142590935865E-7 2.8033146699160484E-7 5.987369568182E-5 1.0180191241421436E-5 8.274292648993284E-5 3.6747733064456826E-5 7.186822517644741E-6 0.5123933993229325 2.2184550787122302E-4 1.4316120795444851E-6 2.3087884736618307E-6 1.3991364585669029E-4 
1.5676261373194793E-4 7.300442433367065E-5 1.9849924590833595E-7 0.004084010217241773 6.495899477183603E-4 0.002847178037463357 6.27847464907585E-4 7.182294134892324E-5 0.001685942568993812 0.00657527518567935 4.0464068113065145E-4 0.001124894212692094 0.4457959851502881 0.02757049705896673 0.025098847964836527 
6.70864644271346E-6 2.7144072220860914E-5 3.451978358086668E-5 2.7885291494826256E-4 0.007632534657172695 6.845891335845703E-4 3.0146625700894995E-4 0.005549801026673832 0.0033782811165488937 0.0011105077952489213 0.0028345417208469237 1.5582980601250551 23.551305508386264 0.10521041910434956 8.059619079816767E-9 
0.0025373284596720974 0.05728013577718199 0.027049071645806076 0.040905369245443385 0.008413378841388068 0.0859912698579072 0.005324866305222479 0.04418817970989445 5.611420159984315E-4 0.18274925688830113 0.01106030564179501 0.02513930788028192 0.002472031324442711 4.740520295136303E-6 0.024634934313969493 
0.03603539929700922 0.016781702720334125 0.0027801951970192794 0.06963441400588162 0.013791230229023352 0.019284908390017154 0.08233348917714016 2.259539797736913E-4 0.2445976350680616 0.0018102351557719944 0.024677043660854242 5.429617245815909E-4 5.501851986708572E-5 4.921802975471458E-6 8.825467677696885E-4 
0.002836840144911215 0.011414183696809339 0.014561384413086652 0.022946059367725667 0.003992417806581981 0.0557893142392864 0.008376576321120634 0.023045920466484553 0.007272600506643979 0.009373005041518175 0.17681129514136507 0.024382541449408112 0.0010782108582360072 0.0054239005638399215 0.1519687060381986 
1.590124468908036E-4 1.2566604110533146E-4 3.211316272609716E-5 6.96757585679073E-4 0.0108587114726645 0.0024881065312520882 0.17599387328536223 0.012172396198560318 6.36361660688772E-5 0.00692321043029014 0.1913937709568099 0.025102853971489515 0.009698953604645075 0.09463088734574798 0.0021234394162193237 
6.321232825066618E-4 6.203291269850418E-4 4.929293683155064E-6 0.014194758871083223 5.058208284011436E-4 0.002163167858365341 6.962355802685189E-4 0.005175159017658771 0.0041031396813335065 4.2528492105238166E-4 2.035825207542146E-5 1.904134052159555E-4 0.43645362731121634 0.043756389733230094 1.0939667445879794E-4 
2.6377022858152503E-5 1.5573902657224572E-5 5.568045875802702E-6 2.472295525978897E-5 2.2862319312060096E-6 5.6000046773700634E-5 0.004469331779744903 0.18534866790722393 0.04303973487719414 0.21005870990827 0.0020280673699855766 0.059589201348031806 0.004868083693777893 0.001384382401071836 0.0011485258072971628 
2.1520719221302316E-7 1.274067355187138E-7 2.2095952150939712E-8 2.914567867427806E-6 1.7081281442468896E-4 1.4052386100345962E-4 4.258733511785486E-5 0.11736766551762402 0.0751783712571997 0.002150155503445141 0.19791638620720617 0.010491692489548505 0.0038769064544869306 0.0027727354550131614 0.11169243131444773 
0.001030085079187811 0.06973662589744901 0.05706042871023743 0.020928002200692436 0.08811907459370515 0.21607578745394426 0.014083634411631372 1.490924753480914E-4 3.81368539856956E-4 6.487774046520259E-5 0.018764892187725306 0.012528071685050162 0.008574071672629663 0.013084144853217225 2.621972759884896E-4 
0.002286576869271377 0.01642956325200784 0.015300688672178526 0.059513589758807536 3.9978697052674074E-4 0.07675129382563067 0.004809308836688169 0.13737029501817444 0.042201454028126965 0.021920953789762793 0.010898109198904557 0.0011000399587861981 0.09197722792970592 0.009283293747094981 0.028922922201061973 
3.626450239832357E-4 0.008190056152415928 0.006841174041506372 0.0071309319359525595 0.0016659360079571517 0.012745057405121213 7.193867276226653E-4 0.006882253822607036 0.004460219659115376 0.00755745317380444 0.0018937436650860921 0.04851367903519695 3.0018788620444136E-4 3.460477818763542E-6 0.4046383002143941 
0.03645004178476873 0.009750672126378018 0.0023890919108802283 0.08500950478688907 0.017149721436751905 0.003744017360248951 0.045274340179224444 8.487782014582916E-4 0.02707846111454205 0.01405747617332132 0.006959789575677084 3.5226417427032254E-4 0.048819394525735686 0.0025021315990505105 0.22453858114057976 
1.4124734061828121E-8 4.5581087257853895E-9 2.2108053817995932E-8 1.292950703020459E-6 8.864839144609013E-8 1.3929889773466385E-6 1.6369740587230854E-7 4.769855106161824E-8 2.3083691295878702E-7 1.80076263912315E-7 3.8428049177591143E-7 0.506334894509367 2.5717308255354207E-5 0.001836292021846942 3.35390813429279E-5 
5.875588155256672E-4 2.6474813690080415E-4 7.084402163045447E-4 4.4943301414896933E-4 0.00934430108710646 0.2169699070256616 0.007758385479901278 0.005932453793348837 0.03978037505649901 0.18553343694777022 0.011275422585429077 0.0053304988658667935 0.0023148522192092853 0.0017630227325251301 0.02490871223753137 
7.572124190776184E-12 6.196485440268E-10 2.1513209691101142E-10 1.6321182218701987E-8 1.91576497524908E-8 3.730202242551171E-8 3.148380819343944E-9 4.624817122136507E-9 1.4490472036925525E-8 1.4581558048306578E-8 3.715265141996474E-9 3.932012262199605E-9 1.8938603863402694E-8 7.809571501541869E-9 0.5111975129824079 
4.8477773542166794E-4 0.011179504616451221 2.1142170046800583E-4 0.21066054099048406 0.00894573549495604 0.0029755184406442953 0.0038218062553429313 0.00464190152481218 0.04173661944680995 8.97692315878483E-5 0.005870004447884154 4.1319588858438324E-5 3.5224358218668425E-4 0.008093273890137094 0.22598767345427095 
8.47475153559587E-5 5.995467927994651E-4 3.3947702182715955E-6 0.009813129500034509 0.1864166967777456 0.025326791709872704 0.001435330890230053 0.15181345154212317 0.031242710228432315 0.018387834369150622 0.0027661140207900356 0.010687576711924144 0.07376088715080567 2.8587494288973074E-4 5.70571512506182E-4 
1.5256462938322954E-6 1.2890648180389E-5 1.2327301518520591E-5 7.66051954628975E-6 4.272395862176768E-4 0.5034497135640373 0.0012209805997726365 0.0014292321203446736 8.659710387084033E-4 1.2371703509772922E-4 5.37298986574472E-4 3.1477112710276233E-4 0.0017477118785413869 0.0018496827271421176 2.918741234628009E-5 
8.619827794406393E-4 0.04461991206207875 1.3278881264663624E-4 0.04823349637651855 0.018067238020512487 0.0023442096283946418 0.007311921713507131 0.011138907655388325 0.021899171848598534 0.005523370239432601 0.01967315503270653 0.04426283762355617 0.002128000932287605 0.004009964770465855 0.2830271660386215 
8.101332281360645E-4 6.343716814557782E-4 2.349648980610379E-4 0.08636059266729594 0.005588387172152725 0.06285523771104969 0.014872742166613462 0.03284739323630157 0.016688682847005778 0.013781225920648755 0.23559196619762676 0.03408324890802136 0.001507182060280318 0.007581824616326081 0.005844361743372248 
2.0089803338433857E-5 2.2623851386746456E-4 1.9681814515208143E-4 0.007974033134323807 0.009503213398994933 0.0184043253613984 0.0015533695277916862 0.007265812555294292 0.007995937765279707 6.055322149726979E-4 0.0018075597877877346 0.001913012121234774 0.009266446428967364 0.0038025169506003967 0.4406640904885885 
1.788035656693075E-5 4.164147179533142E-4 1.9638543251522837E-4 0.011429006060472419 0.11250523133873142 0.07865383952133242 0.00487050814036801 0.04042756501157576 5.132814631173359E-4 0.16716232840332398 0.009939359278293706 0.022985563048326343 0.0022602464688370886 4.334388545803678E-6 0.06632645320179065 
0.008307568117184248 0.003662564681015085 0.0030105952600674507 0.08825090320143957 0.04393095839310444 0.09000924745948762 0.018987725525881176 0.001286159765040471 1.366088347643806E-4 0.002330541685987918 0.0014578653309100496 0.06294673434611298 0.0016366627198465286 5.257857091049203E-4 0.18754219691868426 
1.0253022317587872E-4 1.5173912371492196E-5 1.0168639654819926E-7 0.0020921403532642054 2.106114896294007E-4 0.0011295149982715664 0.21223676324533397 0.004217305223318293 0.04358358365716698 0.17280500169327684 0.009233014773795713 0.024022721581368138 0.005669573519239892 0.014596368534262024 0.024585707336673545 
4.116479357365864E-5 2.702433576630834E-4 3.735314067192864E-4 2.047165350008224E-4 4.641742101839254E-5 8.538828102592291E-4 0.22988466992059597 7.395814919124407E-5 0.2339451185208655 4.34745385664081E-4 8.567851070365167E-4 0.012028162461272824 0.008231939409801827 0.0332870579798782 9.721531268018636E-4 
4.134539818328143E-5 1.5775572546350138E-5 3.9027246337273606E-7 0.006406713156431923 0.019926982022747317 0.03621627089546903 4.0536499192654596E-4 0.014892617947024137 0.014427661223150933 0.07093245705251515 0.012778112678523128 0.1502038930170475 0.003423634485684396 0.1846510599159077 1.5816966701620312E-5 
1.9438404415267837E-5 1.1507903731165166E-5 1.9957978608132303E-6 2.6325583415784187E-4 1.2903670939800391E-5 2.4950100428418516E-4 9.840949309005902E-5 0.21587700874043478 0.13827728307797985 0.003954829776697063 0.0017849275416457276 0.009626162205884659 0.0035570743638463605 6.307865651584972E-4 0.1474512813929492 
0.08333269382670472 0.05527253947675561 0.06267639282173187 0.09500386259791797 0.019509469310441178 0.19940193730559772 0.012347633183103035 0.10246631611232844 0.009075946733268631 0.42898923034082703 0.0063145767314425364 0.057952663600686065 0.005916694201908627 1.093022962476347E-5 0.056262715744357886 
7.803733687595849E-7 1.064342164099812E-4 8.200467595043867E-5 0.0024085241961273062 0.03257828205271435 0.0013791119555052948 0.020760653372236832 0.0012262659219004104 7.863600901645917E-4 0.00219074557564846 8.760140188152462E-4 6.185984704049092E-4 0.009751933014216086 0.0020023565072536786 0.4389774956525426 
0.05378312487114645 0.03216844302418223 0.014218477051514382 0.07570247460876856 0.013566023319758794 0.09666672525775397 0.02148626792417997 0.05635228881791652 0.060056068989851816 0.026842669613306353 0.00420449891648411 0.03298025428487275 0.0014500604255280984 1.444249557602171E-4 0.02287564710158312 
2.169158183194836E-6 2.958489624839663E-4 2.2794359856344085E-4 0.006694780435727691 0.09055527537967167 0.0038334084869209445 0.05770674709436312 0.003408554449455589 0.002185782982577655 0.006157560377811958 0.002435956901609292 0.0017201542223556528 0.1379070076078713 0.008616699995666974 0.1919976704399965 
2.3010642704891343E-5 1.4123425515255764E-5 2.394860594238755E-6 4.970492627541834E-4 2.3375680511535458E-5 7.275148092624617E-5 1.111055258924598E-4 0.2443968163341223 0.02148260088048387 0.02893908290784466 0.06136871903532169 0.00952951290610542 0.0035213603649363627 2.1039108971202623E-4 0.14348640768115373 
8.920145218722228E-16 1.140559519636658E-13 1.183319666444461E-15 6.666837842154198E-10 1.4122763485040355E-8 5.68178852202064E-10 1.689999782774033E-7 4.092263797979188E-9 3.454490396370938E-8 1.0297906196969107E-8 2.4398475597837576E-7 1.7954735379303236E-8 7.38123770791898E-6 13.038971972603797 7.759990363845562 
5.488656132551107E-5 3.6032559222350417E-4 4.92645210242557E-4 2.7337471249304785E-4 6.956613458889057E-4 0.0017120952638394781 0.46093497827982544 1.4829130582242437E-4 3.7931920201164784E-4 4.3414593355459743E-4 8.556037221231319E-4 0.012011577334441385 0.008220588735114828 0.03324115985701702 9.708126657830254E-4 
0.005134657285551707 0.03305118342720256 0.029358226377835108 0.0554528127440629 0.0065121794252761735 0.0038527497424241833 0.09222141462117363 2.803080058719825E-4 0.20820726157106142 0.028776481404805463 0.0019763960561101856 0.00866503232392391 0.006383242661765167 0.03258829155435371 8.823834121919892E-4 
9.349699919450364E-5 0.004839804206801203 1.440325236789331E-5 0.005231760169025523 0.10582030717804487 0.0024297615707737693 0.007621594348059448 0.011588493458003219 0.022712556225658057 0.005728520602767345 0.020403860150767762 0.045906858724273136 0.011143549633506682 0.00431732811455065 0.26538182890036194 
0.004946542662465092 0.1124664398624221 0.003649556856654693 0.0579995398757229 0.006657679320731402 0.0060761560268931284 0.006771864355133955 0.23168272080197413 0.039468590573830974 0.001262382386522687 0.0069489369414867195 0.032496253282285684 1.150554091710064E-4 0.00269916552735118 2.5375834741516964E-4 
0.0021487270254610664 0.04852733067020744 0.022582259826940083 0.03393557948218834 0.008679441929181162 0.06104865594901381 0.003445852884999644 0.03296590453969212 0.02129374912481481 0.036189204285874674 0.0012581435508645922 0.22810119220076436 0.0014037324966382698 1.6181816093625003E-5 0.010304264205580487 
8.581598270217805E-7 8.389702708085381E-8 4.954624582276578E-8 1.7576767670709E-5 7.92423838925655E-4 1.4518435715721604E-5 3.279993474093849E-4 2.8995633377309467E-7 1.5597862773340833E-4 2.3851922243529217E-5 0.08746957294482914 0.09455191361712004 9.049890644391631E-4 0.10604990581713176 0.22908150918277032 
0.018945027090138497 0.012353070786837464 0.005177465604371124 0.02904895827215665 0.00505426994717613 0.036014955366513744 0.008005101840565621 0.020995075204695218 0.022374986205341514 0.009855496163327933 0.16848107217317074 0.02437427053158291 0.001142138259213452 0.00542302432914217 0.15194415539394623 
7.955684886589233E-8 6.676750855137051E-7 8.613836722551196E-8 1.0523254405941664E-5 1.4102962871918946E-4 1.0166607858096362E-4 6.844800805061071E-6 7.383243200607383E-7 5.484726367510491E-6 0.5064068118750295 1.9019845415204202E-4 3.1401257012545196E-4 0.0015133460390774392 0.003904799271761616 5.648533838272425E-4 
1.6202029165708305E-13 6.555555633374513E-13 8.336861170834385E-13 6.476910562660177E-12 1.5964017037152033E-10 1.0272995509706505E-11 6.194747533476223E-12 3.608372902100962E-11 7.559048033607802E-13 1.3720113723956417E-11 3.5193631174253705E-11 1.926485084919279E-8 2.9115892494047194E-7 0.5143328547459289 1.6425828751062266E-10 
2.1560737835093906E-5 2.4280323722063494E-4 2.112287690091595E-4 0.005928227627677728 0.007230078776683354 0.014002076624807226 0.001181809098006903 0.018327062424116802 0.008392215191110164 6.328487552125126E-4 0.0018891017412264973 0.001999311200452746 0.009684470855245639 0.0039740546569771535 0.4374821465020106 
0.017752053481114874 0.00782636304370855 0.005802411038260806 0.014085567225232392 0.030775853712720118 0.03633859941102538 0.006585484692065193 0.12777941948700916 3.0666887081931646E-4 0.008940235790104358 0.0035830199371456903 0.06256259066839791 0.0020360993862077337 5.232374372731241E-4 0.18740102166846478 
0.0027306872564830664 0.019620595137103927 0.018272464894585613 0.07107261659378285 0.008888773937932335 0.09853130089843837 0.0061740647288345135 0.08758278701184002 0.042203097952240684 0.021921807703102054 0.01089853372609014 0.0011000828099688397 0.09198081082954644 0.009283655370427567 0.028924048870517815 
0.0037255745535308086 0.08413920714610373 0.006378321961374312 0.043656398933121426 0.015560488707270673 0.022443667677586782 0.003426019083583194 0.03277615784243753 0.023194406111993377 0.03419073634295798 0.0012519845684570337 0.2269845698336726 0.002914792336394996 1.615157239966241E-5 0.012345221324755235 
2.509219128931217E-6 5.4037054569974907E-5 4.700144033369831E-5 0.001211372609977823 0.006112393066926675 0.14237908140841624 0.08184232555054709 0.005821031783838262 0.03903322902177575 0.00103778178594384 0.006752285027932795 0.21672543924232712 0.01136549463446029 1.287329244300874E-7 6.259252248592016E-4 
0.003054492073268126 0.0014224243904947544 3.0849059749082236E-4 0.13619637177052682 0.007535358180623466 0.004418218807548403 0.07953933728483657 2.888712936767716E-4 0.22027206349602116 0.030104121257496685 0.0020630465969328675 0.025089208610931273 1.0699215844262803E-4 4.901146000610243E-6 0.0034043116147183076 
0.005909802738948347 0.05255836508859327 0.003651042456973008 0.016462594745287933 0.011832692978639486 0.05186315411924439 0.07474270465324391 0.001089009128708626 0.04417464179146526 0.16724109519054806 0.010362934938364776 0.023727574976308473 3.0844596653199976E-5 0.027543722767232704 0.025591334224869703 
2.38563506102486E-4 9.496865220821361E-5 6.045458601187731E-6 0.0060236937676816475 0.22281877748335696 0.002945954631487731 0.0037838339984000856 0.004595781060919711 0.043117836933711746 8.944366482986356E-5 0.0059772445603542045 0.005783525057133792 0.0021818540254809234 0.0011648799635341582 0.2257745831727286 
6.331773533363799E-5 2.4159243135075465E-5 5.976763951891053E-7 0.009811456312483318 0.030516851430993717 0.05546281705077164 6.207896017483767E-4 0.022807056722843767 0.02209500633568113 0.10920119336321703 0.01961366588742335 0.22447351084544565 0.005090021835395364 0.014437278057500216 1.5813751271836332E-5 
5.8312306548438137E-5 4.1253075355674357E-4 2.3358428951916514E-6 0.006752129701998393 0.12826792057080447 0.08697850067746107 0.0014367996655430138 0.1519688023753827 0.03112931099978318 0.018400078728513923 0.002485437227195462 0.010687636925783514 0.07376130272000397 2.8587655351055457E-4 5.705747271088689E-4 
1.539285273514711E-4 1.1934476605243275E-4 3.9214883606103814E-5 6.570649582792519E-4 0.01038735699797303 0.0024062967166500384 0.21082363853669125 0.014797058001953092 7.52171372449743E-5 0.014903137179956416 0.23975463088311727 0.013249576696683835 9.521715648474176E-5 0.008886183061186067 0.0020674162143464194 
5.886820740295046E-4 0.03047269968985211 9.068672310073725E-5 0.03294055909452064 0.012338830198907068 0.0016009533124302115 0.0049936000371631215 0.0076071998390180055 0.014955809107610265 0.006683047437596519 0.013793195668351165 0.09792374926084715 0.0022079802816421163 0.004009964770465855 0.2830271660386215 
3.223641376761887E-5 2.280566976453959E-4 1.2913088595286876E-6 0.0037327360169751226 0.07090952159811754 0.07170883143458293 9.468755438946288E-4 0.10015003890596189 0.15570062252518382 0.01823749012865085 0.0027434974742602735 0.010600192000311063 0.07315779685019462 8.522163951364362E-4 0.0033515120442903627 
2.30946269550039E-7 3.149849317825634E-5 1.3887507074278183E-6 3.5213338112046334E-4 0.004784157921885983 0.10779319396826258 0.001497026978839213 1.59059416118605E-5 0.01881650100206391 3.2498227498606636E-5 0.016616465997187583 0.13366048672895878 0.2141362240528645 0.0011497099068499069 0.014031480454669596 
0.017109603381863403 0.013397608553060382 0.023643832258299767 0.04269832240443632 0.007470529046195157 0.05323237044615798 0.014974303525704731 0.03307169793158318 0.016852802181677538 0.013878462919264445 0.23725424615899815 0.03432373207301482 0.001517816372550715 0.007635320137984825 0.002212308664424905 
4.021274431989308E-7 1.6089425242540233E-6 2.0509527719300666E-6 2.9371989801231652E-5 4.627793601345157E-6 2.3306468718365484E-6 8.101574776794354E-6 9.023432814032945E-6 7.807298154043073E-7 3.7049008487431925E-5 1.4291625630057222E-5 4.0130017256214416E-6 0.001525444662399529 0.5063584917613638 0.0012524991828839747 
1.2669505566751106E-11 1.0367818171207289E-9 3.5995411997085944E-10 1.634043371028713E-8 1.981207262813442E-8 3.826502559415861E-8 3.2426198806720297E-9 2.168921764278245E-9 1.4461194315991714E-8 1.455308988647718E-8 3.7080116805384403E-9 3.924335636627452E-9 1.8601753116585602E-8 7.77723714442076E-9 0.5090809765065035 
1.7220299241765E-4 0.001939239943358078 9.397060429988078E-4 0.03803234153140072 0.04752372263899841 0.09100001214022423 0.007680620892726777 0.11910825428097793 0.05442498736810261 0.004111581816990135 0.0017460834150106708 0.013618410804183271 0.06132333610511893 0.02516423386187595 0.04440793126978085 
4.5372579317786994E-4 1.7563592284963313E-4 3.810016339306167E-5 0.010991952247270552 0.1654250124190821 0.10887534003097037 0.1421260038195154 0.0038460539857826884 2.4887490289467586E-4 0.004524474874835491 0.006741323189621304 0.010700502364351376 0.05907644649492352 0.004658518905127526 0.004908150217599312 
0.00530466489296215 0.11626744445630224 0.0037788353188246233 0.05814988832251998 0.006822715932966017 0.006226777310643578 0.00172065962958809 0.23133643182998265 0.03948202129209324 0.0011709073742578392 0.006938297326325467 0.032446497811482386 2.9361943297557473E-4 0.002695977772392458 2.5345865500205425E-4 
0.07057758603239203 0.02877489760448824 0.009224554416934505 0.031780625631781786 0.019658746819346363 0.08398304070121251 0.01961329701540354 8.917530670591629E-5 0.021993334141857744 0.17505004362681778 0.002727578753567007 0.024999742127867475 0.0024601792896677033 2.3715044774214243E-4 0.02559028031939537 
6.091804036078267E-4 5.137778760706204E-4 5.9110460369254615E-5 0.0014817004534078387 2.9334945491015993E-4 9.511466872258991E-5 0.23297788791810214 2.2162420412694751E-4 0.24365217755541646 0.0017894988959593176 0.024394367906199588 5.367420931964843E-4 0.0056957226288361675 1.94849931336124E-4 8.824778857662054E-4 
6.382658775687754E-4 4.1539593221763896E-4 8.466417836946997E-4 0.02347171421408267 0.3150765604572257 0.14433558366635058 0.001169363503968916 0.001353584348774785 0.010352817845364454 1.1799136175909393E-4 2.832457825736598E-6 0.012633049017405593 1.7033717113380578E-4 0.0018512530329144374 5.615606873486932E-4 
3.922479638073074E-9 3.2877459762093235E-9 3.196773804614867E-10 1.0343472763026157E-7 1.969909273817002E-6 1.3357958431441837E-6 1.9061382409755093E-4 3.8036589963098375E-6 3.478178182841361E-5 0.24187835103905964 0.0014666706294061966 0.0060839379738596945 0.2707330661246734 0.0029956971366463503 0.003860595498060662 
1.0430833963345468E-11 7.391498452225828E-11 6.121099477131943E-11 8.956934493645679E-8 3.938112260647282E-9 8.806273019610775E-6 1.7605919937268235E-6 2.934645160959608E-4 0.5174397716328889 9.814749441429148E-7 8.494941456620785E-4 1.9348282645792635E-4 1.2267140019486964E-7 1.517112689841747E-4 7.965167850138466E-5 
0.017848684868319392 0.007868965006263716 0.005833995836512707 0.014162240490214651 0.03094337875087006 0.03653640465501546 0.006621332067237051 0.12847497296618013 3.0833818971987296E-4 0.00898890099873796 0.003602523719470151 0.06290314337852956 2.80323950648371E-4 5.232355631058069E-4 0.18740035042278358 
1.4069466212498634E-4 0.012416793947384628 1.0848605789914505E-5 0.14450027648450692 0.02365108159306693 0.18443933299675278 0.015618066527373553 0.007441849842837729 0.07690751985320887 0.0016460052741012815 0.009882108674381752 0.022722182899550098 0.0025150976948575604 0.01541241438107378 3.820178612470262E-4 
0.002830117045323735 0.06391599494325986 0.02974339583430281 0.044697004690426576 0.011108335427002408 0.02227326436809101 0.0034000070699219307 0.03361736087670467 0.0211192466558507 0.03589263342553838 0.0012478330529503813 0.2310230026897604 0.0014056750125466277 1.6204208846705286E-5 0.01031852347306286 
2.9442051691867892E-5 2.313798307370016E-5 4.0666772535826176E-5 3.8030119085961624E-4 0.010409294161183929 9.336465526999043E-4 4.1114139533297037E-4 0.002275232719897489 0.0033711491155352727 0.0011092736769538558 0.0028454114480010754 1.5575666767351921 23.540251760647504 0.10516103885101903 8.055836317279588E-9 
2.959197541669752E-4 0.006063831851930045 3.963398834344017E-5 0.012317712259297276 0.23249443620907276 0.0025390183130613348 0.002154178745490883 0.023542419391809847 0.20070109800601446 0.0043223916614817046 0.011256406392699042 0.004159061829413284 0.012842076248829215 1.2117463487328491E-4 0.003788250441881327 
2.6343617667440918E-5 2.9666497031220496E-4 2.5808624796152553E-4 0.007243303233106733 0.00883394772735502 0.017108197130143648 0.0012150028749983925 0.022246990060531567 0.0013252688370336064 6.672247461020816E-4 0.0019917166926046725 0.0021079126680958286 0.01021052590259803 1.8938498368007784E-4 0.43750422330138966 
1.4146419973803221E-8 4.565106857160297E-9 2.214199663822456E-8 1.294935789253666E-6 8.878449462546463E-8 1.4037788150531392E-6 1.6445174606077679E-7 4.791835255331414E-8 2.2476811443253984E-7 1.8051180394536762E-7 3.9726527162746163E-7 0.5091566307878839 2.5860627355966963E-5 0.001846525430352231 3.372599013313714E-5 
0.003638040339562764 0.08216231492301063 0.006228460137029694 0.04263067028096911 0.01059479909758643 0.0322284806255806 0.0034567748323698273 0.03307039300348011 0.02136124161942116 0.03453421656336141 0.0012539098231066114 0.22733361814422265 0.0029500343138848225 8.422150077952675E-4 0.010318422677212499 
4.5856083155876534E-7 5.868717198895791E-8 2.7203980973656035E-8 9.650742359023162E-6 4.35090140115113E-4 7.971527255376043E-6 3.222055336984407E-4 1.9492699200874427E-7 7.338958394966552E-4 2.7489947748017426E-5 0.10081091013312679 0.10897348810177473 0.0010430229412939222 0.12222521689571642 0.18497619473531052 
3.774884911889442E-4 3.0904869972155693E-4 1.6219681044752173E-4 0.06797466606429246 0.019393316584610288 0.02407521564767684 0.002869586260188419 0.03166498523951304 0.010753481994703879 0.023601511383791626 0.0020001386266674482 0.002793585636362478 0.004169214798821565 0.10506995488368097 0.2201217686874425 
5.934930381417696E-8 3.808140030950391E-8 8.098470733762935E-8 1.8970246196240416E-6 9.647660793725465E-6 2.2472787114806504E-4 0.005622731679965219 0.22673717479915126 0.03823218245036137 5.612724024022498E-5 0.006590348973794561 0.2177689044371988 0.0025094083558039357 0.001804731662932196 0.01405034252137026 
2.3977715175938774E-4 0.005362863356152609 0.006547641916331663 0.10378172342711461 0.004253892205411494 0.0041191922325167375 0.0018148850607109463 0.13457577675092577 0.013714587376740028 0.03837764233477291 0.024201430012947726 0.02043684631680844 0.004832475173432127 0.0010425776441207453 0.1495928880352719 
2.147513228407436E-6 1.2679657652866001E-6 4.5332834713641723E-7 4.335436850197868E-5 1.6112528880000713E-6 3.6693920058107333E-5 0.004367246060769195 0.1686609143087563 0.0392251908910447 0.19144153694228405 0.03167619399528659 0.05830143079114737 0.004760959158023277 0.01243571281628415 0.0011486112432722302 
2.178485002248375E-5 4.7954902163902115E-4 5.558901547438694E-4 1.7308989941756885E-4 7.288092581378368E-4 0.00178710494954639 0.4811292914014892 1.547881897737665E-4 3.95937794870601E-4 6.73562363209466E-5 8.923799632109554E-4 0.012527868524480037 0.008573932631815315 0.013083932675126711 2.621930240852906E-4 
3.26635305355611E-6 0.0026638311585959105 8.290159913912239E-5 0.001317679216862204 1.5123971528600047E-4 1.3802949395280841E-4 0.19396542406106693 0.23139638710953803 0.03941981185077759 0.0012908661660367851 0.0069407921129488745 0.03245816451945256 1.1492055306453422E-4 0.0026960018433804297 2.534609180029953E-4 
2.513470725737325E-7 1.4880222946780597E-7 2.5806539417932527E-8 3.4040130990153513E-6 1.994975187503408E-4 1.6437842358825601E-4 4.9773747041125966E-5 0.13717290546861427 0.08625949640226208 0.013999396851873496 0.24134042630962044 0.012793632637805743 0.00468129667586805 0.0033807755545360173 0.021758137928364358 
0.022368075974345033 0.013277439849251773 0.0020400441084531145 0.06729883160568599 0.013476514675659617 0.061681114826145196 0.05885330893507008 0.001015451154235182 0.03985166018181093 0.017278227508125334 0.008554368238976423 4.3297249598442703E-4 0.058977897411615604 0.003066779003217406 0.15656535243175315 
1.9662193076777843E-4 1.5178426197116665E-4 4.674495346597296E-4 0.05201620190560704 0.0018741120069030515 0.04337112635178873 0.0016072110458770462 0.06429025577385446 0.15753848236055698 0.012839129961191558 0.025637937783927645 0.12211356873838287 0.023056000953095415 2.529920479100384E-6 0.013823819857834617 
1.7961939291178848E-14 7.239255424198156E-14 7.475925151835484E-16 5.229967348948708E-10 1.107895431874189E-8 7.104303762227824E-10 1.3548915955196142E-7 5.074710035983727E-8 3.6396112840438584E-8 1.0849755331752657E-8 2.5705952806424605E-7 1.89169023475023E-8 7.776787013266671E-6 13.737710654421095 8.175836448118233 
0.002602930464059862 0.002018119270216 8.208723897298508E-5 0.009889226941889687 0.1563360355548349 0.01119285613936543 3.3578104192505956E-4 0.011667401436401442 6.0996099969775334E-5 0.009893051179684857 0.1864288172128595 0.024451659796326353 0.009242475049436136 0.09213156656918901 0.0020790453618439674 
1.6793993940610904E-6 1.6418458660794055E-7 9.696088373365772E-8 3.2045084489762296E-5 0.001450370806022619 2.6492839627319328E-5 6.003042831603416E-4 5.306779738076942E-7 2.854720262384227E-4 3.5852882421288635E-6 0.1777865667414568 0.1478388228834486 0.001632118243715066 0.18973301946833507 5.278307299965085E-7 
4.4090884615862906E-4 4.3268236938366844E-4 3.4382046198306474E-6 0.009900908459709059 3.448437309526091E-4 0.0015077391822831262 0.14591278441012284 0.04363844742370877 0.034576602983584066 0.0035838184931969094 1.7155623598531816E-4 0.001604588004853074 0.22502239164566434 0.0439403155742617 1.0985651302131571E-4 
3.2889730410402894E-4 1.9857952509565462E-4 1.8094774121246046E-4 0.00821336741095902 0.010072933828551801 0.019507670062855826 0.0016464944864217458 0.0011013063071778077 0.007390940216231197 0.0075013035073244255 0.0018881778438458814 0.001998333403259073 0.009679734499833672 0.0039721110778633975 0.4372681884073253 
4.8278322498297705E-4 0.011133509025012787 2.1055185278784694E-4 0.19794420241352106 0.008432587223145858 0.0028048357565411417 0.003602578526529762 0.004375631216829849 0.03934250952120288 0.01641840147355327 0.005870004340628203 4.131958810345222E-5 3.522435757505357E-4 0.008093273742257856 0.22598766932505382 
2.094188525744835E-6 9.75264599948568E-7 5.234974718733961E-7 4.954103004407379E-4 0.006158221292333904 0.22744733015364355 8.023680456002398E-4 0.007755768251155004 0.023593214675781817 0.16593099419112606 0.0011417752895203992 0.0730720464881875 5.436425525723653E-5 4.863274292561036E-6 0.00992383826444682 
6.5267813785360734E-15 9.088796476718118E-13 9.838650612434744E-13 2.4666382407361338E-9 8.438097941521074E-11 2.030014390407723E-9 7.478596115653027E-8 5.118795939177261E-8 2.150275997642429E-8 7.054643660616226E-9 1.2482363848465654E-8 5.3316744014989126E-8 0.5242407218698204 2.8710692582749326E-8 5.815984302977869E-7 
7.535207766798677E-5 3.342659330707358E-5 9.397555167723372E-8 0.0019334940617254874 3.0753554463883593E-4 0.0010965447663857898 0.21519023718037053 0.004273002226490721 0.04415918226070106 0.17508719855071672 0.009360951192068532 0.02434030761421655 0.0023966426882819415 0.014686527012726582 0.024737567709357776 
6.538351380756589E-6 6.402084472759628E-6 5.092984629723237E-8 2.7874824996729095E-4 9.334306678572813E-6 4.081181896464694E-5 0.0033765899852011513 0.20569532739724355 0.035813409646582285 0.015103144740334284 2.9017826935018114E-4 0.0017584145070163044 0.24566001027580986 0.0037512157552033703 1.1000894448540165E-4 
0.026630643080255496 0.020900591271523525 0.007862820672264337 0.04411555132635219 0.0076757280995375975 0.002167085145161513 0.0082122758553481 0.021538432941729257 0.01850624842584256 0.009833065287400798 0.16809761324189448 0.024318795268942883 0.0020900570110162307 0.005424928120930742 0.1519974964851536 
1.1836290457078817E-7 6.376182721114625E-5 5.309741469820779E-5 0.0011811481468674196 0.006034323677023875 0.14056057139134615 0.08079700985275115 0.005746683751080357 0.03853468445137586 0.0010245269134260277 0.006666042738405829 0.22027009948129553 0.011363534233762802 1.28710719667078E-7 6.258172608605499E-4 
0.008784261667979142 0.06149483122239185 0.0540323187912757 0.10596739123244109 0.012308209441968603 0.007216692443842285 0.005626029732329749 3.173950543708415E-4 0.24252950223289296 0.001858008321663779 0.0021356161838525893 0.010149987332229838 5.5010476357594846E-5 2.2957332934734133E-6 8.824132221318126E-4 
2.491139836620594E-4 1.1601250156375597E-4 1.651078424111722E-4 0.009608750034972613 0.1259086424946574 0.08590434923373888 0.005319483890197936 0.044154280128717284 5.605970456264526E-4 0.18257177431229393 0.010966893676608797 0.02511043382175279 0.0024710722585408232 4.735093567679883E-6 0.024606733385357096 
0.037033518438212676 0.031037181032779474 0.003583116537989001 0.08981668161246258 0.01778205205529695 0.005765594454455012 0.05188607472203457 5.300757603469357E-4 0.24487176931267088 0.0017984561649852903 0.024516472991901385 5.394287354387236E-4 0.005017099002982382 4.937429573664829E-6 5.157750542550345E-5 
9.991565816033737E-4 0.05160664454429148 0.04044465145756374 0.07931945731996573 0.00921302753765016 0.0054018894079882205 0.09724794590600505 3.531854916099721E-4 0.0018248646957317114 0.0010630270168337792 0.0012275370612883293 0.22370557271909838 5.500905027296102E-5 4.293380390487417E-6 8.830141668888116E-4 
0.003941272446647069 0.0018354524670124714 4.990600692053312E-6 0.10267879922290257 0.016331770066930932 0.05820923742003488 0.03274667059157089 0.0018362863448367524 0.043104240225727605 0.16614896651989444 0.010298096987836403 0.024173827653532882 0.0023233735084941865 0.02754292235967025 0.02559059055279531 
9.749444256867186E-8 8.237601099131554E-7 7.877601740211866E-7 1.7179689104360437E-5 2.345650188196494E-4 0.27640624920165585 0.002986308541813077 7.912363393769127E-4 4.794097088363925E-4 6.84909138101971E-5 2.974537706202584E-4 0.22712072597463157 0.0017477118785413869 0.0018496827271421176 2.918741234628009E-5 
1.307092408297701E-6 8.039508247351686E-5 6.564959879080896E-5 0.0018777687142380532 0.025148492432956474 0.5126408180520375 0.0070465484393511055 0.001523237149118952 0.011650398258811876 1.3626909399598716E-4 0.021528996527728765 0.01476281089948294 0.014681884438154902 0.002201752496722877 6.721455854934029E-4 
1.8491917510366495E-12 1.0949755676184649E-12 3.1643467506391445E-12 2.338110154408622E-9 8.013144067281397E-11 1.9277801563487437E-9 7.101964033962863E-8 4.861006543880957E-8 2.8075819024213404E-8 7.054552805583389E-9 1.2482203091150063E-8 5.3316057361663846E-8 0.5242339703015922 2.871032282475121E-8 5.815909400336396E-7 
3.36641008638103E-8 7.840015390007282E-7 3.7163514183113304E-7 2.163111232204997E-5 0.0010297835145991556 6.646441213198221E-4 0.22144228853450662 0.04335541599688234 5.504544077925194E-4 0.17926858283100652 0.010858460027337083 0.02936084406930788 0.006544089991073544 4.735005921901758E-6 0.024606277918899293 
5.842974374954791E-5 4.133615637225045E-4 2.3405471311939712E-6 0.006771163375917773 0.12862273488187664 0.0872191003274642 0.0014407741361761209 0.15238917798979457 0.031215420800171208 0.017274218256483318 0.002485437227195462 0.010687636925783514 0.07376130272000397 2.8587655351055457E-4 5.705747271088689E-4 
4.1845112925123926E-5 1.5966241556900495E-5 3.9498943096409916E-7 0.00648414690121854 0.02016782639998744 0.03665399323595299 4.102643730231941E-4 0.015072615263769422 0.014602038912574979 0.07178977119197806 0.012932553355332582 0.14800984540727904 0.0034229384953278117 0.1846135222180104 1.5813751271836332E-5 
0.012687265474366528 0.009934714010641683 0.01753258506333476 0.03197889651788205 0.005564054108236596 0.039647498542686226 0.008812513033210042 0.024245284312773632 0.0076197028230043625 0.009858840427468592 0.1685382428319292 0.024382541449408112 0.0010782108582360072 0.0054239005638399215 0.1519687060381986 
3.843330146205851E-4 2.2753242696649833E-4 3.946059522340146E-5 0.005205052132718788 0.06985732157267682 0.06606270745663748 0.025167582321095155 0.013284682093155802 0.11509291217014382 0.00323835056789575 0.06199112689410246 0.009626162205884659 0.0035570743638463605 6.307865651584972E-4 0.1474512813929492 
8.38861989687541E-6 2.1928028918083455E-4 1.0145379678475443E-4 1.5246009083871802E-4 3.8993543801038614E-5 2.742691821854252E-4 1.5480951021910376E-5 1.481036975761661E-4 9.410333971954117E-5 1.6235750007260097E-4 5.644065740096921E-6 0.4947232496719365 0.0013918547659971324 1.7047494967673894E-5 0.010408854028867503 
1.561898167571473E-5 9.246733099234227E-6 1.603646551976678E-6 2.1152909271229773E-4 1.0368248116079645E-5 2.1670816301833928E-4 8.19326305853184E-5 0.17973236781950575 0.11512529123995742 0.0031552677959119533 0.06199112689410246 0.009626162205884659 0.0035570743638463605 6.307865651584972E-4 0.1474512813929492 
7.313238080723541E-8 4.498139342833082E-6 3.673123206999891E-6 1.0506196486629204E-4 0.001428202191350865 0.2969979127471146 0.0038970290020639417 8.424123382148195E-4 0.006443145930373544 0.18052513033933534 0.01884162360873725 0.08904848695276715 0.014355891296444042 0.002206610931934481 6.73628756642179E-4 
4.1013779166568367E-4 0.00898938460282124 2.9216608475819873E-4 0.17884106041583714 0.003770204298327217 0.006293075841289536 0.001738568316336986 0.23374418965727725 0.039892951576836776 0.0011830942199401407 0.00701051137217811 0.032784202117094347 2.966754344985528E-4 0.0027240376051319067 2.5609666171655767E-4 
4.535511973578572E-4 1.7556833732014658E-4 3.808550227092524E-5 0.01098772249232823 0.165361356095972 0.10883344428786365 0.14207131306453713 0.003844574006113122 2.4877913466107566E-4 0.00452273383561582 0.006738729096739744 0.010696384760695284 0.05905371360035524 0.004861242510331352 0.0049081998107716 
0.010253468966366162 0.08847617281595938 9.710012123149774E-5 0.02892670258042021 0.01799806566697086 0.0836053199495222 0.018436285856525268 0.0012434269729853981 0.020770208381150106 0.16531490222479336 0.0025758886179864616 0.023609419568749578 0.0023233601677581676 0.02754276420909521 0.025590443612446764 
3.943983691634364E-9 3.3057702547503977E-9 3.2142993500505947E-10 1.0400178370914314E-7 1.9807088288035643E-6 1.3431190233792331E-6 1.9165881865740276E-4 3.824511644209295E-6 3.4972464602681044E-5 0.2432043910688341 0.0014747112992583452 0.006117291704184655 0.27221729520727916 1.4885793364238556E-4 0.0038606404892901148 
0.03168659490176799 0.026065714771722835 0.0030192002994952664 0.07764200876174923 0.015242886047630654 0.0062202432339774506 0.08314939709240216 2.281931371618309E-4 0.2470215472391713 0.0018281742132180135 0.024605065585905316 5.480066687952735E-4 0.0012119829943901827 4.9786389792767935E-6 8.927382426623907E-4 
0.006188346831203592 0.04332194990475913 0.038064750506401596 0.07465203047566421 0.006259937227402419 0.08132468393718324 0.005626209773482766 3.174052114752774E-4 0.24253726353052205 0.0018580677806386624 0.0021356845266837575 0.010150312146621042 5.501223677303214E-5 2.2958067602855065E-6 8.82441460641296E-4 
