0.04980381513425473 0.006601036003606969 0.36064744329218634 0.035132234045458226 0.06101365827527839 
0.009930199373781444 0.18226543564783912 0.20370197098301393 0.10356994095710702 0.02908107872136981 
0.014008335790433061 0.3878340527941909 0.08460735624340404 0.028642904001543415 0.006488913248838517 
0.004976986749697217 0.3982704091181419 4.0318289061347205E-4 0.029338053199843145 0.10919962464934911 
2.7100784953176197E-4 0.023575579258890172 0.09813046882915377 0.15185724530526973 0.2484217108940332 
0.20039546793569363 0.04424084529683038 5.317554079143521E-4 0.05917759703490096 0.21930950031240662 
0.1177491135452458 0.19236865478850518 0.15414963504310533 0.05208023092246235 4.5528852594663133E-4 
0.006284206951756655 0.26563650914596315 0.0652515017827571 9.624313149420228E-5 0.17872649177881658 
0.10683068092210882 0.10965543282559606 0.15119585517850292 0.09166621969640239 0.05433976169072451 
0.005972504892342292 0.4587775309316703 0.008500347928685483 0.033508830914191955 1.5855077110700494E-4 
0.0016789104456064467 0.2156623349872708 0.23320307204653118 0.060469602960738486 1.0422703301894674E-4 
0.06865214349067043 0.3288003251592265 0.10893589598632791 0.002395399920030353 0.0038851879917564803 
0.003272864274877069 0.15488545751407257 0.2423071067924889 0.10935369078248934 0.008645843122258688 
0.00544913319173387 0.16051401990988134 0.24547609949335772 4.8175879566785126E-4 0.10346003916621 
0.1435988438056631 0.019829554434266598 0.16578969905444493 0.054503065344385045 0.12170148315758945 
0.0023409428281804773 0.3318297071544806 0.21552340580249985 0.0017586036959122682 8.863392549183409E-5 
0.10279294363964624 0.10480907482356457 0.0014786073584240405 0.12068911114675535 0.18018273831413623 
0.0016863054861283307 0.18228552466121176 0.0012440074505783549 0.34428050192861426 0.0012540770430366983 
0.16441038760052257 0.25254136486646195 0.08298871865502205 0.008171857514546079 2.5301665889419344E-4 
0.29775534881200605 0.07916958769028896 0.10401058063882469 0.03127574548233378 1.2893227061359127E-4 
5.883628076977574E-11 4.513953851678286E-14 3.8036873959852566E-11 2.5646737458015757E-12 0.7053952771971553 
0.1016852137438008 0.3588162819193428 0.0025260419726134704 0.011453794086933457 0.031151059916974505 
0.34042659795670305 0.002374531541469159 0.0016853128026569364 0.12162841417042639 0.047613485457775724 
0.07618585968153976 0.14004396056711976 0.25866892357365073 4.440543184558199E-4 0.03116347353274588 
0.137558330993216 0.0033699555809394433 0.0016975701331853458 0.2724885272130221 0.10506374561817668 
0.1586552224619659 0.15995710165576624 0.1586052035864423 0.03734823515722296 2.3823406506269778E-4 
0.18343736894261325 0.23713337483140862 0.08370903089646892 0.0012358918679457288 6.492049821277094E-4 
0.009436024418211902 0.007496120934976878 0.37483598346062713 1.1700095562711575E-4 0.1265101881607102 
0.20286572424173926 0.12086536510243023 0.17933236260381813 2.967596301644613E-4 0.0017673881426256523 
1.0421158856785918E-5 0.2786036826504481 6.908277673800016E-4 0.20932589019205283 0.02261131364611964 
0.1351889818294118 0.22086045315966318 0.16013315538167908 1.7584476573163032E-4 4.5529804956387316E-4 
0.14037986533524643 0.14982481142166387 0.13321137730129626 9.657330691004188E-5 0.0959432928500113 
0.22734881322816566 0.005310520934406468 0.005954364947872925 1.6012374366658477E-4 0.2747924754411639 
0.362763340307884 0.03180650391868844 0.0624377502774053 0.0025753182377509453 0.05537336275777163 
7.400207354927427E-5 0.1590294054519912 1.305859183011842E-4 3.8556738888486237E-4 0.37566599580259624 
0.001085382061687474 0.36028342721936424 0.0010362176592198819 2.876653666467193E-5 0.1628870069095716 
0.3402351009117079 0.019638428527277495 0.14800514395213107 0.0038201495816793433 0.0028257568375973934 
0.002694165119706644 0.18394976685702566 0.22390793202658557 0.06877609687153702 0.03084896097882251 
0.10429292154069564 4.057518634892611E-4 6.632057185855099E-4 1.8297657845119244E-4 0.4157258532586536 
0.0015079478954116861 0.07136232366280894 0.11265985111969261 0.05111588901448668 0.27597345858524175 
1.020720918789196E-5 0.27288386142184384 4.156372256699109E-5 0.20455240043572892 0.05720772407612726 
7.392012363576495E-4 0.15363596850388783 0.35037962391659816 0.0010442478337700507 0.0038928064050850965 
2.944760880617879E-4 1.455088139274681 4.592482271879418E-5 3.259641942610801E-5 0.12418512897470466 
0.13926847704253073 0.295974408867091 0.023914992504932852 0.04453479559659758 0.011380015109668663 
0.14277852838920452 0.2071009462088907 0.0017201120626126648 0.12413986414935428 0.0379888911189691 
0.043935987181592744 0.04111999264467254 0.22589180917679164 0.1674341154551284 0.042950739658515244 
0.2643041374457233 0.14545674076163653 0.021777943431689463 1.9367937430049116E-6 0.08503919439058892 
0.2898994174239593 0.13926477255026318 0.07681320926286338 3.048569708580882E-5 1.5617768451374356E-4 
0.06235470857237224 0.10966857827599119 0.2781474161792313 0.06041945846510271 1.3722051514941506E-4 
0.22271303828553785 0.12056054332955644 0.009768047686846273 0.12603482189402748 0.05826971964564424 
0.22868053495357646 0.0061714671081621085 0.08885608197284861 0.008896699482891846 0.17625509936080805 
0.13856825826213362 0.07413020355597774 0.0427258448052545 0.0658025419915789 0.18695695022738695 
0.10556712210957607 0.010595219647590262 0.31737515793725496 0.09124767182608426 0.010937680336584028 
4.59090314018086E-4 0.382206199954248 0.0022496416637392226 0.13222574097002174 8.590930575705513E-4 
0.07706591657256523 6.878958069800001E-4 0.3040218424236296 0.07337524818400494 0.05892104103471855 
0.0012613391545204839 0.2576955969280003 0.09987611229056444 0.1551471115832513 2.3796294216519014E-4 
0.0051135640791564515 0.34791662786178346 0.07010035738333259 0.0887847938899594 6.543467987437643E-4 
0.0018539145424651716 4.5417893731739266E-5 0.14072652427114385 0.2724885272130221 0.10506374561817668 
5.361091630717997E-4 0.4463266588766509 0.09058866193741122 0.0013173746109994956 8.950225033739289E-4 
6.283610581407699E-5 0.003664373712213444 0.39812281579097236 0.11620746619830086 0.0010204151511304987 
0.3095610673505295 0.16745692777762322 0.005298960523797247 0.0019465170035956642 0.038450441128909996 
2.6672266417871186E-4 2.647224026852139E-7 0.3051324332504994 9.704264996401571E-4 0.21697707017754989 
0.0010777951186055816 0.0660993897636069 0.3912296950077328 2.057380546549907E-6 0.05477862847133163 
0.08733743106744724 0.12587205987397979 0.11262520991366899 2.5863702686208394E-5 0.18508282247708518 
0.011248245780873918 0.31141834499718446 0.06793700209169137 0.022999336174349176 0.10275435379665204 
0.09928286534019205 3.3222867473693376E-4 0.0011236607623983132 0.14150200312996133 0.27883071564907796 
0.004670022691323298 0.3177389628157824 0.1515751885997424 0.03951304460686136 4.5780417345936186E-4 
0.19078612162343872 0.14032796066008607 0.09075351664004774 9.622013316634419E-5 0.0955924231013955 
0.3614563193593355 0.09043394502778801 0.01563717201777195 0.05291165393483926 6.03834269070361E-4 
3.1749289230014437E-4 1.5688205617327395 4.9514393135723656E-5 3.514421680327456E-5 7.3368985393525E-5 
0.36033787740674805 0.047759459708324056 0.008956734932185092 0.03513238379086107 0.061013918336019914 
0.0028429326173896002 0.004384071600809344 3.4222698324182916E-5 0.14241853317690376 0.36563885674567265 
0.06308239810810483 0.23326906430297523 0.19857578205312437 0.003523417938967212 0.016103374451536485 
0.12260877449663675 0.3573114275587641 0.01230694922446797 3.867223831014929E-4 0.017492218265981622 
0.006194327213366438 0.4214495804856409 3.5935558313370436E-4 0.08413176846914412 6.546276117587422E-4 
0.208173991098498 0.29342411221933207 0.003937936729137455 0.0019022572964980675 0.008844386500305723 
0.39485503165741975 0.12308007427106801 4.773926366639303E-4 0.0025392991595589473 0.0046109332216495045 
0.1232702811183138 0.01681216032296275 0.2178097500005468 0.12474177662070064 0.030921142610101114 
0.2922005013950621 0.007338584508221772 0.1758312447146584 3.181461552829648E-5 0.03526482544150674 
0.2870121582762347 0.12955656630943663 0.0046433193737394065 0.08279683170417258 0.0024041263156940676 
0.0732092056705285 0.2550889534965099 0.08998171338829018 1.2762126912894864E-4 0.0947867669504716 
0.008916581881342455 0.22513271106307264 0.24663045073216838 7.106802399173099E-4 0.03098169857622007 
0.0016296797747993796 0.20933847093184962 0.30268690511361085 7.088445192908442E-4 0.00393428106688905 
0.08628647807314398 0.2510310005779741 0.018534352277499232 0.14133263641105887 0.011232974078342083 
0.07104195449287579 0.10238676636350919 0.0879535013733841 0.06447834232801312 0.18508282247708518 
4.867680642917481E-4 0.10469698400918193 0.22103503924361256 0.18523201400597972 0.006717349609075069 
0.16469788838273183 0.1628351056187378 0.09369581305964904 0.10027398827757696 0.0046551001443409755 
0.08470389558384415 0.16052774501897035 0.0031134083692531964 5.981987900685732E-4 0.2576827038015961 
0.04808323881686736 0.1265261947248745 2.91635410523887E-4 0.0696296758121479 0.263586784948312 
0.012402201655299195 0.01293486089904112 0.011400375725802747 0.07836033255096582 0.4069170331098196 
0.12380395752618925 0.02487246094423728 3.4849996240868063E-4 0.21075092455293212 0.16460871565239008 
0.4202783187093419 0.001732330964922903 0.08274414398257879 0.0010442478337700507 0.0038928064050850965 
0.006223034491416116 0.006824633285188955 0.008996758256823802 0.3122830408387968 0.18241562008215925 
0.09288049597645248 0.08134250011695474 0.09326415399809704 0.23993515162030654 0.004516201153238997 
0.003312073185603858 0.2650400350653788 0.1350745450774581 0.029513291866869996 0.10918734585990537 
0.1042899919445631 0.3103964809311778 0.011710686334043612 0.07024904320982257 0.016499845230407453 
0.168098702977649 5.365972063142531E-4 0.2749184242075571 0.0015866432773875944 0.06980521150148106 
0.17181037347869255 5.885835411734032E-4 0.17488986926043598 0.0013413047417824724 0.1567929886853973 
0.0019567716945386835 0.1200055675544754 0.3364442562185865 2.0573792700311094E-6 0.054778594483477966 
2.6301919389835545E-10 2.3919994254259175E-10 1.1239094607246175E-10 0.6252058090964296 8.853674930800188E-10 
0.12616174721589085 0.0373461817139992 0.07594556444105653 3.6154439884765576E-5 0.2679646004042128 
0.0869215594707961 0.04783628007010354 0.3712823690795706 2.271164170218746E-6 0.012437262796249756 
0.25027502040932353 0.03162808492381182 0.010359414249129348 0.18531700829884445 0.0411515882103658 
0.4741314030462044 0.006543384022837455 0.004853510998096165 0.0389199204700729 0.0015854905018085957 
0.22814450233861025 0.0022078267221861884 0.09484050136445947 0.04171073991387448 0.16334059161021391 
0.2385785045631837 0.11764529907244826 0.01017112579742068 0.07718845672574269 0.08516169254438975 
1.0878406990231508 8.676416804399739E-6 1.64706648797438E-5 1.3970215700908168E-6 1.956102884150832E-5 
0.008446408173409097 0.002220842797993724 0.44605594203188914 0.04913777296504684 0.0010748905007313693 
0.004736056219178695 0.00673957236031328 0.21739020511580012 0.2952444405695342 1.480260054371492E-4 
0.1923271162638429 0.16910045847546729 0.0011202280994336584 2.8777869752827213E-5 0.16295117913962404 
0.17017866126082337 0.2201408946264663 0.09673177557160904 0.033112626591215104 0.005042347990256868 
0.0033372692834820147 0.2670562872104593 0.12309616641531976 0.03445551512935008 0.10037854128661224 
0.36024161623156276 0.005719159758229222 0.10030448461855382 0.04535997641681321 0.003906886118709726 
0.20516953727833015 0.11526289449008396 0.0026936893794932497 0.04791163497555864 0.13997110279913486 
0.008975737098582024 0.1778300334683291 0.14389825788800814 0.004409656856592676 0.17671891775456344 
0.09548057499081089 3.9421623782302616E-4 0.37487590356377337 0.04098270138435117 0.0023335133563584967 
0.1761822242728969 0.15429614633148334 0.17690997365561567 3.39574518148555E-5 0.004516201153238997 
6.390419038777419E-4 2.0796257289013175E-4 1.013711214050029 2.203560378137362E-5 6.190328230489439E-6 
0.12478567033130979 0.12724324628600503 0.1254599857066076 0.14039246531784022 2.3976912639397504E-4 
0.2344419224132487 0.0032354818085159748 0.16599604365292653 0.10486809351317154 0.004929682996091348 
0.007347651276523843 0.006991199224562375 0.009887067470426922 0.22777129057420714 0.26284973459927685 
0.08770077142250915 0.395722756645246 0.004207577857897631 0.02682522024054102 0.008790779648256333 
0.1137603989571518 0.24760841032389994 0.0010362176592198819 2.876653666467193E-5 0.1628870069095716 
0.19106588741185077 0.14140000667106206 0.12976102394451208 0.011807231998217135 0.031121701156350656 
0.32592080316576394 0.005925597581935003 0.0853195440923241 0.023240167698896946 0.11107031139598413 
1.2419128128712814E-5 0.0015083417137097196 0.21102419842613676 0.062067330568475784 0.23201631190242739 
0.07885482734649445 0.010052761180495738 0.23636336888337936 0.20624690706131993 3.390157695427282E-4 
0.12549183300816824 0.005078436706630475 0.02884197355071775 0.37397479991648 0.008952181456880029 
0.0056698448177388795 0.40112727173534635 0.014949036622866252 0.0016143652093899665 0.09526676011600718 
0.320021764638815 0.010578578525647706 0.00569212088878086 0.08257564772428343 0.11493374195672294 
0.012838611012329715 0.2461237836007784 0.0015529930716239762 0.0013428870247030422 0.2578943663672628 
8.949022620657729E-4 1.1039006272479318E-4 0.09278319954070512 4.844000316987855E-5 0.42040873835017206 
1.4988844647901114E-4 0.19909700851865925 0.005914044037359348 0.10702374277489492 0.1972100506739698 
0.004183643471393065 0.27689961259358115 0.007890977822744092 0.04804346520834539 0.18334997785433088 
0.3161275004384727 0.011652532262930223 0.07669337363898128 0.13737464713804493 4.7722764210749786E-4 
0.09739701105699915 0.2108256381410506 0.1173305868215266 0.08773605255514622 0.004108149175565842 
0.15592703316545156 0.15892542288104625 0.002469530889235895 0.18342104018662445 0.008484874547014878 
0.14526651831944545 0.14811570569742147 0.0023011301028421404 0.17067942593610877 0.047333390780934334 
0.09390164310046512 0.30892581197276775 0.07831712523450178 0.026468388044682104 5.325593967435636E-5 
0.3021313164483387 0.2447127198094331 0.0015410064206661993 5.362497222248243E-5 0.0015491462792031738 
1.9392244671946404E-4 0.9582246695066519 0.4954262779370563 0.0016853204107785797 0.124191020882065 
0.002992126882759858 0.37097459566818863 0.134113256780703 8.01767809054412E-5 0.00391097836938213 
0.00568492736451173 0.13586177774597408 0.34251895539309796 0.03583852279965648 0.008077083434313114 
0.30779031660814105 0.030794903510461203 0.053578598898820454 0.06763270996901567 0.05539910055062973 
0.13884022514456074 0.0043158035395803205 5.988839406397233E-4 0.0572301131286909 0.3044520312070949 
0.004644674731604622 0.001043438326866221 0.3144873527576584 0.1850395290004283 0.0010735178938264915 
0.09581195557463666 0.14186544864712802 0.16599604365292653 0.10486809351317154 0.004929682996091348 
0.22621260198561016 0.022653852042188644 0.11828055503302662 0.07734689741675466 0.07638973125291543 
0.2619576886839414 0.07471784156379238 0.16849734776254313 0.0369566920503042 0.001912490553543399 
0.19148679255075765 0.19885996013751508 0.0015619654720076177 0.11322380531116921 5.916261294890619E-4 
0.037474952126564515 0.167945843351435 0.11434724505544147 0.10319081518170903 0.12303279427628923 
0.3690583200089703 0.0036326165197081645 0.0038727624438425735 0.02111087595117111 0.14855458289000095 
0.24552834730867323 0.22749178731154235 8.738371269523401E-4 0.0016279846120518895 0.04084901460114674 
0.29759753741652506 0.005108721359189867 0.0025283613309941455 8.712679788441688E-5 0.21243897452212487 
0.003373123906322732 0.2390709190662397 0.16932510716548865 0.10265752626104657 0.00498673212115478 
0.1910320641700367 0.0017774888645313762 0.12339603186473565 0.20382477198354765 8.319916523486441E-4 
0.47083378830417455 0.00841439676633576 0.0037482386031201308 0.0011245935034444605 0.038367829134410954 
0.11144605672567302 0.15791346857456057 0.002114682573571674 0.24259289751926505 0.00895992318867546 
0.18253678942991813 5.826858239988369E-4 0.3389623929244489 1.559666261403148E-4 2.7425873316810033E-4 
2.95546558792844E-4 0.05394977604483936 0.14401308222308037 0.31972036938328385 0.0010202601014879008 
0.31585317278812347 0.0029389071405210385 0.011715015382394231 0.19249699613184804 8.367493021617828E-4 
0.10544148368972799 0.012404300199075173 0.12053872236918431 0.11127560062229092 0.1572562102451821 
0.008490889591195715 0.16277538670768837 0.07351640602713319 0.0012617891437776295 0.27370816960690303 
0.07461678425464374 0.25790660373177765 0.1297834637433685 0.011809273843318514 0.031127083086091873 
0.20497098709035266 0.0018607522191304048 0.0014731211862125486 0.12142781255332687 0.18016248697589723 
0.2398778425333305 0.0033255575894979806 0.2562907035193586 7.025125716291832E-4 0.0075893837059574885 
0.07875983530244209 0.14610631474528857 0.2855100705006635 0.0015502669619000319 3.1194709597675907E-4 
0.05072841415851265 0.05290713689443551 0.04663067070305787 0.3205153015348449 0.04686247233906141 
0.12732882014235009 0.006542153776032353 0.29046599176380483 1.7529697635577228E-5 0.09158586478476737 
0.27607385444118565 0.07340473753160741 0.09643689698335409 0.02899835600025073 0.03755914653463256 
0.08912051769107862 0.1929103348221509 0.10736020053441946 0.08028051722563018 0.04772586747700917 
0.23015052235035963 0.2157877914227556 0.003384838850767023 0.05212086101780232 0.0038523818166584234 
1.1521414009841811E-4 0.13008034289017076 0.13799008274726843 0.07015948178524319 0.18983093612827318 
0.18858251822555624 0.0011473045291771945 0.24442185664899063 0.07198498970120253 0.009519089244260174 
0.40128052000117737 0.005537984884320625 0.00217733564397032 0.10065941548236629 0.0049404790856877046 
0.019366161983270937 4.5236395638473405E-4 0.21887307410171195 1.6017601974604263E-4 0.2748821877658426 
0.1705714910329927 0.24814353637869827 0.008979520692307057 0.03715434112050195 0.05671555764954501 
0.07760836632630706 0.11185038091402849 0.09592535549350763 0.07040813321159238 0.15517718825838603 
2.2654902701737072E-4 2.23299790151058E-4 0.3021661546223451 0.07203807781621663 0.15949731724227564 
0.09003857760476984 3.7174754473048545E-4 0.3535095294350025 0.01103265647177073 0.059119432965624774 
0.08023427808979429 0.08089265753456634 0.080208982809209 3.767695853106195E-4 0.27776927057627754 
0.10339056253471422 0.10423069057949015 0.001478744353703308 0.1207002931812501 0.18019943252603357 
0.003229221694698738 0.02151260507236408 1.171622497889451E-4 0.4875733526498878 1.7282585480289702E-5 
1.160013125303518E-5 0.001408871997463983 0.19710791079207915 0.07583164248280207 0.23180317700096503 
0.11179025246187481 0.15756990299465554 0.0021146875207905926 0.24259346505606091 0.008959944150072723 
0.005253356539321109 1.985772972059043E-4 0.41073022579641283 2.1495030713126562E-4 0.10384964795604303 
0.0940429195012809 0.009333089315930338 0.27482807835167317 0.15334690167890083 3.390368971220691E-4 
0.0038226718009867116 0.1018490318922075 0.286480852273363 0.1132942509099173 5.919942274947094E-4 
0.25649355470567753 0.03903087889448525 0.046764548928384525 0.05903127815040537 0.11387591412416999 
0.0010764698679986708 0.3573250996409144 0.0021489753403567554 0.0018913613961911207 0.16289065299502642 
0.09663167889763001 0.3179073217473257 0.08059406681253659 0.014378976447390342 5.345518015748949E-5 
0.1376624717462936 0.0033725068601640684 0.001590878100883103 0.2724885272130221 0.10506374561817668 
0.12159231777658595 0.19864736046875062 0.1440277251315197 0.05208023092246235 4.5528852594663133E-4 
2.5309820715483473E-5 0.003689958898253606 0.4803303842729377 0.0036601926426820036 0.036501280494261275 
0.004088430788029728 0.10101710974249963 0.22087068409252492 0.18509428093093244 0.006712354785567963 
0.1380483350653307 0.07385205895853636 0.043657610915947664 0.06583698542101846 0.18705481025419593 
0.10235986467690514 0.3294212487809873 0.08030069996961713 0.019241132882539837 5.096649886916685E-5 
0.19957730124121376 0.04505901199131025 5.317554079143521E-4 0.05917759703490096 0.21930950031240662 
0.23814607216304692 0.11900251010654934 0.01019753065786184 0.0772449613195366 0.08535515430564057 
1.299812979150113E-4 0.6422736941682581 0.6816342108432849 2.9653736398972212E-5 0.25782037474834263 
0.014000919872080764 0.387628736066152 0.08456256568046414 0.028627740641625016 0.006761599818088021 
0.004081624303253416 0.2727537879594471 0.012138821625017823 0.04804346520834539 0.18334997785433088 
0.3627115576920075 0.03180196370254257 0.06242883760713365 0.002654014722949347 0.05537498461939611 
0.25071547769430597 0.025410595150220584 0.043694902267916634 0.13978263786656803 0.05537585684908017 
0.11874701835855767 0.11740395378592652 0.06755459066760369 0.0710894014402072 0.15955729379430425 
0.36054740894709436 0.005724014492702497 0.10038962853127652 0.04496898066274929 0.00390692273906299 
0.1809295256262084 0.2338914326219479 0.08256461231443991 0.008130095975840322 6.492049821277094E-4 
0.12855320826728556 0.011529233173990983 0.2178097500005468 0.12474177662070064 0.030921142610101114 
0.17720371989599606 0.19263296932716073 0.0014798948239477384 0.0751306461491033 0.058899118575709564 
0.0032495027701768993 0.22108964090931477 0.04454648499195243 0.24205629760444075 4.249215716199477E-4 
