4.379455113365625E-4 0.04947860501863683 0.4672866418097586 
2.0545585509465196E-4 0.023212177861967442 0.496450405559565 
0.03287468921101776 0.017876555167563472 0.4672772953218286 
0.0023846030111265184 0.019963619675340365 0.4951842742201247 
2.858032805739314E-4 3.970447400080738E-4 0.5142600547647823 
0.011017375726391781 0.004511759207858019 0.4870836566607416 
3.8132231493448726E-15 4.935959361501648E-17 69.58210480752746 
0.22597146876773125 0.06134282266714506 0.22958925063847804 
1.4886170136279412E-4 0.0010075370920212526 0.5160775959829937 
0.03997512606573593 0.004338342052114373 0.47562543232659915 
0.08002376448256669 0.011282227676366226 0.4247445358757283 
0.004723905871616599 0.010779190348022926 0.48709406878657335 
0.015703558181149234 0.03382201765750317 0.4666450872695424 
5.680226700254684E-4 0.002375274843976513 0.501201088837921 
0.008783339958536737 0.015592290275108354 0.4797818308470887 
0.05195563667553208 0.44972351424761614 0.015383737804344433 
0.01658354051445404 0.005247735261149023 0.4807815158193883 
2.47497475790351E-4 3.438294015747474E-4 0.5143515759142164 
0.022199379613035974 0.03413829935557948 0.45880622179687536 
0.09634853671715274 0.4043414160444271 0.016659188063182957 
0.03708811307116243 0.005331984499263206 0.4616699704049896 
0.00882042980414598 0.037016286895968226 0.4714600004889939 
0.004697016837766264 0.019641303992286235 0.47980606552187055 
0.1534086391190318 0.08603390286438363 0.2802716844028316 
0.10969980598162377 0.13660556516992298 0.27015522258246666 
0.08866301069090834 0.031704567138915944 0.39712635237764404 
0.006926966939465337 7.1333766788442145E-6 0.5088211948502755 
0.036274598377704886 0.011170593171333495 0.4551676735758907 
0.040386393531540464 0.09474844754626224 0.3792708914192665 
0.6885484981666887 1.5548912791911597E-9 5.862222399708017E-8 
0.029711470811753862 0.01996998959352618 0.46861173085375335 
0.012129962770058648 0.0033731334495808764 0.48709406878657335 
0.019696232796430874 0.0028316352401898414 0.4813251872283589 
0.09549501147097769 0.15080961446247598 0.270154405204596 
0.3024481051209105 0.029380755272896478 0.1856497868580936 
4.948929311770135E-7 0.5590798183026962 9.372882115736084E-7 
0.00509429477144035 1.1504018286049811E-11 1.0553941316289315 
3.070912236531521E-4 2.2208151805013646E-4 0.5165767523611416 
0.0634858402147603 0.05932350984031423 0.3940418927748549 
7.063982835116166E-5 0.015386442308596508 0.5440279687229611 
0.004618510027969735 0.037425159110821934 0.4765526960130767 
0.0042970152796422845 0.0011949258417263415 0.4973462144186839 
0.0012276244286000936 1.97274955037291E-4 0.5022788882849256 
0.004947331611628435 0.0015235076662115632 0.49614202584708905 
0.14457242448757554 0.28636869503244666 0.08762466221662361 
0.04334521097666844 0.19494120626894576 0.27910320728984345 
0.01156618900297092 0.048887690780664086 0.443704421117845 
0.017498398210071257 0.11763644286773145 0.3792708914192665 
0.06874518257452732 0.03363055171860839 0.41499481000777405 
0.0012276244286000936 1.97274955037291E-4 0.5022788882849256 
0.004947331611628435 0.0015235076662115632 0.49614202584708905 
0.012150336031910864 0.003378798902338935 0.4870836566607416 
0.0634858402147603 0.05932350984031423 0.3940418927748549 
0.21608589857120122 0.058659259194126866 0.24222609623382588 
1.0737758534723235E-4 7.26761142043847E-4 0.5163998560489867 
0.007113726335259756 0.21331096912299766 0.297055370804774 
0.03507650368656609 0.010723181844362873 0.4716099345501036 
0.22713547471839435 0.04792250741467253 0.2425018944536034 
0.01638505425527351 0.03294442506181681 0.4647974060085368 
0.00886358993964045 0.019389221344533893 0.4734826674673779 
1.6269287354707203E-4 0.05618330767753343 0.4588739916070637 
0.160804467153028 0.07866650064257767 0.2803049573133056 
0.006926966939465337 7.1333766788442145E-6 0.5088211948502755 
3.108303054525638E-4 0.022217037731168152 0.4813251872283589 
0.21909651905064217 0.28371016626940987 0.015446582814930285 
0.0020617142288449327 0.017260432261407607 0.4982199719301913 
0.003911257218199232 0.05243474333288126 0.4588739916070637 
3.0842814061167906E-4 0.01233370963139454 0.5031651279824244 
0.006762349781426521 0.022048327674259658 0.4753476234457939 
0.004756611360008714 0.01074648485963081 0.48709406878657335 
3.0353662069739173E-4 2.2575443245478663E-4 0.5166922476223637 
4.628186301302009E-16 3.037816689389384E-15 63.0618396821936 
0.6828890930378786 0.005635688850910637 2.3776455014843343E-5 
0.03708726175655712 0.048030014586422365 0.4324527074352189 
0.07977134010734027 0.12267270239304198 0.3176175887639298 
0.323575341353732 0.03371018304298698 0.1626436011989779 
0.05325095297382993 0.007202926809805084 0.443704421117845 
0.022300770678190925 0.00595204060598342 0.4734826674673779 
0.029234711581652473 0.020471430945405496 0.46884454067281145 
0.08324791630468105 0.009034566531737759 0.4276653111882141 
0.0806709922252183 0.03946472864888327 0.39636139134112863 
0.04029714889386679 0.45289244539163953 0.01096964273222488 
2.9919616267525955E-4 2.3009489047691887E-4 0.5166922476223637 
0.24762736856608897 0.25131606100677434 0.020479424413487334 
0.6850034224324785 0.0035213594563107387 2.3776455014843343E-5 
0.21608589857120122 0.058659259194126866 0.24222609623382588 
0.09730042765369215 0.19109599662847113 0.23493801507592815 
0.03507650368656609 0.010723181844362873 0.4716099345501036 
0.035484999748724155 0.04963227659425533 0.4324527074352189 
1.1059746058502728E-4 7.235406480393364E-4 0.5163994729819592 
0.004080963352160688 0.019517727001200948 0.4961944324972693 
0.10996421063381773 0.1583661556429919 0.2491145828706064 
