0.002729243405643156 0.002599502805992866 0.0023521753109204077 0.0026365902440806514 0.4973852119828216 
0.005076087670936048 0.003975073760001986 0.005040304678453645 0.08954664366922531 0.4034352532547216 
0.008543213351123843 0.007985620036058565 0.00843679913443748 0.16273596264365423 0.32015569590121906 
0.012765271279073964 0.011932115224359479 0.012606267132961554 0.24316011138059884 0.2272961299164296 
0.003916210992268979 0.003952202295654415 0.0115900468523646 0.33226608060658275 0.15799105891671375 
7.070391083198014E-5 2.829812565412653E-4 1.8868390886434928E-5 0.42627734833641534 0.08747936435427729 
3.9238020261206217E-4 3.894314088548374E-4 3.3284071168462896E-5 0.5090810697092754 3.2764542718812336E-4 
0.001495749612042631 0.001219445623318637 0.08627721235940877 0.001990540666427892 0.41736874183700934 
0.00570236742222719 0.006113598001970405 0.08731313912812312 0.08829845880866866 0.322758801972686 
0.02041082818636901 0.02038625821308382 0.09285969844337934 0.145997735292059 0.231172399458463 
0.019743012767466976 0.0198692065387461 0.08976670052797162 0.22257801457503257 0.15508343640574185 
0.011252913950030474 0.013395188073929339 0.07738960842271017 0.31861062845657845 0.0862887536999946 
0.013078953247642942 0.01438362435574676 0.08768068548683193 0.38870971838432933 0.003773520136129341 
0.001944050407251718 1.9726746341512514E-4 0.18582192879212245 0.0038763375610388643 0.3164042140660916 
0.008415700736133236 0.00837409766493536 0.1703123209759465 0.08217451159767639 0.24235575312366744 
0.007334784565003901 0.007149318960563361 0.17325728115975791 0.16100389075377353 0.15941606423643995 
0.010288517508884314 0.010201639591264824 0.1687662878229259 0.23324631370782348 0.0845967036400556 
0.008425229224566524 0.0083540823524722 0.16865479531354693 0.318946782635444 0.0032376298307260666 
0.013102819781589125 0.012224337138358264 0.24180773348263473 0.011165991208635687 0.23202467404652408 
0.0013870586094931526 0.0013368971356012608 0.24857265272435797 0.0799006885016646 0.180162791873697 
0.015242550224027292 0.01678312298798705 0.23305183943540017 0.15729223448930219 0.08513074584492128 
0.00604142657003991 0.006081033770636448 0.24368374090876435 0.24857781659879413 0.003237649911481507 
0.001964318467197785 0.0011265469833636262 0.34047082173892884 3.6639175336215964E-4 0.16643584473800369 
0.0025822837984160562 3.9178742626178536E-4 0.3394253973841632 0.08466464161240381 0.08422656595426782 
0.008877752682977774 0.008583293844995923 0.32335661849032576 0.16361280859485083 0.003754210719173805 
0.001285937360205775 7.37491846727385E-4 0.42499602788583973 4.5539538731420175E-4 0.08288552026779918 
0.002678803175601573 0.0015743175084173438 0.41851208832575226 0.08628482081248308 0.0010500214342021397 
0.004059623510055301 4.878181393220171E-4 0.5009183414606754 5.390545612151559E-4 0.001819850856423169 
0.015117784163400205 0.08753162261875115 0.006352169761865204 0.010824063812970375 0.391903942978742 
9.59100512259977E-4 0.0873421339632069 0.021722703089108338 0.07958558868647324 0.32062878240173953 
0.012740789983645523 0.08421150206859111 0.011491687326345628 0.16294958254783995 0.23628024771961378 
0.012058214586608343 0.07948342161154288 1.8860550602415677E-5 0.25876028308716004 0.1566250940972148 
0.01800258192140452 0.07866660682365731 0.005371517733911816 0.31861998350512827 0.08627640261914114 
0.012959647075096838 0.08527013828033383 0.016763950138307435 0.3893220471076587 0.003776986205469778 
0.008163513064914082 0.08775212254592175 0.08634342934986443 0.00517808181310105 0.32281419034396014 
0.001215166005031199 0.08433260537455176 0.080857187424149 0.08861719915573628 0.25531359528891223 
0.011096566935969103 0.09062219000474128 0.08624115405042786 0.16017201656538815 0.16268754604309502 
0.01717689921610798 0.07955828619186357 0.0945471894516522 0.23352137120138294 0.08494029054049337 
0.023541560926035553 0.0777887245253216 0.08751335851544459 0.3142306638493855 0.004724793363352529 
0.0206467439910449 0.09763726203384997 0.15615059729769004 0.010648573750446068 0.22496850722893943 
0.0012539524474845815 0.0866148506615953 0.1591606732664263 0.09533755558813702 0.167273037152658 
0.009602015294369335 0.08782722400058515 0.1630578460818653 0.16226485804059612 0.08475014771014885 
0.009540309839938218 0.08464491327918812 0.1567882529007997 0.24211501586136183 0.014207184147707653 
0.01231576642798712 0.08887424489279279 0.24467582523865467 0.0032575353687991264 0.1617655918621005 
0.006429578561395544 0.0874043136742259 0.24474674077714612 0.08351174864779805 0.08936802867207652 
0.0028343066287287097 0.0810432843409038 0.2530920434430513 0.17276621106169499 3.939283414691399E-4 
0.01062978384668793 0.08967593081198383 0.32456587717863045 9.97817878499936E-4 0.08473478419405568 
0.008101990863931286 0.09068066351188053 0.325656926254702 0.0837916511313246 0.002107851892848433 
0.017465888296577105 0.07637675246533752 0.40417659337931366 0.006796814177323167 0.006083646423820854 
0.003934985283903119 0.17429974422096572 0.002279004698534173 3.8806582217990656E-4 0.329304137755755 
0.00719999685273863 0.1688039276596254 0.007047780284172572 0.08705579121441878 0.24025641215742055 
0.006759356574543076 0.17581699444491222 0.0035345666211978872 0.16097614005997402 0.1645440016829051 
0.004755223724374891 0.17283199678585046 0.0032515367267904943 0.24617601606506992 0.08196959230081853 
0.021048121453758534 0.16325931839890212 0.011438573068167377 0.31315945701729736 0.0017944692758174521 
0.0027248766974692935 0.17518683729757573 0.07682229871653506 0.002273237670382502 0.2534977737152223 
0.014554511223473576 0.1754724093234338 0.08132177964559718 0.07520580912043476 0.16439467511671452 
2.9787744291380014E-4 0.170540482410744 0.08650871262703458 0.16805320529403872 0.08520771408170615 
0.01040887577095012 0.16679634949218902 0.07748917291423141 0.2456030282137344 0.01346078729010929 
0.0020496745454244574 0.17060572459523227 0.17068015009249224 0.0014594681947978127 0.16534899824408442 
0.018310657396272224 0.17198958415286755 0.1598123051243484 0.08433868572032804 0.07571708591931446 
0.005123010923261216 0.1732563391894519 0.16974245342858915 0.16767425364595198 0.001178827926508658 
0.006792868193801193 0.1764171011805581 0.2576307020537945 0.0031577691764618503 0.0787690150466024 
0.018676068039331167 0.15727561130469453 0.24750331754463287 0.08498083727714331 0.0017442625258680016 
1.5921123322292505E-4 0.16311562619425696 0.3446581199134776 0.00162575817112944 9.065886097003914E-4 
5.802830622137086E-4 0.25177768140243584 0.004422158827059327 0.0017944225562807165 0.2527471520322837 
0.0016775819479306216 0.25848091256128813 0.0019862739531748886 0.0819123767294966 0.16722142458578268 
0.001308843086151047 0.2554770565907617 0.0019951045295390087 0.17129375362784932 0.08143031230015332 
0.00159884796954479 0.2495788376162278 0.005047377012906372 0.248048783695353 0.006152542292072543 
0.0032552880054405042 0.2529987482839075 0.08362280264316851 0.002398955955719712 0.16849959700847505 
0.02027542136029785 0.24007323671187028 0.08193108167354275 0.0817501275429842 0.08581756631834025 
2.3264118373377506E-4 0.2471109188109257 0.08970584109792135 0.16885017553336695 0.003965139117120904 
8.957275125613918E-5 0.2549609470600968 0.16923373196653801 1.8568263024152116E-4 0.08534186119666462 
4.973589141546104E-5 0.25423860996749226 0.17008272348640788 0.08390462032567328 9.913622655011965E-4 
4.9155329236934813E-5 0.25176837750175546 0.25663163137130207 6.333263460857646E-4 2.6685055274772444E-4 
0.002191062290993551 0.3375976840673906 0.0025942398603851524 0.00171848285025057 0.16724296723350954 
0.004020556523381856 0.33721186114464213 0.0029430950079155534 0.08239452829046608 0.08531969802077521 
0.0028596707326398823 0.33353175565884696 0.007038109077643702 0.16136409998227746 0.006158884133508937 
1.1906490301545719E-4 0.3389077594326872 0.08549964619274307 1.8537677473647008E-4 0.08539049902713852 
0.006064968650674581 0.33246928361359074 0.08652547753519191 0.08404077898047319 2.49341891095087E-4 
9.44711457814017E-4 0.34080642781332343 0.1666643824341302 4.527736797742664E-4 0.002112670339407914 
0.0011533361115376073 0.4213456208448113 0.0010584012126288694 0.0021453287527438735 0.08552426831046919 
0.006457588704143722 0.42132326933856157 0.003751869706763033 0.07913667147136541 2.476674155062769E-4 
0.0061778823701045945 0.4030739207796407 0.08260746383773972 0.014343300993328673 0.0047040672245185775 
0.0014037648332380765 0.5064107927862332 1.0392203142276158E-4 4.52331034830606E-4 0.002610155038725193 
0.0854322550724498 9.96920872242063E-4 0.008471153184054888 0.0031571582305542733 0.41278611792004155 
0.08850792665316469 0.007309448677990463 0.010454235524677386 0.08703682615319779 0.3175399405545245 
0.09006643860284902 0.007809148691785132 0.011192571831060805 0.16517507430665762 0.23577957552052833 
0.09565056800858701 0.020521199974715278 0.015966654109416906 0.22277268086501212 0.15556921229337325 
0.08312880354348008 0.012831262489933541 0.005338723375584839 0.3222639035926466 0.08665649020436107 
0.08687403030260246 0.018501408417660774 0.009723861313891932 0.392560559377051 0.0037825747178879816 
0.08850045255612084 0.006833583373218906 0.08365254422020756 0.005578066027554875 0.3256971854038245 
0.0927300125220713 0.0067013407411042145 0.08281546855253764 0.09052730509200146 0.23759537642441586 
0.0873196508726214 0.015223292976467743 0.08511321519567709 0.15977392590865747 0.16235956391399617 
0.08690903449529988 0.012559916812533158 0.08266808142618182 0.24497604768085127 0.08405395230126449 
0.08924406766020938 0.00896309301443418 0.09017473976186106 0.3134893115455356 0.004713494079878224 
0.09709980889999326 0.0214277013953039 0.15646684223859514 0.008828715206946641 0.22592629729808572 
0.08899598367066917 0.010741729655240487 0.16621263101169348 0.08431975168870293 0.15992108632029114 
0.09510301291082238 0.009552485657204035 0.16765680169191127 0.15468828228112674 0.08644588329496672 
0.09601283980615438 0.01796521704162466 0.14325843361247376 0.2375740242992097 0.015388034825642813 
0.08563261420347251 0.0129165181116852 0.2388391816035043 0.007174675541669823 0.16584446268215944 
0.08484681983950222 0.019632097476518562 0.23743743753350233 0.08419699215641892 0.08447978216261483 
0.08662704354514662 0.0013709912002669016 0.25102099847001136 0.16738610798627054 0.003733910881684535 
0.0885596846115601 0.011794333020356701 0.3247221743241616 0.004003632882497022 0.08183393596224824 
0.09039826303394262 0.00720631502882561 0.32589674592514517 0.08109773788823973 0.0037209946734735573 
0.10010201320184423 0.015187606466814425 0.3849462047241378 0.006725163965485243 0.004329687817231029 
0.0790746491314004 0.09161902857126007 0.002182580771856892 3.7164688701584077E-4 0.33696562639463146 
0.0915255937934751 0.09464378021507615 0.005523270016743551 0.07899502730020803 0.23986262995954774 
0.08876030798129839 0.09104690139708926 0.007380869632203119 0.15976730574715348 0.16431694796674368 
0.08770722762608794 0.08698732251189407 0.007572949693107341 0.239516764869824 0.08434218903145571 
0.08017667346519029 0.08816407540580523 0.0043197874763860845 0.3308096552449828 0.003547494415450933 
0.0838183253568801 0.08651184360451407 0.08245911242543766 0.0026052915616319766 0.2552677141478331 
0.08562652030685809 0.08520623198791431 0.089829894689678 0.08275019542838527 0.16701353318157217 
0.08455172232084822 0.08425206496415609 0.08728568633296371 0.1696804937174535 0.08455367934130274 
0.08237198096873202 0.08988638395131004 0.09024533234003256 0.25231635166397604 0.005063273346291455 
0.08678682367257859 0.0839962335249243 0.16739776807618037 0.001502544389874057 0.1705438161996968 
0.0894368499349172 0.08713890416126864 0.1729141248950826 0.08648325906836321 0.08729461512125727 
0.08929974802271756 0.08647213474489496 0.1657153093488849 0.16412692119089295 0.0017557586559348779 
0.0801751856238017 0.09785076728134211 0.2500504744059697 0.0021465263400553105 0.08138990091066887 
0.0850466170996072 0.08289809699696088 0.25462300731315685 0.08812431251787871 2.613989960956331E-4 
0.07834981032653375 0.08998696826686324 0.3372781251776644 0.0034007339264093316 0.0013228135100103015 
0.0841610358695015 0.16787696811222783 0.0035789656875076436 0.0022793878891808274 0.2520842478080153 
0.08958647496829422 0.16401234720959895 0.010211428744082268 0.08278343055560808 0.1641456464632173 
0.08384397001107548 0.16687016299643476 0.010730841702265237 0.16329010086335252 0.08536659382530438 
0.08597558491295672 0.17218882592305995 9.435490185067032E-4 0.2506883456822517 4.1714814308873167E-4 
0.090315574227549 0.16400319949508713 0.08544177143094665 0.0032435544553174314 0.16690677866183556 
0.10437945979722138 0.15291362363375116 0.08374862093158673 0.0868535116698472 0.08377387356596969 
0.0822121500419152 0.16634405341036027 0.08702991011052308 0.17286346262588315 0.0022647980301858553 
0.08432786006487272 0.1661570097108798 0.17123930264091564 0.0021167725898181447 0.08587643004893172 
0.08629758005659575 0.17195939951433736 0.16764368040021707 0.08440916729999448 1.9057381579895222E-4 
0.08432571656036028 0.1681120102968268 0.25697401871220366 6.345253413500989E-4 4.2399869427096844E-4 
0.08461811671418122 0.2531667259481702 0.0028157902556397883 0.0023801743318629604 0.16746236503370435 
0.08761175721683655 0.24690259506400264 0.008142197801777072 0.08741872166770152 0.08143056899597757 
0.0828908791358533 0.25916779067671836 0.004061722099619063 0.16262842812901881 0.00239346081249475 
0.08372954797268599 0.2541835355196581 0.08726398714136382 1.7283287578058975E-4 0.08587195289489799 
0.08883653361995388 0.24990894066788377 0.08657946346522204 0.08411906088374266 2.495101219434311E-4 
0.08298773016580253 0.25510084999887483 0.16915887504488314 0.0020739634568080773 9.759848444929732E-4 
0.07983833801182828 0.342299858668813 0.0011543728284533093 0.0021252524934719697 0.08587579712540565 
0.09050957572892274 0.3389609933924342 0.0028948245136137733 0.07855814329959354 2.2932513468816842E-4 
0.08821690519650317 0.3303603286317561 0.08470631554242761 0.0017082894557521925 0.006036127491916451 
0.07767172874479944 0.42765749533661246 0.001439655319305424 0.0025667972164951027 0.00209656440894224 
0.1700335408188868 0.009058834945909835 3.2515651407336884E-4 0.00698777851694916 0.3238519095575299 
0.17639859579729136 0.004555645707386439 4.617029385883937E-4 0.0719771869784685 0.2571980562048727 
0.1522919350765618 0.024707749786294114 0.017159900477789584 0.15698161469290342 0.159728461472259 
0.17088551390419693 0.002686117674974058 0.0038993103476254497 0.2488891813272427 0.08389619971740787 
0.1694848002678833 0.009368671775638233 0.008120570984173197 0.32392300095356263 0.0023968616917822835 
0.16879544164530763 0.013016037573218769 0.08617188945279099 0.002761884543627898 0.23968157117002278 
0.17388005912590368 6.070741937060273E-4 0.08379724108605643 0.08218396360690475 0.16955921611736127 
0.16804383221922928 3.9594169546583875E-4 0.08709746095382476 0.16817604525926505 0.08578621410025304 
0.1684556843323968 0.009027873475994234 0.0916595163641928 0.23039199030749422 0.0072670114776566585 
0.17126796457068955 0.005371247546634513 0.1635030341947881 0.004086839146269656 0.16597458645128807 
0.1748566256982077 0.006466918613504133 0.1696661692884503 0.09060406875933358 0.06946638939362322 
0.1678358112235888 0.0071716917715363435 0.16442347832455295 0.17022555213632962 2.4427710188684834E-4 
0.1732995569320227 0.005282707329108414 0.25987885042076575 0.0016419317308759966 0.06973764568082605 
0.15194194120921117 0.020901316649898458 0.24518564733780446 0.08776646009472118 0.004008051381524538 
0.16213566712857688 2.9392027169255648E-5 0.3418816417520873 0.0019951724186638127 0.0010405382254868993 
0.1692298953077562 0.08763690082198995 0.0065300959551696115 0.007309071431496572 0.2396467893352044 
0.1670292179120772 0.08197291422179559 0.011637801939083748 0.08171997232701617 0.16855285476567627 
0.16803319990398646 0.0845601119901111 0.005617458425372076 0.16633453576479912 0.08511828949689759 
0.15869246656920172 0.09775020815014573 0.0023120777316759395 0.24873911984991892 9.544666042284131E-5 
0.16583015487206612 0.08222547566643151 0.08315794903199063 0.009449339849795586 0.16946066399586013 
0.1720736145103108 0.08741092215998898 0.08515328902667378 0.08553186997291945 0.08031099954980148 
0.16850540513079365 0.08400284131373414 0.08790997912720007 0.16879824491855477 6.542781557632617E-4 
0.16910300034115372 0.08385093373581598 0.17093730601495288 3.141611439214073E-5 0.08458594941899783 
0.17099686480209225 0.08481655157440171 0.1659581488767219 0.08359082283706913 0.004123141872630934 
0.17418371939868013 0.08689914705642339 0.24505105517513143 0.00195865248783795 0.0016980991251754809 
0.1635644293614806 0.1705873597378025 0.005018340777524839 0.009431254068098187 0.16190613977794077 
0.1688763939231194 0.16942802151428826 1.6894699302063055E-4 0.08685469795474766 0.08489030174744316 
0.16640170713436309 0.1633989459326654 0.003908882326503841 0.17431457901213654 0.0021858067624895244 
0.16986854551036615 0.16863991861015856 0.08515141440979934 7.642228044724764E-4 0.0849227261960907 
0.171697056746166 0.1648749162554675 0.08826032309658888 0.08504847532182935 4.5612376061087806E-4 
0.16705000603529452 0.17103857412938284 0.16915887504488314 0.0020739634568080773 9.759848444929732E-4 
0.18008065187589278 0.2615142185368052 0.001204376383061706 0.0015065158877119436 0.08897936610932108 
0.174737379862828 0.2474030470953677 0.0011325677950637912 0.08507427329310209 0.0024267504185813728 
0.17325790727534415 0.24661435943689938 0.09047154887852472 2.1295829978352327E-4 4.3112622566989775E-4 
0.17177183884172004 0.3341439020710504 0.0012253633005335819 4.328419072474663E-4 0.0035167417753802282 
0.2474827079402204 0.004677217205636156 0.009699343816771634 0.00860243295284432 0.23947350321703276 
0.24977351625740166 0.0010285444688967536 0.0037556460216184163 0.08765313766268214 0.1690354776556839 
0.25012792064928374 0.0067577503404798785 0.005920982701152945 0.16336668818453565 0.08536918090691847 
0.2449709917842568 0.013128480216513373 0.011652698964349586 0.22995526517889947 0.007269519063108316 
0.25039840603922026 0.007760310414099923 0.08516456948808086 7.910241771769676E-4 0.16577077597771708 
0.25203718822226134 8.572997354528227E-4 0.08422340423923595 0.08681015891986049 0.0858296972548087 
0.2550761563860381 0.010898114878394443 0.08788840775120874 0.175875368104207 0.002063848482408703 
0.2586859257475689 0.010644557775443897 0.1614033740827466 6.426676933746088E-5 0.0792115601532147 
0.23632123276235306 0.00357954080150918 0.17910013888121934 0.08523391067624468 0.00656720438874437 
0.2546927040322959 0.0022629495032019625 0.24959938225927597 1.487743005367774E-4 0.0029231666018863216 
0.25341867725852085 0.08523576131885831 0.004008576633263926 0.0015183259725152147 0.16590710255395238 
0.2635849718844838 0.0772293704034941 0.0022592091602673114 0.07700799692877931 0.0900961971972113 
0.2500835054715159 0.08368991899413147 7.188856223772362E-4 0.1756022841864546 9.172066325111365E-4 
0.2507514149200732 0.08402597247376514 0.08191061792117457 0.005849208077641314 0.08675132870992705 
0.2476891324318367 0.0851223462317447 0.0878275869002331 0.08865301683233515 7.837552891142225E-4 
0.2522674804171735 0.08660924285121724 0.16956413281547905 1.590464217446782E-5 9.628612980761753E-4 
0.25449884686274926 0.16971209967221043 4.0697381034886145E-4 3.8038341317176284E-4 0.0850451591003638 
0.2526288775178621 0.16846511396773445 0.0026829055127813328 0.08481459007225653 4.676920332197334E-4 
0.2601564936158324 0.1640644542659818 0.08480604112950853 0.001237054161203407 9.6026839246839E-4 
0.24853153001939 0.25381645790385543 0.0031915491750104832 0.0030863314309843262 0.0014530908059843654 
0.33340373782151406 0.0047190252127794485 0.0012456318256242871 5.249822239725634E-4 0.1691823514162616 
0.3399667165394072 0.0038329068088685343 0.0013197590135871555 0.07802831956182409 0.08569010552245117 
0.33836087258518505 4.918257266949724E-4 0.0010945320715250871 0.16904648768073602 1.378831517536258E-4 
0.3354368386368683 0.0013873577635379385 0.08888146764429752 6.059207564180668E-4 0.08473658168979054 
0.3327178327327529 1.1589879611163032E-4 0.0878334593402922 0.08865894446334245 8.360780865746107E-4 
0.3321637884599407 0.0027200236448727028 0.16760256035222312 0.004577418113141166 0.004094189704090192 
0.3414911086029285 0.08160311387783514 0.0015797628400720904 0.0017966953645902472 0.08361175967060357 
0.33942463804199735 0.08149298469092803 0.00353409842607138 0.0848712730370095 6.15830087477916E-4 
0.3392291276805538 0.08270770666057994 0.08391296506773083 7.678653021014005E-5 0.002693029500822923 
0.33014399516013193 0.1750052787632033 5.50401526843743E-4 0.0018515935300645694 0.00236795508570276 
0.42349725843984676 5.885254898062007E-4 0.001574301457410408 5.823811421514193E-4 0.08363625747214057 
0.42570586630237056 6.020326911119251E-4 0.0012144250840290267 0.08567797465062016 0.0017432825997881199 
0.42311808532918554 0.0014436209030922185 0.08448424232247906 7.727169636664336E-5 0.0012157729360632728 
0.4070398554185235 0.09069482101278296 0.004195459580503424 0.0063374520946948626 0.0012521686646432544 
0.5056767303589997 8.509849895834503E-4 0.0029286368824284962 0.0010920197922189773 6.381196474364997E-4 
