0.009490362600469409 0.015712475644306147 0.023059027188524237 0.01902463233558429 0.4465108126868147 
0.014146453075563715 0.009552125186864057 0.01028173397599162 0.07874541689131064 0.39968808590352195 
0.016171700576641954 0.022007282894811256 0.019652022907104962 0.15300420895479414 0.302018456752192 
0.01021940658170549 0.011622680973269468 0.025951367052989834 0.2435842023219604 0.22071693482129645 
7.900512621748703E-5 0.0017106759632276912 2.016977755561143E-4 0.35125311907315376 0.15931459692628433 
3.6715547729173183E-4 3.62643391361918E-4 8.224862478512487E-5 0.42709132402476885 0.08497020323342969 
0.001354175309084151 0.0013087536967823156 3.0011316547666624E-4 0.5094881111110174 1.3187587791294142E-4 
0.010679557560960558 0.010658651026907679 0.08078849186839579 5.975375027922703E-4 0.4068214377664523 
0.011562148553209294 0.015734499781832435 0.09405353918036265 0.08042462350064426 0.3111433136521 
0.011264085855840737 0.010436604942557106 0.08771441961721478 0.16866690175856097 0.23998236649838176 
0.011972633884573503 0.015456929063981264 0.09120182185615774 0.23510793426784649 0.16050221597909214 
0.00394799540677605 0.0038645014088756605 0.08514509067981285 0.3390234378732078 0.08652176803573447 
0.006656171050128884 0.0014966117661531894 0.08692242700135712 0.42251397351585407 0.002283499881878526 
0.017084792484987062 0.02295031845935924 0.15936969715988372 0.0011529032005994908 0.3092665063574392 
0.017347765501550375 0.016153997659565714 0.157982187584454 0.08613000907117455 0.24032348741947132 
0.01270841479891296 0.013193021980312766 0.1637517354972174 0.16375583940306138 0.16824822231554928 
0.009590945265698769 0.012637028257460164 0.16483090950169157 0.23650383307467732 0.08525493683543922 
0.007397669117182126 0.006883853597428727 0.1730802882094343 0.3293385325072376 0.001151516677947518 
0.024353051373594944 0.022553738760283947 0.23429116813466713 0.017925203435779198 0.20925234223624675 
0.0020456364591104133 0.0027995355846466134 0.2524808865792046 0.084068218163185 0.1670086814770185 
0.003189693243603857 0.0053048112309800445 0.25021989617931933 0.16741040138091937 0.08716164337318917 
0.009202469249996107 0.003624564093961023 0.25143647106795114 0.24803645960408227 0.0017124543077150025 
2.6472258047393607E-4 0.0016561857677758478 0.33961881813550593 5.4469421745412875E-5 0.16881768062713326 
0.0016036326139509398 0.0015951871247916081 0.3342985497600844 0.08447693357966497 0.08559461395810146 
0.0017072144702924596 0.001812189519465767 0.34510372344054285 0.1646422083318693 1.7370838370941546E-4 
6.010177070640467E-4 6.502059315580047E-4 0.42361668493841603 0.0029878133879719946 0.08560198348843563 
3.837319016773427E-4 0.0038470811544218564 0.4148626708072234 0.09310030494059422 0.0012605990337023509 
0.00246665982407506 0.0026685351028742942 0.5035440361607796 0.0035145577161878935 0.0012605990337023509 
0.010582228349782211 0.06828105024827141 0.010472111569358844 0.011719754336287323 0.41187522408565913 
0.0074720393970288445 0.08247831300899813 0.00414905918469363 0.08132292303816005 0.33485671764669406 
0.012806210476713471 0.09035372171480584 0.008057193436859587 0.16502950182181425 0.23834612474376055 
0.02158027621413033 0.08553000924474793 0.01190021617170853 0.2358592815940554 0.1593690157861484 
0.00226432924612371 0.0881054401595629 0.017995439763795088 0.31981756318453974 0.0897516229835496 
0.0029307775612814075 0.09290986065112578 0.008453915908710636 0.4083798800818989 0.00105077356770393 
0.014441450978733162 0.08345356317250206 0.08370019249167215 0.001875839671198106 0.3255166081138778 
0.002773806992567697 0.08332043390858623 0.08302459731000424 0.08949934467765167 0.25564497882703413 
0.015003314141475077 0.08270096378376326 0.09409142811144959 0.1647481135041058 0.15982826110440573 
0.004895184434626491 0.0816157270841001 0.08272941655761255 0.25670064269640264 0.08792861392923362 
0.002281594288581391 0.08544266278673099 0.08487981383610964 0.3383328983529175 0.0015667127651571217 
0.0034259483130548727 0.08233090953712989 0.1684058252676264 0.012076381772177605 0.2461720586866501 
0.010032547122175803 0.08530346789901369 0.16811195541350193 0.08197656945430178 0.16873815738710568 
0.004770345724375155 0.08412268038157104 0.1665879424421077 0.1699598731425651 0.08474354241041171 
0.003623848971724728 0.08668852266412835 0.17086219290680674 0.24753860996039562 0.0038077140701420955 
0.012505611694614761 0.07823894761403394 0.2509352816163965 5.449176746979988E-5 0.16888693697761517 
0.00913518555508116 0.08998609555464543 0.24533997536364446 0.07592643730924208 0.08737810691375564 
0.006859746161387277 0.08867974975575456 0.24901365672212317 0.16271369112570566 8.873255216187452E-4 
0.013395625954290875 0.08468877723132458 0.3295035815991294 0.002923095877069424 0.08423312231960615 
0.00956465993167054 0.08479739818877147 0.3294042683387415 0.0812629439147142 0.003166120498703053 
0.0038322377497677427 0.08720701565181703 0.4153209318421892 4.354577507879128E-4 0.0011374610822895892 
0.014868367623203172 0.16351587533441647 0.011692762896652725 0.009559035104492714 0.31279658566934654 
0.014616471210168925 0.16696030025869799 0.013782974466949649 0.09635292315487155 0.22198806452963735 
0.012630698086833595 0.1665535371312676 0.013781274286837102 0.1485713936431498 0.17358244659552052 
0.010201068278326411 0.17576607399047467 0.007177512695893702 0.23481400241819872 0.0897046461229836 
0.0014669633701913105 0.17085128715961778 0.0031826883052894317 0.3440112448460662 3.3078891490886833E-4 
0.007449180228996602 0.1658320612575307 0.08337959511744426 6.0268100104024E-4 0.2570311315224436 
0.007080417985485644 0.1703221797493715 0.08326633797214565 0.08164843115940025 0.17147469468638346 
0.00439923254610204 0.17227864310112026 0.08656819864570531 0.16473316620072587 0.08525626466718224 
0.0024059821520708525 0.17954531547852973 0.08176588823633996 0.24626000428684555 0.0022683828498691948 
0.002090180678688418 0.16722598742651024 0.16603586041002236 0.001975899448238385 0.17439271186064934 
0.0029179378091685774 0.1751343499956689 0.164788293567012 0.0851100233718062 0.08601127750863344 
0.003672458381112848 0.18061392632759787 0.16073659206825208 0.17021026306340736 0.002412567431845049 
0.004540987953258207 0.16873214324368685 0.247474635075192 0.003298471134935103 0.08390290168420676 
0.003655804219425373 0.17087289147230325 0.2466805841276122 0.08831803460336383 0.002381117933373415 
0.01579180630237102 0.1687222820123111 0.3114467041531126 0.007284029171046038 0.004823720617171501 
0.006602749070209779 0.25213164993567466 0.0061711896575970945 0.005222097251816064 0.24210116265101153 
0.012914686298339055 0.2460328643090395 0.010927998652985743 0.08454259598238906 0.16571709919582606 
0.0028328337434506577 0.25092142400813794 0.011753395908988499 0.16769127138874546 0.08153531860620059 
0.003482815717292884 0.2599035267891372 6.814017101905788E-4 0.24658735686499184 0.0022713982034028627 
0.013657303418944949 0.2521279284479522 0.09156515128026466 0.004133736112350571 0.16625741415049608 
0.0036081942071473925 0.24792857566727747 0.0866565901300414 0.08979209160107232 0.08517905749417821 
0.0010972583226737435 0.24358115551115284 0.08310277126658595 0.17919794068866401 0.001729497332401768 
0.0015000958448669497 0.25944653782629434 0.17312286107481906 0.0024939960224874837 0.075635986490233 
0.0055285131274875445 0.2587140259002796 0.15696674079157372 0.08831803460336383 0.002381117933373415 
0.003808552174096231 0.25346098917399434 0.2533479214713492 0.0018727215553343269 0.0012478414081981354 
0.0041672116151283975 0.34520537109811483 1.8799895799464575E-4 0.0019020980307117284 0.16928003116481166 
0.0048509934995641215 0.3333246050159253 2.48869800817823E-4 0.0898534520568374 0.08523726558017206 
0.0037495619026216708 0.3317719404045291 8.680211863005892E-4 0.1696410592040472 0.0022508283065644074 
1.8868604379659745E-4 0.3432209075695071 0.0823092878255822 0.0011388644853844532 0.08592074917517108 
8.89471061485321E-4 0.3343673214601412 0.08070269126774442 0.09014875770931521 0.00236151603201855 
0.0071818891380250665 0.3360859257491452 0.16420810712198744 0.0021732742316658156 0.002259236115254574 
2.521851008010396E-4 0.4219859007257903 2.954969593229923E-4 0.00113595353309622 0.08535485701395758 
0.0019342192995355839 0.4245867489553302 9.818208808836646E-6 0.08445790680704864 9.614594046873657E-4 
0.002052874760171751 0.4209942088806721 0.08496976427814253 6.844517238913168E-5 9.135122894798829E-4 
4.3909299787357005E-4 0.5094781957495296 0.0013421179996324672 2.249994747253518E-4 1.923192431765231E-4 
0.08706604389581124 0.003241234655114611 0.006344224704207806 0.0050561328547899615 0.40841719062189297 
0.08625391472047074 0.0010028850251417884 0.004576740578307393 0.08524695481206267 0.3351613964529885 
0.08378363189419827 0.013707753223765658 0.012897336658319259 0.1636009704080871 0.24128089719578608 
0.08488792578095024 0.0038479743362920386 0.00600408797256516 0.2506282358444517 0.167524936397114 
0.08646766307648762 8.803682280917608E-4 0.0016040181127039382 0.34301976648744303 0.0873914506662223 
0.09548255564876178 0.001164434619528013 0.008384467234436586 0.41126532810120553 0.002190633227571308 
0.08769896865275507 0.009546356251645797 0.08062189607027671 0.005561554080611648 0.3254416099216997 
0.09391307939015206 7.608246648087267E-4 0.07850484860475723 0.08571120270429242 0.25275699603091756 
0.08248968310726174 0.006591417685838642 0.08166419235261675 0.17288987711109916 0.1721837454201965 
0.07971987835175823 0.009783262586252783 0.0802126423146173 0.25742180443553436 0.08673300789146093 
0.08817586557503367 2.8287619687260153E-5 0.08569997864828428 0.340851297447611 3.234659142513724E-5 
0.08748301787355976 0.005012216769160741 0.17405249628400157 0.004227506638504305 0.2509041839424102 
0.08778810517091257 0.013335619206766704 0.1695435321762466 0.08431791219448732 0.15959034181896964 
0.08877592166217185 0.006910208813706545 0.17871988836303063 0.1617302979093884 0.08390918332016882 
0.08405360781789971 2.6858941137050185E-5 0.17037803396324214 0.2596575097681502 2.9628029129116055E-5 
0.0883679775655 0.002349460244893979 0.25086028273101696 5.44754811118343E-5 0.1688364604884308 
0.08629791269791343 0.011624527387600477 0.25582405488261206 0.08242201686159795 0.0822916703895248 
0.08954395770379778 0.008470195893588843 0.24656626029406084 0.16285606912059336 0.0012935921097469603 
0.08970759777493366 0.006967501031586213 0.33652621507801117 1.8382726135829296E-5 0.08043949881362022 
0.08789944000037932 0.00324380357212562 0.3330560276036574 0.08356208123264847 6.034814793639424E-4 
0.09000999205510753 0.0020503015989408605 0.41424331213750815 4.354090938008087E-4 0.001140236748722397 
0.08314084781754885 0.08163820123626087 0.00972301412840682 1.445400801679462E-4 0.337724488934399 
0.08869889382570444 0.0820043549480441 0.0033766004621567777 0.0859381401162977 0.25398148335519033 
0.08851233597958774 0.09141067999059499 0.02375619120269909 0.1420630519317124 0.16748738377553615 
0.07530394235984825 0.09729372852704224 0.004775388159895974 0.25006345767650906 0.08498144213275245 
0.0939359424208918 0.090396916831964 0.016310815091294378 0.3072328246196164 0.005902642716514748 
0.08490720979589333 0.08776614197567348 0.08308709029768048 0.0014565703519895466 0.2568544772130229 
0.08630514427846323 0.08612367221220713 0.0932216682052007 0.0823482044838327 0.16561027927062558 
0.08489959804936306 0.08380890906213054 0.08816281269499632 0.17341761221665822 0.08650203394612298 
0.08698259182025564 0.08745583841724905 0.0907139031609915 0.2523353472860258 0.0021796597342610075 
0.08802721541418192 0.0859826217952162 0.17286926087022841 0.002046560838262247 0.1668632576820793 
0.08741888592871042 0.08841634573744031 0.17201435666925657 0.08635350714502836 0.08726793521228558 
0.0846221412940927 0.08268783143228989 0.17479415290999228 0.16959034806996381 2.4813308351111246E-4 
0.08649582711708591 0.08704225973889235 0.24981648628535058 9.193308723718355E-4 0.08402992579730653 
0.07656197035768743 0.08793196567536686 0.25730466146372194 0.08612458154143983 0.0012448738744953467 
0.07697681560736863 0.08734389510396928 0.34591404494673006 3.747331444540413E-4 0.0031234851805384692 
0.0770335957538074 0.1708340181561153 0.009019796043502464 1.6503539352976483E-5 0.25697732122539346 
0.0866642420566721 0.17097805844719985 0.008396051336691754 0.08122216297470543 0.16666533469294265 
0.08675682377340171 0.1718307071719537 0.008775927758993926 0.1690386059646072 0.07715134682353858 
0.08667822086830616 0.17121332342287865 0.004933153209727757 0.2502288504314723 0.0014518735464204592 
0.08532560512931596 0.1680959382357996 0.09132215583167383 0.0029500951445103037 0.1661363623392502 
0.0753958822003176 0.1719972795625749 0.08851377268434084 0.0894483796427325 0.08652689956019476 
0.07612611562750558 0.1793249608799744 0.08589828803476247 0.17656363648533008 0.0013981311324544657 
0.08709055549321777 0.16983126932021345 0.1715863043474133 4.450253186470561E-4 0.08501364569113677 
0.094556387845503 0.17168491539206018 0.1581646693418652 0.08670810360436186 0.002398622515568072 
0.09245598559858334 0.16355782976537223 0.2527559044906645 0.002063555520838035 0.0026415714054117316 
0.08792327947615669 0.25237131384280376 3.6001333248930014E-5 0.002076446195689345 0.1660230095423858 
0.08497076198598438 0.2553372814783834 1.4491132417477422E-5 0.08573568678851586 0.08615273748412855 
0.08200897497312463 0.2503612392605347 0.0013009428992951189 0.17986695987125034 9.568862479385878E-5 
0.09041468360842207 0.24451111617661841 0.08935152725726933 0.0024562451665796877 0.08178461875814337 
0.0836494702110536 0.2563104404999604 0.08289321462492195 0.08678186952762654 0.002381178452802422 
0.08868886159954634 0.24820797860603647 0.1693557635970156 5.621255993517086E-4 0.0012355471821538192 
0.08472124706021013 0.3389817212167616 0.001124372343052167 7.64619431545155E-4 0.08309227798635686 
0.08708867276904225 0.340067571949595 0.0012829596796807778 0.08559709202377465 0.0012106303935780964 
0.09077845810932726 0.3361510852177733 0.0851827179919286 4.711308874544421E-5 5.6821884239506096E-5 
0.0849837255806421 0.4237024937466201 7.020777311292245E-4 0.002494318910750423 2.2202088460728024E-4 
0.16903958990504048 0.0019076678957422367 0.0016986844164713435 0.005220166892024158 0.33401668047405025 
0.17124221774681694 0.0013872966765051792 5.492382363959148E-4 0.08571120270429242 0.25275699603091756 
0.1774512007935749 0.008020115873100267 0.012549442786773824 0.15077469378186847 0.1691873544509168 
0.16142455528286156 0.01703267409993327 0.01983150716055681 0.23404456934773188 0.08230646918983223 
0.17786372433384282 0.0020535249025184685 0.002829713564070669 0.33195058825591767 0.003917139052448348 
0.1690497377989112 0.0015071399326196328 0.08304544772291955 1.9541237787925805E-4 0.2542888342716528 
0.17346570238625894 0.002669646419063931 0.08465197722312415 0.08292896597671644 0.1705788133372688 
0.1739355112275643 0.00408933487693092 0.08420086849862331 0.17014845214825533 0.08323351423096967 
0.17006578986432494 3.990162860960304E-5 0.08418746550632239 0.25948878779873746 6.212346827431899E-4 
0.16604159866043885 0.0021134386557187497 0.1667233981143817 2.580393979065498E-4 0.1728485203492886 
0.16772381692528154 1.0442790015455569E-4 0.1744847463233072 0.08517122787525004 0.08521757144249167 
0.16570167435671843 1.0316887739845982E-4 0.17238109140074792 0.17341126643197716 0.0010846372084549977 
0.16637023274400795 0.00985207195117773 0.24716142282207526 1.6260162399035473E-5 0.09023679602685658 
0.17221310778683857 0.004745497601896775 0.24841385069996616 0.08608146981076774 0.0023867058034412933 
0.17246159135766417 0.008294085834343469 0.3225964975685966 0.00203277828701205 0.0024951501531029134 
0.16551657224234947 0.08237497288722237 0.00902066689031017 1.3927881448433847E-5 0.2569666109876137 
0.17216752496392035 0.0862049896175392 0.0019206295831227405 0.08616155750101029 0.16805634350259369 
0.17281805947456033 0.08536684984411289 0.002878180218615419 0.17170615788445884 0.08706808061501732 
0.17229953312520213 0.08484591353323744 0.004950988795764707 0.24794630038094406 0.001953807863240951 
0.16977378371925214 0.0836454365990835 0.08993235470145547 0.002586369421000257 0.16790222784028522 
0.17365622669195263 0.08556257844954777 0.08799362822672943 0.08624220267597131 0.08711854019644459 
0.1703640031119483 0.08377528972295986 0.08441882363662545 0.17443663523231764 5.774535526556338E-4 
0.16812196312218006 0.0839779293778383 0.16836595688929948 4.366730427521243E-4 0.08460898776025427 
0.17296965839994116 0.08505660222256299 0.17187382430945164 0.07808916594680564 0.0010188249327392526 
0.17132430263019544 0.08279585888473379 0.2553796967995185 0.0041782214441513955 1.3304107213250523E-6 
0.17041529009240616 0.17011713344302368 0.0021183686279006744 0.0021060274418531343 0.16725560816566307 
0.1743118472774162 0.17487932450232216 5.521501846716527E-4 0.08764783596924072 0.08577235902398535 
0.16667733989331568 0.16817079455073142 1.3646104441832464E-4 0.1782078852069046 5.366977697904999E-4 
0.16376716223978705 0.16500406099300474 0.09269749271360948 0.0019150334040309272 0.08203431888909439 
0.17347144669455364 0.1613203982756238 0.0850431388792483 0.0915581702633871 7.04721205604703E-4 
0.17657157038218507 0.17121566779058484 0.15755605981369225 0.0015396243310744535 0.001993217880374317 
0.16911811955893108 0.2512882177733912 0.0010889748934760867 5.063333192402796E-4 0.08416152116572116 
0.17745354330485869 0.25457595854980664 6.17179361101387E-4 0.08821612234557571 1.6200942284220836E-5 
0.1712424735811609 0.2549591208635449 0.08514060229989201 5.239034611211099E-4 4.6663616308420297E-4 
0.16732866459188392 0.3386656283009558 0.001546385719057203 5.640421564318905E-4 6.690443577211701E-5 
0.2440380484967872 1.4851298479564873E-4 0.00941550329933655 1.9541217701818768E-4 0.2542885728924711 
0.25532435462658326 0.003929455446534785 0.0015335159553289779 0.08292896597671644 0.1705788133372688 
0.2599233097771837 0.0035450974360322534 0.00412115652942269 0.1665657089458683 0.0848664147941829 
0.2513311248289435 5.896848042724429E-5 0.0016960760747314083 0.2582571394254959 0.001959345675205665 
0.25667714454045626 0.003272279979824995 0.08666451019609347 0.0050277119691157415 0.1705504754949073 
0.25427064143111194 0.0041900695596022415 0.08685036525531246 0.08574915630350304 0.08804825966207612 
0.26007792252602785 0.002394424061391798 0.07811693181425966 0.17679261241503516 0.0021499886965092845 
0.2630335394378571 0.0058004051489827 0.15910998848785426 5.696492739867784E-4 0.08608506662136246 
0.25719312279613427 9.503783458033067E-4 0.16813867490281023 0.08433878030276865 0.003100072270535814 
0.2548748650000715 0.002801692728584164 0.2550108927476134 0.001103757288883846 4.571408905347632E-4 
0.25664899714310746 0.08476638280151212 0.003985473797817488 0.004140095311273946 0.17185442177055102 
0.2557609771324645 0.08735830087139061 0.0012241630028051655 0.08629459245974366 0.08180026759365429 
0.2514164271937962 0.0830009447654396 1.8079691959274263E-4 0.1769922967083343 0.0019393677654473015 
0.2573153287588898 0.08458984180829582 0.0847108342937913 0.0010649955014099956 0.08619633992056594 
0.2578287472651824 0.08148225000622221 0.08690899346846236 0.0915667414124454 3.0577335070774644E-4 
0.24659193339460025 0.0954513598139469 0.16331324807452177 0.0028969999182918782 0.004168175129951513 
0.25040329329164196 0.16868630057869782 0.0013737514499156693 0.0020177118359981927 0.08425713219210058 
0.25317688398639504 0.16689141901316842 6.54674238014125E-4 0.09016234765217108 0.0012143663159760048 
0.24913918300548005 0.1682975327802479 0.07552667857589142 0.002698117477075158 0.013241184020397596 
0.2583004521865434 0.2603473941984658 6.82279245410051E-4 2.00216238611983E-4 1.3378368582118758E-4 
0.3364080228888815 0.007128562621226888 9.486641031666816E-4 0.004647369604306485 0.16297720992885226 
0.3440504987381709 0.002337539215386472 0.0019753031100176355 0.08574076872252523 0.08538772460190766 
0.33532419741563685 7.867532676481398E-5 0.001105006903109729 0.1744822804108806 0.0019579924933601665 
0.34454980320278406 1.1812906421700866E-4 0.08853653737876989 7.979148843475988E-4 0.08569615035438614 
0.3384922471262183 0.0014216399837368766 0.08673521522762621 0.08433013691772968 0.006960311099517467 
0.34241340712308893 0.004766351359275795 0.16649312738014857 0.00294467408019343 0.0037068810001582575 
0.33101453935120473 0.09336051939334332 0.0013910768980790714 0.0020298899308280193 0.08531711817002659 
0.3424805803493233 0.07673914435037026 0.0032263005490222357 0.0891705921967503 0.00784654433976081 
0.34995738888274586 0.0842764601051687 0.08456689837817537 7.382134556470231E-4 0.0010067262635568225 
0.3398676296876863 0.17002995450799058 9.742052670988265E-4 4.831669965842083E-4 9.16143996758275E-4 
0.4264665620516233 8.58056534582111E-4 0.003043410161059793 0.001437868906332814 0.08190679920965704 
0.42260738061945485 1.9033920632617344E-4 0.0059422714591736295 0.08885633633842638 3.3762569794420556E-4 
0.42436001812445323 0.0016385930584889175 0.08296308854115689 0.0056902183720252755 0.00589376898916951 
0.4273143086515965 0.08308882009902975 6.628460039538147E-4 4.8335065112563557E-4 7.999783074382531E-4 
0.5049844452571287 0.005859746343448464 2.2178315400290464E-4 4.8335065112563557E-4 7.999783074382531E-4 
