0.005757496977233941 0.004978101855142127 0.006506089844915476 0.0010766086776641717 0.48502813409032786 
0.0021871170011727465 5.324975763837008E-4 0.001858744053585025 0.08134558327930533 0.42035251534947704 
0.0026981421578095473 0.004511749085756383 7.887855752857774E-4 0.16831687854805746 0.32721643645095305 
0.0036965637535860485 0.0059879918706369495 0.002147058625294277 0.2466281356657134 0.24780809412246885 
0.004815698797872047 0.008200502953693874 0.0028831921175200585 0.33142036119944784 0.15907387019295774 
0.0016755822186366972 0.003271898770931057 0.0011486724768631881 0.41651925124159567 0.08319414360745636 
5.322967693726922E-4 0.0010394125254552522 3.649087712324166E-4 0.5018376520483894 0.002421325565819715 
0.002878793436334756 5.153364685675268E-4 0.0842496505383711 0.002974055091699908 0.41522385682864404 
0.007752018869987354 0.006817934839441974 0.08789986166331143 0.08785308889905875 0.31505433834138086 
0.0034456138501149296 0.003102528385818032 0.08711448037150107 0.16257348832093685 0.24714321106182252 
0.0013055995821329516 0.01746310314781554 0.0682503915618765 0.24493581109345097 0.1749506310130291 
0.008806322236346815 0.010827954057913983 0.07937421278627586 0.33038958113055816 0.07745827179100911 
0.001660664732359262 0.0019915452939361774 0.0867803551788137 0.4166034301542068 6.289001751378301E-4 
0.007713284757538851 0.002544873177694983 0.16570018918703683 8.035904515129492E-4 0.32868794986515165 
0.007613594116462246 0.002443179573418131 0.15979686052293476 0.08832794709626465 0.24622267666311054 
0.004973550979474981 0.004517605618272707 0.1616360283980078 0.16580546300141139 0.16945304271663916 
0.0019129519245884886 0.0022349516177285807 0.16885123979732705 0.25031570438373973 0.082299156471692 
0.0036061765738382725 0.004324692302297175 0.16881059579329347 0.3276137362871506 0.0017870590834300772 
0.011575875891370206 0.003714663940525458 0.24295866012143238 2.666003743924978E-4 0.2465414147425049 
1.55949201922471E-4 0.0014421623135143947 0.24947193632462067 0.08775363874974375 0.16848479131195607 
0.010869921774485494 0.008973212995479655 0.253332280772645 0.15307226083150788 0.08052924702780082 
0.0055217774254542554 0.005418545433925554 0.24639483499879072 0.24854797160371422 6.373818859558825E-4 
2.0938560539431386E-4 0.0019363230165307097 0.33495415027638986 0.0016904887945542605 0.16846821308170093 
0.0012498428056206144 0.001353490747147432 0.33567934725281057 0.08453221427869725 0.08586568390254357 
0.007045642769655076 0.0013075738532759135 0.33197243537191873 0.1622941164886694 0.0023781997684993823 
2.3791395541973185E-4 2.511114905137943E-4 0.4211792630864461 5.033963327672769E-4 0.08650889412167248 
2.250725804284084E-4 0.0026453426441195435 0.419214174162082 0.08515821010031754 0.002270786837380343 
0.001112902281922393 0.0011687943704705593 0.5074939305408239 8.751358985182509E-4 1.4587181463853285E-4 
0.006956320343725365 0.08494748602443486 5.180252022598294E-4 0.0048258549879430694 0.4082881823938147 
0.00532513357016693 0.08617326939008345 0.007123850362702071 0.0801592133930441 0.32753707028086665 
0.005345475030073594 0.08625046406987392 0.008303771477772622 0.16379116372352973 0.24269204534664604 
0.003912007972491376 0.0831318473427307 0.0012141768724752522 0.25025453410154136 0.1683681298461975 
0.00631327828721515 0.08549179764563682 0.006515175416232658 0.32608668932084567 0.08308043797240433 
0.006886988021618282 0.09294030272792402 0.007122394725394096 0.39833000815320596 0.0013382923600574136 
0.00775641324700169 0.0938998423650281 0.07196687555204323 0.004906494536786689 0.32815702433405525 
0.0027081646861178395 0.08305234780052315 0.08056754491079948 0.08417782358012169 0.2571121755866782 
0.0023343996901051744 0.0872711249771524 0.08179552106375976 0.16551306256536574 0.169443718572103 
0.006498990256409736 0.0880872577073881 0.0894643985692779 0.23970134713984956 0.08248601556298964 
0.005176075562750864 0.08870169670087814 0.08441285268109475 0.3276927041140481 1.2353220705920912E-4 
0.007145590132464447 0.08679370240424272 0.15999037993843096 0.00852658553946725 0.24261765781128744 
0.006500034347900387 0.07963858653162484 0.16839617116734865 0.08956767593746105 0.16164403659300702 
0.015092778661946511 0.09113630319272403 0.1543847025676638 0.16442322374399107 0.08041490756538805 
0.0015777721174023564 0.0843903870414294 0.16934046780146678 0.24986961783327757 0.0025540133118212593 
0.008961290443262665 0.08763879578731104 0.2424335944143076 0.0019362448197288457 0.1651321041300688 
0.0052236397305835125 0.08246392920947083 0.2513942979601345 0.08206712225935912 0.08378987374265603 
0.010642331362380191 0.09146097791386754 0.24410803414749227 0.16018084728106183 0.001234616316020073 
0.005937015402675737 0.08674511943629626 0.32689916801475843 7.001876347883252E-4 0.08495114084819697 
0.00954158696938796 0.08333922385426551 0.32632055232593227 0.08510167696944837 0.0020402173056672133 
0.002082936610532221 0.08389981478892365 0.41437189549358916 5.291618775321929E-4 0.004316106606197374 
0.013146688307941497 0.15942384863577613 0.0038976228486434982 0.009214378623282568 0.3210512168101303 
0.010101614124317579 0.17542120789031068 0.014183678541238701 0.06599538257070733 0.2394471708021693 
0.002129989977157981 0.16312865322434117 0.007379267203633498 0.1643954154225823 0.16956428926160608 
0.00912319495967924 0.16567662474064462 0.007136356107250257 0.2424742870756636 0.08331489186782702 
0.0026221391248594577 0.16967313136426398 0.0022873101549749143 0.3327320399848075 9.266254570386851E-5 
0.0018282178505640563 0.17045871321086198 0.08028944649232464 0.008106067461281707 0.24462026184790947 
0.0016713638649927531 0.16724270036954084 0.08750893103400237 0.08475065320244847 0.164669931974768 
0.0020588024368981784 0.16792071046806079 0.08998591139023113 0.16307271033279797 0.0839764717550942 
0.0014138221257875422 0.16505591051718904 0.08883349078734809 0.24848808152131557 0.002807193592856421 
0.0026618495562120256 0.1676462490281861 0.16892277474989867 0.0010842382489595337 0.164778882956528 
0.00516229292911375 0.17190336639106854 0.15823831994242119 0.08431921690763429 0.08563779044118396 
0.003583602728029987 0.16766967344268352 0.167236509096285 0.1625313545874733 0.0057114510836136995 
0.004486224776510608 0.16930724503282374 0.2455634829991487 0.0021000626312457638 0.08581175747051167 
0.0013603770889408446 0.1669350392111238 0.24718006173052617 0.08437022667488438 0.007821229431776325 
0.0028494899201294117 0.16413393109983543 0.32498289788986573 0.004080693012606381 0.011226281276480279 
0.00275071017953765 0.2565846023124206 0.0020513188831615833 4.893944769529122E-4 0.2453623178187729 
0.002493678801773809 0.24952650072085952 0.004488637659808423 0.08477901829995069 0.16472504516268632 
0.00317056371344333 0.2522548203907742 0.0053395831384787625 0.16168957656728072 0.08467004159943566 
0.0021279895041670404 0.249795684146055 9.97090697592248E-4 0.2506379005058058 0.0028058972906253483 
0.003606660034630626 0.25337936250505516 0.08590103359345908 7.573285727975372E-4 0.16291549120235396 
0.003498599437000687 0.24578776111305056 0.08535914295299292 0.08850088146089306 0.08339096517604178 
0.007665566174053662 0.255619313225717 0.07198977864425558 0.16811155494468183 0.0032269066137973453 
0.0035739674776055956 0.2505972509718583 0.1668806498335331 0.001125718962874882 0.08315126057389138 
0.003514486376004552 0.24694946071054028 0.16345462775007447 0.08404202125653512 0.00846428802455175 
0.0010691502087213465 0.2584758748968531 0.23770292255973213 0.00448789221595579 0.0028072161015684615 
6.374966423944999E-4 0.3381060614090327 0.00267943092864294 4.479688944570696E-4 0.16536742597830953 
6.051874702949608E-4 0.3381722056321716 0.001954894085036316 0.08377160421342573 0.08084215772015135 
0.0041214352170129654 0.3339759217535819 0.006777504648277532 0.16213161673934917 8.754922381135135E-4 
0.003064269439555958 0.33553158372039926 0.08430535104552885 0.001316336266465762 0.08374013504902554 
3.258261009366563E-4 0.3377815506804065 0.08241500976700371 0.0853828590879135 6.965006856166805E-4 
0.004935251138358209 0.33051973086638387 0.16780936611250993 0.001740524578491593 0.003985635560346672 
6.534036863134877E-4 0.4225227725665684 9.926210997074007E-4 5.046568615016673E-4 0.08174434503177049 
5.97882775452038E-4 0.42275173810375366 2.473120655843559E-4 0.08339229101374643 3.6924365359200544E-4 
8.933233052578024E-4 0.41185611871666056 0.09244602205900139 7.446244404394985E-4 9.391723121106982E-4 
7.806814024639717E-4 0.5039374447870995 2.948458582921992E-4 6.608024592340899E-4 0.001560661286445321 
0.08728131339647377 0.01234022312491789 0.008164162275920253 0.009072125467318863 0.3886912681847776 
0.08319736010798486 0.017815212696489283 0.003304544030743575 0.08136578108376616 0.31764385746702894 
0.08984727126117942 0.004849637682299378 0.005604205975666984 0.16365177899920333 0.24212631883400323 
0.07826419748219048 0.009848829897105477 2.0077915711073918E-4 0.2504126815619492 0.167727417347935 
0.08761597537555343 0.007190100105572035 0.002789147954330951 0.32497498728609725 0.08331568069608038 
0.09046093726299582 0.009328155841560739 0.007353380682171143 0.39904804083807693 1.3980307600052222E-5 
0.08464067137456761 0.009260270963118163 0.07834631791164437 0.006997790970424341 0.3281252052404051 
0.08185981082388688 9.859768552580256E-4 0.08249304386251563 0.0845567418170718 0.2564683932518463 
0.08366946843703817 0.006577739535279197 0.08257573494852655 0.16438939670072186 0.16975204323928658 
0.08723403760619583 0.008986930999345142 0.08783436393655539 0.23970745003976388 0.08248811569260225 
0.08800411853831965 0.0055796317167150136 0.08414847448061105 0.3266663816444995 0.0017847203326378453 
0.08940904604661752 0.016781253939017547 0.14904340676333055 0.002272282024065836 0.2472080724193032 
0.08630609547820738 0.006412164901444861 0.17096900557273104 0.08283540973908464 0.16142774167018942 
0.09246577055586988 0.0170700961165825 0.1510344723802963 0.159505531429579 0.0848870609056141 
0.09019611247884764 0.02206092075048893 0.15043195627799336 0.2416411142219868 0.0017846718302235247 
0.08318500917822462 5.666999273606835E-4 0.2531759281916302 0.0032180959050942494 0.164696870787631 
0.08283786842761104 0.0015616688121309179 0.24905431221856983 0.08965442158240844 0.08261165444937947 
0.08665822946149797 0.015500048023211572 0.23816556368762767 0.16229325294565386 0.0023827987474293755 
0.08173660458663386 0.019873503447343534 0.3162800121215203 0.005118958402562184 0.082614648817277 
0.07713471619370213 0.0183822570108735 0.32422268300449664 0.08074428693408399 0.0044165577801209294 
0.08445880904373163 0.0015239423557242427 0.41437189549358916 5.291618775321929E-4 0.004316106606197374 
0.084174770622949 0.09312145914914191 0.0029851045599807433 0.0035006663437654713 0.3241362305129378 
0.08634747924070349 0.08777578088526498 0.001971090756891255 0.08006351707753409 0.25009332129251 
0.08240197257031387 0.08329695631273873 0.006917150870762749 0.16437462706280762 0.169542847280143 
0.08943054498302497 0.08669906071547376 0.007190645788130252 0.24097041913829828 0.08329137576744643 
0.08504354255605197 0.08394457024103917 0.00687752668568774 0.32849088688603245 0.0019349500272695108 
0.08399967090072394 0.08908946752656172 0.08330917590755842 3.1865365998170184E-4 0.25006466956495715 
0.08461898529456219 0.08566481196114901 0.08843355680339832 0.0793334955043094 0.16772992364434527 
0.08760867891028944 0.08278277800197002 0.08531477814133774 0.1687127026268662 0.08090994924668386 
0.08309830212794007 0.08358902871162803 0.08823857291936843 0.2481208341360154 0.0018931621981186377 
0.08505248425402788 0.08387667831692323 0.16755505530772194 0.0035935912533825026 0.16505850399121066 
0.08628044925681541 0.08608274117640927 0.16715712743997913 0.08261257500176043 0.08425896527789012 
0.08578064291346674 0.08632807094070544 0.16298083692666268 0.16952336450493916 3.7590514041434617E-4 
0.08890892300190396 0.0864743415195016 0.2478098017312514 7.350082156645513E-4 0.08275685049726163 
0.08753455348086134 0.088117061763908 0.24583014337574932 0.08484026994741253 0.0010749164478606507 
0.08168409046073055 0.08578642225676325 0.3374170924696456 8.667445920255921E-4 1.3264107385618982E-4 
0.07736299024560657 0.15939532019551167 0.01933873915861842 0.0091488025866601 0.24015792551397783 
0.086438350322246 0.1685928009373186 0.00218976474980542 0.08367482270038805 0.16470996292951934 
0.08129512557992971 0.17122257173636266 0.0068772829456529485 0.16269600371158682 0.08452666487732745 
0.0785880041505149 0.1742803785262552 0.007921989844735678 0.24447128441654947 0.002264659093281285 
0.08068883683912252 0.16886623521511693 0.08883088212645482 0.001470728038923849 0.1646969802902471 
0.08469694792208061 0.16627983350831674 0.08276702384483987 0.08827652876719747 0.08450411962503221 
0.08446090378465364 0.1703938349290368 0.08668717805456741 0.16569930019314683 4.631637009672422E-5 
0.08573523032479238 0.16832228475900038 0.16695119696289326 2.0332090863190905E-4 0.08436930949893484 
0.0772707909235669 0.17442473319152899 0.16922742753776798 0.08544668687751368 0.0011180049123164656 
0.09603267546487428 0.17133162698218557 0.2341609767058858 0.003289872633800736 0.0016543907028935718 
0.0824016958868486 0.25559582102382206 0.0027647501182070074 0.002681772908376142 0.1659198818894346 
0.08753574446851507 0.25110358285837825 2.126145198385672E-4 0.08694332259664031 0.08108808569699097 
0.08623585401575472 0.2530859641832475 0.0015308927607935825 0.16616981501089353 4.582108820380544E-4 
0.08464646793273753 0.25387267195624297 0.08384879117217091 0.0012623555263035836 0.08371032031274185 
0.0826424905780667 0.24902125257351604 0.08914830124057783 0.08632337604527139 6.911455949885749E-4 
0.08629057068972985 0.2510828678362047 0.16876906261429317 8.690926863479843E-4 0.0031577125443683885 
0.08423642879299689 0.33689085008420316 2.214352470472083E-4 3.325694885088096E-5 0.08482440262924619 
0.0836070282731461 0.3378038405384656 1.0624958752323665E-4 0.08298284399853753 0.0019406561285651768 
0.08420870722012007 0.33792331410619286 0.08381466183402192 0.0013467217446683428 5.018368066357345E-4 
0.09170992902071043 0.4093590096955669 7.639627264818586E-4 0.001959500362933682 0.002642508464987827 
0.16328363767604454 0.01722536555395242 0.004886253292924734 0.00516683242555526 0.31268631864297264 
0.16432237964914306 0.017731183988792167 0.007355146968089657 0.08357616552617428 0.23417996575949449 
0.17332609880759087 0.011768782776571486 0.008777420494905592 0.156610477889469 0.15487018688075546 
0.1682413570679493 0.006028097878945495 0.007022542724530542 0.2418127822050652 0.08305832101247686 
0.17012782148809555 0.0022159157899692378 0.0023024934825127265 0.33285334895517127 9.269632903898446E-5 
0.16131118468543612 0.01269548904310337 0.07941356820164427 0.0011920305877274712 0.24993035082890366 
0.17019644722815486 0.004046417162346707 0.08446137362215911 0.08026018355113225 0.16705122296591812 
0.15938622652610526 0.00986679855645684 0.08547398403402746 0.1661807231548235 0.08564583316735858 
0.16577528079245862 0.010026417055751764 0.08688996218752877 0.24164357077512055 0.0017846899734157184 
0.1674733022604946 0.0022443559798473053 0.16729280333630786 0.002657732948116717 0.1644656489371289 
0.16737725961148406 0.0022424120691782183 0.16820476078856506 0.0839973930460508 0.08514572317499502 
0.16955577412762596 0.002544670940258161 0.16297300667984124 0.16951521992910373 3.305134289159842E-4 
0.1693583287057628 0.02827365338001422 0.22301081151997185 0.006400644904559401 0.07843773543778815 
0.15666030265845196 1.4422624404494282E-4 0.2602816449863216 0.08671462544074647 0.001329166308408292 
0.16858871822980795 1.7666587405669245E-4 0.33502324128503064 0.0024612459245140416 1.2671314970988918E-4 
0.16836965088013853 0.08734113523650312 0.0019366708558612364 0.002333840233102715 0.2459536982326114 
0.1674277020240884 0.08768426590566059 0.0014439186919012394 0.08457355193004347 0.16480770131529127 
0.15917249498115518 0.09292463224738431 0.0015803726945453466 0.16746459489930784 0.08267303270323764 
0.15790094492525458 0.10311348110107044 0.0012368700328858888 0.2404728705333194 0.003742508999012986 
0.1663106525835434 0.08694207280896447 0.08476893328645276 5.57825248878911E-4 0.16774639679895895 
0.16962201729518336 0.08750440405550805 0.08479503679076748 0.08311312278262302 0.08070944922735139 
0.16833628261386235 0.08723822677849778 0.08419579857092138 0.1675560383706868 2.1148980969903323E-4 
0.1642940736611383 0.08714555580384775 0.1698267179366156 0.0011650738071579609 0.08408955930947244 
0.16437358282866343 0.08474444062754458 0.1679671245144577 0.08358273052307924 0.00353864431553533 
0.16653254820291494 0.08764223649315651 0.24637411669078604 0.001990508989254539 0.0013258657268536082 
0.17239163785688727 0.16419195555379862 8.089062226129764E-4 8.999897007687742E-4 0.16719418747388548 
0.17570880785868892 0.16426668877928113 0.0015338419127090533 0.08462751211193477 0.08557640525698484 
0.1649347477744948 0.170687296355025 0.001280855607781134 0.17032218727061896 3.2925857880447925E-4 
0.16998951633345197 0.16941794306500044 0.08273868506180182 9.21873384209096E-5 0.08452594787686668 
0.1667029427559587 0.16623266137104364 0.08902373201208755 0.08621492516067596 6.863403854019327E-4 
0.16980632266064247 0.16940256744616913 0.1693451004443399 3.196603973789879E-4 0.001451825488359412 
0.16930807641473117 0.25272900576110807 0.0048843191476608105 0.001019023932287126 0.07754536182156561 
0.1697657672722841 0.2537680990962453 7.486617345382155E-4 0.08218955685851821 8.925388714535285E-4 
0.16796178422610858 0.2494663945069909 0.08479797989973356 0.00205549245671387 0.0027114749029579594 
0.17073200848240205 0.3342865704326583 8.064670049190779E-4 2.4865974565483175E-4 6.629024819053711E-4 
0.25106979809996155 0.0014330652847961587 0.0014524445313185532 0.004065649329362773 0.24836865998632224 
0.24740185212872554 0.005408840268993667 0.0023866510711582282 0.084404859379939 0.1673655395633841 
0.2478039219443562 0.002391968154642922 0.002373001132054749 0.16612618245895283 0.08560255433628848 
0.24059824575770947 0.004533571536527796 0.008824969078901061 0.24750729507432814 0.004738621026978452 
0.25169756646694835 0.00175260159042017 0.084835021436381 4.891485057709966E-4 0.1678429356324609 
0.2553409181550201 0.0021545220458729364 0.08114045817079173 0.08209204438316682 0.08553662267417458 
0.2560992472090607 0.005325745291496581 0.07998914122364964 0.1644628218794414 5.07853114125889E-4 
0.2506016371301589 2.2055376972487595E-4 0.17045602990701583 0.0011651066447999887 0.0840919293763557 
0.25864394489129955 1.770850670797546E-4 0.1604800569491832 0.08449971242200252 0.001329166308408292 
0.2529787691746747 0.003348662602970118 0.24631829340479175 0.0019402522434051534 1.2629668099113233E-4 
0.24104398903211588 0.09186260943235398 0.009903239852753324 0.003112890024910044 0.16118217351862177 
0.25230177013913996 0.08487499832931754 0.0015212151010384196 0.08393084601568475 0.08487192773314321 
0.25340559525263706 0.08524667967310301 0.001603649503990377 0.1658788743666994 4.5740861738374175E-4 
0.251220627639933 0.08775760975312606 0.08489343721577801 3.5774969019644263E-7 0.08445207555016974 
0.25049696417109324 0.08413285778065654 0.08316118223204376 0.0878997299658738 0.001593469585013591 
0.25355451618612773 0.08583571943408988 0.16943789854453456 2.2635244502503966E-4 0.00135435055281271 
0.2513393818590041 0.17196923510829795 0.002530543916732387 5.552519709012251E-4 0.08110140366832617 
0.24806282454890022 0.17329698670747834 0.0031963374859552457 0.08224256106585426 6.998698447100633E-4 
0.25237856290596505 0.16987543730599033 0.0852446475957587 6.516564215783016E-4 0.003007597602078861 
0.2537422324605081 0.2500427834805854 0.0010028817518101646 0.0018076517926143986 3.4553492087962433E-4 
0.3353404509065385 0.002304364867787907 7.356598512725044E-4 5.784350702167221E-4 0.1667541453654361 
0.3366279787608518 3.447343387713659E-5 0.0012346248151544554 0.08548671640289947 0.08440085549129159 
0.33776267695401596 0.0013459248237752942 0.0015299308082806354 0.16606540046585197 5.113224091333172E-4 
0.33567365005064925 3.610338732360456E-4 0.08408218346454996 7.178772456870021E-4 0.08491159973928071 
0.33546750087945154 2.8997978277302828E-5 0.08337656613206215 0.08809040664954347 2.1527023214851817E-4 
0.33455600202169805 0.0015564017956189436 0.1681382374769399 0.0019283326934420373 2.4028003299641612E-4 
0.33586965458971274 0.0862076008460329 3.8255277810875747E-4 8.011600181125457E-4 0.08499877083647217 
0.3275367141416636 0.09101444046006178 0.0033096905916078358 0.08631032127843873 0.0028248428198253545 
0.3313032757660331 0.09003548738927034 0.08512900014362283 1.3512542824594851E-4 3.146220513314013E-4 
0.3281158518418617 0.17038704184054618 0.004046908923691114 0.004947374870951836 0.0010002755934264064 
0.41872527678699606 4.503600698995409E-4 9.132990416571612E-4 7.181093196482421E-4 0.08490601084305076 
0.41822754107471743 7.737717212923287E-4 2.5481186932287803E-4 0.08628340730498194 0.0013055407661353873 
0.4202494637067731 3.815038706181552E-4 0.08493674037093699 1.1441820567592387E-4 8.988284600057347E-5 
0.4196464346933566 0.08423854685339083 4.204342532329328E-4 6.490649394896545E-4 0.0024742184895806805 
0.507224536430341 2.7425494071393575E-5 1.277221344770247E-4 8.7002364984912E-4 1.0035023347705411E-5 
