0.028967845262025248 0.02698050649797759 0.026947236967633244 0.014339109818021356 0.007655368116386403 0.005873514745347494 0.0048696539747439165 0.390533583608392 
0.020710434812902006 0.02076216764294816 0.021866516301827864 0.02367493865495656 0.021939922226471217 0.014621894742909106 0.1265403760540228 0.25352524098178963 
0.01893795895278201 0.018127375753002016 0.01998271032077571 0.021486948081285547 0.021329574681965245 0.02289547649393638 0.24853751303004015 0.1343549818922932 
0.015282555598179034 0.014601522422538683 0.017229173811908447 0.01682925304745925 0.02218236775977678 0.019107389448496704 0.38955797991655794 0.01038889455678913 
0.031230380939065775 0.024861426376963775 0.030240407100361542 0.02931579033380829 0.029465841542278808 0.11538996878613451 0.012822392304557107 0.23219043128377712 
0.01575935343317788 0.015417742441118881 0.01654609856934773 0.018853148813797807 0.016278395796290906 0.14251264871040054 0.1374584023139066 0.14158755794508418 
0.011384883041252085 0.010852829339588024 0.008256348113687173 0.010378555180899356 0.010888410918682636 0.1607126382535913 0.2916744196498734 0.0020351321596000036 
0.013823906105950424 0.014569606508765414 0.014192469171847546 0.0214984723251087 0.01514883701692722 0.272917720368041 0.013785295678436765 0.14104693956001563 
0.01418474345732123 0.014584933088717103 0.01372782642213616 0.014304171131496679 0.016219998604751134 0.29132112132217014 0.13960026957776686 6.051829440931508E-4 
0.015101450697795565 0.014722615988813163 0.01526866870488423 0.015751505535979204 0.014283307263554965 0.3943961870557682 0.009459759117863419 0.02760640551938764 
0.020264177669118973 0.02027489608340859 0.018160836439254365 0.026914140121121713 0.14435592212732876 0.01942402943617262 0.0018453240289587707 0.25249240722860766 
0.019733467128901498 0.019304935166248233 0.01781160395722592 0.02140732784125995 0.13237471594639338 0.01233409464737155 0.13943699816786848 0.14182333246050266 
0.027826439013982303 0.028459897050703016 0.03302405496324069 0.029820480968464874 0.13174659794968466 0.029953092753943356 0.20168524232596674 0.021918213271297907 
0.016870110958593653 0.017315918091273957 0.017473311470227883 0.017865631851896015 0.14340294547075205 0.14419727092368473 0.006295308020991087 0.14176695528403405 
0.02404374311014715 0.024672415201706148 0.02410985400865774 0.023975404472340704 0.12233324073435538 0.13970206501614912 0.13507595275576406 0.009849703062539935 
0.00803097233315149 0.008188416066054187 0.00910247816630355 0.009043067773327406 0.1628529519355951 0.2956206518635616 0.008144447563723902 0.0025951515725786706 
0.008237296658229953 0.008410649702973918 0.011240049815345207 0.008974068745392352 0.3060235708027845 0.009843676224608465 0.0057379570361965814 0.14494824200299383 
0.01434607434631006 0.01318573525186504 0.014653203971610579 0.01588549056560864 0.299583575412217 0.0033096937130012226 0.13468399401973985 0.009124061122774902 
0.015563081444012621 0.01586818891249427 0.015382916564075286 0.01671850943455631 0.2956800622874266 0.1336267159746201 0.008144463039594966 0.002595156503819349 
0.0039306472053840386 0.003155823623751481 0.0037797499241301355 0.001329341647890669 0.48473240471326157 0.0031538626540940267 7.570758128482483E-4 0.005006457457443189 
0.022993794401796858 0.021433335696327944 0.022436309422126727 0.14216302110685922 0.025057232817275562 0.013561403915359344 0.026490793359809518 0.2299231520705947 
0.020950558221602376 0.020559337599079776 0.021204997173568867 0.13088171951875827 0.014009211685134183 0.00724363911962859 0.14339788040478318 0.14742341960786792 
0.01605070151757761 0.018904170032484232 0.01848332744741796 0.13351171637833417 0.015379464173877103 0.01306935109832328 0.273985786371515 0.016000918697579712 
0.02676387534952516 0.03050764828168943 0.02865865316926654 0.13817447337140953 0.02177884866153679 0.11150528757736863 0.013342768779630337 0.13565091507782495 
0.01809469673267767 0.022246893304652286 0.020591626741576264 0.1457340121372677 0.012412914258668226 0.13652655295703847 0.1425503239884607 0.0054796239461212945 
0.018435526727691425 0.017938785329083686 0.01818282775845552 0.14180397328358157 0.004892051409202619 0.28094207524408465 0.007924393332190997 0.016889501826938418 
0.0209401615072402 0.025537785601839037 0.023595349874327237 0.15104355719787932 0.12684591117209842 0.011520570376482245 0.010447386219520299 0.13603444975551576 
0.02848579779217864 0.029895968108938346 0.02948526427307283 0.1348730704277445 0.12336991104161406 0.011927404242239382 0.12833295321423038 0.017166730253127677 
0.015650256450459615 0.016067964051570002 0.016084180531180627 0.1590563579209352 0.13436837638771126 0.14960902095895592 0.0069205860560422935 0.006284122236880125 
0.03277961729359186 0.0267380765691395 0.025905042207707334 0.14740985312352956 0.24286148659627474 0.00394288283076329 0.007774355297945931 0.016555657884052243 
0.024451448324746654 0.024351706869073002 0.024496686651986704 0.26731892250061845 0.006287783636064154 0.020076328279169837 0.013971091844548367 0.12467366313924573 
0.023130449862295132 0.025605397073382243 0.024466378461367573 0.2570990886269182 0.007803469719312643 0.004116855502290637 0.14687885189998282 0.015857749319853297 
0.01568859521414271 0.014827149156935128 0.013847914435302104 0.28204034999325356 0.028522284312351424 0.129905790326661 0.010110765714112981 0.009312293499783892 
0.023795944915187654 0.024075162619814253 0.01980905290105445 0.2704775203188674 0.14104700965761469 0.00595536898572362 0.00875159723366143 0.009995222883934556 
0.016055806274014414 0.008944362960515168 0.012482580739670738 0.384679455425898 0.024000424517296597 0.03254008609937031 0.00500221208802259 0.0202897166029843 
0.02252500646065088 0.024155979831805452 0.13277378671349654 0.030972533665145373 0.01656711563260082 0.012710975680930447 0.010538503082255247 0.2536164463824623 
0.011335925028311098 0.005797666303993387 0.1651951544062588 0.005374466173157075 0.004879518702401501 0.003668455140163981 0.13587435544927454 0.17772151486929327 
0.011534151731648906 0.011926638518996202 0.13800826711736372 0.011670345296014833 0.02076358602229586 0.014889480646639922 0.28776387324651087 0.008937528623562523 
0.011896773068561153 0.013971555563878878 0.16084244244510384 6.51746430762862E-4 0.017406279919909128 0.14427396959796432 0.010220594449787781 0.14444407477416532 
0.00677912539542951 0.008043872799456075 0.16210370226372275 0.016155083289746117 0.003629113506841609 0.15377595917516346 0.15557181800130732 0.0060453189478750675 
0.012759767261583682 0.012209746519943521 0.15435650153003994 0.024185242903815192 0.018547050328085055 0.260443618543395 0.012383968737381963 0.01733015703543718 
0.025478520128635707 0.024953670996847543 0.1571651220978935 0.01585954733918983 0.13340514049519284 0.002547997448137452 0.01682831708872426 0.14512764370229403 
0.008557500860252074 0.006872925331646748 0.16566298214037248 0.016616610801450965 0.15079599985744124 0.013297014705846688 0.14374088290888137 5.324640226364051E-4 
0.012853770173480477 0.013066448684776695 0.16565693236238907 0.0087477434575936 0.15290052183166056 0.1458067457529952 0.005605216510954174 0.007528832081707688 
0.017200777805363627 0.017527416058953135 0.15678469322479122 0.02031233958869611 0.2719519313898335 0.0030185826294551093 0.012871302920336225 0.007258774470492815 
0.016385142809104854 0.016692518042501155 0.16936902963390296 0.13071681047281683 0.006471831684136633 0.011130132533927998 0.011270934131075163 0.14958924380912061 
0.003381772324229812 0.004765516838692733 0.1691130418006486 0.1602082761555272 0.005457298021153137 0.006169785299676708 0.1567557177738847 0.004843226039658983 
0.012754424668630474 0.012605838265822018 0.15540651796416652 0.13806285623625572 0.019934610723056568 0.15212979364601945 0.007757575524492248 0.007068107025588907 
0.017559395208996256 0.01755145811021859 0.16142617112925411 0.14370685676038106 0.13599373854499736 0.002814469396319803 0.0210966419337979 0.007058244819830081 
0.02211949340885437 0.022524470558523437 0.1608938335886702 0.2720344507704314 0.006738840667729033 0.00646882263768179 0.011438056737151097 0.007468281538184594 
0.014742051513477246 0.01716058907933279 0.3075923509836505 0.010150111905178673 0.009051750074475133 0.006832717097698499 0.004618304650270596 0.14011939998894649 
0.006613990767166226 0.00736015470374787 0.3182570463730726 0.005982693862263786 0.0064146130318398584 3.3465117840015304E-4 0.16271536235920275 0.0031431512490138957 
0.01925642059535289 0.01844664893458338 0.2824515390703854 0.015130038041860774 0.012040526752708027 0.14500221338500877 0.010105101044495794 0.007658234784473649 
0.0026294482570991336 0.0043056005664992405 0.31565781973219215 0.020554220320707778 0.1567736240002243 0.002979730543173085 4.4387497199866794E-4 0.007332220179646955 
0.026779853769542394 0.02647744422314583 0.2759143895368251 0.1443907148931605 0.009199135414291043 0.014281869480560382 0.008158160237250101 0.006894847923660058 
0.009372335423538514 0.010429684751769794 0.45098517589722587 0.0045262983790675185 0.009014863861523113 4.7030659517591607E-4 0.002598008000020842 0.023437077690438266 
0.010259715365588847 0.1478638817658795 0.011092624391206927 0.014713993423288036 0.030604737949099275 0.019977221251523295 0.012333342693271453 0.25715125844229836 
0.016154258907938406 0.14168029727397816 0.011199606421632195 0.012924536093271601 0.032644187691043845 0.02088133440911505 0.13598049638285611 0.13388060616815853 
0.028670565712684143 0.13776010828962978 0.031373570653843004 0.014495147101631247 0.017361001991381495 0.007699378723725581 0.25883018755959636 0.008981043063580064 
0.019827969016407567 0.1491425713484585 0.02307506621988582 0.015561216097643516 0.012644747383245928 0.13638606857675567 0.014084854688054161 0.1404320457376966 
0.024548424744848255 0.14545065528538767 0.0213463587621105 0.018976041000982158 0.0077414925506152045 0.13200738996512285 0.1492250725945044 0.005460282838173506 
0.026977856485188703 0.1417951349409222 0.007852728720499528 0.01728678838441073 0.004588791929113054 0.2834889934433153 0.007897180127184645 0.0169282859143328 
0.014308058250182552 0.16672020027498824 0.014702853572030838 0.01670863065108533 0.14405372035323485 0.002637311867222523 0.004790044429259521 0.14416499239349892 
0.00689111164039863 0.15298649701693556 0.019427082582116804 0.0045120643238625545 0.1563512053241956 0.01237929493662085 0.14928205340363263 0.002380870108332265 
0.012718106653203562 0.15309238382382484 0.008145563991116905 0.01702352547990129 0.15283855871222551 0.1507861952984681 0.008031695776644676 0.004262214931035222 
0.021866414396619693 0.14537729543912345 0.013576811186427822 0.04084045335476932 0.24640147519177572 0.012267561570054425 0.011359312377468105 0.014509799606458033 
0.014877938020568564 0.14640651901548474 0.021958244357317018 0.12529347857977344 0.028607504560272425 0.024623119846727985 0.0010120907704184593 0.14403631687003177 
0.012855087963756385 0.15293438356189534 0.017197445338903373 0.13466218053985518 0.012989880771446801 0.014232768552779187 0.14669747971930308 0.015673088478364135 
0.005950415277859042 0.15161356544909702 0.01621285540049573 0.144282265733874 0.012065772392185712 0.14824663328336576 0.009746984066903082 0.0160140849977651 
0.009359450228149584 0.16441223212749037 0.007965230508837386 0.14192168830994908 0.15862024339456596 0.001385685368524427 0.013610283881457403 0.008286425501409895 
0.020750279636013984 0.14852368852101988 0.007178494362472279 0.30524371251369803 0.005221787297817143 0.005180445135443397 0.008620560468077262 0.005591047118059863 
0.004812463886354239 0.1527591430411313 0.15309800468515192 4.2587903360781867E-4 0.00858980842584698 0.02567469297663812 0.012601367197361484 0.14659798107528318 
0.006208504843621677 0.15585989055724478 0.13590419487027808 0.011941822970244232 0.014164747903565743 0.026037597849784207 0.148193062318073 0.009472295903647678 
0.01370897044008362 0.15570661700408353 0.14407987446543194 0.011264068332499546 0.0055343713395593856 0.1527553884597644 0.016676769800936908 0.0044031041083131125 
0.005059642112777453 0.16624150359088344 0.1695882135643237 8.379361906690055E-4 0.1590896891316513 0.0038801176089784907 7.546189175550412E-5 0.002383496972368087 
0.0033854377997712968 0.1585669006853978 0.15222037256606463 0.1423053043303904 0.017960011548407498 0.005216275358352526 0.008850635147806395 0.019019346027698416 
0.03615941778519108 0.13173807011102642 0.265690750792695 0.01901774660532805 0.010701587500690094 0.01357718210777391 0.019850773952374022 0.009448560515019596 
0.018439414933283254 0.30498508659085455 0.007333269655004121 0.014220363124530644 0.009734129646771287 0.00254615932882663 0.014011229943840289 0.14635533766741937 
0.026919659368082098 0.3021437048572049 0.004518450248061301 0.004708381422731477 0.004917914316383787 0.007311504887945586 0.14836682318156794 0.007133314008798656 
0.023704988464790463 0.2880467058397071 0.01195329635575947 0.004728779192067907 0.01190151709293633 0.1492158927009675 0.010215375756567184 0.004344823892350424 
0.017029160442580266 0.29941072691689813 0.007689176634947069 0.004641131660512363 0.14887642488809616 0.010060126796195244 0.011630579878467912 0.0066499118860025574 
0.006434854388573544 0.30139526321436694 0.011781025496285371 0.14476865553960303 0.01816206937164606 0.005305374174502344 0.009720898692954755 0.009945800270330776 
0.009341780786346471 0.3070680600992476 0.1531335667016986 0.007736016785643092 0.006938478686388305 0.010330657088772496 0.004358618981215301 0.007133610571233503 
0.013273539112852619 0.4549989538481261 0.006429965143525459 0.003911372718380049 0.0069578777013869315 0.009006559234010652 0.004359395117070708 0.007134046442237374 
0.13486877945188264 0.022286119874497502 0.026851499082324714 0.011908987737884595 0.011334711463229985 0.019610006797685407 0.024701819851526627 0.2546928784807154 
0.14603953752546453 0.009028391470655312 0.026050004623443753 0.02521149113527216 0.02722984952351063 0.026864722182126554 0.11779945643363082 0.13722489913776226 
0.13606673378747206 0.016575031190983996 0.027147368563834057 0.01953931549835561 0.021949279137948786 0.02373726658508488 0.24395335795634332 0.015469685101574189 
0.13632094372425077 0.017171561107666326 0.018039438826171716 0.014536315434429578 0.007063013572219883 0.1522807980052138 0.013284654242570856 0.14694783790698385 
0.15608615159500464 0.019015580900455648 0.01637433595645521 0.02251265201306292 0.00828401391916014 0.13403047401893212 0.14280426120890755 0.006566632202201072 
0.13863634118682777 0.017869113803315975 0.041675704538263525 0.017722905785032116 0.00840733796805694 0.26680639943108664 0.012374627523515286 0.009024409706734992 
0.15801854583129632 0.028687786250067373 0.01745650549665798 0.017097881096070865 0.12700130644593227 0.01360161562619495 0.00963784861954241 0.1346475003384067 
0.14341046204939342 0.01852980310885593 0.026949743739579268 0.030596300278095845 0.1257545443526766 0.01893551005816738 0.13019171242753577 0.009101961309489726 
0.15227592707756982 0.027645231286307505 0.016822111253170492 0.023338693437275175 0.1263247132187733 0.142086743239059 0.011121386573469411 0.006573425810751027 
0.15675663777046017 0.009928705491423863 0.003744339013713246 0.02350709114815409 0.3013940481230986 0.0037192471483520205 0.0016815489905285057 0.005804839412341407 
0.15694378412608603 0.01581586037948393 0.02055192028263724 0.15460963204334477 0.013856599524948896 0.003991401990365745 0.014480823496693988 0.12611956591167883 
0.18420577721017448 0.005147606744814822 0.0013365881751158234 0.13630746820212444 0.012762290600869511 0.0033634267512992404 0.15498577565006225 0.00861245212876581 
0.15067168972519573 0.018992010965341678 0.016042340911154876 0.14902141461937923 0.012043474181403025 0.1397770936574036 0.011023330731929923 0.008604230591575354 
0.14993918925810457 0.00790896636296991 0.020806622997871282 0.13970460249860064 0.16195899950602316 0.006815774879434963 0.013466096253064929 0.009570756889506883 
0.15924894159723793 0.01588825391134391 0.02309155341726449 0.26219007070739647 0.01064408755187421 0.014034768765824828 0.013456367734833006 0.010503148604299123 
0.16526393389614474 0.011784541495298635 0.1545746134684581 0.0076794722523437576 0.00960750225177902 0.005196367877099686 2.468544956917072E-4 0.1529324028834575 
0.15976641574069522 0.01334606288314923 0.13967439877904184 0.006983642125673275 0.023100690791358305 0.0021920851073392303 0.1543982317246728 0.006611774936952707 
0.14689903597203455 0.03302194686804689 0.1464826222296006 0.005212605728339854 0.01258791349383057 0.14304323738168198 0.011725062107366388 0.0093064589060953 
0.16807344950083858 0.01331554406821676 0.14008351081935624 0.007104818190490218 0.15387813371073641 0.006600893636678674 0.007914835748443151 0.004982083561105884 
0.14329632283349134 0.019770841637461154 0.15306804009895963 0.14319422060987086 0.01806867222987555 0.005662671558397659 0.019146203521196257 0.005454786442801242 
0.16682889852625615 0.022034331691356566 0.28635231049741167 0.0071178344769387706 0.0022511409934302565 0.014321604674588135 5.121740119869436E-4 0.006329077646647853 
0.16275604089815152 0.16089382944040506 0.007137642268605942 0.015042828401588474 0.009797102246232767 0.007108363722372746 4.481181393591957E-4 0.14319014142320022 
0.16186181766532554 0.15991753359197114 0.0017217195455109348 0.010506781381096009 0.009420718794223253 0.002369771232174156 0.1546412604654648 0.006559120988221017 
0.16240140629739405 0.16394761697640972 0.003160564344626004 0.008068629694641592 0.006593287133686254 0.1577675533745653 0.005424488887554295 0.0010370869588383386 
0.158457114686231 0.154623220346466 0.002854164049719838 0.014481536311670826 0.14864514984042165 0.013359440110284336 0.003980956910191908 0.010184143388596396 
0.1575076138101992 0.16027040746970403 0.0034024235224246937 0.15945870016628044 0.009326644099556974 0.00983222691203703 6.256441867664349E-4 0.010392740144939436 
0.16279259719044206 0.16488493613592706 0.13886070852915247 0.006424769095113199 0.009233901012127956 0.014373236413241692 0.00406988854074566 0.011850549765184635 
0.15415988749846282 0.2843863109405796 0.006788931131099462 0.024896006109740094 0.005442719988685776 0.01407364243582416 0.010390174837953327 0.007208589038522069 
0.30157310860913 0.016167871308995344 0.0020021430868833647 0.017724554783637856 0.012304528792624525 0.012430020368596752 0.009958386744434389 0.1366690910522136 
0.3156202464984716 0.0038837000994406934 0.0022486312665214764 0.0060981983080074026 0.012795595203993782 0.002948819423879029 0.15527669845682324 0.008620040259319424 
0.31046663050807405 0.01413051633708991 0.0023227512544164767 0.007237270199870316 0.009523211976496054 0.15510931025670327 0.0013309202526161452 0.00800693387237716 
0.3018953198193404 0.00873456519856984 0.006268714074262265 0.009569940073882623 0.14188726753419723 0.005985389057626884 0.02372910966996798 0.007975068831741641 
0.33640048103597336 0.005248680407472076 0.002699301188271955 0.14278466012792995 0.005264216625682545 0.004710874346226265 0.00454477857866198 0.008193492627896074 
0.3163609970954253 0.003317955844477408 0.15151808135202902 0.005544492736896608 0.005930721497022615 0.010966714361645594 0.0016330686783645936 0.009241719575349557 
0.24124017134461997 0.17166354275762782 0.01710175850470579 0.013971810529450962 0.01261178621760339 0.012788131860062418 0.02459191170916841 0.011862557812983884 
0.44770502588737227 0.0014738317718419685 0.01848136965458776 0.00550287575042403 0.00588620547580543 0.014593104959745 0.0016330800937658463 0.009241784176390907 
0.03238198014182999 0.03021572467583209 0.034697447671263565 0.033036146411056816 0.03148555552633636 0.03322734931819753 0.03927999975982939 0.2690412274893168 
0.03098988315857121 0.03182400256918559 0.03173740830005018 0.032116688563339726 0.030644865909233075 0.0317340763836796 0.15788833654327397 0.1597068201301841 
0.03208259601058106 0.030566399586884185 0.032761098324448776 0.03397482508294494 0.03648867126563388 0.03215681363700381 0.27782972939168943 0.029115807293313766 
0.035532379963396234 0.03648225902679222 0.036350600071525234 0.03056005814647321 0.028609885036119574 0.15751486643903456 0.03272356999090914 0.14800181269569748 
0.03386107224378318 0.03480114759646326 0.033667653946016875 0.032344856618625774 0.0326497362235839 0.15746845544503407 0.15419678440944604 0.03086467064592863 
0.03206395085291648 0.03657554848737617 0.02980228157430937 0.03277920052139546 0.03380035690944189 0.2752008852119183 0.032442039488489435 0.03414459873223767 
0.0356017218332093 0.034996327401602405 0.036045666216013274 0.036862392414901676 0.1507624065821359 0.03330769499106085 0.03664021217650244 0.14223736953500338 
0.03739814055136334 0.03400895424249474 0.03499383759794918 0.03372701782741774 0.15570375011077717 0.030371938229764743 0.15185834408108337 0.028900850297189695 
0.03066798438064128 0.029752900036507334 0.031588115751060214 0.03181278196439641 0.15766481912103705 0.16114067393792827 0.0341089481319251 0.032376100758820935 
0.023354281206721388 0.03002693019412571 0.027428184089763934 0.028211972825428908 0.2900817363471672 0.031400648489407906 0.03479637836906122 0.038534053284640934 
0.03549319790574178 0.036382447697062364 0.03631617588550097 0.15315840395234412 0.03134144828295873 0.023026810444054406 0.030283425870618802 0.16008614572652685 
0.034242246024923866 0.037501077165032266 0.0349687785017028 0.15081367237018453 0.03285844184015804 0.03268005346345436 0.15529221825268394 0.02708271134877693 
0.03620409372524198 0.0367945769045127 0.03613495349459436 0.14261411283670702 0.03412984515589903 0.1506897547284166 0.0321321587216643 0.033632336506351904 
0.02815965076093342 0.023753500268174268 0.02870915104368243 0.1655114480649366 0.16083224459448198 0.03335911521521693 0.03346371335738192 0.03247796528187654 
0.03291266301828066 0.031104127955997842 0.032186227471462964 0.27816920387427996 0.0363600561603054 0.03237625813239237 0.03256159178868721 0.03111157067467961 
0.0379662202634699 0.03896347318576374 0.1511688585454811 0.03308937390165423 0.032325438673866634 0.03321741376310496 0.030827525147310356 0.14643614249422446 
0.034136011398824224 0.034161013203289674 0.15536519142297497 0.030870221654951548 0.03830402552717686 0.033675613985837106 0.1521532556884626 0.02764086526949004 
0.03289899171858323 0.033757972613295446 0.15812809680948858 0.03199579470526004 0.03192215507537595 0.16339026514725122 0.0283623311413694 0.029914633330600418 
0.033355566093364514 0.032859623993885034 0.16051197750102256 0.02404725494996791 0.15688083589450164 0.032978199711561906 0.03884932933201236 0.027650046058657073 
0.03733800368367672 0.03786968142140913 0.14877658688660692 0.1528353675089615 0.03294529608892245 0.033156561748582065 0.03432251682317753 0.02887709038482768 
0.03326458529586922 0.03380207476202152 0.28266923254665766 0.03275635530016365 0.031090113908516435 0.03362542793242013 0.028481925107557975 0.034929190270898025 
0.03403072638776214 0.16150385474977816 0.03229417214214571 0.03305708129706027 0.02464626064468133 0.03307972476331222 0.03173674650638056 0.15519146224872737 
0.034832167442828896 0.15836319721629577 0.032084603793444015 0.031533810718617356 0.03615205024419581 0.03616001022319825 0.15802959312437923 0.02443534844559981 
0.03593431240618027 0.15567909851586925 0.031679865136912524 0.03125133403254566 0.03461681846734442 0.15631184943145668 0.029074918573169954 0.032517897300993026 
0.03257205605820558 0.15678196967626207 0.03283949701351867 0.02940627076427813 0.15488192468051043 0.03430622922189463 0.0353327421163544 0.027499532327311935 
0.03496390786761852 0.15710819156532094 0.03520144325109303 0.15233041341453096 0.028274018971919425 0.033415898708986154 0.0324843089510859 0.032553916500088764 
0.033777950363845885 0.15716699401833698 0.15297936995637226 0.03129647657246369 0.03057019502386189 0.03299256025183854 0.035696133367503546 0.033350721085584935 
0.025582441160749446 0.28913410112304516 0.03245603566271381 0.03162484262098785 0.03582034613664572 0.031222409921229665 0.03273851625804511 0.031043936177617925 
0.1570960684879578 0.03527953739123855 0.038213206959849554 0.02406275288952646 0.033593187419627746 0.030671485945755785 0.03203747655053958 0.1554006319905115 
0.14930755093423945 0.04453701084467884 0.03223339105069092 0.03279270008022785 0.03416688304305948 0.032993356343344965 0.14854454085767407 0.03668615612763702 
0.15803582362651777 0.028461462151937306 0.032310455802703524 0.031745790419418836 0.029667212572244837 0.1595638802971815 0.03709131139561067 0.03229579578959868 
0.1463961410423607 0.04457726644284399 0.03435456615044802 0.03603728362077347 0.14989734963152498 0.03325230849171953 0.029812759968858165 0.03209668682913059 
0.14597092196265565 0.036920904163747284 0.043375587067224185 0.15235631871916447 0.02964844109625486 0.03375960812602586 0.033391160817227795 0.03226537128717326 
0.16058917885149873 0.04057735554669538 0.1543125850722177 0.023251527454985016 0.03287292443685775 0.03354125940816113 0.029160903363284404 0.03200032911801518 
0.15507214043767753 0.16173538295276757 0.03409261071467504 0.02962843814009918 0.03101988815986627 0.033389664238151526 0.02924757975786963 0.03218463921990267 
0.28435132260033213 0.025877405906900894 0.03346410389191215 0.03176799485309217 0.036709469855643724 0.033654335458783456 0.03149433576574635 0.03361434693183909 
