0.006646017468540332 0.00960743367578414 0.49240331159187883 
0.018283582519501976 0.05369983143465422 0.43683103770005927 
0.022486147709349362 0.08046838756895416 0.4014169682053876 
3.070432957277203E-4 0.12631461979239827 0.38223123171510914 
4.1207600216713614E-4 0.16952405170074533 0.3368505466206764 
0.002317830914757396 0.21060412113928512 0.29452725228546217 
6.066639896427627E-4 0.25472484107691057 0.2533678051224554 
0.00510415513621787 0.2945876659205707 0.20850086434609724 
0.008125996740145386 0.3360636275138628 0.1619344373610566 
0.004465095372793416 0.3800454435723356 0.12431372686999258 
0.0011562023863997974 0.4160016525674625 0.08893902082788468 
0.0018341767720250252 0.4575739881752268 0.04732232463445591 
4.408675866130015E-4 0.5046744285105903 0.0017417360570582527 
0.04218236508359575 0.009708817941719176 0.45706966129564497 
0.04724530785716614 0.04690984464910181 0.41647669586577674 
0.04556258422430861 0.08500187047752417 0.38010880923714335 
0.046700425353821955 0.12538060743843707 0.33689421780900286 
0.04339691004960787 0.16710081365320803 0.29378173014251907 
0.04502695856408361 0.21052522729211187 0.25253189922653135 
0.05283321798210449 0.2468651232297543 0.20850540053251376 
0.03767575660172494 0.2952779176507515 0.17333893312158236 
0.04286653467362488 0.33595983828901216 0.12741202178196948 
0.04152109434628497 0.3813918911686503 0.0849919612462816 
0.04540422865675518 0.4195627687419291 0.04305022245566614 
0.03896551145534423 0.4675385249246361 3.8588595001974965E-4 
0.08241785716288524 0.0018030705301891204 0.4218454489198822 
0.08487117867863549 0.040601173797742376 0.38347439796216537 
0.08477426346449493 0.08232880800248793 0.33489877699148324 
0.086150433508767 0.1251748364449609 0.2948154567002857 
0.0942985429601956 0.1648349912263671 0.24979494102917876 
0.08096174267190984 0.2109498664484862 0.21832629289637817 
0.08356861256450451 0.2513975589519244 0.17181738315315828 
0.0887803095215134 0.2925595441163821 0.129276832419723 
0.0824504582439279 0.3396400518537164 0.08414257855055557 
0.09228648144398004 0.40254044612573203 0.04350249469546996 
0.08732506090826649 0.41846624935350946 0.002083937721381895 
0.12918362926024377 0.002826173876878168 0.37854572689687355 
0.12875702521436355 0.04487762241513633 0.3352865788055104 
0.12364091464293919 0.08792466019013026 0.2953099970763455 
0.12987707714560554 0.12439842145350356 0.25231992017468247 
0.12749851080705063 0.16739450710220224 0.21775463094061992 
0.12564671155976007 0.21122018922101174 0.16985763331660803 
0.1255733960990087 0.25319084312434936 0.12739112412038248 
0.1263211635104103 0.2905851227446146 0.08927882213625184 
0.12413214008765183 0.3425844970267528 0.04127791917727485 
0.12852554688868542 0.37300312329657487 0.00466239612617365 
0.17331257962679134 0.0037915909924535964 0.3318425798192982 
0.1722220955432923 0.04016246102204656 0.2965621820780617 
0.17180789782770037 0.08194179191222636 0.24971658884681225 
0.16569852522093637 0.12554802706283197 0.2177521504880547 
0.1721022695834156 0.1671837631026513 0.16740789179846852 
0.16678979656998774 0.21898056384957973 0.12919059764289242 
0.17187438560554974 0.2539730360910444 0.08451073507797617 
0.17299706984318017 0.2928394551486264 0.043130730011094125 
0.1803552850954527 0.3572871494349816 0.001627507548777759 
0.20699792837895245 0.004528531526033932 0.29536398282034054 
0.21269983148585014 0.03848934017943488 0.2525510941006652 
0.20886036745582326 0.08833855911364309 0.21233304785701357 
0.21300256802275988 0.12670702991222046 0.17129100005501594 
0.20544017965633218 0.1719218598506033 0.12948909027282582 
0.21355760056434991 0.21304033963440133 0.08219059527803792 
0.2077901573774596 0.2465072039842659 0.05413839763139393 
0.22094472340591653 0.3183065349103038 0.0016286035554917476 
0.25454873470985356 3.9403024308415086E-4 0.25368408977319706 
0.25303566582030806 0.04228334542904749 0.21125094306376255 
0.25316700019769967 0.07662112786975075 0.1788799762242254 
0.2536681268177323 0.12337593934939933 0.1295232334773238 
0.2543900496372935 0.1690793151936507 0.08325754006128497 
0.2554386701782698 0.21241866481094077 0.040899716935768535 
0.2442876571459903 0.2607582590783646 0.0015252993148645395 
0.29558453623772557 3.0301851467490795E-4 0.21195972910885044 
0.2932637838380927 0.04422084344866597 0.1690842367275749 
0.2966057083776354 0.07760987772826604 0.13250408147775306 
0.2929666859507144 0.12217319720662348 0.09121280273568065 
0.3025321519865834 0.16553378240052707 0.04087286848500556 
0.29572214463353935 0.21069204927630197 1.7600385468084337E-4 
0.3368914814255767 4.8093001164759437E-4 0.169210202514831 
0.33537719662977816 0.04059626199723082 0.13050263615573907 
0.3363769408336565 0.0862184477535335 0.08401719008947799 
0.3397952636440529 0.12647789898510736 0.042488884625835166 
0.334690773232581 0.17118983368357055 6.56826338187297E-4 
0.3751781726576936 9.02605400576044E-4 0.13053988737219832 
0.3788211377057212 0.04316948052080008 0.08389700157374985 
0.3759041407697186 0.08996861232920683 0.040681353564200363 
0.3857216608824246 0.12001128439037975 8.147650341656989E-4 
0.4218623859747533 4.6249559464747117E-5 0.08465225017179041 
0.4231909856882202 0.04471183435816411 0.04085861873613867 
0.4211531063277222 0.08458398483696673 9.701346120919543E-4 
0.4646600091868702 0.0019910290353670106 0.03996722309807524 
0.4616912036263157 0.04157909945913001 0.0031560414340155185 
0.49411075396393445 0.011402896312961455 9.021433054635281E-4 
