0.020198026093472956 0.020374515684502843 0.0037465230670062108 0.016132677056804292 0.054102108107814434 0.015216443678523194 0.011421672196313841 0.36264435159454017 
0.023473401787526188 0.023774161831248544 0.02847709687091471 0.026017786185499974 0.023643246314310754 0.02406477586292103 0.11815373523267575 0.23652213410173034 
0.010731568525965468 0.01079354970614451 0.011769393228781256 0.009494221262892137 0.011004153672119436 0.010979562134733877 0.2907341251872268 0.14860217606773946 
1.9603875770422076E-4 2.0113111234152254E-4 2.1782951242396413E-4 9.167943943859279E-5 1.888114024087748E-4 1.249475554425571E-4 0.5013027552845052 0.0019765680206933244 
0.0163410365125186 0.016292421097376934 0.00319599762890388 0.013042356207437489 0.012546692679287392 0.15324229730287212 0.012041777255702825 0.2775076815170881 
0.01993964025186288 0.019619567620991867 0.019955879712011886 0.008649053649733852 0.015739448079023496 0.13884182749218738 0.1344526879204266 0.14702950365974915 
0.01865495844069831 0.018679491276151684 0.018405863646672276 0.01070441757457753 0.012163236566037317 0.13948896781597495 0.28223346674986416 0.0037658084277520016 
0.02023709385710748 0.011700683803097784 0.014043667544985395 0.015345068474243823 0.015330720846234863 0.2934405751372446 0.0066788739738811885 0.12744112889044562 
0.018481527226059127 0.010829830063008609 0.015875871171602548 0.015376151106199977 0.016037330304910693 0.2788506285668745 0.12330630422851004 0.025480563369045774 
0.017516003912659634 0.013756441374070092 0.015595593226373586 0.015640945103567127 0.015652951862109618 0.3955993531072684 0.008351123754168374 0.02208944894274296 
0.01424458370350969 0.012972893640978714 0.012518436780686265 0.014501041516483173 0.1519801250943548 0.008820565333202232 0.01515909623082039 0.27376681129765035 
0.022796125421115542 0.023445210140161404 0.02223662351119074 0.02218845308331266 0.12944079656155552 0.0069920575906609545 0.13703280578313543 0.13970400321432003 
0.011053324265817895 0.011357804327200568 0.017450217157022663 0.011906571469221926 0.15201972870892955 0.016738700460516502 0.274936637495203 0.008308638332318867 
0.0055168970604517606 0.005590226117710071 0.005657779438181551 0.006837901067545035 0.1628493623206574 0.1664838803303045 0.00862796770438276 0.14224735390202023 
0.010800264232169258 0.010922632315854474 0.01076215766114942 0.010101671849685438 0.1502432111875117 0.14943969111893937 0.16141289494913597 2.2870831976711363E-4 
0.008146824578673106 0.008255250882981728 0.008906100307832295 0.009398589025818166 0.16076885905127133 0.3010992935445631 0.004143708170313543 0.0034996895252925935 
0.010304909015048765 0.010441878991998872 0.010568060578041738 0.012772387735867296 0.30418328337191536 0.00464464079978289 0.008627457123574107 0.14223893607160262 
0.016280272421955552 0.016728683100165825 0.016353600978373108 0.01827566791852707 0.2762150091621268 0.009149054797258858 0.1449596751671704 0.005812733698618921 
0.010338583572267308 0.010720340634657044 0.010727057443859057 0.012964548786043901 0.2893535630118289 0.14983737307851533 0.014231200249669179 0.00569760182502802 
0.014870145883611479 0.015067795715933977 0.01524987773039357 0.018430756510031936 0.4164723866704546 0.006402638024169803 0.014214357849725115 0.0030968078655614468 
0.019807374453205597 0.027279774983874173 0.026367675937465737 0.13463266275003608 0.015348034735613586 0.010894766056180153 0.014963345936923068 0.254616713142241 
0.016040083053281702 0.016090427202952236 0.014787490354569055 0.14312583571707124 0.014244073965399305 0.006409229837630058 0.15184330455437323 0.14163436497260956 
0.03070090598317913 0.022687261380301187 0.02639437859763262 0.12480659172230345 0.01648895658308693 0.0180702737109113 0.2564054994793879 0.00830395802963941 
0.01698689302385305 0.018785592817518345 0.019052934446340455 0.14480834245525673 0.012450606427182789 0.1372675435408444 0.008202745953599072 0.1466772656307111 
0.0180133116592924 0.017073548063391727 0.017309882276940934 0.15073688169019434 0.015223316319421669 0.154012099482319 0.12527278964891353 0.006534923940657346 
0.007872129789306324 0.007554193315300915 0.00865420171981401 0.15048869968771608 0.01805630221194523 0.29409370019031517 0.013325787059856826 0.0042164293943260656 
0.012926999498177655 0.014658155564861367 0.012454400984061743 0.15726824008919918 0.14707365804577677 0.0059743880942059015 0.00623554948587961 0.1475681845833349 
0.01738830687670289 0.019950971266130095 0.01783058925829768 0.14061420425096993 0.14013420305240643 0.010647838893303478 0.1454806914139561 0.012118600280033979 
0.012694028245632245 0.017099476581574645 0.01475118665948298 0.14936369848515663 0.1499479084300055 0.14990596777878357 0.0040076906351474 0.006175928093568059 
0.02551824608914447 0.025112558844443897 0.024153455974960044 0.13177888365747384 0.26990616416701446 0.0064422601231665065 0.012508907372834964 0.00834815618887283 
0.010748419953425431 0.011177859582560434 0.008325426642318397 0.319105820911851 0.004085800548159966 0.0023460026153862613 4.7097147292657235E-4 0.14759128095158788 
0.01303314948503849 0.013326411582329426 0.014884741998277858 0.29382834136782787 0.010549356294295502 8.879136371634837E-4 0.1538294640646268 0.003949509147215984 
0.009498835958428915 0.013803689929162052 0.008800499838669321 0.3073563777923835 0.0017237038789833206 0.14980562397406053 0.009576035772545096 0.0037164688959384134 
0.011292324662162146 0.012592080287225759 0.0115266646343399 0.3020906059010616 0.1473637746975489 0.008175697932394586 0.004657024646842455 0.0065357615764850005 
0.01348932644463488 0.014413508508168882 0.013465686024680939 0.437576497653106 0.006413412423759366 0.006542207535036436 0.006986800126668809 0.005346659608429481 
0.01394714375812745 0.01489831069254602 0.13452880301565864 0.0033721631466885173 0.022043532392962504 0.01695228102287692 0.014098616109988324 0.28392293185748707 
0.0068314136361469595 0.007352659775133769 0.15595750443161743 0.013644944675342706 0.012880302824596679 0.01811726262053657 0.13738075237183223 0.15204666112161258 
0.013203322297368413 0.01292357113025675 0.152286407042304 0.011366081753304237 0.016171657304513667 0.018329988573458023 0.27717909310282096 0.002460927736887502 
0.01945794634025909 0.019729937889399658 0.14940066046659797 0.020837179708922456 0.028155979106025728 0.11511480791874143 0.0123847116411687 0.1393656934422192 
0.019124835357385055 0.017585946498997456 0.14702276727117872 0.009697919956321622 0.006127894215363957 0.1510814098125063 0.14742401859978171 0.00619978426992595 
0.015950927354510525 0.007508773804857866 0.14918973440369737 0.011126289357794188 0.00787702522679358 0.2923877245692706 0.013248696969947153 0.006899766222383966 
0.006747968373083731 0.007284541672317202 0.15376948682116184 0.012647229059184958 0.1499710911233387 0.009226548301263343 0.016824661972795574 0.14730976110798075 
0.009544233062247148 0.00989302717479924 0.16274989980366422 0.0011414002793972494 0.15239688549053326 0.007554169776315654 0.15262710606360513 0.00794214195446521 
0.006950843087581907 0.007447875169854429 0.16744352277044347 0.013734233481740406 0.13870275655552425 0.15491168305484798 0.008370140598496964 0.00632952567469498 
0.014575163013375497 0.0166173975763581 0.14418097975480967 0.011087461756348551 0.296360546327865 0.01237317866000003 0.005476197083444298 0.0031541877208509476 
0.0068612423312166305 0.0076330649843395085 0.15774151239143122 0.14809886191541463 0.010447847010538686 0.009378262371869487 0.0023486418058034386 0.16169307234854294 
0.012811843820136073 0.012363391890978001 0.14571423092324864 0.14675966754531444 0.010431949494611162 0.009310704008705015 0.13867371825513922 0.028238893983207326 
0.005981573669421174 0.006085328642689008 0.1557102734219168 0.15644925548042468 0.010317594967350702 0.1628429432972563 0.003234369929006527 0.003580724544553382 
0.011496879157581023 0.012789189835095001 0.15751925645129375 0.14785858591326412 0.14361677032342055 0.01666527309716281 0.0033987168684510394 0.010911032430648114 
0.0058755681269577606 0.0060275678246229794 0.16869258884927238 0.2826598354687645 0.01447440757241165 0.003885213951351709 0.016448297296537878 0.005851821256061445 
0.010072441588020517 0.009754331494535603 0.31294517737756516 0.006275581689264264 0.0031942659545230773 0.009510873865800898 0.001423300285600322 0.15098327419607516 
0.012896784527045598 0.012480992513691518 0.3037055894381297 0.01725550762405024 0.013151061004072583 0.004219736685764497 0.13460406144583645 0.005860334670278049 
0.012851335363634135 0.008565637980448949 0.30567841819521796 0.005556613754386531 0.003702070564538142 0.15715172787836448 0.004243589268214866 0.006396389391908826 
0.013095355009033713 0.011559703863243785 0.28732314308015844 0.025142928595484844 0.1466660335714307 0.007997818058868544 0.004004445043566002 0.008503486903905974 
0.010828561231642572 0.010952856472387184 0.3099198314065304 0.13421799894036118 0.014757645453977015 0.0030866792396667263 0.004220273207732612 0.01627246556906911 
0.01721741977786667 0.018948152431461047 0.4307408449311093 0.006242562861988783 0.004457674912593542 0.015028053281451254 0.004295883910693474 0.006557580695215422 
0.014919535239080264 0.1511356590170231 0.011497369388697559 0.019377755252666624 0.012852260354067118 0.014622466127809819 0.009390560725992435 0.27041124660511634 
0.014667879820259784 0.15203361342387603 0.013757674342984654 0.01078552469885823 0.006935839147958407 0.008830019368908704 0.14960765070311388 0.14754953921391398 
0.01288298587043556 0.15200656156946585 0.018364697216512717 0.02715586792293177 0.007970743530145114 0.005356666864546153 0.26693232113417176 0.013185970466662394 
0.010507209697398507 0.16540999008369314 0.005978941637062539 0.004940468983728435 0.0028563728354637024 0.1545261652450971 0.004906060203677127 0.15512910791066511 
0.012237081914484188 0.15212477178757855 0.010267342996482043 0.026008043240364882 0.018363213193997766 0.135869544394774 0.1411909268961952 0.008121766074834124 
0.011409975828370058 0.15013240087719337 0.010005778072745738 0.01710171119840001 0.006346008916627616 0.29642108954606033 0.00704995991164441 0.006932765078366831 
0.0102256865226351 0.16050736729947088 0.01484181046627477 0.011284548011386173 0.14715484396079262 0.0064573662963023125 0.00645704316503763 0.14733161627781335 
0.029926181854636066 0.14337101590614235 0.010912220225316292 0.030871732869072677 0.13014668695019965 0.007764399345112131 0.13952145410795808 0.011692044367146964 
0.011497688478826902 0.15999804370533385 0.010905489788361795 0.011087971859241335 0.14710619003670022 0.14849558178931016 0.009042595027802953 0.005763910692145634 
0.029194655342822045 0.15441766700067594 0.011224429192639284 0.0118294654229462 0.2707426213350805 0.006759592683589499 0.010751471913047591 0.00896144013004964 
0.008901543437806681 0.16428589295465681 5.017532250333914E-4 0.15954161647555637 0.00749978761345644 0.009372571647301918 0.008415664497763011 0.14574419464574498 
0.002558194125458761 0.16524557665488623 0.010206328007711044 0.163130796973583 0.007665079231709589 0.008550358067045648 0.14122785428322981 0.005606772906059607 
0.011880741433022337 0.15531651262223656 0.01004457276916228 0.15187869211365662 0.005158349821722199 0.1623096206102774 0.002127161343053806 0.005627900598827127 
0.011084904084593845 0.1632040158590922 0.010616371652043956 0.1581671068222817 0.1438733407418523 0.0054998300002019026 0.003250596519116841 0.008247291861728723 
0.027493773507877007 0.13714190798410536 0.019080910271012285 0.26211506770313736 0.02775812875498139 0.005055071587911704 0.012999069276920195 0.012508677315951778 
0.020617639860597246 0.14503536604968145 0.1504341277230073 0.008427412596940588 0.01678314215209494 0.01390551922596029 0.016109064698382317 0.13298607801234566 
0.00993518843287906 0.1524783218615332 0.15049510272638145 0.0067477894319548344 0.01465829516347896 0.00892985294575579 0.13299572483605296 0.027914596220497433 
0.010006473949322001 0.15845885173353005 0.14699971377346305 0.014279570085379079 0.016731791456586112 0.15105963609411607 0.0038778314909428723 0.0025512403796940342 
0.010742801220640504 0.14995500461232905 0.15430976524096512 0.03095775033648482 0.1436648947993675 0.006636226772837937 0.004911454736891806 0.0031096491958990968 
8.405096013925793E-4 0.1620385242696175 0.1673395211846197 0.15448707722977031 0.0042486623681427345 0.008587694352090579 0.0038858078769029116 0.0027412591006134336 
0.001714628780469719 0.15537489146535716 0.30399047671780005 0.004107857925613122 0.018285522817559286 0.009461377233297196 0.003878322747493995 0.007361492920538061 
0.005238042364672417 0.31615575863367296 0.010826860069152901 0.006872515017572879 0.005386017655558817 0.003470566372003346 0.004918858919040118 0.15142652509122773 
0.019509426779080727 0.29914538198550145 0.009742760036856625 0.012059959014951528 0.007411179718383722 0.00861832351461157 0.14090305633919736 0.006827410006692747 
0.00388672033681812 0.3153200134520268 0.009701593724099044 0.01157225989804618 0.0014859558569627403 0.15075860418328424 0.00721540586672447 0.0039828338369299636 
0.005198460032313423 0.3100037347072303 0.011182554945093886 0.007010253352276658 0.14804941461521182 0.004702388068853901 0.010992787439201108 0.00718957646260421 
0.0044761906795350425 0.3226012757381574 0.009768509677590149 0.1486901386716698 0.0030761051822972645 0.00853028394232641 0.0034772319926296784 0.0036241325014392187 
0.005733992263350471 0.33104985386028224 0.14788985547281525 0.005572789710134742 0.00305898361015583 7.667675299469947E-4 0.004178893170344099 0.005964910081794247 
0.007612379461895306 0.42812307092396135 0.015430909476704098 0.011472438031914538 0.012253877476593553 0.012034168316287227 0.015003859217508764 0.002325722109228264 
0.1474883475749236 0.0275027299500524 0.01138396010581473 0.01602628131904224 0.0038265585636607278 0.00882102714597167 0.015131838667756905 0.2738125620515466 
0.15001184154432717 0.02538420902093225 0.011356077672695693 0.009700106128260727 0.016710044777703045 0.01363221423695542 0.12851367794112423 0.148877767416878 
0.14867443911301095 0.02402998854587653 0.016686083725085028 0.017183821985198737 0.0036153874717342574 0.016743942273610347 0.26854333352567233 0.008663958551134741 
0.1392944361897957 0.02252406339346416 0.011255708781126238 0.009360373563157828 0.007974499159346608 0.1495957364949135 0.015363480539226586 0.1487968903192554 
0.13088287720078787 0.021154369633072042 0.014689294677562678 0.01512746963194793 0.0029901795247064366 0.16424532832058752 0.14638680969237683 0.008663946871136675 
0.15241645650382823 0.00874604433700047 0.013595478672470428 0.011552101307521307 0.006706248935602417 0.29923696848722375 0.006833557619041599 0.004767162693071892 
0.1441302089684416 0.01375167343674791 0.0169636644602656 0.013396248022749828 0.15483944883819784 0.005903425535481986 0.005924968240648814 0.14925712404517452 
0.15339149748381958 0.025111720872425823 0.01782772103163653 0.008515288347674892 0.13978794494048688 0.0039129146526464586 0.14633417753576358 0.009374472672586247 
0.15791019978178636 0.018924337499836325 0.015040928980891915 0.01227369328907947 0.13461199897041778 0.14769588110969287 0.005819603991844123 0.011611174853162275 
0.15743846447278725 0.01592549943355229 0.01965925927758062 0.013771939105998545 0.27310946118686663 0.005874984446515137 0.012641797397417468 0.0058140364372647425 
0.16986464703925386 0.0015778294091731244 0.006029870743032086 0.16845953986064405 0.002736147788454335 0.005858432360280516 0.007752699518697561 0.1416105683221268 
0.16144660434080327 9.481813877072925E-4 0.0027924812341213016 0.16490377947566676 0.01578459415501923 9.667588737038709E-4 0.15335299440363034 0.0036154839566073967 
0.16639339711420928 0.013817219038019564 0.009731847562844027 0.15544906819083507 0.002739583982992941 0.15269430720034013 5.622226593221133E-4 0.002336105572863966 
0.1736319258236738 0.0058837677172599 0.01083125470405061 0.15289148866295013 0.1505486247773164 0.008279036967774503 0.0019206607108714524 1.7548651521675845E-4 
0.13919737685219571 0.020718994338323752 0.035428348545479 0.28777118236179305 0.006306790298901908 0.005455402907397485 0.0029028627378974345 0.006113211015717149 
0.16406388816879677 0.0203362264181968 0.13897567177478287 0.006687597221858365 0.00950102434808432 0.006159649761965518 0.005203642121510509 0.15320086974311967 
0.15859932658780088 0.02602278891564136 0.14346088913060448 0.007293783217887513 0.005933494233614531 0.004812487986858671 0.1525191038274118 0.005529615345277958 
0.1592537829780056 0.018642529821944188 0.1550987234309895 0.008654292915992406 0.006078583914600194 0.14628280297144802 0.005555461229465414 0.0044956078240501384 
0.14765894100013155 0.014841900999897326 0.153043608385833 0.008579319604129802 0.14755577548197427 0.013745645486093892 0.013312213499151642 0.005644384425456594 
0.1605102187457086 0.01667258485311228 0.15414470860921473 0.14075446396518518 0.008753358238895434 0.008815613861158266 0.009612315776093717 0.0044855081573337814 
0.15332861308993523 0.018146756047233772 0.2857117771976026 0.006158710661102798 0.0061359778274688356 0.006717598537062613 0.009348249690925705 0.018337321288944556 
0.15842893217866783 0.1585243910826749 0.007720085205695011 4.347924612707944E-4 0.014093387951284158 0.005058457698778893 0.01675360511823281 0.1431086032451919 
0.1628796416299733 0.15084490954512994 0.014350892820222984 0.007594861599836484 0.002191047986952716 0.010438786553404111 0.1508650716693183 0.004977035507783879 
0.15956283493854143 0.15160184730851142 0.007200481659764633 0.00876312090255572 0.014243105726004679 0.1416018528106465 0.010771994388091212 0.010378401534866924 
0.15396762975668138 0.14980018984420446 0.018123656380941863 0.007357103162670176 0.14067600952841158 0.008827605043115505 0.011014813151037044 0.014202596561482097 
0.16755320484892486 0.15923642181494915 0.005635915088729531 0.15925858819609867 0.0032744352374887153 0.0020836683293653825 0.0031026004371502696 0.0036151185022781107 
0.15217899542668828 0.14984109975663346 0.14358805975318717 0.01890692470946843 0.01819555492529521 0.005974277462939271 0.008090251401169748 0.007360585077874895 
0.14350976916778707 0.31356555161565197 0.006779479131369388 0.009569794952944037 0.003215988493133197 0.018625449412009297 0.004605867004546135 0.004334674362201364 
0.3147206783082128 0.009569712447124156 0.012767196605986887 0.001659523091596487 0.007652918090386161 0.006263449277771624 0.01129064486521897 0.14032901061977865 
0.31388782020418093 0.0020800531334262415 0.014453510469350981 0.006616241715291926 0.002199973005114371 0.010481307922232891 0.1494711413326609 0.004977283140308277 
0.3025846199778674 0.006224289281947619 0.011862930788376563 3.735649187944485E-5 0.00568984556097488 0.161240372086557 0.010689840780989349 0.005892542054626016 
0.31155060943341734 0.00906930064180061 0.01275697173953984 0.006050186109776888 0.15007226093512868 0.008780062604370404 3.175221891409135E-4 0.005284929602551653 
0.31369827821504426 0.001917712880643627 0.005413133324695792 0.15832772468861167 0.006313742299322902 0.0018605084857212498 0.004653510936569411 0.012091393615648633 
0.2819626721453093 0.03611115348490799 0.14609217471885066 0.012620182232631989 0.008583934944068141 0.014295885691519319 0.0027032647520469394 0.001945339581680388 
0.302690029683429 0.16532562070983314 0.007992418391897347 0.002369318344935937 0.0020727819898738956 0.004466886061539922 0.01496108143550194 0.004343905598473655 
0.4319731609052595 0.011709404018309706 0.013100332887731936 0.012419443489598777 0.00832539091495081 0.014064899399015484 0.010776403591117029 0.0019453386803438832 
0.035888991722648575 0.03593439006795527 0.035855626064382876 0.03611588492356301 0.03524151698056568 0.036632730811700424 0.034647378001004064 0.2538072803968827 
0.03395517678713288 0.03421946308297741 0.0313164634456181 0.03628210410268413 0.03465372183271879 0.03468826272932574 0.14275097274943016 0.1563101593826498 
0.031567103652665005 0.03138126053382109 0.031757471874426256 0.02855586197756325 0.028570215245711145 0.03103912838478234 0.27994523307371877 0.04131613413528925 
0.036056726741446 0.02789465991298447 0.034755731888983094 0.03486911584461454 0.035752947846530714 0.15414526033408657 0.03452255894892984 0.14620779601089792 
0.0326199226079357 0.03280870497613876 0.03214278708720024 0.02935418405077672 0.03273697775363457 0.150242338922004 0.15952536850866972 0.03474081384367897 
0.03473396742320411 0.035325273239196424 0.030604500893936987 0.03361863411566694 0.03300020600753952 0.27831290310030593 0.026545960949323093 0.03196281232122393 
0.030571286383849632 0.030886908523524187 0.029551778119208786 0.03673520919256691 0.16087837580129385 0.030258649167878588 0.034855225300315464 0.15011531551386004 
0.029650735017455396 0.03051501888748414 0.03025647731291236 0.026529940113986933 0.15920037788696756 0.036571496436039005 0.15859220928620218 0.03287751227436257 
0.028204131739687874 0.028403762008312603 0.03167254889994932 0.026586994460918428 0.15755757212611748 0.1671828874361562 0.03203217878011218 0.03263644625790265 
0.032220164167229434 0.031175915752344196 0.03188008958689316 0.0295769900026701 0.28198933880246163 0.03346203104275368 0.03107529534476622 0.03247630249066455 
0.03176854716013726 0.035117073877729145 0.03271590698410983 0.15554974278426628 0.030171479442938687 0.03289693734508905 0.031954123929128185 0.15400582356352213 
0.03311727551009893 0.03462901631059432 0.033492289816926764 0.15837100925746478 0.02804536324451092 0.023634745835879777 0.16043078224530252 0.032510365252207726 
0.030801767536844646 0.03402179639718739 0.03185059075071778 0.15805460405478255 0.0318959102975677 0.16198702919544938 0.028576036323982795 0.02709882037736433 
0.027695799980808244 0.027945728124484107 0.028559944800971963 0.1528098733232205 0.16168761574737392 0.040592788147931824 0.032090445184114594 0.03245523626244674 
0.03320289255798077 0.028874948597884066 0.030648416751865547 0.27718946227531877 0.0353289274711833 0.03385339483762975 0.032206926131664065 0.03289372891647709 
0.03252383021859678 0.03348816207314736 0.1549509975360985 0.03215771697684659 0.03388831586632418 0.03620795680832657 0.03344530858015055 0.14717286050110315 
0.03153468079253866 0.03248114365251888 0.15497239389166986 0.03110035259329678 0.029716364942030317 0.031351537510432376 0.15792649734918743 0.03474511672099875 
0.03733528176786059 0.03755410206824503 0.14762240402888152 0.02979844183487307 0.031187337146809976 0.16008517712352482 0.028191161946307115 0.032400341031194706 
0.030138559349556535 0.03045438094912185 0.16006422383059465 0.03135016681405805 0.1569247871143975 0.030764810400512915 0.03192795311322809 0.032493186131459885 
0.0319813863604261 0.03250191980206527 0.15563024898899402 0.15714747686825015 0.02908668518303353 0.03440922292355312 0.032328747783762136 0.030781728304391454 
0.024887469849104588 0.02566028020147871 0.2831349748331668 0.039095011146265596 0.02885065350956103 0.030074577481197826 0.04064680551276606 0.031911165278509956 
0.03218293894384111 0.15335989068170752 0.03106860076214837 0.036301131268658214 0.036493595177844056 0.03388997826603143 0.03346566521607358 0.14720660933160995 
0.03785252452123016 0.15805422625133 0.03108824096083922 0.03190530960757235 0.03406661695491014 0.028601080801320483 0.14980726985511758 0.032488626427065695 
0.03734287929061299 0.14879772594709104 0.037712931307747825 0.03112922928748273 0.035374205025041204 0.14592290804419872 0.0317393684776004 0.03622639095987563 
0.03252090986878112 0.15783298793622474 0.030509515459428756 0.03294275033584078 0.15803741273032357 0.030563484910714162 0.029012101758201507 0.03247901177688092 
0.025181569826314157 0.1481470588901778 0.03282456152025265 0.16387446202576836 0.03543047962707509 0.0333086575839643 0.03195852011173553 0.033520616550638455 
0.03221678765769792 0.15631131761454045 0.1563166489715996 0.034921118597874695 0.030640932864739574 0.035584101041050614 0.026601469732588246 0.03164527101721605 
0.033977259116308764 0.27842084120947513 0.025782571003181817 0.03417188628236213 0.03460234946692257 0.031512076318461146 0.03329991849456027 0.03249929410377888 
0.14875728597368618 0.032423539756748034 0.028916555368036088 0.040593891592966475 0.029721123193014717 0.03231443878559275 0.03524437406499444 0.15602028484799452 
0.15976543960865586 0.025901973580103984 0.028592202254933155 0.02998502881122983 0.03332617757600315 0.022111311176936464 0.168332469797463 0.03583692495935007 
0.15439588792414854 0.03950074411937961 0.029984518039339447 0.031133069245300318 0.03534275152980789 0.14592290804419872 0.0317393684776004 0.03622639095987563 
0.1573030956455187 0.03597254190888283 0.03039609246505051 0.0310890651719317 0.15549466209928872 0.028583186249816688 0.03250909863926128 0.03290586765261047 
0.14858735749128915 0.03632897484040798 0.0327878862930817 0.15636424547526634 0.03580847083826685 0.028714962015859224 0.03194621450097307 0.03374334374260783 
0.15154726500470433 0.03900712056401296 0.1436377458639861 0.046449759845554536 0.02905131001134891 0.030920482631095536 0.03136764776293714 0.03189272287551029 
0.1632562956377628 0.1558093127730956 0.02633284803892067 0.031819739558018444 0.0350545083597052 0.03373232465291898 0.03386906810459347 0.03305778627693032 
0.28332668682609774 0.03289498786282445 0.029923747317416285 0.03198574091834645 0.028959163645788873 0.03299746354821234 0.031202339932031704 0.032509651506683064 
