6.550694537256069E-4 7.216848621381524E-4 0.5224022352127251 
0.009834703284345953 0.037674601607059065 0.4747209855038481 
2.6098134403206897E-5 0.08679459958982906 0.43647813018229376 
2.2598388840382706E-4 0.11732948894969104 0.40439037475939826 
3.3261447168208175E-4 0.17269145271981803 0.3489202384297575 
3.181052737955625E-4 0.2178952057970503 0.30572919650733266 
5.771321799937662E-4 0.26208581212213916 0.2599952749124334 
2.939367450191852E-4 0.3060352181637515 0.21843609268259218 
0.0018432993161598761 0.34810135285587734 0.17104092239409752 
0.00180219406346882 0.39132656642065206 0.1298045724798716 
2.560770376091328E-4 0.4386187724987723 0.08482844503430577 
2.6218627626961228E-5 0.4783218935882716 0.04478651276861243 
0.0018458741702108207 0.5179800510534909 0.0014270385072871193 
0.04680641455708432 0.00207828276841812 0.46674008661566807 
0.04090121423561731 0.03782189248154223 0.44330663021954214 
0.04128686384313722 0.08912103399695588 0.3932908748018071 
0.043324074894958646 0.13112723829080505 0.3505276694239054 
0.04838071172064383 0.1784320031383356 0.2971175168273849 
0.044786813315516386 0.21557742130843735 0.253927519186138 
0.04346796627291193 0.26223488765218356 0.21764242526314054 
0.04512270216495072 0.2965763456352721 0.17083279014362934 
0.04162515822746321 0.35154614029230663 0.12981861783113194 
0.03711036145912193 0.4004010518894191 0.0861834705811625 
0.04040675618311868 0.4359673967870541 0.0470991443475826 
0.04362113310123758 0.47610131974499376 0.0015480411356528735 
0.08376831610050099 0.0034126314237868504 0.4361377084328174 
0.08453842094303615 0.045741081670166515 0.3858799128333456 
0.08675000926283087 0.08776626539481071 0.35050253935691306 
0.08753912179428783 0.13145265471147027 0.3038887503301863 
0.10166126690257273 0.16310912203342864 0.25822474470647694 
0.0870553981577377 0.21864754913428255 0.2176424917348914 
0.0944574646754324 0.2578179107523566 0.1699668670223655 
0.08617845348781154 0.3003987807702575 0.13526335596416386 
0.094359139676115 0.34232145659846525 0.08614822139756886 
0.07529758220558141 0.40082253513532223 0.04478697773272647 
0.08222476120747553 0.4376971513918527 9.851824743017845E-4 
0.13128979785618608 0.001254602810777319 0.39273063416890647 
0.13001457870501928 0.04492853368307749 0.33990644637813106 
0.1284498493811225 0.08894694192579883 0.30646421489325515 
0.13059215515004607 0.1294781640722661 0.25364086995070356 
0.13368508593484354 0.1715625422064598 0.21710940240743304 
0.12901353943621738 0.21268412418873003 0.17083209812377778 
0.13173616428601564 0.2664438127724629 0.1311247900807037 
0.13615667412313462 0.306106599265353 0.08118597411628227 
0.11608898885504286 0.3561311208019834 0.04896399725544897 
0.13003901050689357 0.3895731101145319 0.0011104313431437602 
0.17351268192135305 1.0758908581833187E-4 0.3488791203709122 
0.17468798592799167 0.05144026196782243 0.30302710457726184 
0.17747138912879273 0.08689864519360485 0.25816872515935185 
0.17553703353975705 0.12910705987713342 0.21692177431440862 
0.16993527723517385 0.17187172957313632 0.17088676436068215 
0.17879981840382822 0.217601989236789 0.13081973556862653 
0.17729733211655274 0.275756062871443 0.09172516611357034 
0.175205329323574 0.3005398514558653 0.04553766428255911 
0.18397290418317938 0.3261670145737175 0.003940112885041761 
0.21560591704971593 0.0027914936675704732 0.2968222123874033 
0.21776888965560878 0.046748689872155726 0.2508573100626826 
0.23163875477359594 0.0879833935017414 0.22719825609744534 
0.23162799948109572 0.130951660270519 0.1823481347677524 
0.2293002328350943 0.1661147349195208 0.1268228083678317 
0.215006105995823 0.21872945949472794 0.08759071654733028 
0.2175772740507456 0.26103403965097294 0.045775106755049345 
0.21312929106232786 0.30908882378778085 0.0030639615951456984 
0.2522024774547444 1.7022874116953522E-4 0.2603967253889664 
0.253921200267489 0.04883996280495721 0.21362396698727998 
0.2726984344344163 0.09527481627081431 0.17574672309363076 
0.2621854220228135 0.1332343383388437 0.12682434551724192 
0.26049648915500917 0.1715295824877054 0.08731663530671772 
0.26397383792745766 0.21375405789505758 0.045234090807450514 
0.2559524532609983 0.26246174947356987 0.002951359012842526 
0.3002171666573334 4.820324636211025E-4 0.212169074574289 
0.3058972790945009 0.04343329257437852 0.17414643467485125 
0.302622312254763 0.08799636690238913 0.13162394708973016 
0.292535003974206 0.13386938590062836 0.08624129150232034 
0.2998700356300697 0.1728252047603392 0.043366989262016 
0.29281457402544636 0.21829093228201663 0.0013301052541045961 
0.3421954080118996 3.800608256379303E-4 0.17389929505005974 
0.34157059713047533 0.04185610101508842 0.12920051733930904 
0.35273712281393493 0.08240095639358579 0.08708162475182671 
0.3469960327820114 0.13426131115048304 0.044107680558569715 
0.3460466866403275 0.17499405484585293 0.0019927008731188633 
0.3831064844233939 2.610203861003594E-4 0.12918057138958722 
0.384767400789745 0.04236548866272878 0.08701469248535519 
0.38665887081628325 0.08627495966862274 0.0433888784903855 
0.3907221440268421 0.1317152848180557 0.0025803986330266856 
0.42593585187851485 6.838879678719342E-4 0.08637425206407255 
0.4385465867436951 0.042396659742000645 0.04398776841261487 
0.43270180335894426 0.09034256706555013 0.0023776146680941717 
0.47600866164404654 0.0019733305988993513 0.04353566948161125 
0.4786330923571283 0.04627203807149111 2.6489876082933087E-5 
0.532104885211666 0.001638834286546694 2.048482792182889E-4 
