0.01560634743304375 0.018572254100862048 0.015202551806628637 0.013002134144704514 0.016216369280559386 0.017219594202192226 0.013797773125361606 0.018400426474047164 0.016242363224662285 0.3598533923930574 
0.023136497204602383 0.024923960992206843 0.022832294352939583 0.024593974565372198 0.012659216259715781 0.020990081666002986 0.021538441247421013 0.02014730662312595 0.11595438538581071 0.21726494674850708 
0.017286465809994753 0.019422407762789168 0.02218824061302198 0.021088700240828998 0.018910591987206432 0.023762463039088935 0.024891159839601624 0.01171927000880096 0.23782605776205043 0.11421940013517176 
0.020774224626480035 0.022701677220113407 0.023125100210801573 0.025130831213090146 0.010364788103390405 0.009178998914331939 0.011048906996622984 0.014728732761619965 0.3529651373655874 0.014023232320449634 
0.010944821704292248 0.013616279425185767 0.02033632414895543 0.016849863907838623 0.01537650604654541 0.016664885172099124 0.01740677848347414 0.12860596115609357 0.011290431197897504 0.2604871105105853 
0.007474926388205081 0.012172561247957391 0.01104635478542833 0.013102315170202175 0.011339509736291881 0.01194126233760003 0.010792240040525368 0.15244490177302797 0.13697307413909682 0.1443198894953349 
0.017430020975025676 0.018782204510853866 0.02342259111437835 0.02052848278728388 0.017901372818429122 0.02116281649538842 0.01200073412706774 0.13329023070777585 0.23315497910854321 0.006656435103241393 
0.01322559349577313 0.018708165482941092 0.014855231573958492 0.017785668470196116 0.013431139373819569 0.02005769962303293 0.020608689084961017 0.25738994411712657 0.01688600154130314 0.11924431916909052 
0.013471388197081952 0.01700785290757694 0.016824903280218354 0.015987787699883186 0.016902798070035547 0.018900068920013474 0.009966895437977175 0.24877208490410552 0.14399152901411852 0.013135647231147046 
0.011235579190418609 0.015904716533754148 0.018741828152567325 0.021362500433792595 0.013972780303635792 0.02057910371811903 0.020744167603457566 0.3456488469914133 0.021026186469951403 0.021196085277759645 
0.024711343944904575 0.020497527366934394 0.023804864430988407 0.020828041922484348 0.022026822643838696 0.01914619125742931 0.12534680569973314 0.018342176608704325 0.01259574080151747 0.21709558584263763 
0.012730862276881569 0.015044932341106546 0.012241451757651779 0.012472107907844936 0.015321541245504215 0.015673225573942948 0.13737821190516802 0.005922780962517422 0.1493081045882441 0.13392779593459386 
0.01698785245148701 0.019212377007710165 0.019143357848973964 0.021421687998092794 0.021706250984714463 0.020950060197706667 0.13199371398982718 0.011690747478693444 0.22891539261832727 0.012484062066016792 
0.02022200808253262 0.02537679957701449 0.025706929797684002 0.02189282637932882 0.020847703945077983 0.024980777698389592 0.11275693454597173 0.12115821778379841 0.014025892958587501 0.12501757672300245 
0.014708157935121442 0.019673655857174854 0.020606181548043216 0.01614516720324063 0.019036360341599626 0.019587033916851845 0.13258249258249563 0.14024452380723398 0.10922592696786498 0.019780675462152217 
0.016370657869648288 0.02201956352933508 0.01779546519213105 0.015606492767322013 0.020901049998119238 0.020339230461917837 0.13657790408509815 0.24397690011266576 0.004537759316549786 0.01698767288033931 
0.013144476458647227 0.017027607903620345 0.02119334772788263 0.01561207753549939 0.005057382008857432 0.016693212646654614 0.2482206818111185 0.01917616667376443 0.016954824277474773 0.13487842760650776 
0.015551576690383047 0.01106062620944449 0.016588582317995235 0.014718382510128069 0.017723002195878457 0.01732939569886648 0.26170323822242353 0.01620937237897512 0.12139162220705864 0.018040370420012455 
0.011504707425626868 0.012077385044921079 0.013981033073008256 0.01323837587257896 0.012763495751933997 0.011186020617559099 0.28607930982329055 0.14179844039979303 0.006314089913323624 0.0019500083416654282 
0.012587572966491852 0.017272339834387418 0.014591288592849106 0.018991681545227682 0.013869157263366502 0.017017561029711612 0.3610084252465506 0.024468876502210607 0.01611501108158949 0.015761867520908992 
0.029292481519379906 0.024297482278891416 0.028132153222069804 0.024776250712388842 0.02594592620156294 0.10148607029443789 0.016510239839596586 0.024264471085985954 0.012595800467886425 0.21709661423037024 
0.011240602257163237 0.014300906337010854 0.016151569816143206 0.021574429606702715 0.015454545358767348 0.12681296108473675 0.014353589784558085 0.01668684792971726 0.1380312210346962 0.12979651156485297 
0.019816845926243425 0.022374048947018835 0.019957356661871185 0.022240628128085006 0.00999230628850941 0.12565529446552642 0.005089631041832363 0.0253468347471548 0.24345761198658908 0.010406208468109041 
0.014146222810115535 0.014654042474269043 0.015428572401396154 0.006464707749028072 0.005641386242969478 0.15198827279361898 0.01304507307910718 0.14237610898909417 0.007395124973945647 0.13043091296455916 
0.012947834641518522 0.01421971161792057 0.013605356203049273 0.013128683278631233 0.01322407865411826 0.1302309354141421 0.010695138592181354 0.1365086364553066 0.14375730419241756 0.01582313088449817 
0.020559063431529717 0.025933155630334607 0.022437071390729677 0.023320196830839045 0.02506223913802048 0.11779014814616912 0.017706609012189754 0.22669266513695868 0.013105983888777541 0.019917175714756676 
0.01672086844710242 0.014064739332059782 0.024334805483097587 0.017703061016529586 0.020108820803098698 0.14125697149800936 0.12142543146307563 0.010686422663551067 0.010101964470253513 0.13533838276020993 
0.022239645468177485 0.015559663623515158 0.020054526764398756 0.021311706124036198 0.015156499161106854 0.13555065714919612 0.12101528729784267 0.015040617469569221 0.12697809439658783 0.011748555361691159 
0.020437987543375252 0.021178077050893588 0.019135557659404532 0.01469268594930226 0.015479611519411815 0.13173790872870506 0.13455295557282915 0.1379769286441116 0.011036642604237036 0.011010776763658555 
0.01467849525361968 0.015585527532838348 0.022127419806355787 0.01615886470745438 0.016698158559917013 0.12058374928835829 0.2447817436447704 0.024619972290724695 0.013211054521576606 0.01204788476734378 
0.017588109069236316 0.019370217850307528 0.01820753179007211 0.016773047387162017 0.01622988236233881 0.25600496238063586 0.018907213659477402 0.011588194508822024 0.009884684207113229 0.11664653757959825 
0.018095392106646038 0.01961395418895937 0.01678694933496943 0.015764581342249607 0.017210396008441303 0.23795635235222037 0.0184427987575557 0.026064800130106057 0.12347670799191955 0.01068239318596145 
0.016085250031743884 0.020947585787692832 0.01437704093330363 0.019883973011828888 0.017465353697269887 0.2558043480251069 0.005273506231529213 0.1294460931631048 0.01117734438864513 0.010594655725818101 
0.015497315479369302 0.012582865371171658 0.014735731732181838 0.012898525761204704 0.013746306963758672 0.26774140905769916 0.14469163966640902 0.003929566701683162 0.013439694661708582 0.012662721791263945 
0.020607873441759177 0.026716201211287843 0.018453765278605903 0.02544111903375979 0.02193748430002473 0.3261172821002179 0.01372293999422549 0.022353944064385116 0.012072875539245855 0.01668511979747664 
0.012261752658397941 0.010193963415158228 0.009233724887235423 0.008207603266717612 0.16031647624755604 4.443356158641564E-5 0.014177673306426474 0.016576504596318636 0.00902770272401537 0.2722831857966467 
0.014802094660200653 0.019179423363957032 0.024338137401509422 0.01927871374828054 0.12443323978022186 0.008423190955298795 0.00684477364756322 0.013535828064967009 0.13645854468020321 0.14110050705711547 
0.01988609014693117 0.021727582494094774 0.02222326797190194 0.03173524760013602 0.11399068628196621 0.020186006417615976 0.025076254740511308 0.01640641833802306 0.22280252592581065 0.006525391853698041 
0.015304183549336069 0.015547003875500103 0.017408382427510447 0.023223969752657513 0.1340104805450159 0.005916333214530883 0.0167096941194537 0.12932006897733941 0.00642378469704714 0.14841639966912512 
0.0090152251847186 0.008487583644443093 0.012556678173271663 0.014616702367186776 0.15409456303664917 0.004860330096742977 0.010140492686250264 0.14084883452452904 0.14890950732234337 8.980044368142594E-4 
0.016431668715685032 0.020814522020837996 0.020844781774572992 0.030910904829067776 0.13502617546377668 0.01818803034978506 0.01276273261834472 0.24774715069260017 0.007780755716622828 0.008152631997902471 
0.012609865097028777 0.006043295616060327 0.008462966988013382 0.009883484765841047 0.15298878353935952 0.02033630024345663 0.13614145152357876 0.012506326488190807 0.01259486434022503 0.12896080089131798 
0.00792743215855782 0.014804525625994743 0.019588607901924782 0.012860022387492691 0.1428442268161626 0.0210838917516317 0.1335096776185417 0.016761768312199724 0.12714205182054414 0.004547848159426535 
0.02086070791000326 0.016735337559295557 0.017342218227347533 0.029238096697621306 0.12903683756949771 0.0186182975246499 0.13589621499616644 0.1403526376945044 0.011527064314706462 0.011010297796477893 
0.015003262000667837 0.015338660140069382 0.013956047564211803 0.027341423970761974 0.13436037575677232 0.01919289732021434 0.25071037259816475 0.008349611544000617 0.008598968435718073 0.00801984841858285 
0.017865615412811817 0.018140017300089663 0.019363746543683755 0.01824480893698276 0.14502064161247682 0.1411797228009029 0.0018912044892657237 7.427520327165321E-4 0.013272413161685342 0.13563160700929752 
0.009214271097512515 0.008681370162115815 0.01283789537967488 0.01403112434647086 0.15360826570546923 0.14606852547671403 0.0053055717870613495 0.005208115353887015 0.14839755786610168 0.0010836651864633558 
0.007206378987464188 0.0067945600096349194 0.00706293171762202 0.007409493888015159 0.16551160767291145 0.1445813341032214 0.002574875439820934 0.16252939173394068 0.0036833064168949785 9.869917995600245E-4 
0.021319790120616362 0.017385920025141444 0.02030801332480984 0.009863093190656329 0.13832219209227534 0.14156093333828426 0.13973752393596353 0.01568130379930546 0.0012695576715193837 0.011674499966804853 
0.012104111452711029 0.008809509405268458 0.014830518566199236 0.01131536633302635 0.1586008435743243 0.2708166471373451 0.007291990813206027 0.005796802671191451 0.013558091146076522 0.009212442823530592 
0.014311235017347124 0.01762988661789843 0.01563892760873535 0.027604653555321254 0.264339966449079 0.004397206218102874 0.010343983545340461 0.012513470660908157 0.007853383300336256 0.13523682317367608 
0.015978993265972866 0.01984248522180959 0.01751517778428832 0.01633628080737709 0.2737967235379306 0.007260026991682064 0.010913574784988889 0.002475516270586061 0.134239857156228 0.006102802833382852 
0.00795846824417113 0.008062633512485923 0.012028595737234533 0.010703889176922837 0.2966332579956836 0.009572362688504801 0.015078673410483955 0.14008489213871225 0.011140668008411235 9.006987322333122E-4 
0.0098062058701216 0.01212305665069923 0.010093170442309894 0.012032623078207644 0.28233067711646354 0.012087414801535835 0.13048901782472405 0.00757581333792988 0.009660683595704753 0.018611971911796477 
0.007866930939188017 0.01465967190673691 0.011094244317956699 0.0111076445239224 0.29849177690211703 0.14692074886013864 0.00453159787427717 0.00424588190532456 0.006019133912113257 0.0066898646321279604 
0.014625814393395076 0.01467831524074884 0.01596559883883099 0.008507405413350367 0.41110087165019454 0.013268203406514896 0.014497068480197184 0.009264639639540802 0.010143125824569842 6.058560028639193E-4 
0.012864733674739155 0.010677953492158792 0.012359894676864254 0.14525043188269313 0.007655967205953187 0.012508675292600947 0.01282576999429247 0.012012046236529789 0.010404879797847141 0.2683787834978683 
0.013076178131682856 0.020612138807642576 0.01822887265233856 0.14461883511308138 0.008306090685303327 0.01357087726976764 0.013914898773155349 0.008170839550168417 0.13609831723158256 0.12776809652872295 
0.01797658614316472 0.020378388979407185 0.020195076831170146 0.13509413499706704 0.014567383843693204 0.011350102433526993 0.02096099157519013 0.00853503390037963 0.24542351823695258 0.010443579375001318 
0.009651455203507598 0.020038062866858542 0.016084140009789 0.1470615650298687 0.020916479223460935 0.011798722000441752 0.02165715290383699 0.13880263721891473 0.014073825274690444 0.11254561334212398 
0.022103132478317185 0.016071556540397634 0.02130075916018354 0.12269131217867811 0.011155531072680237 0.01053243874746298 0.019724649382982393 0.1432154270293765 0.1318322709109122 0.010606482577945352 
0.019487894909521568 0.01426050190420356 0.018486362278324637 0.1345481808025996 0.01736925241678156 0.021825458343047555 0.024173391222133942 0.22953258660671733 0.018799658315403953 0.013612301007992664 
0.004100107424540718 0.015954743442581357 0.011706815407297034 0.15431847281269967 0.00980635997848849 3.49124460182351E-4 0.140736469939556 0.020460132102496618 0.013507357449280447 0.1381366590014126 
0.01911955531629429 0.018952119244989348 0.02344995325506204 0.13992460177142077 0.012687795422629858 0.015326109860235675 0.1401651022658962 0.014965517417195835 0.1320314644347896 0.009887603918081685 
0.005122194473793055 0.005373581117380255 0.005523431080707793 0.1478978660170826 0.01051850292640893 9.990638391419037E-4 0.14428633796008017 0.16662016252491443 0.014471837057948165 0.01101320806480074 
0.013380294305389945 0.013294843328423551 0.01601226431970642 0.12291051164466987 0.012612309318560097 0.0184193057216191 0.2473124362311862 0.022801018491022226 0.027703263440496763 0.009482985350037724 
0.01748876159205885 0.003527887464377147 0.011304942708156391 0.1443829701545794 0.017703981597216426 0.12807558590778684 0.015873910444811935 0.02309791659717859 0.009391664871857958 0.1381390639975534 
0.022963051691249705 0.01787389167964928 0.016830537585596852 0.13311994804930635 0.019113957543612753 0.12348452200276647 0.017423520763861295 0.020689059624341883 0.11357803259475116 0.019725400938516015 
0.013729369178593749 0.009959551501192841 0.01304025473832153 0.15287885152382702 0.020637746253237353 0.1310734786882751 1.9865347598027754E-5 0.13645135279232637 0.00933771272293567 0.022245047824689432 
0.016113420009621317 0.018329051550492942 0.027664304084558704 0.1281593846856997 0.020760439222617413 0.13269422893217572 0.12644661014541575 0.01986037141754616 0.010327076234671731 0.011661414399549864 
0.008576477884176136 0.014765687962537043 0.009352809979352351 0.14316074058437955 0.01734284999610152 0.25506797707326745 0.020102383332384503 0.02766745183659506 0.0075116822824766805 0.008882539387676355 
0.019645965929037862 0.013989743087215725 0.016439373331219725 0.13602315738852108 0.13209072642315345 0.009240267702023745 0.009592691164268379 0.018919977761960083 0.013831099897099434 0.1347199088091926 
0.012438283101176721 0.015408222368860726 0.01352159019596849 0.14054321500190647 0.1374848819178983 0.0066836821661422 0.010146084963206244 0.01736657730375764 0.14442767121324163 0.006441092114411508 
0.018681556415173273 0.011445443629541226 0.01479071995377843 0.14927129728543712 0.13574687279493255 0.009461848310303573 0.017262179391432136 0.13663346627667391 0.009616624377357375 0.0015594780210197714 
0.018445372541886784 0.019978237048511652 0.0175834830417877 0.12879233428988138 0.140857122815178 0.004429623157454564 0.1320510603121943 0.01883424276229042 0.016847331590859792 0.010106123805232852 
0.00963413939925212 0.007012842658174669 0.01072509844209294 0.1619237789619191 0.1315626168603218 0.1415345924062248 0.01647397732098402 0.012225090035220723 0.00555851835842118 0.007487880955989832 
0.01363184163416315 0.016962627685465203 0.020169288193827177 0.1366165886804476 0.25607871461726484 0.005772170436380461 0.016349005371397787 0.02086192695673234 0.010416905439477925 0.00756873593260333 
0.023187466434881124 0.016705551669492617 0.02168305031486726 0.2523887920632011 0.013268750200503925 0.018306823729186864 0.02100515716213569 0.012889210103666462 0.014602400675974684 0.11839041093570202 
7.163018551989205E-4 0.008707410584857094 0.004035696366834343 0.30042596480546985 0.012714524009973766 0.009131174185706187 0.007545281575192615 0.012043390168002103 0.14443409929541504 0.012539782630871953 
0.007649052881142448 0.005555239675509814 0.005475797803148719 0.26620813469151017 0.012311454527196392 0.009067645913035613 0.01951613970169085 0.15031246365377748 0.021882141251844896 0.010898824850116189 
0.003711119834381944 0.0040218243421912886 0.029826788517823277 0.25341525501991746 0.012196412230638007 0.026681012303703063 0.1319164058444794 0.01751517498144862 0.007762970859574536 0.017406924722661463 
0.011641387078752249 0.02141302041303894 0.010451228902199074 0.257789227270039 0.012044964437369432 0.1382180248543438 0.02207148203735714 0.012195432319032787 0.0028010534238133195 0.015497574264164982 
0.015048503866583251 0.014450331979875379 0.014409755636333657 0.2747930588148657 0.12167626690119351 0.012803833512396792 0.01610913869375273 0.01585645113596093 0.007381869801413971 0.011532738533501613 
0.0014070453439181262 0.017104132052825998 0.00956093971242925 0.39592830298728715 0.01717494338622195 0.012334508123639827 0.009706648712082695 0.016251329960472936 0.019781264561784816 0.013045245713880556 
7.239700685977469E-4 0.003980827366825391 0.15373505259141623 0.012162442095385112 0.007140442350894252 0.014883281638229013 0.014998102493403465 0.007483444321486399 0.010466494692292631 0.27648735619125386 
0.0168125656123861 0.01897438724839274 0.12814814003018504 0.012559250615959028 0.031857287457736506 0.020444963134811065 0.02289750850859003 0.01567822069237564 0.11488022085143189 0.12994984011861965 
0.011345716507180944 0.015896153767515485 0.11364349398357697 0.016998493748199724 0.025379445612159924 0.01636122543035819 0.020197262312886717 0.02057086998641685 0.2518727046514461 0.012284814630228786 
0.009131323009314015 0.02614876859189652 0.14438758271702762 0.014749794704983598 0.012728307929867781 0.013502172924770154 0.010103004763910498 0.13207342949313158 0.00789037099345107 0.1336656914702535 
0.015920352524864973 0.022443877108948133 0.1348504244857489 0.013366774133656747 0.017091253539530227 0.011616042129978636 0.021779961529060393 0.12035401203871067 0.1366975722859213 0.010348744041167385 
0.013043159183546872 0.02436469211232793 0.12332511236600237 0.027820637613461232 0.017233164637033754 0.02122846437379925 0.019710199673233335 0.22680561378769923 0.020935745808456037 0.01622455272446256 
0.014437471329817418 0.007053847019277951 0.1495483810575614 0.016885694724097018 0.013991166496286223 0.01544787460052472 0.13049699888727853 0.012556691889380849 0.007670789925451882 0.13244430441473592 
0.006679259526526645 0.015865948585787333 0.14292908450353592 0.01656373982324097 0.018479873482211747 0.014102716260001327 0.13109749253865438 0.014306034553458274 0.12385695072471717 0.02070055512720147 
0.01105958908370676 0.008204585954928382 0.14359209865965009 0.0028692883355337126 0.010848506027445269 0.01583119676916976 0.13834025351641482 0.1358110155444993 0.017558871836337035 0.020705531273563515 
0.006303831793867612 0.014500226353185907 0.14402293389855392 0.018626160145877275 0.019648052399336112 0.01826736546252412 0.22729152075629813 0.012276793785611237 0.026117367129707792 0.017761566078776134 
0.0017831436238432018 0.01207556772981117 0.15596678374263823 0.018423401266430443 0.018860605299066475 0.13371374774265496 0.0018255527258570945 0.010936541032213913 0.008365514637638948 0.1469948838096349 
0.0015364223771950685 0.0016934154601344546 0.13823420037854459 0.002243389405173044 0.015435077116704209 0.15938112154096723 0.014167218248726767 0.0025674181418054083 0.16790632080661225 0.0010856093381407027 
0.0062057259776552385 0.00884865927708054 0.1570423220204787 0.015942493288009126 0.018976439781476222 0.14375085392298867 0.015403277687393227 0.14344685293377243 0.007768472690424123 0.0014561572823451846 
0.00887671742725819 0.00939477963109427 0.1358021412916232 0.03242900064643861 0.018942408148364225 0.13199495499162972 0.12291654960935786 0.016625561154688294 0.012793817443615789 0.014629104701414812 
0.009154552304068224 0.01032109796807522 0.14966977314945645 0.013994873206207728 0.015731566463728763 0.26198163774627703 4.3283220413589777E-4 0.01581260862933408 0.02658883574393173 0.008952812139597926 
0.005768195632253952 0.01655404379383466 0.1430618945647076 0.022462353449194096 0.1317042420504517 0.022088891826729747 0.012970340698458762 0.011068695704927283 0.007579221536075812 0.13609092793593264 
0.013376951639489782 0.012616281936532043 0.1485256878105023 0.0150297310310666 0.1431147839339758 0.00631843855976754 0.010496289243711144 0.011476869339064416 0.13419408040163294 0.009591434976774631 
0.009874722031118019 0.009730198153346995 0.14553441807426112 0.014213781645518318 0.13541692121586762 0.005978230620109565 0.016912065980099728 0.12819790217880464 0.03343333786302308 0.005662587718637057 
0.01094857195334642 0.011214095074641847 0.14257169098835434 0.022592867501849582 0.14631145317064848 0.013977511151321915 0.12625871478611414 8.937248268736317E-4 0.009620760670743878 0.02040186009312363 
0.016572053404667688 0.02040393195405202 0.1445820921521061 0.001815407889570694 0.14302764088262693 0.14379082921059544 0.016704679929606763 0.005657636371018998 0.001937308690410593 0.00957812697011275 
0.01641050927377702 0.016731740128431365 0.140257716943292 0.0167466548132999 0.26156444152444563 0.005908585633786327 0.01869964950003838 0.016791502703876828 0.009381170637090779 0.0076751799895283124 
0.0018017419775242882 0.01839343600799944 0.14988027938353513 0.13761485094684997 0.012033274243496407 0.020855781302343807 0.0060506052619830105 0.005178983817189084 0.005185104431453788 0.1448892814461675 
0.019507691286555894 0.018336655718495156 0.14683865933604814 0.14037582412094102 0.007610580015272427 0.0053328586263526635 0.010189171798022239 0.011437376435812576 0.13373234392531586 0.011097543400085902 
0.017862570632111063 0.020550728464925668 0.11179133703298957 0.13728069308577254 0.017819972755089748 0.021098900761532657 0.014266804369496105 0.12942557643671695 0.022562275137680485 0.012203203921195671 
0.018385530741194762 0.016411176125834114 0.12633548830999874 0.12502553292168336 0.026936610733058555 0.02803344544617163 0.11689164508427416 0.016070126560831084 0.012989278461729684 0.017395878358809076 
0.020350392520078683 0.0228780710125826 0.12669644142797223 0.13185738581085868 0.03846339677166606 0.13753256455431326 0.00853845239841678 0.0032394254835366124 0.0073351625456321385 0.015725622251218468 
0.009471406263380269 0.01187830296387942 0.1574903011807765 0.13934514750757934 0.12384053668206559 0.006015231714037585 0.023620688942612985 0.012376552110271607 0.010458122203302249 0.010520984794201403 
0.009383442218983438 0.008663823141058725 0.1346793507680969 0.26140776028895757 0.027239156738403426 0.014763489999474655 0.019816965826875064 0.012234837913807944 0.007365095093751347 0.01573155011710575 
0.008121793986857952 0.007551714266267312 0.2858640862741358 0.007694080242654971 0.012865393107460042 0.015274575038409385 0.010256564412678026 0.008677902798353319 0.005550747819261756 0.1403567896292102 
0.010461256380175867 0.024689870462966793 0.24445307251694684 0.022866775619211105 0.010034736647903808 0.023585224728010185 0.011709754916291278 0.011424541109932742 0.12838200556292223 0.012976406023771984 
0.02358808668427296 0.013934343017258502 0.279686226731556 0.004270947792008172 0.006881078221030394 0.011014599948717228 0.0017904320508627877 0.140610625186708 1.955318876036507E-4 0.02250345680253305 
0.02422992021483995 0.011838233065911327 0.23634775048468298 0.0268939421954637 0.02015900445494983 0.014647965989362716 0.12331938494174449 0.013099132237856347 0.009609110109896 0.020577677306377 
0.00310417947456071 0.005775038199200888 0.2549970927387359 0.01640496095559345 0.02745745987519751 0.133574305957023 0.02177935972076254 0.010145690907336505 0.00982026311309912 0.02137485122927419 
0.023264189898237683 0.016314174546632552 0.25987838113922196 0.002807371165985388 0.13832335195517437 0.011676301088946439 0.01049156093266442 0.010071721931464425 0.00983541120533395 0.022093248925689323 
0.014889258366172867 0.013847982938274819 0.26809730042576796 0.12634788396461824 0.014034508385796481 0.009972956255578763 0.019757059117558578 0.021410526340388432 0.0076577151973310584 0.011060466746233484 
0.008130259026361223 0.0063079763636749355 0.4297936048204126 0.005662979574117543 0.009600863868688227 0.012231699657029678 0.0027210960269041084 0.013550469824420862 3.1615274743549375E-4 0.012749676123188934 
0.03211467674116536 0.12607119498586586 0.03384367687339684 0.023145707140794232 0.02110677082068977 0.01690047215121398 0.014742341693161578 0.009015053946016448 0.010456228540572758 0.2143356861742968 
0.02420725817167183 0.11202276207786868 0.027847635886702568 0.02327919787868168 0.023579798115866357 0.019320540148978327 0.021968250350446413 0.024820748962698886 0.11781555331927195 0.10968782925574688 
0.019464431447489855 0.1239044160354779 0.023584972888357588 0.010388107870033237 0.026261145063105434 0.019863552029208448 0.01410100611939347 0.022793903079412568 0.22659821405773448 0.017614272431861606 
0.03006086515096063 0.13693275196916904 0.010966157158938674 0.021686606632765452 0.030553862341949307 0.016225116904734885 0.017989345331006414 0.10941090218759046 0.013366586950639317 0.11768844203608568 
0.009602343212489935 0.16570962071231338 0.011052949486427922 0.012568196436756942 0.007221370175517341 0.01638032246723514 0.009685186183446147 0.13405399407278062 0.1308671694768394 0.018891338645048966 
0.03898702734817322 0.14347467421344495 0.020750549443384208 0.012004332298503971 0.01032166765253263 0.013065430393345526 0.014111258658272716 0.2319623150135861 0.010873764123920111 0.019456045716164216 
0.01219141630180295 0.1497440768925692 0.014175261798787942 0.012749798646817391 0.0069379070223212 0.011442070712030511 0.1313094537968893 0.005625749761930092 0.018224755604237565 0.14203741623228588 
0.011151246429958565 0.13685560173121278 0.027014217108510992 0.018601786053480517 0.009264373077192214 0.011980611632125023 0.11860799499158273 0.03268128755717666 0.1323190314759283 0.013657840012439403 
0.017094237603710143 0.13755075007785886 0.010160750832700767 0.022985117199368382 0.023979190703352058 0.0034195279776119583 0.11922810785121594 0.14225055158388758 0.03185108211901353 0.003625562882824452 
0.010952934948920266 0.1507876043506428 0.01736293979857778 0.009814680981368755 0.009243602327299136 0.017330753041262838 0.26555395922329206 0.008442623995727346 0.010999563352467545 0.008162556186431974 
0.020760828592218995 0.14059371799340017 0.00849951272393357 0.01842650003533115 0.018863777604565556 0.13367891242730795 0.001825552725708794 0.010936541031325473 0.008365514636959366 0.14699488379769363 
0.00851779250906403 0.1475060300424874 0.026917123323983726 0.011262412217298588 0.019305600456898532 0.1294200966380573 0.011441844771377468 0.011870857005494092 0.1366838979402401 0.009434555985359737 
0.015202712301824468 0.12327812687626469 0.021945389036958793 0.019500779234406226 0.019468795422477227 0.12911928997926672 0.011116167223766326 0.12587031021170098 0.018197505603991908 0.02872306620643312 
0.013703965210949806 0.12428773708552676 0.02173500365399192 0.017477491328340103 0.025687688941777042 0.12503623840536396 0.12297510131274338 0.010150849710507719 0.021554286483858667 0.028821369044544215 
0.01719160158045475 0.10064131285666926 0.02407210170994804 0.015472698915465965 0.02284032843681351 0.23218149384131245 0.023240418854128107 0.015006059401481923 0.02508818064612011 0.028439107764199816 
0.013881202718688162 0.15508824299759008 0.014095365897199981 0.017599019148801697 0.1414664725099547 4.5116693905177424E-4 0.010378993674934184 0.0072837202331065215 0.018162183798101236 0.1319694824105644 
0.009511672042309514 0.16474419618689343 0.01153787211514202 0.011788865248182654 0.14026336962759678 0.013339143915190317 0.010708443128922314 0.012127012475225005 0.1356659210349498 9.76800993298235E-4 
0.008369186511798802 0.14475987866477988 0.01030214465182403 0.009978891082010275 0.1436458964263188 0.0052170577248320475 0.013978969276813302 0.13449577532191545 0.010818305937513305 0.029063443643841592 
0.014092105570087386 0.14798214710673585 0.014186682701896897 0.011916466196877818 0.13461457590454015 0.027172513286986506 0.13923793263118692 0.006637337278119833 0.009394548136056528 0.006921419450631147 
0.009227598555031372 0.15480500269881167 0.015675042778615887 0.011053279923993221 0.14480327582073155 0.15874949457245513 0.006715968339873697 0.0020093532063808124 0.007813948268500515 7.819827293630934E-4 
0.01267749246607061 0.1416397463550539 0.010425247550785338 0.01583759405604404 0.24838195158570786 0.007243162741028169 0.01321545778450923 0.009274280365664193 0.02312570763367638 0.028633755851951565 
0.01768204437113656 0.13877897301640366 0.02616037083362827 0.13210550918663785 0.01840827239287851 0.0180782120365399 0.010611332098918555 0.008036808417356751 0.00584258528861918 0.12927354124983795 
0.002298594853401017 0.15487332160322137 0.010425919620374384 0.15584515095239626 0.011913550429236789 0.012856183129389383 0.004708510436453032 0.024199869638014675 0.13701797537880486 0.008963602808770324 
0.019805252962194212 0.12469196564776114 0.03547052618681018 0.13092531380112654 0.011227573169951556 0.022906575861829852 9.27206314472203E-4 0.13826757372599505 0.019511567179615916 0.008546815763625554 
0.02554887832426001 0.13339815462873525 0.026296448491597735 0.13698446746401324 0.020114418851224235 0.015690302326677154 0.10664564099786421 0.010476934538966651 0.009829552499499366 0.02733284283788612 
0.003999347033557364 0.1424861519683465 0.015605488925378792 0.13016700411628052 0.027604161093365668 0.11966874500576806 0.007523089586435477 0.021642557966836885 0.007022468802820969 0.028368922495100386 
0.023833879374366592 0.13073594392904253 0.01652804481394244 0.12635498671490591 0.1259387074647687 0.022872703425199512 0.007352210436270179 0.01684373823114966 0.007150395988254878 0.02645482266750775 
0.03291994873069758 0.11904645598998075 0.034616854265878655 0.22593603323328926 0.019566231557044476 0.019777810819146466 0.007554161983520453 0.00651088285254164 0.019074471568635117 0.026910353105583103 
0.01035139644191612 0.1466601050455566 0.14760425021650608 0.020664273921999037 0.012836570625018289 0.023132034402152137 0.0074693991343431155 0.005510482393669125 0.013859240628144271 0.12243469258619515 
0.041099236045064456 0.12378772316358418 0.10836875343691146 0.021633354871048244 0.024561392999389125 0.02483662543967487 0.016686365067574222 0.01635186701604202 0.10938250849397656 0.01829864666669926 
0.006933797220202248 0.12167977472956511 0.15353470971679903 0.017227596703733833 0.019918640979291927 0.022050988767364936 0.015610489661157906 0.12495779226787081 0.010428649585856764 0.017839504406769346 
0.009132840972349444 0.12340992712272486 0.13025892905633285 0.015725891675268302 0.03791648261160771 0.014915498890905501 0.12864497917625212 0.014206566618789739 0.01738251678304073 0.0124999776346953 
0.008268340270110497 0.11995132649505426 0.1499602295324751 0.022172846882686933 0.018364512380982606 0.1129143771028424 0.014278481615301418 0.014204585908345694 0.016863101835925855 0.035280763344448046 
0.007757702714984701 0.13118830094949213 0.14047537349746744 0.01775412074393793 0.1325217665119109 0.006935835758872997 0.01893128122357681 0.020864863920047747 0.014153480730802805 0.021079063127547305 
0.028694589151495843 0.1363658106988625 0.12755824831629228 0.13971182548193742 0.02368383682585532 0.006280405584536237 0.011353019436052846 0.0024760764398181812 0.010327233098946623 0.02062677339714779 
0.037601141922780884 0.11779816811119581 0.2672132045967269 0.011038619606462442 0.008979778637518082 0.021324129007569147 0.015312062487268 0.006238090994387098 3.8304601330554536E-4 0.014686351495179316 
0.015606756918603998 0.2701134228345033 0.012199963607591487 0.008674023419907025 0.020331209011146243 0.00871894124620374 0.00906876604915759 0.008038258166776472 0.018052149374563235 0.1400660718170837 
0.01580230633988124 0.2731682062200022 0.011854955305941847 0.018348013426050178 0.013475742650158553 0.010122087923047663 0.011364934769883442 0.011915749077059445 0.1338339105809558 0.00920177400596665 
0.010633142556596894 0.27368430632734475 0.00956978537763405 0.017517336839043947 0.01425278002898823 0.011164817603481864 0.014778837456641762 0.12972825154254242 0.016029128247241824 0.011789607632974779 
0.018424122762105786 0.26031754965211373 0.01138248553703578 0.0206039169239302 0.013748735619131047 0.012774032430957786 0.12234241461107191 0.00789177803578637 0.020706958982383304 0.016778861637749738 
0.010686971720002809 0.26781749182280334 0.00937412724150359 0.024904902549930105 0.014315892382167274 0.13193683005494397 0.01563830877861286 0.01592507994503393 0.002360009652844816 0.011685337160365234 
0.015008404548063566 0.2631467244565104 0.012052330541102121 0.005811588501570303 0.14215984044586852 0.016457870004778826 0.019713629841928478 0.009606636855398205 0.013778100602007983 0.013881844139494654 
0.008761662261848135 0.2713482810426677 0.009464597237015336 0.12969830072307076 0.00959780235578951 0.023322236125958337 0.019481508233251784 0.009687291863968588 0.018143844440101677 0.012734841885419927 
0.010173015222694001 0.2516924185141855 0.12119877530652673 0.0149955905884289 0.019735221345689852 0.006072424614865616 0.018649247480528045 0.022951311032750474 0.03301522460762256 0.012178802282886295 
0.0033867955848325493 0.4010653862502242 0.0171153690997406 0.012183799686543513 0.011564595925235755 0.015267185899131326 0.020095684240863002 0.016126520779423472 0.0024734837230272148 0.011835130495849673 
0.11607383693195783 0.03840599516099458 0.013333427585762985 0.016357618660586035 0.018047847734668006 0.03433924184951618 0.013972863572879737 0.02255171249160906 0.018293709179343285 0.22046682253142988 
0.12573307678203544 0.02714854656308094 0.025797377025786355 0.024209016767744465 0.019581456260442977 0.020281149309735392 0.020904719552953584 0.005771515072807916 0.10735586838074354 0.1275594835333671 
0.13806749049139105 0.01933343435856344 0.011889147964061483 0.02360150598021757 0.01825358700775079 0.022810002208103777 0.020142104516101916 0.0076464105744697185 0.23882451271327854 0.010056311202183154 
0.1436780061626655 0.021018163346550604 0.00918536836416205 0.020721723629229995 0.0041241728540400285 0.02004094219600017 0.021034024348029017 0.13657625842932045 0.018103497467522156 0.11330859287373485 
0.1407626974194049 0.021434194363183296 0.02024542054688347 0.003524129193726946 0.011035742456909655 0.019873097416745023 0.008311884875186191 0.14374976188615024 0.1322139088615483 0.008254805550654462 
0.12442886980310643 0.0179111937829554 0.029612242351021792 0.021040128315774214 0.023004538418097846 0.02175929688819004 0.009584106500736666 0.21654939608327936 0.024276838645606397 0.018224056652778882 
0.11831168452599534 0.01725112475599646 0.026723845981410234 0.03144099173408214 0.026452029451609467 0.018758390834124578 0.1072980773098467 0.03237774270799027 0.014941725295870449 0.11429008702798318 
0.11986009071488972 0.017811188488471335 0.021740943512162353 0.01631142684753788 0.016817932789978073 0.014759325382721957 0.1376764901495076 0.017403587504502594 0.122944493172858 0.02436909409766085 
0.14471269895814787 0.021543113760565148 0.0035384255720486424 0.003745620434856261 0.020677241175495444 0.011407939204674027 0.1375854442647338 0.14160979147656513 0.007681020704737238 0.01845395995329493 
0.13733207032080333 0.022301660375699067 0.017136772684875273 0.009686836382745609 0.013109398141310447 0.017140784466516578 0.2570346924883336 0.008147438798001281 0.010828792283110586 0.012016521826254295 
0.12650312520315812 0.02538578753827603 0.0079899292427051 0.017735015567000682 0.017795083677207762 0.12873464399640025 0.006106436268282751 0.022562709042517008 0.009167089014412617 0.14700664570757185 
0.13008004604036283 0.02370644601292786 0.028033513947708304 0.026470154155636506 0.008050837476827022 0.12730101871556776 0.006793336937679213 0.003954219860981327 0.14607819105344869 0.008851991905800733 
0.1453799473456427 0.027830470451995368 0.010055778132730557 0.010230156704592092 0.020472855600855957 0.12379122459828659 0.01383629860620504 0.1386244249879613 0.0028434077113742495 0.01867628277162397 
0.14683576222194267 0.021253526013760175 0.004468410462557471 0.019604668860174094 0.01933529834016495 0.126571458540432 0.12314166753440567 0.013819822618517755 0.01815091918724423 0.010998324463482088 
0.13852439046521212 0.02542944645621769 0.026000044422695774 0.02663016472842184 0.02215842589753303 0.21799668360140426 0.00903416444425001 0.013392068769569483 0.01323853630030317 0.012033249761009092 
0.13435507920537101 0.02649908234658813 0.022250858750142422 0.014086770692934644 0.12088909761656078 0.008599306300934405 0.02334099187473667 0.026336312559032113 0.014501781394994178 0.1208206146688383 
0.13652565091780214 0.019117532308911313 0.018836420214900635 0.024325002261516578 0.11648466058830684 0.013145186446956805 0.028276191246436662 0.010736260637347644 0.13310823270254993 0.010056048859844142 
0.15133670369653424 0.010474522851763483 0.02024603789518396 0.004397006072924908 0.14039700306133984 0.015602680659774949 0.008252643632934943 0.1498823780628956 0.004405488465719659 0.0072886912461159825 
0.13300061271567437 0.038179472553637524 0.015069188004313077 0.016167167202960797 0.1443558231047938 0.011237553355510877 0.12367543861517982 0.0157895334755026 0.004007099709041733 0.005815083798527842 
0.13439557167511698 0.018087971674193046 0.025582223091578395 0.02492717785784266 0.14479535907500543 0.1064491016089277 0.020457449265496867 0.012250988951886832 0.01366336873614432 0.011584502408185041 
0.1343619158784367 0.01498343970268949 0.01842200509542367 0.023015969718817364 0.2516553610796266 0.002411754186951249 0.028603526786084122 0.00738927802558442 0.015038701386284173 0.01951136967678522 
0.140889481409817 0.03306594091388593 0.014632220303175498 0.1469596841019463 0.013124205501158082 0.00914381633473482 0.009616518817204392 0.0025576041709668143 0.007385605362766799 0.13075479479422772 
0.14078485308060068 0.022304071649404896 0.017359004380420304 0.12756688621288387 0.01159521757148231 3.551225623792922E-5 0.035669009445745276 0.0014790597355675774 0.13616834024425156 0.018688545855309057 
0.11850328888403662 0.029242814578508348 0.013691198545734322 0.1297354094444376 0.013602057326740037 0.02355062689583785 0.03672263769515986 0.11842552350000783 0.016272365822140505 0.008374026827943389 
0.12479196989863131 0.02217814036861576 0.020266050015992174 0.11706101054024806 0.023614800082792386 0.02069143429269582 0.1308699357850909 0.008841888630268854 0.02137197617944999 0.011615508368713591 
0.131000884611779 0.023821883376455563 0.016492131253212913 0.1372852308035979 0.011928324497404769 0.11991611730754664 0.007566190179195186 0.017141905123366028 0.020401165128939833 0.015368958105627691 
0.13368885283418167 0.025818749912980152 0.017273039657840068 0.12476328343369032 0.11530713351686828 0.011756986879827552 0.019114702771937418 0.015266257349189254 0.019257905204543735 0.0294407033792893 
0.12408298531877034 0.030013372213455774 0.029888749324216837 0.1879304706899636 0.01877836833193962 0.012979896676418976 0.025723049204205907 0.014502735296285795 0.027771407428193638 0.02852884460218778 
0.10495142832010365 0.02526164104952588 0.13467029953109702 0.006765989614420722 0.02831390568950561 0.014779768380816495 0.01862551384691791 0.020723221466573283 0.015149095906537449 0.13180435165419602 
0.13630373083737068 0.012605556184114892 0.1516021545506314 0.005842794844797981 0.013432938449146078 0.01312606662932979 0.012570011447865717 0.007566003181717709 0.15172386275066127 0.009022480337271427 
0.1074176598230182 0.04300546183724978 0.14782470005203321 0.013662282233697184 0.00465164348609141 0.019193917971712826 0.013591324224983692 0.1367217068754867 0.006953491503527919 0.019013575519617177 
0.1140607364276959 0.040004451327862046 0.10720911854210852 0.018029185762577605 0.020699988690954026 0.02068815415767007 0.12446279351273462 0.02203333269414689 0.02141155132213544 0.012081995605297173 
0.11124336899885238 0.020203930063648554 0.13714959620059952 0.02236665311827533 0.01801691867181524 0.12514709103456145 0.02111567892626698 0.005254687021896123 0.01648575694963993 0.02840904467051711 
0.12926931670538377 0.014734054348376569 0.14448555794052606 0.0023243125110822623 0.11392121140881699 0.028263091810976724 0.016149615643578585 0.015558448347818983 0.018842144083262815 0.021310425128612316 
0.1561128109928252 0.03590565600163883 0.10063836494104904 0.1252718071907161 0.01635392485102278 0.01610076713208887 0.01669548248754179 0.015771507913195548 0.006848798481440606 0.017371702740117616 
0.13905618250277513 0.013559019443569074 0.26572269557401207 0.009300124818711156 0.01679242521727066 0.019001497718463732 0.017330245424874914 0.016239393035605433 0.007049183154858636 0.00809219723500942 
0.14627147670454402 0.14503399597925562 0.01726453356189117 0.006893480190920952 0.015650271675836932 0.025456046548865227 0.008709638723997385 0.0024136192736715556 0.017999004341036618 0.11905749153409224 
0.13083494091487147 0.1416870064793714 0.011216698846340906 0.023441321411032563 0.015326278925022219 0.026402874147322772 0.013780544688524844 0.0014223431211491213 0.13209068970514423 0.012621506368236843 
0.1398729827480941 0.12085883770116958 0.015137268989976155 0.00609440971943483 0.016851682193930156 0.009010390855215277 0.02892698721584257 0.12380546981881888 0.03390424522018831 0.013425861265314901 
0.13322105373850113 0.1286774212457249 0.01348299893063008 0.023798431398680677 0.023124612997683296 0.028176180649732843 0.12111532223684436 0.006203514484043358 0.018222997235431342 0.01226539332762673 
0.14398104178430535 0.14254124741767213 0.011906028683801567 0.017023732022945635 0.014653251881463922 0.11852011401082758 0.007544236268736873 0.017415807473917858 0.023667667392106406 0.013387645976973785 
0.1316627476232386 0.11463872511813233 0.03506205704553005 0.022423421901931966 0.11377555146980083 0.005785158527370356 0.015546360158494404 0.016662956829329424 0.01887086546474799 0.030200414240859452 
0.13704046150807828 0.14870455538317354 0.00965499998127429 0.13230748860132677 0.010978563979399884 0.016441992982255477 0.019607962647476555 0.010090579879249644 0.014596822811937572 0.01273274884336734 
0.14607678555653383 0.14431260109293023 0.13675461010029935 0.010247305713668216 0.0050633789126003055 0.007515725300456822 0.016771512254058703 0.035215234280206585 7.73234406324077E-4 0.004421057740289363 
0.13924123181791662 0.25840165570754514 0.01627900413639793 0.026070329332542896 0.020438722008593348 0.017259835200790052 0.007901779466613308 0.010563054562544765 0.01413455032165392 9.569952636414499E-4 
0.25501345851391277 0.023713551976941357 0.014201507175177517 0.012261485592873959 0.018392402290968293 0.014922132091193502 0.012658033819243708 0.02568527322807667 0.011121807759027881 0.11644292099557559 
0.25018060988653956 0.02313704632093795 0.013653002169824286 0.014403676968246654 0.013214581081685144 0.018027555349588678 0.012550237778632614 0.004560629349160038 0.15029625993415105 0.011770852508325295 
0.25425698127916163 0.023613493385807673 0.014867102813830656 0.014889922380252458 0.016493614469112548 0.028921486459865683 0.016967973153900744 0.10854313245549935 0.009761459479140545 0.018799665849202833 
0.24781002077301623 0.023007274771552896 0.024129827359010612 0.014804032945526152 0.01358188566196422 0.018528638479671077 0.12228387172881192 0.0061326766656625824 0.019103059977523207 0.022238884755348753 
0.2541226595136778 0.008785724678140648 0.01467566871956044 0.023995563207393298 0.018993760421803917 0.12261300698260287 0.005133639216603315 0.01480492635901336 0.020020318829250528 0.028660295126599254 
0.23322672997551544 0.012955028122173803 0.03504501515934385 0.02241252301475425 0.1137202509494576 0.005782346655463794 0.01562186103283899 0.01665801114265943 0.018865264454751014 0.03019709876915849 
0.26834152603085115 0.009218278111882939 0.015529608953352411 0.1267750926794793 0.009980650441958193 0.02400982346065309 0.005257218653254796 0.015161317679462265 0.020628138867061625 0.016900642255644905 
0.25630818041884623 0.024991967557973123 0.13185712039613415 0.009588932343339563 0.01660033390526021 0.01878413646303594 0.01713200189911524 0.016053627949615675 0.006968546390168678 0.013858362793688168 
0.25821137554870194 0.12903030318278 0.025434229064823136 0.020834220063137794 0.016989147276230885 0.009582500203719879 0.018884852994534636 0.006338088926395293 0.009958555330104028 0.01728308257733644 
0.33641777723835264 0.03111237796838362 0.018359187167565596 0.019368619302328687 0.01776964248609296 0.024241647274344975 0.016876300282484626 0.0061326766656625824 0.019103059977523207 0.022238884755348753 
0.023331165166425975 0.02730371350527871 0.02733557069424561 0.030607530075418107 0.0315197282773099 0.02192804036244476 0.02669228825371976 0.01831698362360066 0.030313481247250054 0.2778358448785803 
0.024274301292108485 0.029132660141840617 0.031673995290646934 0.03214015692743004 0.03033979808449696 0.030417123299479223 0.032099913609619925 0.032663764126270964 0.14166303526811777 0.11996783980059555 
0.03142970624416086 0.034075598479000366 0.030561961679669798 0.034595282626910806 0.02923536220877689 0.018960998957728188 0.022948968281651366 0.02430022169613147 0.26753622260490834 0.03015964520544347 
0.02477853785752539 0.02607700381577528 0.023319503105065212 0.028142930917355504 0.02754937568881984 0.028126622694963903 0.02601998474757739 0.15920405268431367 0.027654604078956424 0.14073030217760846 
0.0261488009986329 0.028535281982088094 0.03045281864091232 0.032936019588242556 0.029310709952356448 0.020552470787541317 0.027016916523729177 0.14887582285969309 0.14184670905987665 0.027449641229148305 
0.014174458463571831 0.02841324129163143 0.0235741965130249 0.022371660681703202 0.027732628183640688 0.023028774928788496 0.03414350394307437 0.28318088657804674 0.024565770137926195 0.02651663335371 
0.024536781756718706 0.03169240252613025 0.03160488639630925 0.028700740016171178 0.026092588289942507 0.031188846626187688 0.14839570511859948 0.024295569539385352 0.023977811807168365 0.14173000744070588 
0.03136586355880912 0.032366311862547334 0.02985829446005202 0.02968660326351656 0.03067759567546222 0.03114106329273002 0.13153421918873923 0.02923274482988032 0.13635417149247178 0.02259576238772139 
0.026158184723682802 0.032093339635583355 0.027780094924019946 0.028933735493222944 0.025922812297238425 0.021088016193071945 0.15361071297065337 0.1347656760199127 0.03006203402788153 0.03163714657361005 
0.0265642372064592 0.02217603950964544 0.028185477833722127 0.025040018198166248 0.02527915579234302 0.030854416593127782 0.2787031067081694 0.02479503480846696 0.02456340982478925 0.021768916255655458 
0.0289691624258853 0.023141038059269446 0.022596605684505038 0.030103028823567884 0.02601981497453999 0.1589949564342282 0.0245500377930683 0.03052433605058467 0.02265237096689809 0.14373058541916597 
0.02476005272574394 0.025002111109806806 0.022296933583958557 0.026875474427345107 0.023384716934172683 0.1439289974064758 0.030316956078203384 0.03341588733422558 0.14884898121161164 0.026031962540253233 
0.023662181696942997 0.023941363595075465 0.025282679078888686 0.02726043157159302 0.026456751225866472 0.1537159023543257 0.02858187947442842 0.14653923283543943 0.02270873614589519 0.026006458069795988 
0.026543258216287287 0.02555974938390789 0.029309032237432045 0.03036626272520425 0.027361732500798232 0.15470120530986675 0.13450243662822323 0.033615825880157484 0.02304623057829078 0.02714301027883647 
0.026198390986066453 0.032812970477522366 0.023720551709139406 0.025438392262504137 0.026503072666143584 0.2700795133174384 0.02289467031410504 0.025079521586071702 0.029867498288865296 0.026567819466657594 
0.013293336792569282 0.028047365060670636 0.02505863648852674 0.02044103159761202 0.1515109526800312 0.030271933895353095 0.03634449070136416 0.0333859709938145 0.028308955476961516 0.1455990193580095 
0.02605159124527592 0.02565396030790194 0.033946756294169926 0.03448814327393383 0.1379034618558428 0.028107599646889442 0.025675361050583753 0.02108802828825945 0.14975942020157545 0.02809095534952523 
0.02200106805968453 0.027039270497984973 0.026583906072542036 0.025371763098649223 0.15320924765002691 0.028041141169191625 0.02389444628314601 0.1538586463889359 0.023963849704713568 0.028202001964272826 
0.027830316350452022 0.03000157662279695 0.026617007777118867 0.030133596616935675 0.14886029224514125 0.02868588595179728 0.140965958048 0.029497940759092896 0.02325390351981373 0.02671011422164038 
0.023274646714270153 0.020313367634821222 0.022043759601232893 0.0232551334244767 0.15271133017477823 0.15207707022160435 0.027196969534072205 0.026125780166467053 0.029458323945649637 0.028353298380484532 
0.02449101227015703 0.03085214826894372 0.027229537766714298 0.025258096153854638 0.2672738031744365 0.0287576977852633 0.026398196023740026 0.029471030253969424 0.023861505516654384 0.02862672561614511 
0.031733136086750366 0.029957153459553437 0.028285645072115524 0.14652142924800485 0.03306603337704027 0.02915363657238757 0.02976182040896358 0.019977221680534302 0.023282137805094447 0.13748366318367222 
0.02488791895434082 0.02592177726855457 0.024671040768884354 0.15268310566482626 0.028823696680341567 0.029880870314767324 0.02640105289733474 0.022700418786082865 0.1511664956835081 0.03022054932754975 
0.026775592533609432 0.028408456049815674 0.021005418661078336 0.15410180359654763 0.02138894799308107 0.03123074633627251 0.028339421191911945 0.15386850503354874 0.022441945911690908 0.026840612602383563 
0.02222436763296182 0.02416552055319784 0.022090016125342934 0.15523307260572344 0.02357210807392714 0.02217227591216505 0.16052014807601886 0.027457647589728875 0.027847141541827023 0.02671559210643713 
0.02365906450538641 0.026152872975460834 0.022873997790486284 0.1648506323867808 0.03029352449436567 0.153430161023227 0.023949985586638082 0.0265231842043187 0.018672570024209335 0.02700067311731526 
0.02202214406965432 0.023207364991490866 0.02081673917348302 0.16434260264228392 0.15254886935233763 0.02909418154885246 0.021595253541153478 0.02535881450473043 0.030661080167056307 0.02689590131195775 
0.022022258806052433 0.02188539193788405 0.024017604519035028 0.2830065398550353 0.024894313234001618 0.02852642905222899 0.023530278008156456 0.025023429614866234 0.03025494372358823 0.025921584663910893 
0.015802058532199566 0.018854873791470085 0.1350518410391063 0.04026075033762523 0.03192672121726722 0.028439671490209505 0.027080133330894596 0.0332124718037267 0.030459339095459715 0.1400869402749475 
0.0328088837721201 0.028488323603435218 0.14373416350761337 0.025153337610642153 0.031073414644777506 0.02380282947161121 0.023424420841353814 0.028415646719346453 0.13818193377340168 0.02884774415102098 
0.025975494259120182 0.01902932388177395 0.14850334381465227 0.029034512532742678 0.0265583320617266 0.02934457817838582 0.03276780672031195 0.15294885124342286 0.019965215293920313 0.026566517685914906 
0.017506661544709496 0.01626097976411246 0.15542125786956182 0.02595124459410435 0.022618613966876335 0.02868167375889455 0.15871741559557911 0.02889244919312646 0.027726619059540533 0.031107283718916467 
0.030333979397194205 0.026399756482281683 0.15104624216777052 0.019792970718901137 0.021810977781465696 0.14467729168495705 0.02768484600003795 0.020106315004734757 0.036280432551920386 0.026323104490070005 
0.02083180140207089 0.019343712959746965 0.15702852331542813 0.019163159593946474 0.16138070038500243 0.02915545202496298 0.02850748182242362 0.015178578718471357 0.029883823935059492 0.021186494095322035 
0.019811511080348607 0.02865584856291371 0.14208369935102116 0.14782944940839177 0.031669703386509596 0.03373266894414819 0.022738411270753184 0.026695921367311238 0.030215106455538304 0.027497340444872082 
0.02744904889068476 0.025355968619705044 0.2692120735289872 0.025310209019315928 0.022617318354544176 0.03083713194827526 0.029731434909017113 0.023581369065772368 0.024714157110273038 0.025658972042765005 
0.036431501734741786 0.1373401444096725 0.027675061233048633 0.028974614284557408 0.0314241735337934 0.03076985297945373 0.02819174335543593 0.033046138351603055 0.02806590806285653 0.12232827342558723 
0.016651414192064014 0.14270229206720553 0.03312971204043975 0.024201618970434782 0.0412625741164503 0.02524869793305888 0.018183225097474612 0.02893891799883867 0.14899040005890576 0.030041302379853568 
0.031807256789577444 0.14530403309690773 0.035305600046119365 0.0340601740185706 0.026838261657125127 0.02676976649062248 0.032610922210064355 0.12555501825466825 0.025125509077974426 0.02702940040303698 
0.01924929626065392 0.15489167756444433 0.023997340444049865 0.027625864183715168 0.028828039941210262 0.01913603438597411 0.15146565103195042 0.03196540696901604 0.027843092988952697 0.02714325368416547 
0.027801215792810453 0.15031662886644054 0.028128456793011142 0.02252026827229052 0.037836043297590966 0.13781403278512755 0.02341537318819774 0.025062873693869888 0.025134344296963266 0.026057546716792366 
0.027583593102790273 0.1459485874376277 0.018692270272231276 0.026445573954165833 0.1588590082840134 0.03168587772710916 0.02078743782746847 0.02748217988230593 0.02417394084554168 0.028501865343147494 
0.03683813767814471 0.1368743224158048 0.02413535193127112 0.1405491496232308 0.03568515679664695 0.031032092964726945 0.02193879276458404 0.02616154359626999 0.02653197415475634 0.029216554250180823 
0.01714335495831578 0.14167250843594026 0.14617119983934587 0.02400625220252684 0.042973641426460644 0.025679476349708564 0.0255585626997896 0.03160270404983276 0.027715589032682616 0.029043546848132665 
0.03139697706842726 0.2684421742570011 0.02681611973182009 0.027512832818097393 0.023438443334198592 0.03015400686526814 0.029564879417155514 0.02442122066685935 0.024438492209742986 0.025612008476568554 
0.14377532791923936 0.034322102665086424 0.017128697409338856 0.029694907055156372 0.023131442300946485 0.03305926878514262 0.024388476161299515 0.02087180069491413 0.03487706504851769 0.14670988223501596 
0.15116865309159516 0.0297111634876079 0.02930116676648918 0.030481838225825713 0.023390454188291426 0.02385137776803307 0.028760341080647768 0.029214033196244743 0.14143391883386144 0.02461326482913124 
0.14732959421521158 0.030588618179366468 0.036530885067334234 0.0377417601967466 0.02621575328530455 0.028046879287448652 0.023175795261335678 0.12624546396659952 0.024520481666237385 0.029233961569797087 
0.14512484910521845 0.021160774501179574 0.033684209413055 0.02566154913967233 0.030560795551754706 0.025064922087179396 0.1278626675013314 0.0393510207983229 0.03069463927395561 0.028551628764799813 
0.14254836727743592 0.029487076605083255 0.027167921099502276 0.02372856746098222 0.033268691920106466 0.1482240799704288 0.023415839769882398 0.02506337310413923 0.025134845131377082 0.02603203965255824 
0.14222465541967044 0.04051392242103668 0.03040443193782534 0.028014801363980466 0.14074114026484535 0.026663252780321414 0.02637040242194943 0.025339538989227983 0.023576656126243864 0.02880271150376639 
0.14556485272768446 0.031927103962460616 0.024660469590780897 0.14360710546768715 0.02799898377237658 0.031013113614301695 0.021223247461892785 0.02522807152545343 0.030327299937463956 0.02738084340809897 
0.14291111785161556 0.013721133307823485 0.1700915734347124 0.02573167513104049 0.022409720064614794 0.03367408111465491 0.02618816415459445 0.03140870242878929 0.024935513170907198 0.03537217910129771 
0.15406467034115678 0.15215297318600435 0.0231269383019194 0.02873396502404675 0.025044218809929325 0.025132974398724955 0.02545955598383355 0.024958315676334 0.024509876073849534 0.02517224255454143 
0.2621415565940815 0.024031110431639593 0.0301118657150912 0.02729155462850217 0.02754047590269852 0.03257981412139287 0.01970704260092231 0.029372481643395603 0.028799478655548827 0.02932797115696943 
