5.397320534020771E-6 2.1990202661451472E-6 0.5157784380141919 
0.005698182459481427 0.04544900112552327 0.46618987766264175 
0.013566782226368528 0.09373290907879135 0.4052719575695997 
0.008379787001068291 0.12793184511590347 0.37966787528467044 
0.001203406730843429 0.17044485292007563 0.34181013002662625 
0.001073043152812952 0.2182472328054908 0.3047716951805583 
0.005910969876879874 0.255716479000666 0.2527968350889506 
0.005664902578838575 0.2983758311457215 0.2107451388951336 
0.0017445434929900486 0.34229335700820834 0.17018463803649092 
3.345133623339528E-4 0.38513243183325635 0.12884474278499353 
3.203447051348093E-4 0.4300347010980689 0.08396675267706198 
4.0705289571678306E-4 0.4686487574617931 0.045255877623073974 
0.0025642243295241974 0.5111136623471043 5.36995733240124E-4 
0.043464537383187785 1.2066272490156638E-4 0.4726502905234105 
0.04213209293078977 0.04465465439547272 0.43042064817519926 
0.03174774727301426 0.09255717506345307 0.39012897491588544 
0.04373887697380491 0.12778927852860056 0.3416959321625482 
0.04024659064534153 0.17081979455788177 0.30481622150539384 
0.043594791622558006 0.21265752413070785 0.2567925328174099 
0.048405093862293705 0.2603623372682264 0.2140214383867561 
0.04421548500738105 0.3026205017984665 0.17574384784552302 
0.05353334563257212 0.3616108570011623 0.13374097980117572 
0.03995249783495227 0.39416249820257526 0.08324922569389202 
0.04353197453221548 0.4294768228057508 0.04414969446338378 
0.046145857124434954 0.46753213186078346 5.369958401929006E-4 
0.08631206481900867 0.0035955809686164185 0.4274639930775906 
0.09047621598288115 0.03933190305154445 0.3827799522465689 
0.08551975178945659 0.08600840371294889 0.3416959321625482 
0.08880445651035157 0.12945539674038126 0.297584098617711 
0.08955876634530067 0.1697652189495004 0.2520844625153784 
0.09514928799593943 0.21492358829867045 0.20791741697710922 
0.086170564582446 0.25745075525320804 0.17371998976361847 
0.08817001968232145 0.30136979180684936 0.12818957933294794 
0.0901410559855605 0.3441798520045979 0.0830999176819514 
0.08867292668454077 0.38003689716185607 0.04596513094792796 
0.08390699597529105 0.4275730152753815 3.823066541701356E-4 
0.12991611643455972 0.0020537173645865355 0.3851260909981817 
0.12973801071563304 0.05285891639281607 0.3332309155133027 
0.12776230678879616 0.08933397582655055 0.29877295023631517 
0.13033242354992133 0.12887547857350976 0.2585734608722747 
0.13311135456534579 0.17343411207129594 0.20625794510825765 
0.12255481650076161 0.22476325617944154 0.177650473249146 
0.12943574443799105 0.2583215815400966 0.12922266340952338 
0.13217374552175273 0.3021062751890953 0.0833033832704769 
0.1294141898623313 0.33982230787556456 0.04601678046146054 
0.14042042943347127 0.38060079038444233 0.0020561970800183145 
0.1685143196537306 0.004184654413954192 0.3418652549393011 
0.17424202074568884 0.04258800578196335 0.2980021500751337 
0.1718694292043917 0.08731781095091151 0.25855284947669804 
0.173367845195009 0.13121717975666317 0.2049388694165408 
0.1780127892424067 0.17533190595910664 0.17252071685555556 
0.1759271624477194 0.213318689413224 0.12682610271692416 
0.173655549934304 0.26549329306385916 0.08445081198863139 
0.1770239879742361 0.2921022711999875 0.04364284211011428 
0.1714560414686116 0.3414709427538051 0.0015390238520707382 
0.21443318002836004 7.238581640977433E-5 0.3029461593208816 
0.21331743865763889 0.03916620521162081 0.25730542562378944 
0.20750129141476922 0.09745629621710752 0.2048223324727255 
0.21077334381439894 0.12858936594248466 0.17435844117839164 
0.21304808306212206 0.170346472454436 0.1295807584682507 
0.21866889479266852 0.2197030083110569 0.08506409796194327 
0.21757016357908626 0.26369638663370926 0.04395998792703761 
0.21572117648171038 0.29939569294144036 0.0010073282043365557 
0.2555482199630233 0.0032084416892158188 0.2583018844124464 
0.2616085622652281 0.04803270983973108 0.20796809180861406 
0.25114715620340833 0.0843833724673687 0.17877080070214624 
0.2451106598147574 0.12651270827132974 0.13826716768665143 
0.2543178343186287 0.17178623615441782 0.08636027215333722 
0.25662514590810104 0.21352483206268133 0.04306607777912707 
0.2572982391457608 0.2552944918082565 4.929797152077844E-4 
0.29204598070585785 0.005223357974197622 0.21525846936165138 
0.2849000602351493 0.054559877955981745 0.17337900715085527 
0.3024832729416582 0.08391697813996411 0.12744329584228606 
0.2959553243511041 0.13356467302136105 0.08347246699594581 
0.29135413043551367 0.17775038446236038 0.04462937695754237 
0.2976068498028098 0.2134496888010989 0.0023496197683556524 
0.34177986040609076 2.301489357474167E-4 0.17058348614592897 
0.342430087150459 0.04199308434600744 0.12890870336805305 
0.34337180582555654 0.08456056460086739 0.0855766156141762 
0.34180332525792806 0.1285626765438573 0.04231142077508245 
0.34222129136117807 0.16988504326130438 5.163407356268546E-4 
0.3833855525796413 5.327834711888443E-4 0.1300838992789163 
0.381494438635022 0.04490039088756216 0.0866026089692066 
0.3800715489619072 0.08397003856153556 0.04512390760217538 
0.38431115395328636 0.1281905056408979 7.018271135781688E-5 
0.42636877002497675 0.0010297292292520694 0.08518166549258269 
0.4332974388893934 0.043323839416679735 0.03635685405395771 
0.42652367333272945 0.08558863015498454 0.0013381881557379227 
0.46918934995394945 5.616129977773504E-4 0.044174303290826916 
0.4698558797695787 0.043508223140199496 6.466240487461036E-4 
0.512651680805782 7.124221039961118E-4 6.466240487461036E-4 
