7.574174372448475E-4 4.675170666198535E-6 0.5038008977222925 
0.0034965024447504 0.04576088359231883 0.453690222392313 
0.0029671774347567142 0.0866102927423461 0.41826647209984996 
0.008383064584594452 0.12215195821816088 0.3730026148636067 
0.0020324724898437355 0.17395997851795583 0.3465803958485617 
0.0010489801491761562 0.2117962523869547 0.2928652419644667 
0.0013175918635448696 0.2647636087324085 0.25460546274294465 
5.446197644312003E-4 0.3030454937775751 0.21733280466211852 
0.002064169479978312 0.35312115713124764 0.1750112302373236 
0.0034782143488304874 0.37604097073289905 0.12670442415623573 
0.0025047036510623933 0.4284841240571516 0.08383375483156126 
3.0345541571626144E-4 0.4635344546493503 0.04255910930284315 
0.004616705664930066 0.4991269386293319 0.002575753307788412 
0.04872880327904675 2.771658848179404E-4 0.45746182994677853 
0.04459469443910723 0.04448116770384415 0.43774680356290985 
0.04470614193185707 0.08698051667960088 0.38921946548842634 
0.048237430175070595 0.13189766989761936 0.35105602355710236 
0.043747730636570024 0.16694010040372576 0.29194746619884393 
0.045357171639698886 0.2160615200711576 0.2604292182743944 
0.048489793049606184 0.25985128593123913 0.21656135833041296 
0.04385513044678038 0.3035200073098982 0.17868908354559024 
0.04312271819879694 0.3336228228283708 0.12562719793436358 
0.04368347892013723 0.38967055233240805 0.08759838112801413 
0.04769825395646108 0.42933864643490827 0.04412187698956698 
0.04827584197232891 0.47734746354846647 5.160686456718666E-4 
0.08382151840575196 0.0013377232135494141 0.418499298416732 
0.08596526379989497 0.043736522214760654 0.3816751563830672 
0.08415681040101086 0.08624003456368898 0.333756027809588 
0.08693020506408664 0.12751306783043662 0.29981168548242365 
0.08912998409017121 0.17235387701898747 0.25991778039063773 
0.08905311260211903 0.20944106021010592 0.20538626333409465 
0.08811942699262587 0.26185916008590254 0.1680248471916134 
0.0872678516303281 0.301310834950497 0.12957300420615767 
0.08634267855699466 0.3368345357517044 0.08312588707906218 
0.0864564135608301 0.38781157214961104 0.043206160836628454 
0.08770602700499125 0.4363442342066269 1.0019912663887167E-4 
0.12620539876993514 3.5478465130510986E-4 0.3799126926493221 
0.12458577137283307 0.04324244930552657 0.33604887818608686 
0.1336744048983223 0.09046562750627099 0.29963588295227844 
0.132506749311973 0.1322680058977346 0.26318896464838526 
0.13040172289093904 0.17187699093355674 0.21307340698580113 
0.13247820782811093 0.21340660338990622 0.1710358897619883 
0.13141427509633552 0.2625259352364218 0.1321896363177782 
0.1269166003911535 0.29827250294035074 0.08520423212214698 
0.13108357454915817 0.34648853046849054 0.04450603630124432 
0.13352262335506426 0.3840651740347861 0.008391282452846925 
0.16911419595046986 0.0012441116579091124 0.3333259169001588 
0.17318374596121452 0.0405141842618654 0.2956171295389918 
0.17044787280350968 0.08309643466752527 0.2503496995828379 
0.17521443829634153 0.13110060358883996 0.21309884756405642 
0.17466289571268623 0.17246217885301873 0.17141998756890675 
0.17969138315734617 0.21932195635099155 0.1311369393952246 
0.17648754404490224 0.259374793195445 0.08581029911444978 
0.1740704477800003 0.30475050077987315 0.04361700640660764 
0.1753120776439308 0.35294918047580276 4.5307134811581876E-4 
0.21183084071088423 0.0018352250308985042 0.29557305009243146 
0.20826535153042774 0.0414616424556871 0.2528610463026719 
0.21316715303334394 0.08200862406464515 0.20784421844782747 
0.21565589171287225 0.1312728057079643 0.1708567658522313 
0.21632840702604078 0.17221407364941932 0.12945428605460613 
0.21737841463032773 0.214639490945061 0.0850300460757281 
0.21689748820662458 0.261860904600929 0.043611308045544056 
0.21189149186920195 0.2972473750739485 3.376171595268756E-4 
0.2614638117456681 7.432540703839874E-6 0.2618966110463291 
0.2610372151689451 0.04471344903094346 0.220320726621714 
0.2589291364926641 0.08887462943503817 0.1699587120874908 
0.2589225530080951 0.1296975878125385 0.1297547496043656 
0.2570282515493317 0.1717511379732801 0.09301524544126688 
0.2574163079454109 0.21629228773240713 0.043820328417348946 
0.25897391843295775 0.25921848697522815 1.1628475409523758E-5 
0.29181104886835135 0.0015813211666027352 0.20960147324739653 
0.2926192332537832 0.038173658574160205 0.17153863599575228 
0.30285358764599707 0.08485301769344196 0.12953750795203123 
0.29180916287456765 0.1285627057828901 0.08305644616275075 
0.29726906768594663 0.17676372570247464 0.04384754938383721 
0.3041509007356124 0.21838451954936353 1.4990156164017474E-4 
0.33998129318032244 9.364077223678028E-6 0.16885985384147723 
0.34876160645966264 0.044031459624901965 0.13009312332676617 
0.33702319296782 0.08334867568963777 0.08305644616275075 
0.3445547821242995 0.12775580589438432 0.04900830654869535 
0.3519014240557167 0.17513126527330863 3.098501250662729E-5 
0.38284878833470637 3.8695161296150747E-4 0.12805183261589964 
0.38399360155011003 0.042908207297210225 0.08702451865942112 
0.3898313282453691 0.08499966979635808 0.043031105827521156 
0.3941865624091969 0.12931212074469856 0.0027301784888010034 
0.41789454228576434 0.002252854368864684 0.08415479703609048 
0.4134951918219702 0.04766089045850471 0.0432475788009564 
0.4359018565804422 0.08716904565009566 0.002304148203713048 
0.4597962242968272 4.893656006815137E-4 0.04297196403131728 
0.4700794839829583 0.046592759618040346 0.001602844431428119 
0.502084649461407 5.343735835421564E-4 1.0749015226632761E-4 
