0.010414435527570437 0.010338912550404094 0.010051031362887071 0.010454417450108682 0.010416993222086515 0.009576523346376068 0.010272492304240283 0.01019196777573868 0.010323087808546962 0.010443188610621365 0.010399949368320373 0.009288739996878419 0.010117711170788893 0.008827954991728124 0.3650749181608846 
0.010746392039838217 0.010916439755315806 0.010324141020905732 0.01099311616194783 0.0107459761023446 0.010327174786949132 0.01015175308590398 0.010853827235981639 0.010561429395994061 0.010749976001816671 0.010855525549109688 0.0107767239088963 0.009485166171686744 0.1796012457231979 0.18920945588335278 
0.011959410756147247 0.012112722331529267 0.012391568838653349 0.014125740798077869 0.012793403326265265 0.012994310408934518 0.01206589196459324 0.012951794833409363 0.012588168559514544 0.012771578640469797 0.012943205840070637 0.012842108710875965 0.010609911533836613 0.33037470242647626 0.012723625064417867 
0.017667132586451605 0.01750271226621651 0.01804463869941121 0.01805755869463494 0.017944589918141747 0.01540556427648873 0.017310588167442863 0.013221170628663292 0.017441816529526002 0.01710390141353604 0.017251458415591933 0.01715363701967136 0.13607649174944328 0.01644266850516758 0.1484297521397272 
0.01673546255017822 0.016217959625443448 0.016794814011073814 0.01689552449200023 0.01684808498544072 0.016000258214885956 0.015760372239240195 0.016508094532637567 0.016332190803912107 0.015865574583366078 0.01673979789602418 0.016372330379390242 0.15514429941919236 0.14365589185136737 0.010470049870624526 
0.009485626808804336 0.009495678205612512 0.009737954752528344 0.009747827143350934 0.00967823103869158 0.010178740957877673 0.009153707944481605 0.00962671035430938 0.00996024250131897 0.009323712360317198 0.009779684498580854 0.009906402948958034 0.36455021520410474 0.007618090936183895 0.01676032470972616 
0.013905433245246597 0.013919256231954598 0.013989529924460902 0.01340971408619814 0.013925560100557845 0.014170988577185671 0.013863049369707649 0.013340773298780808 0.013983199359711242 0.013655058793656182 0.014375504657898544 0.1650115092911135 0.008359876360442973 0.009474613819906694 0.1708969500201562 
0.009046572604824827 0.009192198402326924 0.009149314086019478 0.009407683898712564 0.009077543354222884 0.009516461195205458 0.009247757415552744 0.009452418523954204 0.009369697834606023 0.009305277781408003 0.009871994363212427 0.1962753118364019 0.008003848765373512 0.19056193668537416 0.008829020967208494 
0.009848252131075048 0.009821325336787437 0.009757040970080354 0.009976340977381088 0.009935920643875095 0.009420672350783364 0.009412928625157429 0.009671062951247339 0.006479619114980582 0.009762612664609274 0.009569515085586707 0.19806883500233408 0.18720737272373367 0.010274448956553491 0.005861243645978683 
0.00955140071973043 0.009599830964203566 0.00980312277796351 0.009848967818759565 0.00977054479341297 0.009269126181103756 0.007800090447681747 0.009327311507202762 0.008831626709537079 0.010227182264671501 0.009989230844042758 0.3745118612899187 0.007885829129176172 0.007397913195322777 0.011231321175207235 
0.01364458260029487 0.013669643847842704 0.014000257799763272 0.013843347740130801 0.0138902517520275 0.013701101541087557 0.014000226967821085 0.01438550792657531 0.013858721944838592 0.014651907200528861 0.1659005021327823 0.010958959899967551 0.01185610890544883 0.011105843106512686 0.1656082506815347 
0.01708320284940511 0.017462430600445236 0.012927968679798273 0.015162848068611562 0.01565473038311203 0.01623503868865036 0.017052338808608247 0.01584136709463543 0.01526209607760038 0.015560842510381416 0.1574940034166559 0.012627436417813895 0.01230461551208838 0.153271352735928 0.012370904408981483 
0.015401546680133674 0.015288410385393386 0.015699205014705495 0.015550576377030847 0.015583127711169124 0.015671175163358947 0.01593179763122069 0.015650793682218108 0.015617257009063993 0.016571167712406826 0.15201662608968788 0.014599565101813825 0.15001542629905038 0.016820332085828355 0.014626333968655187 
0.018042290573485525 0.018069990838499864 0.018852528628422793 0.017550546212411165 0.01825912047823945 0.01732675664069852 0.018683062040778197 0.018014946142490475 0.01705757113397888 0.022496486041412904 0.15083144492500122 0.1406421087047627 0.007880011400632794 0.0073567079767203475 0.013944557005732062 
0.017508428318461285 0.017543277521286725 0.017926499570572605 0.017759869577861388 0.017822517537382596 0.017072528948579323 0.017867732167771197 0.017669021724401417 0.017661263060044334 0.01792951569863626 0.26427893206174324 0.016603358992468273 0.016685348153799455 0.016908757626085916 0.013867671349141634 
0.01694271358940836 0.018777237079953893 0.01730496353451602 0.017767480178925134 0.017782170867356582 0.017049823376569437 0.017867814399550333 0.017731290391409988 0.01813825441384953 0.15011770744632652 0.012879420997571753 0.013733441597373552 0.012899237057152345 0.012225724758970019 0.14499209768512225 
0.012382444585990698 0.01259795922454859 0.012434848228413939 0.012698249691925007 0.012954245274930717 0.01302872213174154 0.012807084250063938 0.01191095851446852 0.012535821491515376 0.1673625616400505 0.01858985196606488 0.014673139598589522 0.016010253511103828 0.16781103871617847 0.008501989499766644 
0.018337634196844883 0.01830011723687566 0.018248629269916376 0.018164041906680493 0.01792292614720117 0.017703071635447126 0.018498373055914726 0.017043155780629374 0.020853576010088512 0.1514886296532115 0.01413545522944633 0.009097200702063357 0.14239066183917654 0.013967295054237206 0.008867145717923268 
0.011461222911252157 0.011742970905340891 0.010192470664220112 0.011771260844680293 0.011411932635778636 0.01186980729769371 0.011478001655032774 0.011353989103966042 0.010729811548066154 0.18459843793736913 0.013093255461695846 0.1792508963717834 0.0030822764197767057 0.010120294149008268 0.012896265583646 
0.013965543236068488 0.013940500320913457 0.01417650731097643 0.01410023817040108 0.014149074335025248 0.013434406858258374 0.014029258892527837 0.014676740594076743 0.020525004800516878 0.16586226882993743 0.16718578491147185 0.009891276927430278 0.011596163571575984 0.010255540053248344 0.007208731713560699 
0.013735920144014226 0.013707817095862367 0.013661005908535652 0.013026214354778423 0.013286016158185818 0.013104758916765574 0.012714240707271665 0.013423895707122917 0.013223646547101016 0.32588931571290153 0.011529960195253293 0.012468883686185307 0.011457103745604496 0.015156084850155136 0.009796616177048644 
0.010645215096128714 0.0102343131880783 0.010465988864325771 0.010783040861929872 0.010707744793675207 0.010148048696949562 0.009915234170500407 0.01078714919189415 0.1877034611603226 0.013381123695014716 0.01208536105910576 0.008069394492260153 0.01144822350416946 0.009153910814113951 0.18075350316034386 
0.011727452097867687 0.012230937282583924 0.01234743463992994 0.01209804737369821 0.011845167685917531 0.009722467378355923 0.011736123837777772 0.01256065004891635 0.1852435661791468 0.008703443115659966 0.0040336474350874335 0.00897374162497871 0.00794734162295597 0.18615349523232116 0.01099740385562086 
0.017783619913241986 0.017753498451411765 0.017460426293525816 0.017046524237939707 0.018178617449179327 0.017148024381962477 0.011159083635267693 0.009262116425195671 0.1580097859883015 0.014319498323430739 0.014944190526411112 0.017061279700202835 0.14788095964737047 0.014277099698305384 0.014013326443681123 
0.020492143309628553 0.019639762182702098 0.019156496218478692 0.01999683991027399 0.019542955260093368 0.019140678726540454 0.01979292586703262 0.020137587754562074 0.14224236926384162 0.017431853600021797 0.018634381260205838 0.12982111854344558 0.012304842440597829 0.014034753826337001 0.013934850248684506 
0.010398832594496515 0.010412207331548032 0.010364225805957738 0.012248939943024012 0.010936723195032411 0.010376193414759356 0.010951145750972436 0.010825892166260754 0.19293240457804153 0.015004612679143114 0.1852912530680633 0.002424532844406765 0.008037874608755899 0.00950008660637471 0.006602954192207286 
0.021062735016243384 0.021017044919597033 0.01959222168539426 0.01906128746905137 0.01873075525726773 0.01884699422109253 0.019155495526732087 0.019788812548600893 0.1365596710823208 0.14401520970656648 0.013319053679119229 0.012286957271949351 0.012312012160387749 0.01665666915237918 0.013800423212813391 
0.014546340642641502 0.01394034525366217 0.015268515383466604 0.01506944374229511 0.01528387912634127 0.014407897942058162 0.014871714289372203 0.015466038923781435 0.3112541074741875 0.013077786459096723 0.01924352492092406 0.004165781225290291 0.01240114596882631 0.013250420389886662 0.014050351731159946 
0.01577927459205917 0.015651776491805165 0.015603681995470799 0.01252777921318176 0.014139804263546352 0.012714329686001896 0.014378280443747726 0.1735231166961601 0.009613960512574673 0.01054056085184988 0.00466124281477582 0.011930981976686551 0.008196546949453614 0.010987266860734028 0.17603466990444666 
0.012592251106965472 0.012868553625590686 0.01260601677380877 0.013344847104925263 0.01220391176829888 0.012104276044081232 0.012359334134878129 0.16625673120090634 0.006961201509885533 0.015433220735550575 0.012943049137083846 0.0115948233300663 0.011294699293511406 0.18171238872915163 0.012025393045003286 
0.014988541156161909 0.014842537375778292 0.014783155118898895 0.01434818454755827 0.014741949147757817 0.014328701664465012 0.014035992420601676 0.17162589526579491 0.0037957120739822237 0.007967136744459648 0.016509910715791245 0.01437711889585803 0.1700089476857557 0.008694106776582791 0.011247080815583343 
0.018446628793288934 0.02164415973665422 0.019370586976362764 0.0208935313504234 0.020318457870938802 0.020518971138389092 0.01920001911005129 0.13185633960300666 0.01745778654850437 0.01854127960343313 0.017806785200762055 0.13713256732265874 0.012370594514020769 0.016260770644937448 0.014489049102682254 
0.010842637833232117 0.01312681980179654 0.012022751154924394 0.012646966899809872 0.012270183940280194 0.009873998916040872 0.01202390300418833 0.17923896593428168 0.01679663230491798 0.010382458893280048 0.17949186210843987 0.012367573119484589 0.00811758005769581 0.009788801716711521 0.007197908147809935 
0.016253577190728376 0.01662169270607054 0.015686587707725085 0.016984843140667248 0.016694305847568834 0.01568947057041264 0.015838442410773274 0.1554898235366378 0.01664592392874209 0.14789683685262758 0.014763698895196669 0.012221789935495744 0.01589754905162215 0.016861927859916206 0.012673646165087182 
0.007168982397430794 0.009185234211439552 0.008145467110063805 0.008614686048867956 0.008123813685581916 0.00906180602951106 0.008359196188547843 0.2047978425019129 0.194825468305116 0.013172534626430346 0.0074095743565561365 0.004407758788940933 0.005179040553201108 0.00983897185388577 0.008076216016148281 
0.011706175580315432 0.011762452904844145 0.011638704184649422 0.011745469259077924 0.011819105580213747 0.009512091937895968 0.007914104718626254 0.3645066568768721 0.008656236790181243 0.012457945325639652 0.012269036854095096 0.007065829212894947 0.00781912317628472 0.010180466868803494 0.007137310195908679 
0.012698485618017974 0.01149265741269164 0.011917658704399767 0.012097014338229926 0.012052159657226835 0.012437109863014146 0.1800677317305508 0.013281751447499464 0.013459401915649004 0.009672967607001072 0.012033291037129917 0.01239948521055715 0.012007433611681034 0.011410581408736555 0.1680507464319725 
0.01817663413337921 0.016433766375386263 0.0157670482281468 0.016878268998241703 0.016813345558023555 0.017380350602698234 0.15416280608246355 0.013335408207197297 0.013625676617547306 0.015875618562182694 0.01469058199681107 0.015290373003764889 0.012313869528866235 0.15332822684117078 0.012234988758294098 
0.015959556778246217 0.01601399460364706 0.01584622120284974 0.016642902056669545 0.016604117265324493 0.017097453637715435 0.1614486414752677 0.01065457570097664 0.015445963890858946 0.01745942943769908 0.014923796614480138 0.017330040485332474 0.13825682654989294 0.015409351868138492 0.015976833180552184 
0.019227597750745538 0.01743102595704502 0.017502787419055855 0.01903151189768635 0.01740321762868649 0.017544725053687267 0.1498415352741404 0.017854362610241696 0.022157199298141722 0.024810300455478773 0.013514765237835165 0.12614959362656888 0.013799637065682756 0.014174230256779226 0.015883553296422378 
0.01868210186862363 0.018711204517205877 0.018604993993037028 0.018772128008719746 0.017938410940546382 0.01769313586293854 0.1586128259146644 0.014137246810040204 0.009856277058437174 0.012084755833317327 0.15953067122558237 0.005650256044723689 0.012712874227789947 0.009366689102567105 0.013875132919855036 
0.01600819282418323 0.017382794617001113 0.016171209348478117 0.022444909078626025 0.01710009964849506 0.01827660805811765 0.15053378013802612 0.013810142168137397 0.009482993662747794 0.16185523843052171 0.007014906395275978 0.012406881331500452 0.006165069424026098 0.009603774051745903 0.02798637405535728 
0.018815992956743823 0.01875828448633308 0.018790889239864435 0.019395786984331698 0.01952749746567072 0.01817039667913644 0.15339739646487108 0.018455214371193907 0.1467819821006377 0.013427873797048106 0.013596050052046208 0.004111859574218153 0.014873571229804459 0.014318315292317984 0.013782352140401837 
0.017800096780733198 0.01685740791098372 0.017246729547310165 0.018233817356514716 0.01806141050134623 0.016873768215281842 0.15468353948343747 0.1554823740133918 0.014547707707139607 0.012545089514322438 0.013396660012874288 0.012668933129470625 0.013987035779643834 0.010099365748181911 0.013777532220410763 
0.017634302082483608 0.016070885246518722 0.016602150056846284 0.016090368308862155 0.01672476667905406 0.017508000395105954 0.28407820262867356 0.020078017131337892 0.014698438311342887 0.012137217169877446 0.017907789725555536 0.013459352962664201 0.013905082409449395 0.01435060796702929 0.015009676945836936 
0.011620203862881342 0.012184861317667862 0.011760298135392434 0.011917866775774479 0.010962355871747468 0.18840056324563895 0.011764685217953597 0.011588853964820128 0.0023203604322801163 0.009351785571988847 0.008445347765837741 0.012518631434559814 0.011286581090498867 0.01546083395639918 0.1754478235487873 
0.01128640458899815 0.011324954910779868 0.011660259547800271 0.011413332172472562 0.01150679383969168 0.18428153687892326 0.011508551721322091 0.013920802075971737 0.014691521145692417 0.009564740565867244 0.013879442028479653 0.0132017385361625 0.006445655836712917 0.1695276044742742 0.012090544638351712 
0.022809588446966112 0.022871915315599168 0.022729992929079436 0.0231773427917385 0.02306003994340511 0.12733550371498104 0.018678852693982794 0.017992506626748526 0.01646046011587645 0.017626010318109227 0.015676717640704548 0.017054270010894417 0.12529985975963104 0.017314496031632955 0.018210316383977243 
0.02316905783911283 0.023772142205707954 0.023256137202701303 0.021630597856860542 0.022996526903940367 0.13130152027572356 0.015084410308544155 0.01648616022852518 0.014914318755880682 0.021035248233440083 0.013049609520283598 0.13846401796677943 0.012261719783027626 0.015890836040273342 0.013007247462921444 
0.010263991969295618 0.009548098421853451 0.009846981118482269 0.010040593143327278 0.010025999198803525 0.18689281239889094 0.014088729011708939 0.010261912385355173 0.012952089725628587 0.01583226894807395 0.17913493039905226 0.009908717143626166 0.008068477687691167 0.00888345334747598 0.010577317850710961 
0.02267041498835458 0.023506124876771985 0.020335181469447686 0.02252492779169785 0.022297150240833057 0.12714062648931493 0.01898318894380887 0.018239900582146636 0.01720562899588868 0.1299298789257994 0.02050400160042318 0.011936434097746768 0.01659278283540021 0.016361999684310246 0.016779934469217248 
0.021100876733322588 0.021171636109878884 0.021187548720064654 0.02152000203308759 0.021232154177943326 0.1375660199342127 0.018254087409738405 0.024351315863573912 0.11280872837726225 0.020369091412015983 0.017429164555345218 0.02115100997996772 0.017189032631944334 0.015960107991301417 0.015054470182523703 
0.012269019434632924 0.01212506556197642 0.012124276206894938 0.011294249098382593 0.012040295779630292 0.18233697813878785 0.011349562634039589 0.16793156971777476 0.011015194679430289 0.00942808749209102 0.015082664918376313 0.012775328498237067 0.009400365327162794 0.01016412394209922 0.01696968639057812 
0.02412086176628654 0.021777818008744336 0.022739652536091188 0.02328107864944998 0.02296521811056747 0.1353472504199959 0.12900956617867085 0.013261143125970714 0.013759930205106238 0.012845017145315482 0.017409995395211042 0.020599328733708063 0.017424252168727533 0.016645662428144376 0.01504825781709395 
0.013249203490295333 0.013092592516455826 0.014081435156097168 0.014125715775158133 0.01222598819408616 0.3108634710352536 0.015565224911745558 0.012361502504483706 0.012744892530368014 0.011468512790510588 0.014513997672788768 0.015228066165397609 0.01670681090515745 0.017305363737825243 0.012816162426216695 
0.015348936044397236 0.015378118450662434 0.014652350941077502 0.015205393834727144 0.16382150222997777 0.015117373362809456 0.011606198382615625 0.014896749309713958 0.01806107353889474 0.018073154134080893 0.01739608651525799 0.012246190064670396 0.011417225643308705 0.011613014905043531 0.1501953822005965 
0.015918507698211192 0.015972841758221928 0.015444939176152347 0.01708377202575625 0.15933657710065888 0.019396598403449677 0.013873454335577356 0.013332427556136034 0.012987181815076087 0.014472468427591097 0.01422700160374053 0.016984664950031855 0.012504237552190862 0.15629763404733657 0.008459297329831377 
0.014081810661761934 0.014925868123718804 0.01442677681942607 0.015657717037928943 0.14613273096953705 0.017731927155864895 0.020243000943378216 0.01397394744311898 0.012770181582905821 0.016276387039003505 0.018235582469430005 0.016556819342882327 0.1562581034389279 0.01684588316822155 0.010922283482259536 
0.014535005750041165 0.014547432802724676 0.013880719336548268 0.014375786502800664 0.1733071627205894 0.01988767555039814 0.011972085149499701 0.012926618651456397 0.010541662300511763 0.012221808451388544 0.01723560264280453 0.15582683319871754 0.01496947758237487 0.011553902727452459 0.008510452143720532 
0.026655696380181036 0.02788842459263259 0.027332294991533185 0.027413103513284204 0.12283155640538541 0.015607241985350004 0.012513118873291406 0.01996911152558682 0.01893765679332304 0.016965304208193758 0.1222899846977904 0.016628555871651914 0.01711506569390562 0.01712442225055079 0.017021466364279817 
0.018657226754533 0.018744583967236716 0.0181138424494435 0.020040148702457957 0.1513985166163282 0.009189473880005617 0.01864692882313662 0.01802324586938061 0.010939719927543542 0.1521099104233615 0.01584405564646157 0.012354979802083976 0.01730298261505012 0.016444249689058877 0.008489003488981735 
0.02074538147158018 0.02139819072577639 0.02041405574322323 0.014913960112109272 0.14228042686025075 0.018986615691111368 0.021044010780765173 0.024142226978274565 0.11808006587851817 0.020519147531855034 0.017545128772709893 0.0163951966353254 0.016648319811301788 0.016399275623046678 0.016771054426130173 
0.01589288699863762 0.01593079142587376 0.015411549817777327 0.016478544414066796 0.17332950682676518 0.006606486753677146 0.017988988033158643 0.1617804225005881 0.00859208806041834 0.01219221771029291 0.008379889271078588 0.013668080068237335 0.012417081217288902 0.016334510970578794 0.011306711712180794 
0.01758858628919207 0.02140218838212303 0.02208992358480924 0.022913991173649194 0.14943974523403575 0.02303980125115592 0.13463763960893993 0.010691838594470005 0.01590271253029155 0.009144605515261276 0.01731863988979408 0.01781014570795443 0.014611595228460873 0.016304063409741013 0.012125331936719353 
0.019408871718414128 0.020036028542171205 0.01948336478709091 0.019707814731885195 0.1495215312163461 0.15881067432894613 0.012707533741666104 0.02012053910494467 0.008933523769976845 0.011921062891132685 0.015677613884873747 0.003964271519534923 0.014663044547329973 0.017308126916163208 0.012784050423969694 
0.010664030611023336 0.01068640961430167 0.010643499841697011 0.011555837624322714 0.3411506408615072 0.012281898712422138 0.01293917692197618 0.0135356321305412 0.012825931575841385 0.009052782933389639 0.01002883352088557 0.016806281628323833 0.012604182517151011 0.009359553620945493 0.012189263781198084 
0.008210870227671556 0.008062899082276977 0.007146476817380002 0.18739966128078142 0.016258778695332005 0.01246601346596802 0.011500691163080879 0.008877709686693037 0.0167983720799347 0.013269627047016654 0.012139256786013793 0.010154938704815876 0.008221457796268926 0.010840922869982316 0.17499113383786813 
0.011697124335923617 0.010543489869226425 0.010971074252350096 0.1715395712985252 0.01580666016862506 0.014357201564219345 0.011247021097831652 0.019282760392295296 0.014567126125670663 0.014046947766303152 0.016380304090343523 0.017338085396443402 0.014261151424563683 0.152427682536413 0.011784246977273776 
0.023824820793657428 0.023780810941101356 0.02371325338586785 0.14841621499530563 0.016150359947979573 0.016240962990435766 0.01494392267266385 0.011186980486295553 0.015652475938511306 0.017966809751730695 0.011094078221161667 0.015307489997334374 0.1406326388748068 0.014678394973846943 0.013343036116511654 
0.015989135818790162 0.013210752208759875 0.01495183080602607 0.1726569404148739 0.01622841844797691 0.015883261582649702 0.013696967034351866 0.0116819918982361 0.015436765465665643 0.013655095173547785 0.01627003258270149 0.15405081326032447 0.013958271873071963 0.0073494961057607375 0.011296955051883505 
0.014892164052970957 0.014746521687709315 0.014629903968882911 0.17630472280870116 0.00891439929069864 0.011134046350397307 0.012207059619349021 0.011332986783599 0.012402575860530141 0.011158562645522938 0.17845047243045412 0.013039366551406553 0.003138777208094325 0.010319712679531955 0.012433713474059598 
0.019510887025421 0.019501782155555345 0.019260412269807736 0.14606745074493377 0.016552673051963757 0.021829984896577878 0.016926184878387113 0.011958323506319956 0.017338037476527457 0.1487159027476772 0.015591654290547097 0.012480168489045838 0.011386093608667816 0.016307568079345965 0.01285216259928755 
0.018020750545438505 0.017964718038735183 0.019844714546320544 0.1596982550723274 0.02051297566787922 0.016108598258002187 0.012708978245448102 0.017886326273119896 0.14548198776792137 0.014802952011485185 0.015877658388111292 0.009833653989887859 0.011232004888086285 0.010748841008558498 0.01558341360815042 
0.020280396856825894 0.019052471807941312 0.020776897909934405 0.15877216896892335 0.017791954035813996 0.011506792173022242 0.010887483467248335 0.15799425638243972 0.010205182441268296 0.00998299927779595 0.014460857157892868 0.013265762354152836 0.012405682069822893 0.01645032561360325 0.01246022917248081 
0.022768576024242048 0.022623115984469675 0.022683329757505394 0.12745157899235723 0.017416308909366275 0.0208444162827417 0.14651613034699687 0.01346135593543213 0.015782875605904727 0.01675808029238169 0.01773255699611909 0.017861232365080047 0.01462469772483171 0.016871723152990938 0.012854593092842592 
0.011005349938531526 0.011941585328608095 0.011531360619344762 0.1778201885279619 0.018722144944747464 0.1689492991969723 0.01414633140437469 0.006874092911383373 0.00537691760905843 0.011443824238290302 0.011486451068731389 0.015403649586446744 0.014631399703052264 0.01493700480989662 0.012067778927702331 
0.010031630292720611 0.010091510189164848 0.009745078354266527 0.18811318985068134 0.18014052001957573 0.011091856582642076 0.01433663984889716 0.007773772232824211 0.010435381555001073 0.009940346063312061 0.01655179417402662 0.009893688466182073 0.006348643381443005 0.00821473724310494 0.013387138203019337 
0.012618612400950807 0.01370550013767498 0.017547211834855032 0.30391287737405454 0.01650272604430201 0.017584539819792112 0.013378712781756844 0.013965826785168178 0.013358243386399725 0.01575716293208714 0.012292828831367491 0.012962133494093244 0.016691292078072305 0.011291121443127848 0.014773561732047578 
0.019394311399959355 0.01968284823055421 0.1570771363404552 0.01855755616061676 0.013280166027365915 0.0152745761263882 0.013055020389433198 0.016027427923839647 0.009562849069998743 0.015049343638689053 0.014998044334753038 0.017524537441291968 0.015352458051118905 0.014338608904167315 0.1471203252020161 
0.01425895126595763 0.014473443284802262 0.16460171906976545 0.015418906062106184 0.012773197667742762 0.01481784825443464 0.013152277148872259 0.010333320698696741 0.013259760154009901 0.01358492992507722 0.013064659252851564 0.0125205824908411 0.015924675722664206 0.1670138204102389 0.011122456559436823 
0.015249867112679042 0.01548100157126512 0.16452387041223282 0.016309713948932523 0.013041944341811948 0.01501915173217606 0.016676530464407698 0.015815615623441935 0.013879528747425212 0.015195182095506415 0.01514320613848351 0.01776985881003029 0.15318485856335978 0.008706472149055679 0.010290405254064284 
0.014818933258182591 0.012938146773936681 0.16722605505403346 0.014036982994602704 0.01989469088437164 0.011121826441739688 0.013383798482576382 0.0180576803378848 0.013726286481138905 0.015153619060415341 0.015152568946802033 0.15726809990663568 0.014959966202022298 0.008949468646225674 0.00960966332536014 
0.004805007337282978 0.004879424722753264 0.19194565684171602 0.012341569246994435 0.00864204375526218 0.01159234458690073 0.013838035176334043 0.010531962217075105 0.013019237821240957 0.010193618531635354 0.18298969574405266 0.011539957305741701 0.01177605533964737 0.008850032033521008 0.009291539042076927 
0.014333057754413231 0.01721943295942374 0.1595126083255871 0.017811323680207367 0.0105092795977081 0.015603994094410444 0.013823103950318648 0.01743231851044646 0.02165460929810118 0.14709157929595576 0.017229398291243495 0.012432128789682806 0.015231613486767855 0.015832770569052926 0.010663296714996872 
0.01483056962926971 0.014411465611187129 0.17881479909286813 0.013657051304762548 0.002526657828350842 0.01365287149612622 0.014166946029806457 0.0078613697071702 0.18044691608975405 0.014448274600522028 0.007351673055396909 0.0070816596306697305 0.0175068151114751 0.01407071445768436 0.005445495833908797 
0.016812332469395834 0.01633602765908628 0.1564507042381279 0.020910477789353055 0.01803418537441952 0.015680174467007448 0.020382824411756637 0.14332244621160156 0.014321554689693225 0.012356744990938313 0.011843434115353274 0.014643935685213794 0.014637194346356339 0.015593813616357024 0.0149547255368426 
0.013422904972391477 0.014145566827558182 0.16857673923595654 0.012206858415545446 0.011466833654312053 0.009510189739747911 0.17690393503300783 0.012513935056484706 0.0067123710124869064 0.005570742944691158 0.015554724289646226 0.015346194584568498 0.01351086635841075 0.013759976750414385 0.017142427860602834 
0.02100056933742488 0.020321146957159513 0.16329436472554926 0.013065826587513728 0.016974066928508634 0.14406617400155883 0.016930627378232876 0.01217089703543319 0.020238175459185853 0.011629407342020491 0.006606232458505189 0.01466249230113105 0.014636593346372689 0.01573558469671585 0.014952268037538767 
0.014519948928583961 0.014440807066894549 0.16576089116307313 0.018798741159247307 0.15487628064210684 0.010266987125034998 0.01331852467899757 0.010897737306719993 0.01318850784076964 0.009363993757572645 0.01781579666629304 0.012474279204511426 0.01730260226979984 0.015662539260797744 0.01761721378592855 
0.011017241548281391 0.010715259748398367 0.19354127034246296 0.17989591685608583 0.004790922017517663 0.0090279095986035 0.009343442415071368 0.006850064502292454 0.007604378016611996 0.008151886963783059 0.013028770225837122 0.013302324552121762 0.01052044963440016 0.016789854147574085 0.010578598021181697 
0.008186127779016027 0.008130023166255017 0.3212938778920715 0.009630869638546216 0.0135217255291714 0.016569878983389918 0.010027342518584628 0.014215690208426153 0.014273836487610976 0.018433685840068496 0.015489951382860604 0.01182635245651957 0.01137648957425096 0.016330809081547878 0.017080378955729725 
0.018904569749769666 0.15158020155841115 0.011114647841242093 0.020086059699760732 0.01846392469558733 0.014832502395428316 0.01278333325031346 0.016708658739046398 0.01704950153217983 0.019653922411427303 0.013085750957209392 0.017673936598333197 0.013416904601473444 0.008722199067159488 0.14987855624652227 
0.01191178387214221 0.17355178523217524 0.012283018247750353 0.012005233064486137 0.010812260284166824 0.010604068952563682 0.01164559784776355 0.01818379300519961 0.014740167973171533 0.01364381355170505 0.0040155600129214665 0.011768220565935386 0.011435481561300661 0.17698973923013678 0.012685096077061163 
0.01602907492292508 0.16325410973526452 0.016347333495081356 0.0166061716806117 0.01693511893593608 0.01588979744029918 0.00904378131154193 0.010115303336307788 0.01644822948777338 0.014925218431062136 0.014784699135044158 0.02059657279126185 0.1517806190002932 0.011987581466913701 0.010261426353981097 
0.015465062148590088 0.16912820252744976 0.012191166729950033 0.01197552882612744 0.014661960880966477 0.015492832071544806 0.008773349067974192 0.016738636130577727 0.014861013091578298 0.016187284562524863 0.014229196194281347 0.1627722957275724 0.012289177072745901 0.012328909028324828 0.009203881836453483 
0.01299166931972459 0.1731135017607103 0.014563494364657986 0.011300612333026818 0.013454448827054677 0.010759439572413671 0.01190905044585891 0.008294247249105848 0.014431028910278237 0.011436756739242613 0.1753905423825739 0.011325508829505837 0.017629608637730068 0.012289589948049857 0.0073464749370406816 
0.012657890699221977 0.1824150979866186 0.014354039662236136 0.013479088445587145 0.012616237266355237 0.01035071663881009 0.009405222287898892 0.010820886345919984 0.01578035186304171 0.1730647480450649 0.004056413303102319 0.005141917636805742 0.016091356783235013 0.009061931739077867 0.017046786410549446 
0.016771428942980487 0.1835486917833024 0.016732166197814872 0.013302970045764839 0.01022587797929723 0.009887045445713253 0.015684046116772904 0.00867059387887622 0.185983046727995 0.0042331642777236845 0.00745929114689898 0.0031730156832122307 0.00510864932173627 0.016440382359205502 0.009085871316236607 
0.0055454038398201535 0.18534746651611328 0.02375752948526357 0.013797184678166633 0.007954396962213735 0.011479490638196208 0.013034007113844052 0.1729265045801981 0.010751893594196257 0.010024603840089859 0.004908275413695485 0.012150976418678518 0.006553393005191333 0.015488010884766963 0.012470262264123268 
0.021745040413507714 0.1621086585576941 0.01672234161558558 0.022115970346436184 0.01485653467371644 0.019460576542957696 0.141637940897245 0.013953256981612327 0.0175216826111275 0.014748012773709487 0.012266515379881458 0.01353411408121421 0.01236620632356147 0.009468860918527248 0.013799041141847265 
0.017093631868034215 0.17128143249156794 0.014662264327379113 0.01719716522749142 0.012128774274681474 0.14981764380507154 0.02074887373982709 0.012786317359552055 0.01896957671348629 0.01887171198151948 0.0065800003829684615 0.01098511653011335 0.010434270705434406 0.00889864916606214 0.014580724116308088 
0.01995059375635591 0.1688332486117665 0.01423909122266004 0.012953136079444927 0.15855191079060682 0.006795524284535723 0.01223828159713115 0.01180234564602946 0.01326269560766015 0.012954622172416315 0.019035784920908225 0.01734934386767462 0.012500413402334952 0.013857553378519379 0.012022479576266343 
0.027272608766559694 0.15667069136431638 0.015322395760838192 0.16171601712897407 0.012507013038778094 0.010507454347266555 0.014323059766261012 0.014162685569765535 0.010873462210218341 0.013645082749247481 0.0122748121537018 0.013188960138913387 0.01669429246829569 0.016542115723787807 0.010592416430133991 
0.01820281241457989 0.16744853732072856 0.14190600030155126 0.016443349895277293 0.013383918722497898 0.016096765284871282 0.01747337662612207 0.01085534103211439 0.01838474631414236 0.013743824545171219 0.018363140574446164 0.011859112752934928 0.017730282401893838 0.012492887446174314 0.011948913655101333 
0.020841430745990902 0.2887204937717857 0.016178735311430544 0.012659528385733868 0.01907435340735593 0.016100311692890196 0.013936217575091666 0.014122977185722594 0.013406021601791957 0.017952366182023696 0.015562875845593174 0.011883229125048828 0.01594407331309829 0.012854800517832237 0.017043446116218233 
0.13911963806532923 0.021450558547697184 0.01582766571148528 0.026893235180490232 0.019398111373230453 0.014729440321923188 0.020243893410477005 0.01735259271620658 0.018208128672007398 0.02094036378630125 0.014466386279103675 0.02096867662486404 0.018129823016265107 0.020271254365024704 0.11831451636575434 
0.16184872816049978 0.019962685312753702 0.014106727260002987 0.008474092901457762 0.021331569155416362 0.0037605864367443956 0.012776420575280516 0.012605374130248504 0.013455686829901866 0.01511509422575306 0.01500610309340919 0.012899287887351205 0.018800523616467286 0.1651936328887798 0.010980982722950405 
0.1409196128992516 0.013142519059328346 0.01658883850233219 0.025769504030607304 0.01568870306442501 0.016884894858325523 0.017632286088515133 0.019323537438557265 0.022954719674136904 0.01724017328070008 0.015380091465112626 0.018077412627263166 0.14259415204020745 0.013063889760267696 0.0110389939987652 
0.15983903269990227 0.01607901051429383 0.01363341935992719 0.013475450183401948 0.020970961886357664 0.016292298350419447 0.014924964729047382 0.013309576509427502 0.01422137690490702 0.017209440180354325 0.015875836705261697 0.14768031591027306 0.018242075634417584 0.01128761695110319 0.012919159454809308 
0.13599555557161486 0.020680187443548204 0.0190981985051282 0.02166472930474954 0.02698157532927577 0.01635786368413869 0.01857283920544374 0.014664334783540161 0.02371308209407107 0.02075482012870283 0.1223494324478354 0.01661241492663703 0.016453007649049542 0.0174070747526753 0.014634442568663478 
0.14680992156805003 0.02246054462247888 0.015035447816008407 0.022709184146233293 0.018021524635041888 0.0176676124219988 0.014387740457244655 0.01804345210631192 0.017683611382772864 0.12859088523783216 0.016703133362705194 0.022134734072466473 0.016553043174328687 0.015750380146886168 0.013778528118325499 
0.17276981582997564 0.010177785645811236 0.014193591987349416 0.013076530170802729 0.011721324423458421 0.017388493547289285 0.014158427605285134 0.013188968000306013 0.16373795708460712 0.01562515988002651 0.007569982087954238 0.022024135790905366 0.0033195267267083013 0.016716990425532187 0.010643761911673266 
0.16350716011814795 0.009105836752174657 0.022665070678846416 0.012140358961683135 0.011572867308043158 0.012141783812744248 0.014184430660305353 0.15992064944015139 0.015782419834367557 0.022649999308968462 0.007357665521681538 0.01752774046552744 0.01153334968981453 0.014890396771072154 0.01132362938586391 
0.1685115031148495 0.01320482929255296 0.015753611159434293 0.01849304039884035 0.020603363442708526 0.016845138808493473 0.15302912346986655 0.009053976063533765 0.007569084124018409 0.005709380773505038 0.015474736708973211 0.015718892338340465 0.016734137561490777 0.016400286033898478 0.012833219991913634 
0.15715779119784432 0.024747187886508048 0.011809217632857891 0.011792457527390738 0.014321390801042654 0.15303408260918286 0.015488250156913961 0.018697521665763425 0.017194464104418435 0.012348169993373471 0.018399013030372925 0.015713002114565375 0.010816210290725716 0.012553380199530855 0.012205672900642174 
0.17194343267136986 0.009900454043838124 0.013779816187140274 0.018851567001574858 0.17304952636659154 0.010145918486683506 0.010603471005506465 0.017356716252942127 0.010259072637733018 0.009548188670582 0.01305274690697242 0.01677977186762768 0.010113054514244296 0.004924737102101298 0.016021995574976147 
0.166951183429455 0.02839664436214254 0.012969059960489106 0.17121896426857716 0.014813615943931263 0.012361842451585479 0.006935635377789326 0.015820869339056513 0.013982847991893584 0.014009323540377759 0.012117026548854822 0.01297291196217616 0.007388783654139253 0.008350583049203655 0.007651584707180158 
0.17321973820724973 0.006139088705374585 0.16608312965175007 0.01845240061838248 0.011880167110445811 0.01547613785176827 0.008604357595271986 0.020765645839322517 0.006748904092166885 0.01564434766081683 0.01183020480476251 0.013823783027885025 0.019729780696701248 0.006741622779985489 0.010610752785828365 
0.18481859897880548 0.1874049948434885 0.007123348286830584 0.003460154065537791 0.021762297005846105 0.013537592767664081 0.017818342789548705 7.998779527471827E-4 0.006536538897002884 0.006758525568704945 0.007264330574686153 0.011877726980786277 0.02030527131070675 0.003375077850828507 0.01345437700097638 
0.32808540775487877 0.011627690019577077 0.0061954794192809574 0.018477325994776916 0.011586878574009992 0.015484303013925352 0.016287176831473012 0.017337160300468734 0.0063777661746393256 0.01574296565255823 0.011942047102442567 0.013954472536814476 0.015307741489545218 0.006741743271223992 0.010610942429002767 
0.01727532109015853 0.017293669035696603 0.01765652171452966 0.017501514189413064 0.017555288966198415 0.01760600767404673 0.017449661528435623 0.01743522114551198 0.01768351760073536 0.017633143450168972 0.01776885051904172 0.017480879578478232 0.017542504194379836 0.016901956567501354 0.2602627409240914 
0.01757151145500393 0.01760727041331135 0.01745391508728012 0.01768884946398823 0.01814071286381489 0.018015106598484994 0.019081873268032977 0.017783398244862834 0.016634705957808606 0.017916002995850194 0.01765187357544069 0.01726435515124113 0.01460268252562955 0.261894715763491 0.01702422535300604 
0.016941357592927284 0.016957392475528677 0.01681941708666853 0.017211398674789644 0.017104186444528113 0.015818807273717084 0.01689045996066269 0.016842041270711035 0.015853699788996617 0.016826690494468523 0.016974174347343843 0.01676631872677759 0.2710767356126794 0.017254306907382777 0.016971784023081502 
0.017289093434992096 0.01657132177929861 0.016803484424429495 0.016934966520903694 0.01687216783475978 0.017197379037956127 0.016301180462499742 0.01819592521588721 0.01723872583940372 0.017100209116894027 0.017300124851483245 0.2665508146021964 0.01665344314427617 0.018194073342220257 0.017103378216653455 
0.017395704273734696 0.017430248890418432 0.017811042843284938 0.01764548604132971 0.017707886346314275 0.01696188758002897 0.017752564479746626 0.017555134838111188 0.017547426182755125 0.01781394978064378 0.2625755041553157 0.016541206960767538 0.01657943738822495 0.016801428761948026 0.01698314384831821 
0.017185629069300164 0.017269365374019158 0.017317893082059766 0.016621871603637678 0.01767893369564126 0.016654162219495495 0.01647638660072756 0.017057472502760435 0.01703559958138711 0.26861516000912494 0.015183057931776513 0.017056270722886752 0.016550769424547765 0.017282048953673135 0.016990747258398567 
0.01757608956676072 0.01680342761472479 0.017330051583124843 0.017236263010573467 0.0177096726139145 0.016724849700862857 0.015582612817360807 0.01649650891272203 0.26356220679857867 0.019674102345408083 0.01806962924302392 0.017851317622863915 0.01704990913158043 0.017560853312442566 0.017098440373724762 
0.01768268620774538 0.01773310896337392 0.016745365851403345 0.018326026035114327 0.017108941242621085 0.017968446081068904 0.017698367672451597 0.26132753855686425 0.018259143406857595 0.017042452008800724 0.017550711861649623 0.016789053391486678 0.016502993193012058 0.019592639672369634 0.01618418294227465 
0.017261410898728943 0.016526259585019437 0.016766402496221435 0.016936406535473323 0.016874927691520075 0.016205454911671958 0.2663897117100519 0.01872420394221792 0.016459186193007222 0.01712108545937868 0.01744654463514977 0.017938154932427425 0.01736528633190912 0.017143930906952477 0.01710485967587606 
0.017440238188007037 0.017475237014443853 0.01732347704759398 0.01684638198589886 0.01739725066764213 0.263426028237144 0.016732948647118225 0.019191894171876007 0.016548588961103717 0.01634371088346165 0.0194858232558124 0.016496224775096206 0.016732107297569437 0.017921473629150125 0.016971397264368325 
0.017629252241045036 0.01745864717326593 0.017320060535641585 0.01757020104992324 0.265965581629947 0.01769929898567877 0.016894786440607094 0.018101849920740275 0.015465107709701161 0.017298599616961313 0.017107583313757863 0.017521744917139617 0.01663448795009163 0.01687288701377111 0.016753559671769884 
0.015473251433232697 0.01557784992944863 0.015447495669905768 0.2705572501334712 0.01462377002623542 0.01818046006074195 0.0148418513790805 0.01724232733390331 0.015620479348963393 0.01775762801827143 0.017860031013960168 0.01991111956954802 0.019735862313260764 0.016445478149486426 0.017062869322245103 
0.01732362312860991 0.01739997841211466 0.2646241634806052 0.0183248461414972 0.016167519749610646 0.017376150452687616 0.016477686967216916 0.013554935781090054 0.019276440361962865 0.019672548403904686 0.019214435315349256 0.016526499806665006 0.017358530916811478 0.016045750941815956 0.01701077200808492 
0.01929999467223496 0.2673666726375016 0.021587052613784925 0.017556208792193724 0.018440478096959024 0.01633336787429567 0.013792440275649138 0.015530751709807871 0.013190883640935755 0.017442944652207977 0.0177018503438846 0.016932198111860003 0.01750565550162408 0.016598117836829816 0.017042184694515752 
0.26267051524606366 0.014626126220514936 0.018423474749351857 0.01836881804094465 0.017639424888813593 0.018392200741073852 0.01957336332292609 0.017460204657226423 0.01693010985698753 0.014883158839538968 0.01756298260094335 0.016183497553437728 0.01641713877153406 0.019862306684324697 0.01689571187970433 
