5.525713714016764E-5 3.0684375861119626E-5 4.4468824731302676E-5 4.573763957734356E-5 4.450897828461389E-5 4.439060026229429E-5 4.6136175987938686E-5 4.3184667478536735E-5 4.4787483996130036E-5 3.8440122041776564E-5 4.526975924192482E-5 4.464367517887638E-5 2.4001013861868938E-5 4.371420529889891E-5 0.5007216928580486 
0.01034773270591318 0.011733377039707671 0.011400261116255013 0.011727036796808893 0.011607195874119375 0.010918991572837315 0.01122993082463855 0.012154883708138248 0.02019141050509328 0.011500807434636719 0.011858966634350645 0.012642925529574486 0.011865789283912008 0.1693039235106583 0.17314348189988746 
0.009845820328209173 0.009561245141137053 0.00994451794724646 0.00979687469311545 0.009766089241007074 0.009872807550595998 0.01016464049608212 0.009224507347991743 0.010748519328698306 0.009509225163951088 0.011437985431675804 0.010069408995282669 0.009792919830560368 0.36212958971417497 0.009497146789752085 
0.013617756992066963 0.013545863902185392 0.011382838250429008 0.01285259653300912 0.01292725686537074 0.013078645359449692 0.013387656633688176 0.012504693339800041 0.012647643395400986 0.01352234083425118 0.005451617443580059 0.012134277325706523 0.17218173990768712 0.010889434175825762 0.17138377808581987 
0.016027118636201886 0.01597520837705334 0.01745951315816809 0.016262633641819863 0.016879821872898312 0.016673013812824978 0.017124241318259643 0.01604258802730825 0.01697691353454396 0.017425610526488982 0.016258961505425412 0.009930394314658766 0.1457846243431569 0.1452063315884006 0.0173367892385141 
0.004673753828483939 0.004650805344859971 0.004779453410946734 0.004654167580742863 0.004816743981271599 0.004928175048703468 0.0081913333181754 0.003572290494896344 0.008951222142848287 0.0010166002941101367 0.004885746206897645 0.005085073848185241 0.43007151913032843 0.004043078582591491 0.007267799449727633 
0.017767278498134788 0.017673312349050604 0.017705945413016906 0.014190571848082135 0.017104777022720827 0.023726036317943806 0.015956980376463457 0.016920912796226862 0.018040077872105466 0.01621151029343898 0.01715962898074431 0.14524120372096405 0.016553751383602777 0.006972911702428155 0.1403656181068145 
0.010088111080223566 0.010853194823373625 0.012784403527468714 0.011818854511862277 0.011581994735733108 0.012517469511865997 0.012293680168173221 0.01124631222572472 0.01191310566691115 0.010077870731916298 0.009079231184431531 0.17734723258994042 0.009304578836167275 0.1800739846826857 0.010589281111738376 
8.600761003361243E-4 0.0012277963706432261 0.0010222225305793699 0.0010408179478405785 0.0010484416171480536 0.0010706749977490361 0.00113473022358708 0.00102153048006511 7.732958352733483E-4 6.993219051249415E-4 5.787481537298E-4 0.2351441642632339 0.2536830460256892 8.353514265486551E-4 0.0014374444593116833 
0.002115869696358406 0.0020978146778612514 0.0020630202102608053 0.0021005489483589207 0.0021159390061782496 0.0021608064528581307 0.0022900809251500238 0.0020616243563701363 0.00156064411174252 0.0014116814784351512 0.0011680326647093408 0.47769585186732616 4.6304158277320017E-4 8.353515763305453E-4 0.00143744471705129 
0.005973976212775536 0.005555404205865214 0.005939625717042902 0.005850316888784279 0.005863646855914685 0.005649104082009436 0.006108343526374003 0.005641897913202813 0.005753135526314409 0.006175799815299828 0.21673005965595954 0.0037365974022729657 0.002767533426177664 0.004714239966068651 0.21484753959168926 
0.011257759061642898 0.011186499011905094 0.011313664486750193 0.011272025070944793 0.011642033216153936 0.012696116912303467 0.012165256921833841 0.009187979101233673 0.010923814419767067 0.010719144650086446 0.1803844398631218 0.010996492605024309 0.003564848451085134 0.1825767228714403 0.011422296340765685 
0.009165024644114214 0.01174556858267737 0.010153430970460623 0.01023293399568929 0.010429570711197912 0.012453862686077927 0.010043269986668605 0.012481393854577794 0.011707440099021336 0.010595650153392866 0.18248645415446774 0.01107236549102048 0.18190633827576963 0.008914191424309666 0.008165853480063273 
0.012049996854695868 0.011629605162228234 0.011831997896336833 0.01192206785071917 0.011980881544969487 0.012772082803036952 0.012536628568261142 0.011695922930123424 0.01152537722633451 0.01260236212778935 0.18359819681618939 0.174854690902808 0.005514298107882055 0.007630722064926475 0.009368933334229626 
0.006771803287998459 0.006740815159255603 0.006833017100773076 0.006803010501512058 0.0068228122836081215 0.007377370100996419 0.007061162377517516 0.00667980917771948 0.007443354650594491 0.007342108763354 0.4064620892933414 0.007184490373760293 0.005708404686428704 0.007101185111003255 0.0049961531255863206 
0.018307880999135388 0.01838176785924485 0.018740360173274285 0.017905012600157255 0.01854002551653063 0.017764635509705858 0.019067369176606508 0.018426215994199056 0.01852724891079473 0.14749876948484988 0.018461069991111648 0.013271367382222149 0.015336190664899033 0.012538745619553177 0.1285742195288647 
0.014287302596786572 0.014333311397790682 0.014634560035943673 0.017436882563649433 0.016525609621495158 0.014867441153369097 0.015739172973057835 0.01587281334775177 0.01597712863796178 0.15901405340278946 0.004564957081426701 0.015475706627256003 0.011343650258256798 0.16536371427154545 0.010494647943222569 
0.011136956580813435 0.011066053938069982 0.01134447263950833 0.011035092764575103 0.012121875033283406 0.011850102841914989 0.011876072211976155 0.011520115766553995 0.01093327830497849 0.17036055362306554 0.006537927365397893 0.01422552914573099 0.18730340230968884 0.009015582780791604 0.011008832705592018 
0.013026944309910526 0.012624935019211032 0.013213636013632582 0.013011207343149464 0.011570608449411124 0.012761711017718483 0.013039838397902303 0.013758126449359354 0.01309724349651596 0.16204371151612995 0.010811946982024303 0.17409044562327244 0.016472181532263167 0.009011146234386322 0.01303511928861456 
0.013300192013285759 0.012359340223083519 0.012609129153388063 0.013074589286284476 0.012888089743677668 0.012354921836745197 0.013433801226954544 0.012410562850252261 0.013232360283313406 0.17724359933602135 0.1740425396059457 0.0073864695062131 0.0047684994810044045 0.008174651139223972 0.014035285652568915 
0.013258203526132363 0.013499290473083708 0.01483472455432881 0.014578423618753954 0.014381754971955162 0.014186779470534863 0.014458473566703283 0.015011379350261117 0.01473767335138463 0.30084253697196583 0.010600622737849157 0.017773959247708884 0.012751403388974281 0.01637217802144764 0.01405149764187172 
0.020794300691171826 0.023581332018158218 0.022912846097280982 0.022230681463872803 0.022587931483398608 0.02273979463441124 0.023481367821707882 0.02057849473274184 0.12355854972735457 0.022704370250833928 0.021452535449304717 0.018121350076059858 0.011976173890471611 0.018909799871687547 0.10578951199120155 
0.00858800846016907 0.008777399177921133 0.010177252129010361 0.011195283420306937 0.010535953791622173 0.009987930055051547 0.010405997017441233 0.01026862274504477 0.19588692140743053 0.009754320128575645 0.010933616855489934 0.008498944808206453 0.009479168377313236 0.18601239557136 0.0010655930702586154 
0.008660894868062 0.009824763479005877 0.009597377746910576 0.008771646731241213 0.009288185463370568 0.009643064214085197 0.009686521666431549 0.011901310591460766 0.19036401240191506 0.009792596821955664 0.01310968089466547 0.014574330634824408 0.18116545473209303 0.007220107863632968 0.00796183734419756 
0.013344184681807345 0.01449793100415833 0.013647989065122365 0.013881750668765543 0.013861760324640924 0.013841367427450901 0.013010708563981144 0.01691938779611317 0.17169216727085532 0.007685095429378838 0.010269313221781536 0.17636796075218492 0.015568314134254918 0.0026494010896189885 0.004271692605259015 
0.015298461131903364 0.01476164566449919 0.015075398919368556 0.015124340377363214 0.01074749890630373 0.014404964892959731 0.015476329847896238 0.013926751377490438 0.16666710021033357 0.0095244042472844 0.16549421747918733 0.009061398095576862 0.015217786911453991 0.00799746890234677 0.012570486513827906 
0.02650894314107264 0.026538677289116224 0.02609086569064689 0.02476206196709916 0.02616563782163697 0.027574512857522264 0.02277054766964184 0.027821281269006428 0.10078445556855589 0.10049465906328292 0.01949910641726649 0.01731838823851804 0.01756080345388072 0.02261892727424595 0.018968920374383157 
0.015114403150973486 0.015141867550483584 0.014504365962850587 0.01499650597669668 0.015015473877567555 0.014962438821154072 0.015581340303974615 0.01440934374948382 0.2941646821045126 0.015735591227392303 0.015194788472943954 0.013024874488747125 0.014965541124192482 0.014491614837756668 0.014280125761177341 
0.016333057421374052 0.01638958371630577 0.016881927842063608 0.0163877639383512 0.016993171951089413 0.01701195269892627 0.017433612581314095 0.15932727530542873 0.01171098256444757 0.013178442087872335 0.008321944115012112 0.011809593778263261 0.014279895016757312 0.010906624748957169 0.1543894537183868 
0.01166149339556286 0.011200091666823559 0.011357333789308692 0.01123446354458965 0.011704204161797278 0.011618329482460105 0.012024837702364663 0.17896164844130302 0.010353951614345781 0.012294873069273517 0.014096672180161113 0.006208672437574345 0.010746425979312402 0.1806260526589427 0.007427849700063816 
0.010668504007604773 0.010733760285613146 0.01063628370165881 0.011321125384461225 0.011174255164978528 0.011405635235872713 0.01121832602279052 0.18794962814216803 0.010352895886928611 0.010056327646038615 0.007979691664349269 0.010153995110459259 0.18125355955197409 0.009096577953093038 0.007335383501760216 
0.01516985226182762 0.014562072930106317 0.014534823801660846 0.014808680602744182 0.014984757264894268 0.01524675460394251 0.014013864274297934 0.17553435105507925 0.01119085201448513 0.01128790940989839 0.00688652883340161 0.17443558925764527 0.004381540559213102 0.007279629602807533 0.007271509420793511 
0.012168189056630243 0.01206409386265782 0.012336362625766846 0.011596197230763917 0.012106529552025326 0.012251780479142374 0.012607073014513817 0.1863138556319268 0.010810547804969367 0.010923821068963883 0.17711224596933436 0.009654096710408924 0.004333207256283501 0.008908577618512159 0.00814770410482085 
0.012563473260538256 0.012059617908447201 0.012538659821594002 0.012429089998583158 0.01222462489188677 0.01256927666061512 0.009633672330272108 0.18218902828623582 0.010376638373042556 0.1797507798803826 0.010208986388228043 0.009582193372277302 0.008553008295152048 0.006469917165494036 0.010177017592515492 
0.010219827908009347 0.009323401361236024 0.010979508322177145 0.012384473846612766 0.01056140433530727 0.014307564261335674 0.006073582172005026 0.17296548476824838 0.20531926474516735 0.008469634280778512 0.011410609755553728 0.008077427941751678 0.008710480609439467 0.005336321254883738 0.007436666695672731 
0.009472280605784705 0.009503533748874146 0.009444356725328137 0.01004003442770302 0.009508408605069333 0.00980728304660283 0.011907683980920255 0.3688041068162242 0.0069584131391980586 0.01283610944183585 0.009725704719437792 0.00961844680640624 0.008796376352384934 0.0076706288888121026 0.007423582518906388 
0.011626844524025248 0.013193147358989172 0.012795282873055619 0.01254424100154592 0.01194735025481824 0.012315360033892974 0.17469802522837333 0.015522593091779273 0.011810165918735526 0.01023253245640286 0.011605901584306078 0.015505942237752408 0.012788821696471855 0.011249012395056546 0.16350678385751158 
0.012832784123090834 0.011358056741209524 0.012348318265618878 0.012283112627917137 0.012588836069166004 0.012174164732314526 0.18224217375931 0.0019910245288027816 0.009617846694445577 0.006582334597138244 0.005560592791107836 0.014206771867442446 0.02008858206294009 0.17986670107246924 0.011574708116831693 
0.009659586881817554 0.009594195689217083 0.008920409871497316 0.009954579630299798 0.009622820188571345 0.010001515605777202 0.1951910214234297 0.011193227257383757 0.011929925460528587 0.0059464697504744484 0.011897692205925618 0.010139340184033925 0.18181975664205927 0.008306436843768082 0.007158064089586974 
0.015057659847987695 0.01601672253902041 0.015690232487414066 0.015652629719922775 0.01537401167857444 0.01601287688209702 0.15533495061964134 0.01553155718009009 0.014523702153392782 0.013519016192856961 0.0154130765286058 0.15899900828499253 0.014255263947624447 0.008642160715569404 0.011306084167189267 
0.025176794281072952 0.020402006295400246 0.024213145968057327 0.023353934152537264 0.023653436221746378 0.024034188902650536 0.12275864681455856 0.016725504780877594 0.015382199422349465 0.0184580381813772 0.11541818248021889 0.022041768179361255 0.014768098386464128 0.01601293799980808 0.01916516401336947 
0.01229843319384694 0.012217696350222795 0.011235030147610578 0.012018290239809104 0.012215114220554019 0.012066515912022027 0.18030798596541264 0.01181393993699173 0.0108940583819592 0.17060710346231228 0.009151783712949581 0.013323346979401596 0.014350358905725249 0.008329872981959738 0.010505318082933306 
0.012000290849887553 0.010941415886252599 0.012931814418373957 0.011851360914924008 0.012200361716537274 0.010976153137776825 0.17896097000491434 0.007063400517918849 0.17729330846240005 0.007993551656375915 0.010925761815735204 0.0131143984446433 0.009936527162043476 0.0140464829837781 0.011115040399733133 
0.012594119777973811 0.011141852889464312 0.011983518719508642 0.011171924822408436 0.011542586551040181 0.011509714682290919 0.18689324737389645 0.18581193675675667 0.008375941429013848 0.010691677108738043 0.004812930388221451 0.009558091298994932 0.007676380138065435 0.00872249966421679 0.00884781115653212 
0.012986865580256619 0.01002921400907456 0.01179292711109466 0.012441408226781582 0.011687898949770023 0.011780592355371905 0.36298961756084164 0.008526303895468589 0.011847388753496321 0.007960311881562274 0.011483446844744541 0.007764864498914852 0.007786199631076715 0.008327609354311948 0.003940554861769355 
0.0165187243559019 0.016139752530014168 0.016708780708945853 0.016789920115720284 0.014345061546404208 0.16772643246351687 0.012692001216967905 0.012217099424181999 0.012064730631084833 0.006249218089084144 0.010885403808406595 0.01474591750151897 0.014079831523183067 0.010181162052334288 0.1602337392685742 
0.013947927569964842 0.013120862907458616 0.016560248857226165 0.014370256200578945 0.018941258772590775 0.16426156073103076 0.018674113230007797 0.013512304753419553 0.012086179052220697 0.013143721715171905 0.012026979224898251 0.02024474292205982 0.014170122500450879 0.1493181105031532 0.011195352415070307 
0.01592336099397157 0.015288834322828487 0.01600459415769418 0.016680164520436375 0.012910878077208 0.16790997155166174 0.01543998432916245 0.012357672847757989 0.012717605970726086 0.008915004205765836 0.00656080113325283 0.010333295001651279 0.17443653254238925 0.008968338737287508 0.007130797435888295 
0.01041989567498719 0.011545656180484056 0.011287845912303463 0.011162915194504004 0.011686628228009624 0.17954150813088846 0.013202673906565397 0.011545864244802289 0.01042391360453244 0.009791997071113516 0.018020695119292086 0.17148727362630548 0.011368261208213633 0.008625339155219265 0.011475893022538562 
0.018134044124889476 0.020883073318836494 0.019568645886225946 0.019921016107892396 0.014013899208015079 0.1382719863493206 0.017567849110467413 0.009302009064273075 0.011669372165893518 0.008990663216344405 0.1587920826612479 0.016928033879232706 0.013922088715142526 0.018519625475638117 0.015079175777915822 
0.012058216114605426 0.012026547189473807 0.012276332039836841 0.01231286971088566 0.012196259440896421 0.17850173256668922 0.014699278812835354 0.01188435696733661 0.013086144838980065 0.16428411613731578 0.008420893719263581 0.013277153682080555 0.009027544926458613 0.014557672154634636 0.013058613608034652 
0.01232273788977641 0.012290374241626567 0.012545638636509359 0.012208575469384905 0.012369995294518392 0.1798862395726802 0.017623238541204955 0.012126447525693968 0.16135440123802697 0.009404990440801673 0.008524007506891954 0.013245114843974747 0.009005760735560675 0.01452254332261778 0.014174487614233445 
0.01825410943633136 0.01761916843920334 0.016540457716783415 0.018516180756125517 0.015847722387833277 0.17912358356015995 0.016271838494075243 0.1548478725857209 0.00923658454883685 0.010652183232782374 0.010250937228130332 0.009497689545905533 0.008981214383428502 0.008347368042381955 0.007513256739025495 
0.012524769992376096 0.012455147792791266 0.012725305697477632 0.01268040902462208 0.014839830608376138 0.18991347629105418 0.1774395383695057 0.00920403447522692 0.008896196458261722 0.008891620900370524 0.007640760122169435 0.007925470443643461 0.010685582250775061 0.008304476415402632 0.011376296312079096 
0.013493037473091475 0.012588596375567647 0.012095026951737836 0.004151913397910672 0.010663038883022991 0.3668677297948795 0.002891031781916016 0.013998713588615163 0.007979436290045591 0.013054242192557193 0.007640818424018018 0.01676299628683774 0.0074616341627592765 0.007440694631432362 0.009589908359871916 
0.01234725163532688 0.011607114871344868 0.010577339044987203 0.011163590213448824 0.16907103228489495 0.01967084173412365 0.011583751142154073 0.012627252824480167 0.010097265828450426 0.012290111166397109 0.016269700453756763 0.010365879581352246 0.012233196975300056 0.012226347982784876 0.16921786762697347 
0.018863835865559394 0.017728659657368227 0.018446066572318138 0.018375360163661706 0.1456002544019858 0.013812635811854119 0.01813105075624679 0.021501439301287104 0.01661332919776082 0.013079706274269992 0.014602966780928263 0.01725290980026334 0.012490793590433421 0.14469293201850594 0.014569491159559632 
0.00969003117058106 0.009658972967669347 0.00958041545733236 0.00952495016914711 0.18647132384712475 0.014226367192263065 0.011792181950115591 0.014617442735363658 0.010343034047853306 0.007957514897243214 0.011354620849822444 0.010143023111409423 0.18078764493068453 0.009107988795077232 0.011196668394715968 
0.011937438926546626 0.011884818993813533 0.011619385907158244 0.01183269381318448 0.19283188517466743 0.01083328242270938 0.007788579451214076 0.01212294403723583 0.007097432453236028 0.005200133673197393 0.004560413793669749 0.19077036392433622 0.007078644097464487 0.008703061386369325 0.007091988980678299 
0.016426345442676946 0.016289011147802734 0.017394481395339546 0.016712278577581438 0.14578340021318825 0.02068116761480266 0.026582280400431205 0.015876732116712675 0.016160621497337074 0.018184819851584055 0.1349207630037034 0.014007062242945081 0.017101445864645567 0.0142450290381368 0.011209166921903884 
0.014567236504205364 0.014623199334804096 0.015047638172543745 0.01550871489160515 0.16132765579191805 0.02141377797448416 0.019357661193575633 0.017401006609035843 0.021638459377653317 0.14340229469738816 0.0021245652555310995 0.018018526271309888 0.012821266970127445 0.01303099889084481 0.011060008814072987 
0.014126177436116372 0.012524071927673297 0.014843208959410421 0.01440930882386003 0.16371424961153946 0.020699481486779345 0.011699470099382133 0.014108550037293785 0.15814822020787603 0.015423455268831744 0.010968567284919227 0.012122913626685657 0.008541964284436248 0.01897288141815136 0.011047858792075314 
0.01723682309121612 0.01850695881308347 0.018020057306800372 0.019199060130378417 0.160511817511131 0.019751048621164734 0.015486630700415711 0.14325233675803734 0.016468868328612912 0.012380922506850611 0.011016704999386775 0.012163959552572512 0.008788611995797257 0.014009670530885202 0.014549970788405532 
0.014010736748871632 0.00855849884090677 0.011374963301752002 0.01133270866726356 0.19463112756513629 0.006690712274819626 0.18802248449305525 0.008449470257064242 0.011778014581473413 0.002728954876154092 0.007332107743845241 0.005254652576698578 0.007118133101645955 0.01682233687638822 0.007239270142326783 
0.017830315724773064 0.017908600550340433 0.01992934700036394 0.018656785840187408 0.16700302486098698 0.15888927982593878 0.010014127399760273 0.01358641742063137 0.00834702139998471 0.010406933065389335 0.011158469897473712 0.014451322435152939 0.017564580174311808 0.006092531089294073 0.009505881737840319 
0.017651085179129684 0.016982315164109477 0.022251074336856923 0.01833258718327973 0.3137005893816937 0.010630897980313728 0.012521397730863412 0.009110426967124316 0.01687077724608355 0.012632229678532428 0.006830372942332064 0.012253229884440027 0.013233545744063773 0.009904612473054483 0.008604901311890007 
0.01794636762495465 0.01801361696320461 0.018083307549062167 0.15003684982672524 0.01437795158027445 0.014657261519343179 0.018892813048980276 0.017782823010561593 0.017171609393158885 0.014122945372325087 0.019247905460688327 0.015461306406171089 0.015612796470333814 0.015025966591735752 0.13507380637865157 
0.013222112385133164 0.01329365201395158 0.0127908094668145 0.1780027497683648 0.010724344661114792 0.0021337050651208476 0.010139968301903293 0.012515983741470308 0.016208896307779937 0.012075643111622745 0.022077679852022303 0.009825671997478162 0.004671331961851469 0.17574651517748452 0.00807944255464174 
0.015468757186219633 0.015309128007095007 0.014790957755079201 0.17634626761245764 0.011694765780420686 0.00218718114593938 0.008150674598701798 0.012725230065019336 0.012096533604812594 0.01195680990619585 0.011390623328170504 0.011344485290770345 0.18544508536875443 0.004537771102118237 0.008072071918472276 
0.016615554449297614 0.016702564143380404 0.00878269571416769 0.17119707242708604 0.013189380364147317 0.00974761621086229 0.008709741528827685 0.015480991712760437 0.00902104232045633 0.01906388182358664 0.010476757592636544 0.17267152548994366 0.006029910297767708 0.014509638058570815 0.00940241625049078 
0.014950093999602076 0.015029001482423011 0.011511123245166916 0.18035093814766848 0.01371733023291863 0.009181552668178506 0.008599005189642238 0.009508207459561876 0.01067904975721017 0.01227821078662486 0.1781389379189339 0.015766786539569613 0.00658925574908566 0.007835200421897327 0.007393044064248868 
0.014456281001461197 0.01089101408393843 0.012712726489973155 0.17708321344807504 0.01515566028564367 0.014957056849215111 0.016411021629906326 0.016509761749561994 0.011077055775074124 0.16022111310931117 0.009928846796182642 0.014535694413226379 0.012096240938540594 0.007996763793204744 0.0074698206679028245 
0.013418024465261264 0.011874708908405009 0.012723620473109048 0.17750181260747616 0.0052376903353007235 0.016859438676383925 0.020085150271824906 0.00917215569850437 0.17934151846716326 0.009711992050521475 0.009124978618138038 0.01361358179696128 0.008773103488220744 0.004542013946850014 0.009523624084017341 
0.012698798221739905 0.012747015599023847 0.012963347186386448 0.1808889710631392 0.013533415948040006 0.01777458558148819 0.010629502987346679 0.17599795810203792 0.007171439992626798 0.003241383615762817 0.016247326306099808 0.00952575008551092 0.00850512703798375 0.009635450366676674 0.009780636111125783 
0.012762642204770837 0.01382212594910007 0.012777941381084254 0.1853792432651915 0.011884974510838047 0.007733179953331741 0.17943762136163374 0.015184155952169504 0.011572113431540127 0.009931895289250751 0.009365347473272632 0.0024698202379277554 0.009988841741259446 0.004498168112765555 0.014807689606882805 
0.01263977190560003 0.012958824354612923 0.014103486369289387 0.18748624326731037 0.014418219485803577 0.1841033747391923 0.0052846635144925816 0.010607400443684883 0.011676386016399986 0.004339901640802653 0.008112774882110233 0.009691066346595872 0.012184745354274223 0.004265669549438026 0.009675011578491977 
0.010571344714938124 0.011539336920250534 0.014194704054213268 0.16865475801950577 0.18518728991692263 0.010661628257815364 0.012110845067978864 0.009209020144236735 0.013345596867316673 0.015876913859244196 0.00682806595456534 0.01522185877070562 0.008320228466053334 0.010021130015305451 0.009761287313438017 
0.011786396778016434 0.011836811809380865 0.012035084711127271 0.3006261009476852 0.020762591662742587 0.015358925365887451 0.013700100993181792 0.019165350104912143 0.010094051107819899 0.01574417583717561 0.015646042209053173 0.01465873106104561 0.01231671128092272 0.016474973478160366 0.011143905605334075 
0.013190980818280995 0.013165709305228835 0.17899811692945322 0.01147435453292799 0.0035959991404270887 0.016382880111220667 0.01687746393209291 0.014422387392530418 0.00663466619603551 0.011835211899514616 0.008842923510854712 0.012756421011892961 0.007781345925408071 0.011495508650771008 0.17413911915948851 
0.01182661629661105 0.012300806182538575 0.16332076344687343 0.007370135956979515 0.015392845653066475 0.01581251918501869 0.016115119131388134 0.01379455870563899 0.01582868812743686 0.01159128096293336 0.01260159086455949 0.01599170064823689 0.01589136433043297 0.1664596699233364 0.011341922357947244 
0.022153830516319705 0.022165150905443073 0.0964488095256503 0.027061092174157687 0.02214415770650865 0.022318529712304132 0.02370050069607425 0.026683695453682137 0.022729688800206847 0.02225680308726123 0.023234348015843925 0.02818330262220271 0.09827762676398988 0.01872928042354299 0.025264655067413377 
0.015519365221685684 0.01705819826446252 0.15543813810317605 0.019199681342546196 0.017789376433464656 0.016808157410205443 0.01761891740605128 0.016362184966830406 0.017331699664497473 0.01364717624079652 0.018146914920534902 0.13761546198939067 0.011371303096798707 0.01644647039706852 0.011146221290752578 
0.020887223519481957 0.020705606587841364 0.16418340948682197 0.009840803431073838 0.01733641984845454 0.01718984083068859 0.012609447578080845 0.017693532531540997 0.010392961025141987 0.0094014424973668 0.15774106075880454 0.011033262949404096 0.015901806904774243 0.008117224920140366 0.008277853836541497 
0.001801042896899738 0.023361169367084066 0.18120410737010878 0.014989289183458194 0.013724903896615629 0.0175644038732183 0.008285759031744472 0.01872085841782581 0.015749578074012234 0.1623068800096878 0.011567985526220093 0.006673897168039753 0.013814251415454613 0.007845442569439951 0.007968577713598126 
0.012903763710161106 0.013421376327867104 0.17878384852686896 0.012318820820865627 0.017457955853900507 0.014750426218716299 0.012688871636387225 0.014783100429859313 0.16510367655726704 0.009618276717487679 0.011412670346056092 0.014095947336282798 0.008684414110971558 0.008466008517817692 0.007030398819109888 
0.017916623855570225 0.013832252989445156 0.17195658403976724 0.011750832050977655 0.01732493850039448 0.01716128858295268 0.01785478601818468 0.15824103596985742 0.010047891132525478 0.010613522237829954 0.008144491539955855 0.013221916472406335 0.011784557851268734 0.006870898379862382 0.014610083964451645 
0.01293993569069378 0.012528885954423027 0.17511255900904915 0.011038466037112117 0.017180292340228807 0.016841047451499832 0.16843545108530053 0.009026957655191977 0.015185281798182647 0.014547726363430871 0.009268523723116928 0.006413263828729343 0.0143828639065739 0.008421739274904047 0.010288003346592207 
0.012115042877012705 0.017647455714123215 0.17911020140659992 0.015163850579337168 0.01723753287568857 0.18171056504195504 0.0028393669508639872 0.013187637817421136 0.017281879850543382 0.003504093318002646 0.008722118261747836 0.007478825734953127 0.007403271771293153 0.011195718370478887 0.011484778537106619 
0.013421254832696797 0.01264924226673516 0.18676654215561841 0.007439084569503197 0.1801314650745161 0.003022917644161227 0.01205979967409178 0.01380348094419692 0.0038086815846604294 0.015913510772910974 0.010106074184451861 0.013446714127017367 0.008713303792710533 0.006575185055036746 0.013703456665143917 
0.021222955366655832 0.02337734561696237 0.18558845029961157 0.17073962625949488 0.012200751926082304 0.010197573946416402 0.008426495418634173 0.0014449085682646506 0.010115239018855386 0.011074891327142337 0.010276331226559233 0.010090917035805771 0.011874565375477536 0.007751277380257693 0.011272482505557275 
0.010754371149247783 0.010150748914867013 0.3665469870660758 0.0036315646590803882 0.01085198439218109 0.007012322033036665 0.011697840451745689 0.012679375002992299 7.196711011309571E-4 0.010117610891060438 0.012536412633690593 0.007196716631198755 0.014462792429312244 0.006850893014692947 0.016132244524770172 
0.005407996981610564 0.1827369545508127 0.013727807165609509 0.012359546597904371 0.010626986067343908 0.01111610802242239 0.011113170395446539 0.013739453634925585 0.01220401280980144 0.012493189380634935 0.009986242593858686 0.010290173788314635 0.011303493388294237 0.010974453107727378 0.17326457657326358 
0.017253882275747937 0.16605756780116435 0.021486003690630875 0.012658401983359886 0.01332286817788786 0.011115580469841435 0.007746483510568909 0.009427351707353109 0.014594108434817638 0.012812379755493961 0.019669995287784812 0.012864418888491947 0.008036235888578313 0.16375584565272885 0.01053098345276446 
0.02670415440637815 0.1731118615504897 0.01819854068681435 0.011328705550586494 0.017394995209907203 0.012086821806153848 0.013266054070974437 0.012621748857460672 0.013321137361159377 0.013952482769327847 0.00594426354246865 0.013360957986035258 0.15310080213707994 0.009121797425913753 0.008079049763403979 
0.021544877387010858 0.1669409911497301 0.015985872409025725 0.016578447089423867 0.01086838114661788 0.010893285287137858 0.011468289814800763 0.012058269407530063 0.014502679243348263 0.01359397285391615 0.010194651930609484 0.16329950807724147 0.017307591286047013 0.009016039286813455 0.007085266755674721 
0.008145803066583053 0.1853185856923314 0.010008748445545501 0.01281764408015878 0.013693931761256693 0.010039214211540626 0.012304346767504975 0.009478416862169829 0.014670862417069783 0.012948544120558752 0.18054551515247202 0.006264783911107831 0.009657547835274838 0.007555801098122082 0.008140126862528317 
0.014126299386480568 0.18323098970367244 0.012167476748444036 0.015192543111204812 0.013933342307057789 0.01549794588931199 0.009574989165916342 0.012533864627181647 0.017418862969080334 0.1610193698755385 0.01149185327631382 0.0066299743254761715 0.01451275422686274 0.007806454998328605 0.010441428944815275 
0.0249371403811106 0.16197571097167376 0.013886566635558583 0.006730305222767045 0.016947305972365018 0.010872491583704999 0.012167276140069494 0.017977273561101854 0.16129350381156699 0.009526542816395003 0.012392349350897062 0.02174737855415538 0.011814241021299013 0.00825502761051874 0.011072103978599335 
0.013772898651712152 0.16665204724549332 0.013522327501048103 0.017232234840080324 0.01728484961704457 0.019684320277231077 0.019005672547095682 0.14978618211912617 0.01054183277980735 0.01949913708486581 0.008734283055710538 0.010024359696513439 0.007920955658164787 0.016631732850536853 0.011299375394448936 
0.022758636332115403 0.18356794769612378 0.016575427131508197 0.014911793447292963 0.018568120693007794 0.012389166352123658 0.16509151703813163 0.012289428848174803 0.004973767856418767 0.007581855884444499 0.00912476352279866 0.00642438987571661 0.007894769494745942 0.008366542207506001 0.011093154425027391 
0.021367658543028915 0.15717015351351113 0.024598390650953473 0.02629355482958287 0.014252800472632103 0.1393452081830568 0.01662080415357371 0.010848708547749874 0.0144337300162799 0.013637962133130321 0.012484920062092305 0.01937917034840658 0.015502612469408943 0.008544899272930303 0.011199556506075079 
0.01547818431292563 0.17092934234630064 0.01704300029530648 0.028880690364209254 0.15216062721026935 0.015068753571236417 0.01957045643040033 0.008245812345174542 6.577396749355212E-4 0.014935443468248011 0.015136761527001687 0.014549333253427322 0.011452640259093452 0.009775822163690252 0.00763247393270365 
0.016946131045965138 0.1817044880687172 5.90531199994419E-4 0.18305978458128644 0.005599895127795246 0.00426069148208396 0.012462661535301848 0.015155242937298304 0.006880022821206503 0.0027533581273775243 0.020246505729110777 0.014784022671984413 0.01313290709400579 0.01403583258904985 0.009965608007627882 
0.024424394707850492 0.15989828484686056 0.1464611020457346 0.02058198194544248 0.017326988396166115 0.015925239811289713 0.0015768844879993458 0.02216077670765827 0.015199296704538727 0.01922487455044065 0.015330468644440308 0.010252401781835032 0.009892460001341388 0.00837151609511426 0.014736118517673771 
0.02055569458666729 0.2593615034545331 0.02135658994254595 0.018491984572366983 0.015505698464378876 0.016466880565675877 0.016564981968316954 0.014811983629871144 0.01785414169720428 0.0169091635196915 0.014468342618810021 0.01670183259030581 0.016598406999391052 0.016115233850309687 0.019558014865146765 
0.14227841577766595 0.0167637122742962 0.01615711195564659 0.019596566805002106 0.022876472851276735 0.018321905008724715 0.015335311429384595 0.02024216792996728 0.023332247663529083 0.01326079972486995 0.011466434925906013 0.01688602353092958 0.015627318083488627 0.013893201589709843 0.13530845093779253 
0.15127239478017426 0.015445296386114414 0.01706273523015097 0.015926002976121754 0.0243911734985275 0.014691342408049163 0.015432211717673066 0.0229579088459265 0.014954272974253597 0.01317396071495139 0.015695829510481395 0.016689237903307477 0.012732327610380817 0.14007943641201528 0.011080508177640875 
0.0905342115113406 0.016324622726740883 0.03155408260807985 0.03545011702157092 0.028883439138038213 0.019229521725249412 0.02463648269236778 0.023773538363848226 0.026366632547142426 0.02573211601233766 0.026380035699587127 0.029942260731791126 0.08169809231385808 0.023488466060717503 0.01736533282285766 
0.16623361180213214 0.012154443856137412 0.0176605938268155 0.013795792204362127 0.018104180750998032 0.017923910307957616 0.012162581159214007 0.010528334245772713 0.011198054560008693 0.013025406378824874 0.017217620431111993 0.1616256665858022 0.011597619243784512 0.013811082554957518 0.004386195682899606 
0.1680079986104233 0.01239891896676 0.01618231715511368 0.01286405293232886 0.01312300222489566 0.01759285912575145 0.011880451769806706 0.01033366923460242 0.01330485594108477 0.012433364872273834 0.17466253817659633 0.002082778956785645 0.011725675777595508 0.017228565748357273 0.0076935332385904345 
0.15306544962044288 0.015767589406216132 0.021231936921422025 0.01941142591374554 0.01314245649969597 0.02278149836505361 0.009285491057239314 0.020573323409447498 0.017753948874741042 0.1428525266900268 0.010023736695514561 0.014077485819278333 0.014396179762331101 0.016652299865852344 0.010332999746438172 
0.16089473556516923 0.014265374693638453 0.01748748839846963 0.016696435546528922 0.011704664846351239 0.017542188298331787 0.011163544210568832 0.01786031793118383 0.15860155220894562 0.007983792199025546 0.015050735509053724 0.009654400922497393 0.010811561189013162 0.016305366427751218 0.015562166874051845 
0.16589493349668055 0.014314929200375777 0.015628588512892068 0.018874076797535007 0.018774494841134748 0.01723802648921878 0.015345972592650532 0.15975241979868685 0.008092316654141899 0.019533470284858256 0.008262801357066163 0.0019940544491562325 0.008619334286531263 0.016268357616516443 0.013000966844033525 
0.19401005827286066 0.012404786628147068 0.011683674154351648 0.01182746538261203 0.011831574512126967 0.01856100102517 0.17820962132280668 0.01192773683079009 0.008518352093689034 0.008142293698826278 0.011682867693757237 0.009825299580031715 0.007384516939504274 0.004065761569026279 0.0015434731248138728 
0.1660325750493152 0.008826365019280046 0.018048282543515665 0.028267486740019755 0.01364639392580197 0.14447390931186305 0.014686188647830015 0.016290112717700228 0.009611784891092625 0.015448293458196406 0.017599533264848113 0.009088827906453146 0.011911417518498724 0.01612978806931778 0.011631778303920697 
0.1919465022125366 0.012224847650480613 0.017522188986586234 0.006038773711652097 0.18415499683783715 0.0010995770938272374 0.008650025592113454 0.009813755285810927 6.239253101992444E-4 0.008440987624386002 0.010554606074312014 0.015610528386788372 0.015920362747048857 0.009750484586769487 0.009010813184237692 
0.16850502003650775 0.01765356818678715 0.019211788039034294 0.1428622766009563 0.021466839008270327 0.014071385143515342 0.019072913506722283 0.016450400272369114 0.010360461728319288 0.014166483453324335 0.011961464050340143 0.018569775750824153 0.006508096407634829 0.007753974604652281 0.013002284359965638 
0.2021043086776771 0.012482193149558169 0.19909513574896187 0.004317014236329268 0.014039354454299047 0.007312572710370404 7.978895520744667E-4 0.007562856124498428 0.0046763818152378385 0.006701379617013636 3.009501367789859E-4 0.014458796295557283 0.004572447002768527 0.0076622911698827996 0.015234235628615036 
0.143278218821554 0.15069238626230377 0.022275611817136224 0.0208022542500111 0.020934261387488023 0.01717185504140437 0.018633323316218704 0.015508899326375957 0.017241237277522484 0.013198148505004108 0.012418339942662126 0.010804315430064002 0.011661185152050314 0.015833984254123776 0.011118095595559017 
0.25124792621122066 0.01640722060456436 0.022971057505774686 0.021986018987015334 0.019278852691789253 0.026103562978963255 0.01771283940259389 0.0154034634392293 0.017291426210125253 0.017716812543274774 0.014560155973730176 0.013965336546939528 0.01757644421712277 0.01639646138369537 0.013014264831022587 
0.016506307347066932 0.016425498353890972 0.018104939033501025 0.017087269808735078 0.01714948109611074 0.016719864035065295 0.017630257971708876 0.01602544201014825 0.01591380362368198 0.01578894250100396 0.016784574675758477 0.01721507377673305 0.016476333243871828 0.0178895294592735 0.26568127863942437 
0.01635418209141091 0.01630461869689072 0.016749747063203698 0.017312968044856006 0.01663275459736323 0.01715741499888803 0.017178390597582683 0.01814933843359736 0.017531879253592085 0.016150733961323768 0.017050686411821062 0.017138804011872132 0.0180547826539099 0.26667861037802126 0.01744016933687659 
0.01896729988301177 0.01886716461138852 0.015795192018562637 0.017881806854886804 0.018299134223429755 0.018259706688523253 0.018466183394417864 0.017427628698044068 0.018159140204083567 0.0189079895980335 0.01772465123799075 0.01837895078356637 0.2566689638739484 0.016481054446239294 0.015465347147942033 
0.017286894360294718 0.017236117342005936 0.016849974461541222 0.01711725182161475 0.01728858400218723 0.0176556436843423 0.01805645644812606 0.016771373886801912 0.017439118211526872 0.016409772743684204 0.016846255265809355 0.2660345782710434 0.016173416508404016 0.01654050392467505 0.018850482910894598 
0.016500699222993107 0.01635961912791829 0.016512065010918536 0.016472381827619675 0.017029521490023583 0.016772783927151112 0.015558584975167796 0.01589889304985126 0.016920933279789035 0.017268671767452167 0.26535560980456535 0.018080613334050314 0.01747295117286519 0.016205376041781204 0.01915368847771074 
0.01698196659906425 0.016421716080099978 0.01722272933468737 0.015847021769420825 0.01702824976920334 0.0170196938645153 0.018503215681398802 0.018355243128246507 0.017432545967446676 0.2602654036049153 0.019991032433215726 0.01756294154980325 0.01758058595564719 0.016370363783535673 0.01890221675787549 
0.01616169040788392 0.016468989494328845 0.016814635292214886 0.01647793485359923 0.016600722196130433 0.015870738547139558 0.017829716754888533 0.016042361356087057 0.26148185566185433 0.015963560046996544 0.02091441422290613 0.02085272312575061 0.017413070627289074 0.017780899344973886 0.018968173639718176 
0.017648964976674945 0.015606880424945803 0.01693033287459484 0.016770078726045606 0.01725573958549091 0.017103849179823185 0.017780743069156526 0.25732210357526025 0.014690435463574588 0.01799786806092095 0.016753534990416832 0.01663623294032257 0.02493096489093649 0.015545333574658092 0.018590899113838513 
0.01790116668555756 0.017910707476678847 0.01785330037056036 0.017976535834429583 0.017062786821564445 0.01835059213779739 0.260378393256824 0.017390708399080555 0.014304947423264302 0.014688366054989329 0.01661340156755803 0.023046674804356924 0.015047210269875766 0.014152347941763321 0.01867083209338801 
0.017628884274024623 0.017201227311879116 0.017532727610724677 0.017693013074352226 0.017972277181969566 0.26502909195259217 0.016802644390753955 0.017265926640440687 0.017533068618543354 0.01604330954413242 0.01691799302629952 0.016947611124457144 0.019466420515368874 0.01650423428309514 0.015211093543879544 
0.015854680130308677 0.01616949151751616 0.015844059298878083 0.016023856566306897 0.260435465530351 0.020247698885114643 0.020861277779410735 0.017096171418215855 0.01328047424754889 0.017004407257309898 0.019587092039039824 0.01780202603100767 0.01689056725124273 0.01572026560461471 0.018742012648288557 
0.019017393382222646 0.01911657049011076 0.017785769843720767 0.2610943210159793 0.016909928977250605 0.013853524201176389 0.017068397693654282 0.01828125470137291 0.017853549994183645 0.018625774125379527 0.015707064758823223 0.016724904602643073 0.019643185411690245 0.01659032599552157 0.01982422379718467 
0.01907256195594028 0.0194176547019261 0.2614379580662591 0.016838609816122348 0.012968018716581986 0.017487229989860593 0.01723529900397515 0.020567193501241535 0.017417072990179916 0.017289743499900485 0.01914211038340143 0.01744066586401616 0.016388990567958988 0.02021056082312941 0.015064360159840867 
0.02043479562308649 0.25783606062270836 0.021230980487765054 0.018383223384078003 0.015414501211664497 0.01637003009023194 0.016467554506390997 0.016978171258430867 0.01785414169720428 0.0169091635196915 0.014468342618810021 0.01670183259030581 0.016598406999391052 0.016115233850309687 0.019558014865146765 
0.25124792621122066 0.01640722060456436 0.022971057505774686 0.021986018987015334 0.019278852691789253 0.026103562978963255 0.01771283940259389 0.0154034634392293 0.017291426210125253 0.017716812543274774 0.014560155973730176 0.013965336546939528 0.01757644421712277 0.01639646138369537 0.013014264831022587 
