0.003778252304252823 4.150580038294607E-4 0.5339182654287721 
0.010251361523479786 0.03555432175911613 0.463146941359915 
0.011483431932252468 0.08992022882640993 0.4256012835722815 
0.01758617419933044 0.1350683198440885 0.37435368104767325 
0.00862592176521503 0.16394316427969194 0.3640741057001713 
4.1120939359436986E-6 0.21053965391404145 0.3076484552207637 
0.0018712817458706277 0.26459459931663565 0.2654238768411407 
0.0020979368943484797 0.31230018183457087 0.21983612094247412 
0.0017685182484228853 0.3472341277617208 0.17411633914875496 
0.0029083673220884547 0.3914381739205739 0.12880195419845414 
0.036826057282331445 0.3963089658319551 0.08842563004330642 
0.001764131380072568 0.4784780820347633 0.04288724647012713 
0.002070982436521448 0.5189185248108839 6.338636355696796E-5 
0.04605537713416122 0.0018678693985969197 0.4897343061017377 
0.037090683188251004 0.038775436245173524 0.4328733249102949 
0.053907062118978596 0.08771519400881327 0.39631910944572096 
0.03924290307870991 0.1339789248106307 0.3514828513089213 
0.049581292233986496 0.17812963936896686 0.3136156607379978 
0.04565141008595824 0.21808956710672506 0.2629103414461096 
0.04141206253589627 0.27303637750712795 0.2198713070388104 
0.04077115972959067 0.30460927589723485 0.17425528656565373 
0.04616383288496501 0.3448989874458822 0.13310405267356926 
0.05017430000426374 0.3856132497270493 0.08578228669775644 
0.04067454676718196 0.43772504456292544 0.04350617132366594 
0.04375653905259214 0.4749524342994613 0.002849983944754313 
0.08749080958681825 0.0035483675534701297 0.44651182838329556 
0.08185315231390719 0.05102116671246257 0.39133212386372596 
0.08059030775308844 0.08425092426576437 0.34268946675305423 
0.09145221051029528 0.13676161591930508 0.29717078181657025 
0.08234186466306131 0.17889893115225514 0.2595811888808568 
0.08576875331434314 0.22422322023720098 0.21596526199966642 
0.0919622692309056 0.2544970925425836 0.1728475025202552 
0.09498088074114068 0.299636462446724 0.12903897016226423 
0.08595510235261801 0.3499938751232321 0.08595583462850624 
0.08422764361044317 0.39557819572540814 0.04165324466607778 
0.09471465017418959 0.42868132431273426 0.0029094694185260515 
0.12613518995908135 0.0037376380762008635 0.3764131965452663 
0.1288898856628468 0.04325324232297623 0.35348474226058 
0.11887379768845856 0.09170924142643137 0.2957093144188867 
0.123748168876179 0.13166354063052887 0.25546920677829754 
0.12954365389807587 0.17156628944791277 0.211125713053551 
0.1398275960710398 0.20164255423221009 0.16685412004479802 
0.14715234404730823 0.24973947572010657 0.126297233857713 
0.1172018833213166 0.31758454857032786 0.08471665663820416 
0.1339870736617208 0.3462518659025212 0.04167173104366331 
0.13270984212830336 0.38468662086857375 0.00449389396204299 
0.17733213734196018 0.0040958912403647255 0.3399010084411293 
0.18454856732611466 0.05158887878676412 0.3074885628265781 
0.16198042667865045 0.09908407026258811 0.2555609162044492 
0.17428186847336144 0.13575645686508844 0.21739138101373898 
0.16613026266205627 0.1770143832687075 0.1676723364956344 
0.17739159245670616 0.22685983864889925 0.13218929491311066 
0.17325252752843082 0.26188521420543565 0.08478510816542331 
0.16983361561512486 0.3070340938070638 0.04260773362406871 
0.18301844777731038 0.36518706901868636 0.004986048874699327 
0.21070614598285814 1.0871569221812543E-5 0.2958974524188648 
0.22315462482764428 0.0471206196567449 0.26358640411354345 
0.21200563275462472 0.0869570359436523 0.22456927017735462 
0.21634567841529262 0.1325695700530226 0.181355994379797 
0.21870645372478204 0.17431620450326957 0.12684088957955653 
0.21798319952317816 0.215564014570889 0.09008619385421981 
0.21639197551415543 0.2626518960534644 0.0428021719036655 
0.21461070255143255 0.30407003402238475 0.0030576132524884584 
0.2655143165124574 0.005995697488212133 0.2656677578336707 
0.2593681994651453 0.05289388001308826 0.21578917021412886 
0.24664888777935762 0.10431012632536557 0.1717888030990045 
0.27093100541319776 0.13365655880121052 0.13096280071922586 
0.2710901210604084 0.17676124335630722 0.09266552493109244 
0.26341874648772307 0.2202358691844041 0.04317229726732107 
0.26443293901231363 0.2573795994398778 0.0036373263554226286 
0.30600170061689586 0.005224187680282726 0.2158276365522178 
0.2993878213599214 0.05157119274480174 0.1717888030990045 
0.30921179242521984 0.08419253594245087 0.1295103814972145 
0.3133090310259605 0.13461379292917286 0.09415822633864067 
0.305010163881253 0.17452300454619496 0.04293654931863954 
0.30628746112895855 0.22331651090936275 0.0015079056257703753 
0.34327158167023436 0.004479022093993883 0.17376799905615245 
0.35440028925679834 0.036702351013993856 0.1376804004784329 
0.3518262590052848 0.0928963030445885 0.08995908475526145 
0.36541216509265295 0.12616290531462948 0.044816008171585486 
0.34580754386100826 0.1789088970185549 9.071374902079768E-4 
0.38706949257829654 0.006608210576817858 0.13337582169428197 
0.4098614463267083 0.04262233249155683 0.09494928769873463 
0.39979824744903003 0.08907563747887456 0.044569745987426176 
0.3963434574805407 0.13136408413820408 0.0029807693602431342 
0.4394558122031717 0.0014747926153071893 0.09010536445110941 
0.4280339719311745 0.04366647388381909 0.05121478432993285 
0.4420058426858264 0.09791462523716382 9.498787202501398E-4 
0.4854767934774165 0.0016292368198158966 0.04392993897235589 
0.4983782546446258 0.041453899423787535 9.509497090508825E-4 
0.5384509666184448 0.001036728174405832 9.503429214680987E-4 
