0.010992418372031666 0.01212786077491641 0.010354438867462653 0.011080359325752092 0.010786889669155638 0.011341756176137337 0.012473748111062399 0.010751527945973035 0.01190371757329806 0.011942910856285242 0.011941411287180534 0.015217833493926547 0.012456764157038905 0.013738277116050296 0.3375371021465454 
0.017552579873287864 0.016703157907648883 0.017443785268347962 0.017328512234510828 0.016833196555832874 0.016628161723116947 0.01660124992529472 0.01680633433061861 0.01583551815833518 0.01723425191175486 0.01684778121429192 0.010027938615880439 0.01689386838096473 0.14630689485007564 0.14674714577809278 
0.010374450636644756 0.01011529614106412 0.009578433154968626 0.008947970127986657 0.009753555468046977 0.009224066173902234 0.009763274514630745 0.008335576775101473 0.0088785184059638 0.010297451082622373 0.008177862372765281 0.009275980715176253 0.009218688986733593 0.3713218612937261 0.009338097839369506 
0.010463230042886615 0.011069223541773423 0.010729955473438444 0.010834530985843048 0.010522204727726093 0.010675483243966472 0.0103432842603613 0.010122488450959784 0.007432939428238199 0.01050853980712029 0.009629943528761857 0.010090870251183763 0.18657293323458374 0.008513107143171156 0.18834261104700417 
0.016841721252683416 0.014259289496515478 0.015596433170777734 0.015538652408446197 0.014059906602749557 0.015431711987631777 0.01510106693972798 0.009314585095626252 0.013357110773060434 0.014705811950328513 0.014379980620933892 0.014966129750779962 0.16194986909214154 0.15950051457803457 0.00905814076302564 
0.013456097981130906 0.013229368023784913 0.013378789640327108 0.013454699332000926 0.01342326890441781 0.013328112494157595 0.013435502829832075 0.01345370686901849 0.013433770585998974 0.013702746817571885 0.013582709058337555 0.0134255682316736 0.3239667292693858 0.011843096693199566 0.011154264441616275 
0.016158463792022244 0.015090028068207145 0.015875999227173768 0.015510682916058047 0.015396208455248703 0.016434625553987732 0.015983274407902398 0.015000117430171345 0.015673930376429637 0.016035574440150115 0.02127716550734509 0.15086386660828902 0.011427687102528797 0.012966558993108359 0.1518302706087154 
0.01404554209378434 0.014576511132032925 0.014449689594383844 0.013524099530687046 0.013880382448588273 0.01401079442776077 0.014281575082900858 0.016520041840745306 0.01463663140721577 0.01575995636843705 0.01444478077332184 0.16458559948630233 0.01335573169236023 0.1577282318825894 0.012535378981062311 
0.017821436339733862 0.0184838872060693 0.018049852648911287 0.01655409598766685 0.017390795791227397 0.01757418729335718 0.017363126884009733 0.01868784243419636 0.018018780680084463 0.019336919778160894 0.017799474270943264 0.13650654833697098 0.1464237809625668 0.014844318822346011 0.012447266619501622 
0.010946620937355659 0.010845115203417154 0.010852207317395534 0.010730898568507348 0.010886138383919303 0.010777131559967835 0.010972553884062208 0.012614760466106732 0.01107829665167372 0.011806042528262131 0.010064213125493932 0.3480758046183719 0.012108108222893847 0.01041577136202349 0.01074612845343412 
0.014073934707821234 0.012797234589191442 0.012502380534193084 0.01314869556919772 0.01448634589978679 0.01375428268573989 0.013083365185882132 0.013248313639956115 0.012179746338378266 0.013564932246052472 0.17409207703870055 0.01227635352847664 0.01105587227867414 0.012845623531852585 0.160521454695027 
0.009727002943859246 0.009647469394002284 0.010101141038078685 0.010379128647759807 0.010010808214727572 0.00934755222029218 0.009953331656782107 0.010413383062425948 0.010103008295563846 0.009589993779320462 0.1928430233930816 0.011706207775409027 0.006168632306070397 0.17872412493841783 0.014802031564353337 
0.01388859351630521 0.013324873399590527 0.013701092283522062 0.013398293012134273 0.013696388616889845 0.013907409967708772 0.013230456207458998 0.009904315136159152 0.013234976784131556 0.01271609889320572 0.17204724885403033 0.011182816576202343 0.17665483607923543 0.00879718366132625 0.007329867712914717 
0.013916405552426996 0.014068627174023497 0.013912463623376278 0.013507275907913969 0.013905435404162135 0.01317375963162528 0.013865010424204752 0.016166492921670286 0.014257278062513793 0.013556105809780599 0.1670554631980974 0.16144153607349843 0.009746140243372288 0.014940719626230795 0.010001116436666737 
0.010089144041299718 0.009987268708320212 0.01020753077521144 0.00965361826526991 0.009871309680615142 0.009466852583003588 0.01027676293214242 0.009906226765068306 0.010041970442637573 0.009910198256982312 0.3559975542323741 0.012289479284159117 0.009726881786656708 0.014858166011901397 0.013168848713687085 
0.01065425180714775 0.009678513133556452 0.010514625235845515 0.010524290432872658 0.010050777421005765 0.009912830392864516 0.010274215998845957 0.010207799386629272 0.010469589565800647 0.19194654800744437 0.010779025392642957 0.010674607776118247 0.008191587338669183 0.008695012500111267 0.18322698760225145 
0.017797261168252542 0.018523636851800057 0.01833373598300361 0.018016101450139318 0.017818566242453884 0.018682713519508898 0.018210410682436017 0.01552283168496612 0.01745291898000938 0.14113716831294043 0.014690995167319618 0.009685632908340324 0.013379385018585129 0.15364614442116933 0.014174769541692975 
0.020671818777621837 0.019976457649994846 0.020498903746936234 0.02645610459372137 0.022110110814699508 0.021834901605282772 0.021140618326954144 0.021732717727001645 0.01849000516250355 0.12638395302912397 0.015717720714792535 0.012398523578816845 0.13097043310487308 0.013339677575353096 0.014140518461746231 
0.009283356508333597 0.009381525373069511 0.00996655747283339 0.009362259680784805 0.010750470311553208 0.00986307523910371 0.009894971269711294 0.011459721526742845 0.009146499630219691 0.19647697879023954 0.008747427360490405 0.19096253039540348 0.005410565707243856 0.006994021289970738 0.010154065958209254 
0.018221679414925928 0.018727210642637236 0.019982306926228155 0.018181302931000537 0.01917044730780617 0.018200867755144262 0.018980468757627798 0.018713790776609958 0.018989618961821546 0.14747340264598138 0.1423051165044608 0.013088041051694862 0.009931199603070965 0.01068583125289926 0.013145003633795936 
0.007609874662150664 0.007974083167981556 0.008826379517477964 0.007530652204554661 0.007569008081415835 0.007624806090508115 0.005495646156522919 0.007509073910403088 0.006703450789879285 0.37765045741995695 0.013662546210544337 0.012899681134320263 0.009847165405261024 0.011437953799803129 0.012138813579966292 
0.011863959069686297 0.011519523297612745 0.011923372074486932 0.010838864652433207 0.011108884813041967 0.011747463210696151 0.011631358703240734 0.011860481820993803 0.17741919794448993 0.011528900738301193 0.012735892777877523 0.01078589087962438 0.018264090526844853 0.012385517385000103 0.17270568439551287 
0.01719725103427803 0.015429225569283824 0.016915022567660594 0.017099862265560158 0.01607850655613439 0.01649839070050425 0.016491603126666553 0.016809756172662216 0.15907860351004574 0.007859072927653598 0.01246375847439802 0.011469239025556301 0.012292034338157483 0.15958646110676009 0.00932325092171419 
0.016719915209973922 0.015293543347428341 0.01594664723461347 0.015131386740527887 0.015184184608370078 0.01560741903923669 0.01544575467482342 0.01658213622932275 0.16081544373589837 0.014642924660052544 0.013785683336688136 0.0192585221459937 0.1446887750062436 0.013043810344730927 0.013072438528666195 
0.010889331923653277 0.01066660720687429 0.014487614238429463 0.010950211083197782 0.012058594686438641 0.01203864299993768 0.012745066559777635 0.012106863354318747 0.18562862903512442 0.012319353738496573 0.013400793878101247 0.16777323183410567 0.007922665134406938 0.012046936547643583 0.009919865467378917 
0.012175070968512013 0.011923755194316859 0.012132069752093815 0.011690105839695064 0.012237705684882225 0.012275295567806937 0.012982583047437072 0.01211299777013699 0.18419671019669234 0.00597508468471484 0.17134279500296903 0.012739187504798608 0.011361033327495279 0.013221639636018443 0.012363247493490853 
0.017052874899408595 0.017877777695161346 0.01890862952469412 0.016978454686282916 0.01720482145143062 0.016222867442332842 0.01759744258231501 0.012982717680755606 0.15521982974985962 0.14904677375823033 0.011835245298852054 0.013600132218906921 0.012047029512699961 0.014505303205095401 0.01397890616986506 
0.011981789609100072 0.013745447066160743 0.013471619458486333 0.013110398780787425 0.012514993440821283 0.013710937256835807 0.013728898325780782 0.013580492212845248 0.3277536781068669 0.011846473682743568 0.011513226342915956 0.01680023384947147 0.012231838156265702 0.01109858326819287 0.010566350048966148 
0.01949326145796337 0.018875236832952422 0.01924944532858891 0.018979126681368558 0.01190023190378801 0.018629742223754284 0.018124797898416253 0.15408233541178804 0.013369090159189256 0.012522866310753954 0.010744057235849643 0.011071109985279232 0.011886431518715853 0.01198300853919932 0.1546500972099532 
0.01346667877471015 0.014202486194190173 0.01394198892571713 0.01372681510591824 0.01493861881144098 0.014032716135555689 0.010537263232284275 0.16858485734537904 0.012143263688174382 0.016599143450658473 0.010419628605513178 0.005458709379711154 0.014438205865639653 0.1735456756475539 0.009355739146626327 
0.011493343398084964 0.011282309048527141 0.011177559125908825 0.011290847696689919 0.012085203457693934 0.011400074451330159 0.011321478328732105 0.1887532209048083 0.012367343696413754 0.0071116643450877355 0.008221011286934012 0.010435603254465868 0.18576313178602508 0.007327830911327795 0.008366230336062298 
0.011390476675824128 0.011271991862021187 0.011249618813842037 0.011108989715647801 0.012739525187405022 0.011781104771870343 0.011949109597814504 0.19122303553524642 0.012100184273000927 0.013072600452252297 0.013582693233887942 0.16990239958001796 0.00797917400222517 0.012021715410749891 0.006219757217385263 
0.010905883889768255 0.011232372432575513 0.012868374859355967 0.011222115031972494 0.011235582451945784 0.010688801829624405 0.011653058679994053 0.19751799657940847 0.00398651388979613 0.00768388067639568 0.1960808134578112 0.008830417713237308 4.442250781782785E-4 0.006727925798782962 0.006927832443302723 
0.011204701849274036 0.011521460481451818 0.011397164502185201 0.010548562459506052 0.011306751293921837 0.011783108189271524 0.011430336149620742 0.19343756981888977 0.010903386538912905 0.18397487299295487 0.00517125986676644 0.006740984776994034 0.005186289281013936 0.007296327575471295 0.013306120574193715 
0.010363275429008337 0.011179758676477539 0.010958479433248233 0.008560639945744053 0.010401915696205235 0.009589509807927086 0.009627940751139267 0.1916566552801678 0.19108346740091595 0.011604949033751397 0.012301752541708812 0.008576530629199296 0.005443317873137439 0.007308266138530404 0.006805184153888302 
0.005218166617970235 0.005374382439855605 0.006157164774293741 0.005369362184801525 0.00537589103542404 0.005114272818615705 0.005575640956842548 0.4221951156345351 0.006617927121960964 0.01200121013706561 0.007184769303305004 0.008850597256060765 4.4524023502356724E-4 0.005598225232210291 0.0069278324900219285 
0.00927654395931432 0.00917271089198082 0.012189530001090706 0.010895598685601703 0.011453654362112507 0.01055183475831702 0.18704922398931742 0.012110977929049133 0.01253429712224055 0.00744850711024515 0.011456061047103422 0.011500350357660127 0.008677347338674415 0.012018379990795528 0.17876794397046697 
0.014392909199477092 0.016272450793562217 0.010038031340762409 0.013105848358225092 0.014489114105929098 0.013283858440639769 0.17473038188870887 0.012651533684870016 0.01221652650420073 0.01528627953710466 0.014997884682406237 0.0034666692482519376 0.008746242654462555 0.1711616085272651 0.010434238974424224 
0.015590118915145149 0.014274435888297589 0.015790434692583635 0.015197412997206991 0.012581128509254075 0.014862620527284659 0.1644100799723613 0.013429341491958137 0.016443592128423397 0.012006380763908425 0.013803664095707826 0.01270512728093659 0.1648882024194523 0.008297315148146642 0.010092003219800385 
0.014468333947979063 0.013230104513118311 0.014754466526524275 0.013974502147862363 0.014440481885154411 0.014434132645902105 0.17046034783674277 0.013602199086241176 0.016469588584767485 0.012488228400750461 0.014338549730628165 0.16340132474634803 0.009935536668217724 0.011130781119752357 0.010192566634181912 
0.020932658708904466 0.0205011968441848 0.01953283861660806 0.019536589357074998 0.01990114530304749 0.020652553207645964 0.14424211556495928 0.012908045209118429 0.011985635357319072 0.017126351276040595 0.14469868939499195 0.013793719858763223 0.013271476742748685 0.013124565755516343 0.013083694530913428 
0.013799158391025496 0.013858925765657878 0.014600626715649982 0.013559563083494371 0.013850277666125031 0.014177903791948035 0.1747793637252764 0.012787419821135645 0.0119694206785724 0.1755487707640606 0.012219987710082977 0.0069907284954587225 0.0065294811362754356 0.007679140969905188 0.012138758207289874 
0.016128280088431576 0.015648991559743662 0.014887439674304441 0.01603233863155175 0.015414042670898959 0.015554868356372598 0.1734881585849314 0.013089790546574264 0.16694054722821597 0.012080837848930047 0.00629589258836791 0.009144953742872932 0.01129634587127306 0.00895659557613169 0.013160379177760657 
0.014439095938699057 0.01413392279808511 0.015788629086863223 0.014678543156704036 0.014608609976526365 0.014261610776006893 0.18328395502080697 0.1842672151900533 0.01173795453814976 0.009129910776841258 0.00532612205316753 0.006933554827762327 0.005376146063292935 0.007597242860420363 0.006686788113664394 
0.010742329613063362 0.01063135694496136 0.011641202933264549 0.011044482610429944 0.011110951276512002 0.011316492732359238 0.3383698581258193 0.010372911248410537 0.014839113419794657 0.010580285231460457 0.012135237992762133 0.017838712476628476 0.01334710255396405 0.008940751850002955 0.012372100534789486 
0.01881683121589359 0.01823609835079058 0.01971359935541507 0.018185936046720762 0.018235246333009474 0.16303365267049588 0.010669658488864713 0.011704282733337642 0.01440341869727368 0.010733679641188536 0.012341607694963966 0.012479430537543244 0.01373797857200263 0.012168464878941482 0.15265959784602648 
0.01254466755582357 0.013218553195796064 0.008466119347708601 0.010803200161146172 0.010959399931584252 0.18102420430896363 0.01617913619935682 0.0169443318566418 0.012284239610498338 0.0051495184029578854 0.01140947243782728 0.011506428531380746 0.011278921262265007 0.173433772958584 0.013189821765140254 
0.008908473830565585 0.00882630474203826 0.008915492156572254 0.00887075591562522 0.008637037964213735 0.19044664005137307 0.0028800919486356175 0.010529387805505558 0.012642932956627405 0.012738056856846099 0.007647527511318076 0.00850596345940814 0.1955936028732578 0.00885997047026776 0.013165551781870618 
0.014497417215026303 0.013813604427250563 0.014177400872571539 0.013987794000777083 0.01374244804620369 0.17686122693585296 0.012321035707201352 0.011500239645577243 0.012518408618173667 0.014829708685496053 0.013325748335470034 0.16979515752818683 0.0040411601582776725 0.01111412119771893 0.010204445641529631 
0.015013029680109561 0.014702490019453519 0.014771647784504943 0.014399315631225804 0.014858260548924498 0.16505446525286002 0.01901086918780604 0.010145973716011046 0.01210314009264741 0.0060176010853124455 0.16578454695067024 0.013849994697775484 0.013237726900025228 0.014851190981238192 0.014023699224263326 
0.016595698764164304 0.015485246170072364 0.017065741168590158 0.0161259636382929 0.01588061262284079 0.17285278619974662 0.004675204400276469 0.017480793931939177 0.009868577933441243 0.16310035330487313 0.011975495653079603 0.014095623741270654 0.008836554948642977 0.013772944306093333 0.007690488846314672 
0.019045129322790903 0.018468113395953046 0.0188844590796963 0.017636888349936188 0.019670321171051046 0.15140798294262822 0.020328574576204995 0.013037271807017504 0.146165940223545 0.01144396420873104 0.013434237791527597 0.013577312026497678 0.016080164880121803 0.013275769456726335 0.013116456782518122 
0.01829128518477083 0.017138789642540297 0.017776285830836607 0.0176973678362567 0.018350926821801547 0.15515899970974192 0.020674393806956314 0.15700091862456517 0.01115176745794989 0.008900879883701364 0.0155070191365486 0.01602784503545399 0.005021369666018099 0.01293477716649368 0.013848066750381293 
0.01837627885179979 0.018314322832413205 0.019541982940782947 0.019177441652457477 0.019224527724817284 0.15860599694274968 0.14230492863285538 0.015403410326273244 0.017435042335115534 0.008917735038268917 0.01593495125499768 0.017481407701614174 0.013295812256025243 0.011246011258261867 0.012425920473910763 
0.009756705717132722 0.009902424052052152 0.00973252680272879 0.009591965753039347 0.0089506888930726 0.3794209812696025 0.007865844876646213 0.008363327084746065 0.008845953112365287 0.009374664041154316 0.01618325759342483 0.006431124296403838 0.005394429382264789 0.008927434914365588 0.0083473781589228 
0.01565073296967074 0.015162544575291769 0.016046262693467334 0.015450729085011165 0.1648395414259125 0.015480627415482659 0.010058029025984674 0.01149520925191734 0.012516043211522719 0.01014278870683188 0.010867181876214271 0.012426329723707602 0.011974569878948035 0.01911265928800776 0.1634369071388631 
0.014409078044167613 0.013829695079689674 0.015155535048787286 0.0143798069506212 0.16634102580793753 0.016098055246469962 0.014784101554461597 0.01267342534935925 0.012699383811886403 0.012953921175347773 0.013854946185134396 0.013005880398124213 0.016110695345233142 0.16280668536209983 0.008765597135126063 
0.011004155466509754 0.008780763671233758 0.010693881184709415 0.005885073838539073 0.19262564780599234 0.006776672048171714 0.01333742345886772 0.008887102269346229 0.011698968812520144 0.0072232624536284346 0.012964667180143852 0.002448069377347191 0.1956700274458007 0.009125851951260516 0.008544051333907867 
0.011274917302643454 0.011083789200673811 0.01051922171126458 0.01119096161694733 0.196798657407247 0.013622893881255583 0.008057801132568435 0.00803841601782221 0.012985422091533654 0.013049014913391742 0.01177356698341059 0.16961940065996742 0.006926846717303878 0.010496469717748437 0.010825182813158484 
0.012238936105870946 0.012014141191028407 0.01217664047854385 0.011252780716097447 0.19019035137610477 0.014786181783643892 0.00843543198324021 0.014561587404899153 0.012471162815847668 0.009992311532626098 0.1812031155666635 0.008626347521753638 0.00327497101073023 0.007661865747555065 0.007381417251086524 
0.017637795038805935 0.018548882243744524 0.018845762289505758 0.01869393324077365 0.162940834403036 0.013387461797412329 0.013669023505179567 0.009418153191408077 0.014295435584731822 0.16058656386266068 0.008038128329528363 0.012783895923885596 0.01255953809307881 0.009765182933015207 0.013298056728423734 
0.010123437452526847 0.010921248764971482 0.011132272338035954 0.010015251889152055 0.19603957605979516 0.012690306283640002 0.01414147287988289 0.009474447276203538 0.18567036256887987 0.012401169743955779 0.006283374697898648 0.0085696264365149 0.00706687825094824 0.006389932964533495 0.006837767683569594 
0.011348678470065788 0.011914293685556285 0.011678117330158075 0.011618598215570647 0.18780016980098113 0.012938923126640299 0.013517125362960639 0.1836341529911599 0.003243866028785236 0.01204148306878963 0.007916995141274339 0.00834994188644533 0.012038158704047234 0.009360720725320628 0.008875178710751138 
0.02016253220453738 0.019127947774175095 0.020787647786484682 0.020493967923208532 0.16446371678477723 0.012803537119755537 0.16170172689461346 0.009626137731103452 0.014837034946236092 0.011963308502267645 0.010441664358517365 0.008716414983668224 0.013556257867274473 0.00771749397656846 0.008162965678180183 
0.009793007942378064 0.00995442436505653 0.010445892436955264 0.009961409455392697 0.17689099956532905 0.1809212503919454 0.008700064280732847 0.012510203331589266 0.008664851734488901 0.01792498875850751 0.015093946495587793 0.014172369014674356 0.011438632019931618 0.009012629529704618 0.01278504926724142 
0.010554501858659127 0.008443065950680586 0.0098968881133331 0.005506496276940942 0.3463670607771942 0.014017826422070341 0.01074710794082922 0.012164340094357268 0.01824896081431612 0.011676212700731886 0.0032398831030342476 0.01365207713485435 0.017419871869411255 0.010567628920233116 0.013092118799023689 
0.011523403045987438 0.01091397867363298 0.011934885970153498 0.17868400862756784 0.01436156039876868 0.01253062460209242 0.010144567442988426 0.010647358238742898 0.012186772578200562 0.0130610722238247 0.010075797365588968 0.01239441746916003 0.010462344997379724 0.013873270801687628 0.17503402257438838 
0.014129909797708742 0.013874176008451682 0.014933077222340023 0.17625062313020878 0.016277400628749692 0.013115113770651072 0.010549022207052037 0.012811097714808296 0.01425822898119952 0.013695915775781494 0.010645595969026369 0.015691980267608065 0.012223487482826196 0.15601229674514164 0.01306562180857656 
0.019163718460007348 0.018782847590226533 0.019472410719055422 0.17090202463686419 0.00757902228573526 0.011872981860696142 0.01120996763108231 0.01774115372614417 0.009802007974041117 0.013116751754824966 0.01554855336033252 0.011348303674862155 0.16784507502354706 0.001998771129687199 0.011854085602638885 
0.018054542765443726 0.017838872303091936 0.018440793242931002 0.15948264650282673 0.014433150637839084 0.02510712162076611 0.01949708505914772 0.016072775050192216 0.014824329599580403 0.01626462672764 0.01538749233202456 0.13661003988843567 0.009835742138521186 0.01132781630387073 0.013435656322378371 
0.01720046461185809 0.017113279992202073 0.017576763367986435 0.162348271323647 0.013576738133736724 0.023189329684129532 0.01146879724894278 0.011734401245056883 0.015298714465493572 0.013189922844169047 0.15503032868247613 0.01127440407852998 0.011003893555676908 0.0146516204242861 0.011652859196550168 
0.018910815324679645 0.01703676265015103 0.018633627973061315 0.1625139948434331 0.013755858197187094 0.011825571150324397 0.01028628765644889 0.017364756740915206 0.007431002758023433 0.16852767675163843 0.013988375490730134 0.011413298777334295 0.011716841812761601 0.011569412412898517 0.013292925133786616 
0.017376824511024982 0.01693101577265033 0.01851224762654121 0.14192237255823428 0.02818737732714851 0.02272859938011375 0.020357830789433557 0.023076719507042754 0.13190382472794182 0.009248130387286582 0.015145103838051633 0.016425059253811006 0.015983979726966104 0.016834211363441157 0.012771074501403743 
0.016598234598130774 0.016417746322693366 0.01691246613779968 0.15445722976375062 0.02578515061436041 0.015278614710501308 0.02045616409424269 0.1303258205972094 0.016933462082171627 0.019883945307034547 0.015296662386969627 0.015708073750034652 0.011958609064753361 0.01675731893861174 0.011598835082746515 
0.011817177112065782 0.011680933364728138 0.01249876708699565 0.1749530318027365 0.014013262431008795 0.012481433255753327 0.16342853762454548 0.016985783576281086 0.018115040506759585 0.014967356389689346 0.006695731603466182 0.010601068634904811 0.015733169776895907 0.011118962989820114 0.01245295430829428 
0.01096754406159104 0.010786194701937299 0.011169439422937055 0.1750959705567719 0.013993123690999093 0.17158903662246056 0.01301554200065732 0.02117923894413468 0.010988560977684112 0.01724240282570215 0.00910808508862021 0.01001019935196936 0.011801114742150882 0.012210152262319324 0.010184053866639575 
0.018672475854932223 0.01899634097167474 0.0196230657907633 0.16935955880721015 0.14506816872326336 0.013840247991819241 0.01262397211951313 0.010024541324082687 0.016504421170114518 0.019540446534923536 0.00910907034308453 0.01685259969265376 0.012552878111271624 0.015562748988832259 0.008457862798384678 
0.0056786648022975955 0.005626814511460299 0.0063743471233087415 0.3515467348003287 0.012716497686867001 0.01025314912406446 0.0129690783564346 0.018168778844089566 0.01031230244489445 0.007593508859438405 0.01312283622156407 0.01548723021486048 0.01135186434937362 0.008681940490429437 0.013351340911215991 
0.01493653161767401 0.011952420080262928 0.1907723662721892 0.008903587037196164 0.011789703232346795 0.003854407511640642 0.01004087572888226 0.011670504158583875 0.005244934013925601 0.012049195445992797 0.010634019646115486 0.010650946191247259 0.00823861403332124 0.005847731747000072 0.18720498873116875 
0.020626258197708653 0.019485335746989806 0.14664574394705532 0.00903106644483026 0.0130920233862763 0.01093246048922682 0.015179926296021582 0.013465632030698413 0.014500664858064127 0.011507244145075627 0.032478785432311905 0.01245526284849963 0.013137340117474094 0.16169337452277657 0.014126358952490212 
0.013031693571117964 0.00959809217007312 0.18025923443776434 0.008335353378471801 0.012579945242018813 0.013041253495189926 0.01243393056461598 0.013696879473148273 0.011582073769892284 0.012843515638240887 0.010925641514763341 0.008997323083359536 0.17013674242401497 0.016737019095290205 0.013074691606440295 
0.012339447949029133 0.013088898924725634 0.18004576636749203 0.009939018887602402 0.010394323018889382 0.012684608371989235 0.01198755489382349 0.01815393794247485 0.01283107603512433 0.01753575360871972 0.012106987639554739 0.16991044872830613 0.013269324865897254 0.009414989846573683 0.0034446553203454893 
0.018471527850715423 0.016800248662243257 0.17074136659992928 0.014003743096639128 0.011679738788495085 0.008748026424385847 0.012716605024265505 0.013872801999156947 0.011182693093325318 0.013697228069416827 0.1660764031988788 0.013879468886030885 0.012939705205005368 0.007329359721345954 0.015367187262792677 
0.011595210211860357 0.012809565393376784 0.17264970175572777 0.00808950415215724 0.013176307425020066 0.012352907488974529 0.011282170934013838 0.016606808416896556 0.02317923551717424 0.16839056775970893 0.014104592712558444 0.002834854841874913 0.012355967732096136 0.013038786806258975 0.013224925629962268 
0.021937717170927955 0.022638236549941144 0.14498504033334636 0.02171602925196504 0.022839862769221522 0.02687359960112314 0.01971040441377131 0.014522778883428846 0.1207318768031876 0.018080644657530637 0.015961154946794908 0.01365649011490203 0.012664909603313188 0.016836348329353015 0.015133504903277969 
0.018424585480074668 0.018025267797169967 0.1775329226891414 0.02461032539565195 0.016137700343543653 0.011775731354231926 0.01894918832804914 0.16720781421393927 0.006464807095597084 0.006448179988091076 0.002300625388560033 0.012976122477316944 0.011092699827868655 0.009358604460075292 0.0070538499429511235 
0.01175978934824474 0.012431539251749312 0.184071681675343 0.009202531650496322 0.01298518317280328 0.013269767838350138 0.18715493659027582 0.003918492843766258 0.011271761897387086 0.009431616768283416 0.003988942125528532 0.013859784884189805 0.00987474279514239 0.013976591393042451 0.010111462722072908 
0.02461499045661598 0.018366802260152654 0.14277031361633855 0.027673531348792933 0.019743757882817927 0.12692902502621806 0.022198294651604385 0.021152112435225075 0.01857134541311756 0.00904727288498817 0.015047893694048506 0.013510558020907708 0.011932102287912258 0.018238738051843065 0.01744958868657562 
0.018317400855691137 0.020234529635674996 0.18919022423147358 0.013657967653368684 0.18578780239634168 0.015185233521022454 0.014479065137134364 0.009439550166391142 0.004999639350650306 0.008807468993179956 0.006119039077712616 0.0034602663313314684 0.006928154635864924 0.006459751203258494 0.004281269984863733 
0.018673175350608882 0.01845768700439021 0.17622042719779776 0.1605449883994601 0.009301247940262505 0.012241210854465124 0.004833796438965855 0.021925166820756976 0.008358666919359999 0.013667128586220037 0.016390796632327807 0.009554874963897533 0.011449524649008535 0.011310379639544413 0.015135902021587665 
0.00197697510419441 0.0019429293431292747 0.3857151590468605 0.00728391876501394 0.008457112179647097 0.010676277043619458 0.013526318858375125 0.010449387358112723 0.014233774849939491 0.004257465624486256 0.005469053305474496 0.01280926957471244 0.006986626797287541 0.009055027511430886 0.012837804708294313 
0.011645891823300471 0.17880249209255605 0.009894843187759702 0.006786959886260012 0.009174900902108795 0.013040694273703237 0.0086524032536508 0.013655288622429753 0.01020596856125721 0.010951316385863047 0.01259441745979404 0.0062858270410253055 0.011262465035275442 0.017957996925525917 0.18293741925639304 
0.010906810980670098 0.17612751224552647 0.0147234363764129 0.013355083436644072 0.014384214332309454 0.012011501218473645 0.016640877691995164 0.014563187262807857 0.012193367753563816 0.012714831626850154 0.00907291558917489 0.012562821332682411 0.012793734993442225 0.16216948404735598 0.0141260348391306 
0.017852315722043377 0.16778033186412183 0.0088384276815208 0.014799022212193291 0.015500190190484202 0.013064352423148455 0.016182718439722184 0.016266600026829017 0.01656709431754166 0.017678930688052888 0.009618666551899252 0.017907894697153644 0.15123586964509267 0.012865167732590872 0.01117015159456067 
0.017695562630068037 0.16188044077913488 0.015399749489303395 0.020511703499749002 0.012992045028070307 0.01799966511667975 0.023092788336995466 0.013524230564623452 0.014472860550542019 0.014814227563712014 0.01844860971960721 0.14138460352258736 0.012713038447067527 0.012322711908597024 0.010191465761359906 
0.019130273265940877 0.1751222973407054 0.016514613847305966 0.008202570282241724 0.014738690595425886 0.012018872678811014 0.007072918522042627 0.014122774477648502 0.011838753709379063 0.012162842862949923 0.16408982134286768 0.013762107116816823 0.012380785772001485 0.01507326266184198 0.011146435592209927 
0.010096144358053644 0.17042988229114883 0.015465684411357162 0.013298248879493334 0.0181569891092178 0.013588118889796814 0.020760607767889253 0.01669862254936686 0.014754237176081325 0.14984818350483006 0.012734003028759966 0.01278701214749007 0.01322964629634466 0.012305676318001243 0.013326843181626188 
0.013621039737528703 0.1753289114230317 0.011749433318844147 0.011386397742199567 0.017423163806889984 0.015614548170165974 0.015004550031756145 0.01390155167728946 0.16954681376986802 0.012079427616365388 0.012417090894933468 0.0053597585595198 0.007660605436688252 0.012303329702350275 0.010689276477816095 
0.018829978029160435 0.17857658752071248 0.010176879182083652 0.010796210987812024 0.018964023917591243 0.010838791476368294 0.008975256976395849 0.174847056717529 0.009793326330072986 0.016884808930257494 0.013510037461044679 0.010897690593690381 0.005253604390534236 0.013087142063325948 0.006997262297159243 
0.022724549119883992 0.14795748978935677 0.014482556698993374 0.021211788638915624 0.013821926789393502 0.014976904617728558 0.14704948642943058 0.020435841407094108 0.017581781417147325 0.018997102341647604 0.011916356971461737 0.008338761484722875 0.01957786078092257 0.011904060752982048 0.017290017191293666 
0.024057265309511768 0.17846597669514275 0.018356365814570893 0.011648128280931227 0.016266026560124484 0.1596172028084499 0.007444232364131292 0.012712448043152063 0.012001532589282047 0.011965264610269455 0.012969122784187973 0.015868672588726894 0.005199613947173309 0.013254713362224196 0.00845889293361433 
0.007599677829312423 0.17394500860189022 0.011794469028889741 0.014920578413848928 0.1670633206738502 0.009274521180208837 0.018872737882003294 0.009791218816264642 0.016788600251039384 0.01165703857802111 0.009922908901215744 0.016658190399343513 0.012329124899060892 0.015644305314617975 0.011339216461609517 
0.013682334848130839 0.17677966151275593 0.011842034922996077 0.17013875673241088 0.012706419029367458 0.010823202510605246 0.00325441157797577 0.017751925560494496 0.011664717174038455 0.015976240690105465 0.0131906377157158 0.011364978307181757 0.01110486244777149 0.012269965735916164 0.010893146761195864 
0.01820775324415265 0.17116885024791773 0.16695567572355377 0.008645446616894384 0.012653959921846671 0.013324818332310213 0.017853217835331846 0.012937789589348346 0.013836510681984502 0.009339078686051341 0.013974359956866085 0.01472675261754192 0.010888681359315686 0.013134644083331742 0.006467884893971611 
0.013095618998621734 0.30255524249978233 0.013164314971739883 0.01602156592011355 0.014446976882193876 0.02134439214931359 0.007075981788763957 0.015164115574855542 0.01627932359612669 0.01825665567966995 0.015521678716685687 0.00952102515965574 0.01953308376214775 0.013159662169450326 0.013235379748691524 
0.16798820611375098 0.020441176046405232 0.016592095189421084 0.01552686082678447 0.015492242582554829 0.017931240841542358 0.011602156052883452 0.015226140036358218 0.007781942774751112 0.012353696185684913 0.01380352577059703 0.011348521347893558 0.010983736445803189 0.011956651965522824 0.15441901470119318 
0.17112147572806238 0.015904308398201204 0.014722764174153944 0.013354473706889062 0.014383557617319805 0.012010952830308945 0.01664011794846182 0.014562522376763226 0.012207923447724157 0.012714925565990624 0.009072982621277006 0.01256291414874734 0.012793829515532958 0.1621706821805589 0.014126139204458429 
0.18306374097417927 0.008451296745516214 0.011376879280186953 0.010799738267064094 0.007798346750866461 0.014230760425652472 0.010936585637625066 0.011672117497818603 0.007234212684393892 0.010297661076910694 0.014314522206416566 0.010530103615067152 0.17892409630710726 0.016703686543046613 0.01120566691274422 
0.15821904261848818 0.01925412596549612 0.015880687042304928 0.014868976681545725 0.018057354678497662 0.017274805849008333 0.013137901599644862 0.02036824082399733 0.015688181674422343 0.015461115011095665 0.014073310714481481 0.13439623807480444 0.020580756106786408 0.01670884628819896 0.014308584460953469 
0.15632157384173218 0.023474812179614946 0.014493007251672942 0.011362743306274422 0.01303446145178986 0.022195237099706028 0.01239081115304007 0.011312200286309162 0.014982976220611866 0.013689239958782408 0.166300426683498 0.01085161656768089 0.009518049468455822 0.014131686122450415 0.013481636044184482 
0.17350384235175179 0.008029850893182703 0.013903985525399577 0.012993996842429564 0.018065928923106718 0.015958400248434427 0.013403320369048264 0.011986463042306644 0.014137253946791392 0.16213331048544075 0.014393000262848532 0.014011608996303451 0.012517352861341311 0.007537596852015287 0.013228519207509414 
0.16376100416317144 0.017655806410643453 0.009534705121832254 0.015966816086618794 0.016896586166608007 0.00923589008983731 0.017666849844003765 0.013713277516450958 0.15951961732887765 0.01910944445661019 0.014274810224613783 0.01660400141014836 0.015251188711839971 0.003930912522940185 0.010503745424721581 
0.16561578687932652 0.0109599062135921 0.015099712538936128 0.012758761692515197 0.019323215024689925 0.015197056277241099 0.01220971099071508 0.1570066542678113 0.017432706342052427 0.019248196964039968 0.014396051861422158 0.013184137356723993 0.012240570960830508 0.005999316557423115 0.013175016697476498 
0.16616375177803247 0.021470127527329536 0.015919760074147797 0.010803563989162636 0.01432022816021564 0.01609931570473327 0.16473805249503115 0.00979047104577772 0.016333043656573256 0.011920532349656586 0.015871724008427547 0.01686292976632361 0.012099629554562705 0.004689818243048815 0.011220163987545826 
0.16573837764464647 0.01306601699553779 0.023831938462288177 0.010686065706377382 0.01842469651832713 0.15016697606928106 0.006381291822564895 0.015580776581859449 0.011310076018328293 0.011015905455138864 0.0133563662972685 0.01498422404130727 0.01836184794850359 0.012837274256537221 0.02254336563787135 
0.16885085793156474 0.01879121637769163 0.014768929590970392 0.01694801914262394 0.16407985797042324 0.010357788703675905 0.020155040718862264 0.009502037976020726 0.013971755839874202 0.011855632918863778 0.014787867978017557 0.00884313434525493 0.010913262520854021 0.00794659609052144 0.012678341113257026 
0.18173519371530636 0.012495978753165207 0.015277245208008711 0.18573449262207695 0.01348346428787501 0.011485752125798875 0.003453632569780806 0.01883854828713993 0.0018333141003071373 0.010128534977465322 0.010666871046068022 7.753218289068876E-4 0.011026363480205347 0.012990234734374198 0.013358180820318118 
0.18852043383661377 0.008600870574740469 0.1737834556679227 0.002688204366242984 0.012952654544586722 0.013639348456431888 0.01827464007777263 0.013243183964259296 0.004802609969650748 0.006247565866045449 0.013906199352496823 0.014649177616094943 0.007629083697998299 0.012983498937159658 0.012199058289460265 
0.19442593497766272 0.19430124094341375 0.003518167296447476 0.003426879886030724 0.01635230562506433 0.00589570982840086 0.0031343102111397753 0.007060252023313627 0.010954810713479597 0.01354382390364411 0.011050524260386992 0.012845425156453231 0.008911510769471347 0.012790785837513311 0.010147388692286386 
0.3261015110487006 0.008044145722799073 0.013806380170307773 0.016178462341697508 0.011989538947064884 0.013271479511981031 0.008615744405793178 0.0176464908066342 0.011672876703874022 0.010258729139570592 0.013713000400603503 0.016372596462432335 0.011211124239013619 0.01303491129200834 0.012198960687865001 
0.017336277793855458 0.017099965899495598 0.01751330756154453 0.0174123143788858 0.0168200744081674 0.017394339833775696 0.01740646726343097 0.016409043616226 0.017546023599793972 0.017607200189386434 0.017821604978061453 0.017063559606705324 0.01766556671603245 0.017346741016468856 0.2629333391230691 
0.017971980116069302 0.01777207345648202 0.017971426665171604 0.017965500700986202 0.018005451928387612 0.017573351798898684 0.01789648900642333 0.0178235104490746 0.01807470261292347 0.014249933433598788 0.017904249380171777 0.01607841656830382 0.014479900673870299 0.26072987063604797 0.018428777111155585 
0.017508273479502616 0.018101105894665702 0.017736908628411874 0.017832717451713442 0.017291032548092642 0.01713919781438695 0.01701963742059931 0.017577746411395263 0.015532660998726027 0.017751716830657564 0.017588790895803043 0.017163785202321192 0.2680322663698062 0.014482439311797175 0.01763113311882907 
0.0176674498719111 0.017482997906214798 0.017526909542652517 0.016827686556201434 0.017448201391267473 0.01731749265855449 0.01730540332687775 0.01644684063584617 0.017240110611628476 0.01717767121200426 0.01716714081469367 0.2695276074741922 0.016060569486634747 0.014756567660028579 0.01779499135253564 
0.017213768211705758 0.017032443746251607 0.016947632256486586 0.016836957004543556 0.017069929061181825 0.017291702838864303 0.01707714198599856 0.017749209452996708 0.01715237756401241 0.01653226513815776 0.2695187258878235 0.017580496355016486 0.015908374908953124 0.01676147316417724 0.017602786559281054 
0.018019894675156665 0.017726373980235615 0.01802683221378231 0.017593594404793775 0.017777709887587863 0.016823047892525523 0.017876256200662206 0.017605952201944424 0.017569875467550962 0.2647794310198653 0.016595230483748044 0.01771633457255298 0.01631576534112324 0.01648328783594779 0.015637834794048837 
0.01702225265795235 0.01654025514120287 0.01671832364286597 0.016456786869065536 0.016061691714233918 0.01651108858896563 0.017345568886618576 0.016382662482950276 0.2671862400233205 0.016598560535999812 0.019068539594631447 0.01740700485285161 0.016978592651175482 0.017978879892071364 0.015996185511804015 
0.017783232150219316 0.017247272924548637 0.017562095920307576 0.01693176654254173 0.017620728328826954 0.01843965536694482 0.017587474039633726 0.26262401475955505 0.017733637105359336 0.017476720361430127 0.014839499226822633 0.017455662595786296 0.020538916971246376 0.01675906406544848 0.0176937683286915 
0.016478220772474954 0.01665413184800957 0.015595682079633702 0.015716404911002065 0.016451026625913023 0.016667285588884053 0.26830609262414234 0.017941964703142334 0.017341056650982838 0.01732120698735474 0.016923251921088237 0.01791058589281473 0.015888508014370126 0.01738664667282312 0.018541195605551817 
0.01559881530305438 0.015302987710374744 0.016435058068353582 0.015568178556024041 0.016088854633446177 0.27104693579438177 0.017760618842082666 0.01630603712900701 0.01722025297972368 0.018491011772942687 0.017130286544079568 0.017245813487220384 0.018432289902943644 0.016699649492311845 0.017772304786747687 
0.01524222589198771 0.017625972670235888 0.016555687036304525 0.016267810581264884 0.2644812805620792 0.018316560752768687 0.019629796345229256 0.017576918506815812 0.017479111045832132 0.018289931071484793 0.015731807213972986 0.01819258495642479 0.015098206883470055 0.017355447585897157 0.01705698224901773 
0.017735542452629455 0.017573700905992626 0.018132383014498973 0.2595594894967772 0.02105964301067513 0.018406603564029234 0.019212247025719522 0.01963390699542128 0.015819082548762634 0.019483543845989368 0.015077549748007915 0.016419892466767474 0.015538372922849182 0.01668425023258519 0.01710435403014683 
0.017918588066915302 0.017723333048621188 0.2623210929470103 0.012241308148342584 0.018520549131450154 0.0202815314750036 0.01832215539093496 0.020236296255658637 0.0169199043540018 0.01908094435821869 0.016101932087749436 0.01326002551557575 0.020195270106706235 0.016584927923813317 0.017550523385016933 
0.014356239902928263 0.2642193863742768 0.01812180760100561 0.020440254250146554 0.013337977276678455 0.019640643269702412 0.0190009878489309 0.019072048151070765 0.015770051693886858 0.017595111597499758 0.014959969570797193 0.020949581549840526 0.01949407570706827 0.01640282587968272 0.0149923888148729 
0.24807207120727226 0.015867995780881165 0.020766010349876206 0.018886309569490504 0.02030123270814076 0.022004280576643238 0.017653486846236292 0.01871191074483155 0.015057901075875534 0.020932809190424843 0.021819525513979747 0.015977331130739524 0.020415594941786373 0.0129691253689173 0.014280586342083729 
