0.014078524754459457 0.014374791101485297 0.026770972582219867 0.019239125123984548 0.4532187235303504 
0.010526151607656253 0.012524833141089875 0.02853501859389324 0.07849927365789684 0.38110880130629476 
0.007320937387584482 0.007475444016335278 0.007253111434391089 0.16538384197719058 0.3226423395672798 
0.009205077963760213 0.009399348927746439 0.009119796099695873 0.23592005745678715 0.2492654522974023 
0.01248028590071064 0.004773312629292959 0.015097381458280094 0.3270226284953262 0.17456036968985164 
0.015585410996826088 0.0059609242717456705 0.018934356811493 0.4093205120125078 0.08732809967069996 
0.012976320234322799 0.012389099529887522 0.02233776575523598 0.4837270775284025 0.006386725071550289 
0.01254242155305298 0.01322860526687184 0.0863095107658958 0.002084499462644546 0.42442095033551147 
0.009724640470806156 6.61260209428456E-4 0.08853727844803566 0.08951143077112929 0.3228120540169871 
0.004147623856821419 0.004160841122645224 0.08582019805199236 0.1681210051735233 0.24820633290311223 
0.005026237170104105 0.004767076629400852 0.08786903228270321 0.2634400816964589 0.1767701078493692 
0.007189955129990698 0.007309674626826683 0.10719296376011027 0.32529178774769385 0.08688527771846634 
0.010445065393306566 0.018280328686282273 0.071817087685843 0.43230635188904526 0.0037886287519975506 
0.016369777964995454 0.0028976121472246894 0.16819257649533528 0.0010228539830704638 0.32274887202636054 
0.002715033157972755 0.0023330311459047997 0.177308815998186 0.07651485940979308 0.2516159152198446 
6.912872065434673E-4 5.940238994486776E-4 0.1697158072247407 0.1746575230322947 0.16446412745876884 
0.004035254346998822 5.896401362324771E-4 0.17229876507386846 0.24899437280722056 0.08696264266377267 
0.004753284306601954 0.004845202205508126 0.16470600928801468 0.3363386092352836 8.096995853956753E-4 
8.027313270337667E-4 0.0010276946459603583 0.26961046420229956 0.0032761671792065927 0.2637250653986459 
0.002851532907444995 0.002814506947422389 0.25394362501992457 0.09342078436440632 0.1572878586375017 
0.006538448903911027 0.0065074124909884875 0.25351504610741016 0.15357161775439304 0.0909332558641865 
0.006290750865994051 0.007568676814143304 0.2689037185254418 0.2552071416509824 7.691584668376476E-4 
1.3948963096168604E-5 0.0013612857623184248 0.3393219829447621 0.005920409619394636 0.16351396207083566 
7.599346444613673E-5 8.909933538765783E-5 0.35552908491584406 0.09041000704258498 0.08875641378652077 
7.192631656617219E-5 0.017122274930144878 0.332864995429471 0.15763289335838912 0.0023411123265326536 
3.5156524133054997E-4 3.3188471641528605E-4 0.447841315293456 2.708361514458298E-4 0.09028175356879192 
0.017588421728859775 0.001994036535740848 0.4007257910518391 0.09259480590765588 0.0020868088741959182 
0.0024791695798280634 4.97358159327292E-4 0.5119537315014117 5.160303175270988E-4 7.31680830391852E-5 
0.01940304859214798 0.07739470794442778 0.007886976926188935 0.007520534075206457 0.3990914940634825 
0.007304618615270773 0.08734777310258762 0.0068921681570741165 0.08685697126668909 0.32260967590285405 
0.0053130154312533975 0.08961871313784782 0.010333133968599636 0.16458055520590234 0.24132671613637433 
0.014448756552017415 0.08237103943989293 0.010386057490380029 0.2581139528532775 0.1737171615413142 
6.983593898116281E-4 0.08219280678822459 0.002789114136977411 0.3591393162000868 0.08934334624032197 
0.003935510158089044 0.08616518171117507 0.005464602320691924 0.4143737856034297 0.0013150809226708418 
0.001968455876565879 0.09684311424366901 0.07945974302743561 0.006315256564429219 0.3263644440818142 
0.010794418688040378 0.07631297131636207 0.07787075937378406 0.09778165393456563 0.24805846144926155 
0.010592939670365654 0.07577183929434615 0.07725622574871793 0.17741665982846924 0.1686580686658717 
0.0014473993598714677 0.09570616674222666 0.0844587322140884 0.2656625826532126 0.08980271516405106 
0.0012976869931454825 0.08637784686302255 0.08568456117587571 0.35943677916489003 0.004328478159759037 
4.5000793308952054E-5 0.07784429869445825 0.1776673021033452 0.008992916148070546 0.24754403041229872 
0.006516140164251744 0.0773989608919331 0.1642511785827774 0.09026316745766001 0.163137495467524 
0.001208213329311233 0.09341180801279611 0.1802521799392099 0.17321750623564866 0.0891866628221573 
0.004082099119227577 0.08869514682473964 0.17634379739214814 0.23960533526689748 0.0015502234556880566 
0.012821682682569446 0.08925140346316518 0.2598735035836267 0.0033911182573950678 0.17292244726372377 
0.008399415157568875 0.08126131921786588 0.2626995180029185 0.07762571691516433 0.08329598464547514 
0.0018548153153063855 0.0859566064545161 0.267188853622361 0.17842747802140546 0.004272668691324763 
0.003787736546503269 0.09700851538997442 0.3532443738049859 5.638162399129196E-4 0.08772041646770665 
4.8175163371691655E-4 0.09440978315154518 0.3295887018249519 0.08847488896418575 2.666497930003594E-4 
0.0035989177401209503 0.09265172994768116 0.44357784120747384 8.987358208315335E-4 0.0020954552176774837 
0.010006815583393015 0.16925546657943405 0.005478450109476321 0.0033959568363276698 0.3221561732061891 
0.010100863898391637 0.17037903161912155 0.020181611278932705 0.06938739142507043 0.2413202872287222 
0.013855785398921013 0.17638545728450175 0.00767409005329671 0.16874015094528674 0.14431222022448856 
2.1695718161586188E-4 0.16937282296575154 0.011516221859201634 0.26689877354885055 0.08579784096346584 
0.007581578057184103 0.1659932320621761 0.010384505358928526 0.32597976847614024 0.001315080933401748 
0.007918070798188698 0.16741975185860217 0.08319509906781394 0.0024439584004954714 0.24962930643058365 
0.0038512565213850067 0.1657840165857755 0.08545729236219458 0.08810263567415759 0.16788960314988038 
2.3901429760042291E-4 0.1801552294335307 0.09004745706043628 0.17868397525831373 0.0856335434792757 
0.007941368692801331 0.17254869164732217 0.08891456775878843 0.23985781802084402 0.0015518569948030714 
1.1719073123747887E-4 0.1722308048272742 0.17051316197372926 0.001113638827943749 0.16924322564270744 
4.08173183551999E-5 0.1768763189531906 0.18141035333783953 0.08812587065136601 0.09157094511272278 
4.052481817149314E-4 0.1725856397587957 0.1834528016969864 0.17915295566574518 0.0012093475455007383 
8.400407797750009E-4 0.1721383460450421 0.2507691146169078 6.117223599486991E-4 0.08702256048262974 
0.0021723364013354006 0.17429029573093655 0.26358922587894085 0.09482041208580584 0.001103696619098801 
8.701540740805809E-4 0.17837701717867355 0.3620215811191182 8.749874318453706E-4 8.89811090715883E-4 
7.027882059605007E-4 0.26164447779632105 0.004105411887877504 0.007741854846966282 0.26161201428760505 
0.0026413390073008174 0.26008030823714323 3.098262663511311E-4 0.08408064018206372 0.16626592935538106 
4.562808224610803E-5 0.2486255879156539 0.010078461111280608 0.15861985232709797 0.09309977470857701 
0.006733900450363894 0.24478005535357358 0.015277112254631842 0.23862479033044284 0.007071096426248431 
1.7471530131716036E-4 0.25677249935847063 0.08637592343559085 9.140724948305176E-4 0.16937233926153603 
1.0776649641800806E-5 0.2535844269754056 0.08277588836893773 0.08267741172827135 0.08435374672289384 
0.005616788182059413 0.25677394902452916 0.0778067109024541 0.1719345131822976 0.0015358746370811506 
1.2342219198635844E-4 0.25667203520898313 0.16825360175782333 6.136012901030607E-4 0.08580493437297201 
0.006204439771772365 0.27106822386091517 0.1669847193097257 0.09384000659308367 6.427748488907276E-4 
0.006070125864514598 0.2543301965137474 0.2500036292682751 6.293202027847799E-4 1.859674283818154E-5 
0.0010138409726577259 0.33803228832325155 0.0021808520792637952 9.08491632400378E-4 0.1683251031983772 
8.477474740440902E-4 0.3364059881633009 0.0010949901020802196 0.08189257123505354 0.08307365940149834 
8.688890540739847E-4 0.33619380084570005 6.747799596468994E-5 0.17554030547587118 0.0010914833258124298 
8.82466272277027E-6 0.33332465387028215 0.08475527685178799 4.331573787684174E-4 0.08505737644421657 
0.007514016076103693 0.3282828211305135 0.0827452687483605 0.08443757600321904 6.008256039763944E-4 
0.0063894792071940675 0.35266642565990414 0.16884119007419776 0.0022675951866301777 5.751811505583593E-4 
8.486065528001509E-4 0.4194610104743125 8.769534210474017E-5 1.2120278191394841E-4 0.08312846012801653 
1.6148450518848497E-4 0.418627381467197 0.0015204136806552097 0.08391359147608306 6.127268499788184E-4 
7.660787722169371E-4 0.42672845940754217 0.08553786124941651 7.732043389228221E-4 5.887439832698866E-5 
8.60197800918054E-5 0.5024630706262933 7.822410120956608E-4 9.729381525521288E-4 4.2399405355419165E-4 
0.10351126988033421 0.0013671632598950172 0.008309972951571643 0.02441640759613162 0.3736319477902958 
0.08701670798132184 0.010210043390518805 0.010961614706897325 0.07662109090315125 0.326888008462471 
0.08885676124676624 0.017193565379299027 0.007622951517690849 0.17294581060538644 0.25267627279580174 
0.08726613281019556 0.009082588532138617 0.0020543629774399056 0.24467735901565638 0.1656858435608252 
0.0688961860563689 0.010412761672956398 0.012196568562887165 0.35600873605101646 0.08988605270532277 
0.08957751054960053 0.004967764631851928 0.006168039614943416 0.43299325052406856 0.0029308970860102922 
0.08557214087150615 0.01395035058597227 0.0796253971812912 0.00270535225009009 0.3294254363005816 
0.08713772444132963 0.009841451402871664 0.08629843265526646 0.07863115787214432 0.2511686671136525 
0.08266019944280124 0.005900832220580737 0.08552366814350608 0.17045534012095348 0.16763557817989327 
0.08496023554627372 0.004177493547825936 0.09643373830388487 0.2611243289254669 0.09090584875112945 
0.09041697577315708 0.01965858791899681 0.09552389428347983 0.3258677842763791 0.0044662533083568 
0.07521189724265485 0.0016702639414693545 0.17556001924775697 0.009013267851311329 0.25009437520415206 
0.08370344080987173 0.004915059528051517 0.17345737467439235 0.09532237267393619 0.1722812701796919 
0.08971410326952284 0.009666547782281936 0.17587026279954396 0.174162693675827 0.08945062043200314 
0.0872738453869469 0.011589880334226463 0.1741602854621146 0.2535671428564152 0.0010159454853034872 
0.09098952561111052 0.004771792808479602 0.2527154946735211 2.6676534862894995E-4 0.1614840440049944 
0.0878011591322485 6.393624563321871E-4 0.2683943612707608 0.09105063654709492 0.0891736481973782 
0.08494996606096886 0.0106480013318144 0.23870949882562797 0.17339621552530904 0.0041438499255088 
0.08796104343361977 0.005176787766564554 0.35358904175105554 0.001517644066870181 0.0927162537455883 
0.08924038764106972 0.002322776638299776 0.3361459307608924 0.08383282721173038 3.109533337461369E-4 
0.09339495792491458 0.005496590954032669 0.40768898190662173 0.003010234914144667 0.00202062406739416 
0.08663173756455213 0.08459992476006618 0.01342254320580964 0.0038745656682117784 0.32282755562658955 
0.0914205148087066 0.0916704609138408 0.003843448526811119 0.09696712264950487 0.2755201128220407 
0.08423417431696548 0.08288748324637601 0.006159913090990511 0.17001533198653687 0.16704781173552907 
0.08967934615718749 0.08877150691647291 3.7330684612913025E-4 0.2635317857402842 0.08471881326768499 
0.08559867123150855 0.08656042236857092 0.007082999118612727 0.3303046452004066 0.0037003609558145683 
0.08731839202054036 0.08745821763286939 0.08382190497620572 0.0027626029490767116 0.2495461991648437 
0.08547193428900983 0.0841702145601249 0.08546075616003176 0.08810620669437673 0.16789640813548432 
0.08559038319171236 0.08427490840021137 0.08379751228166724 0.1693291327680388 0.08864809438253289 
0.09516723464206217 0.09007995273290878 0.09125806464321536 0.25621892101926447 0.0016032246787765201 
0.09423691474745888 0.09295141922477457 0.1794740172015336 0.004346526595400014 0.1665958451613395 
0.09227586029052272 0.08698799219542626 0.17844087736684247 0.09110044020088989 0.08922960785667489 
0.08662510841934663 0.08440411555186846 0.18098512219703414 0.18278068856879437 0.0019192531173011396 
0.08957542337316438 0.08899273804432248 0.27017651612607785 2.6238351442229873E-5 0.09027678772039552 
0.08858869701300584 0.0882874412223299 0.26420689633010525 0.0950426054114903 0.0011062829189993153 
0.08343249413230036 0.08600531163174283 0.33569925033237374 6.761146827450068E-4 5.647227622253432E-4 
0.09169540318855784 0.17763578786508255 0.0012112358858418623 0.0014465454963139429 0.2681439152931535 
0.08896870818328548 0.16804283753154411 0.005571958237678903 0.08393744223415248 0.16679649298845908 
0.08214910458210553 0.17174378046295927 0.0021449659712978013 0.17006006469038482 0.08459810130245665 
0.08340888410261965 0.16430099763668732 0.014673889043012131 0.23953786311316927 0.0021520309028435058 
0.09434776326770296 0.17974431418542902 0.08775848062251669 0.002435374259136517 0.17206204371715736 
0.09190451279241009 0.1811800879024708 0.0882921173090306 0.08498943090726166 0.0899398072262437 
0.07720455156348152 0.16944411840394719 0.09422041390669197 0.17118855313681042 0.0015409642917245702 
0.0976584218087717 0.1850412031784246 0.1739518391569906 0.005409322456316798 0.07641015908725932 
0.0905080773694556 0.16792042070772045 0.17504370215675807 0.09704801219209966 0.0011596202383326246 
0.09371099893266209 0.1685972369797254 0.24592711733058026 0.002315941392481851 3.3411435110346085E-5 
0.0903817090983758 0.24854269824691338 3.9623470730736597E-4 0.00450730767050691 0.16672805171114416 
0.08387945955157672 0.25380375927911664 8.590533571888195E-4 0.08193941644270997 0.08312118022990503 
0.08352861123261586 0.2555297179355545 0.0012792226247205528 0.1716268644051158 0.0010405899853686105 
0.08568233805974902 0.25345362460529586 0.08166023322183003 3.3711666309698145E-4 0.08324722057888412 
0.08477900149987731 0.2603040047032692 0.08328094821751636 0.08266091122736544 6.288577239233221E-4 
0.0892280421220941 0.25656302292615646 0.16532154183975295 1.699097922876611E-4 7.053532896958727E-4 
0.07761293318369228 0.33961622746679615 6.520978772011642E-4 8.310117465868034E-4 0.08509606333241547 
0.07254191481684948 0.3385600528745996 0.001030845019738479 0.08587592734191257 0.00579197834259657 
0.08395072633510892 0.3624442056958687 0.0909878759815516 0.0010532551449323807 4.478672123535852E-4 
0.08905782807820369 0.4134864656697983 7.822335458739924E-4 9.738246164375984E-4 4.239907597790859E-4 
0.17556697528343435 0.005484614056326465 0.011013888520526871 0.0028933037507495 0.3444734493131596 
0.16331531770623045 0.01855653886690353 0.0035327209025625902 0.07616206153584708 0.24966075842154534 
0.16739970309782595 0.007656348441621511 3.554820683323681E-4 0.17057660873605995 0.16532676459111628 
0.17015631613822174 0.004614989235646821 0.003633596076515835 0.2514663046028187 0.08236068283532225 
0.1489629207874776 0.025285491155601227 0.012610775587168385 0.3238597957080719 0.0070913123692040985 
0.16434609089412475 0.010739871043372363 0.0852714146336315 0.002238834510887278 0.24757972272108678 
0.17690237135038153 0.0010774170256312367 0.08945149069011142 0.08837867964147422 0.17181317625274334 
0.17335703031596553 0.0026433085206233483 0.09679866914740454 0.16546342683113088 0.08912009446481575 
0.18349789973449485 0.0027549515705587255 0.0917534834684149 0.2620947559689937 0.0016254253918595106 
0.17359847691907274 0.008076935878249966 0.17255880555360517 0.01021976359773927 0.17369272653623136 
0.1821138516836088 0.0028638796429703503 0.17008235372838268 0.08554182025760178 0.08675066264635231 
0.17666780944935892 0.003757767761895207 0.16769193875830957 0.1733387602869783 7.111746502983753E-4 
0.17906790791052268 0.017336844648322223 0.23780473999830604 0.0025784044449707155 0.10116723440630752 
0.1685417770723449 0.0017570487131545068 0.2568871426530601 0.0829078717925801 2.642485723795863E-4 
0.18490513573023631 0.014027598086051252 0.3268533573250149 9.861517119227703E-4 0.003067531541521334 
0.17037832985899995 0.07996375095544075 0.0048627023353036425 0.0014316984399561977 0.2532700874706245 
0.1707603254737659 0.08192450377690878 0.0020624558195013183 0.08942254079742033 0.16562493895259603 
0.16838886509495551 0.08276762559149028 0.0033467811442794335 0.16569689175479446 0.08342715299922256 
0.15723403712038622 0.09379109058713606 0.014642686269142127 0.24246436885828435 0.004272425387034348 
0.17221319150468903 0.08603283336945287 0.08290454749999852 9.375959227217428E-5 0.17023827534173164 
0.16928332732491458 0.08602174955367199 0.09263101943063426 0.08978855347730802 0.08999655020430888 
0.17023401169530336 0.08871470422719417 0.07729099482551335 0.1666176388880989 0.001561527926152418 
0.16707765899040045 0.0858687042037557 0.16050540620050274 0.008731835209706405 0.08713281931098567 
0.15798669728039208 0.09567758865699631 0.16560868088029626 0.08856929078994034 0.003234443428946958 
0.16178256453040354 0.0970346156713265 0.24896414556783109 0.001588732850865458 0.001043620329223412 
0.16856950696886955 0.16904317186805756 0.0023247522599811367 4.848899099562719E-5 0.16446213854160982 
0.17521100210212873 0.16424402240305555 9.231360677739774E-4 0.08748148878484063 0.08485012526260188 
0.16520449223327505 0.16981627015529233 0.002933757698301409 0.16528730915701406 7.253603275471062E-4 
0.16817450177684515 0.17831906903517866 0.0845522911794237 0.002656875332752287 0.08700060769025027 
0.177290911772435 0.1782335194128836 0.08534812677114667 0.09004058874144705 3.9612416765254265E-4 
0.17880628025718237 0.1761820072144586 0.1701265255531919 0.002169143620957503 7.306304511679989E-4 
0.16016239746467148 0.26292056850481094 0.0018376925548927476 0.002758982677061278 0.08777254792271795 
0.17708003036139275 0.25388903534977814 0.003838225611972766 0.08759299759799997 0.007922626280919819 
0.1642597236862572 0.2891232344794349 0.076822937576727 4.071857227017849E-4 0.007780259298333122 
0.17085362619973252 0.3351265687759412 0.0012689123555982053 0.0033433314333338694 0.0013616514231655121 
0.2552266599163124 0.003203196788741405 0.005355217496223647 0.0025535903912495524 0.24590899538985145 
0.2511880962599332 0.001529851349535153 0.0025946086101593657 0.08437377517459807 0.1640274143491464 
0.25533021295848135 0.005746120395681362 0.005241054522159375 0.17108454938287132 0.08322486363683523 
0.245322603417925 0.009772606499530162 0.005160707394284683 0.24992317223148328 0.002104375530846862 
0.26563057408794094 0.00285734995733134 0.0885742254434432 1.7252517447678966E-4 0.18075741101710177 
0.26682977724077644 0.0010924796498276296 0.0888617115216507 0.08520448816771242 0.08705361033048911 
0.25800135352089426 0.005523300204867273 0.08516752808099304 0.17305559294563538 2.2007512674422237E-4 
0.2664242306718074 9.443932276346686E-4 0.1656768933880671 0.00884751582307457 0.08801320124876107 
0.2612518072815694 0.002728973817142569 0.16742395977880958 0.08352412452500617 3.103530671371376E-4 
0.25329104139625386 0.00783450016867846 0.24814693832573814 0.001292596006976567 0.0019267753180098085 
0.25766607498899224 0.07557067634401281 0.007127295173471842 0.002825051191364498 0.16604670836138544 
0.25729729094566506 0.08408649942437896 0.0023495331530464705 0.08216327575144228 0.08499375781025902 
0.2508245744721181 0.08281103729180113 2.2171570837572457E-4 0.17733614885687685 2.2794411246564332E-4 
0.2590182568763717 0.09032305457818812 0.08478136162134375 0.0026302987151886905 0.0854098135748611 
0.2694010273858018 0.08725683618102985 0.086048709767386 0.08772317343061757 9.62980355303362E-4 
0.2626881549630527 0.08349536910314499 0.1785445682592428 0.0020574669374422796 5.293096364701971E-4 
0.26178004126691584 0.17855112178752439 9.480240304805601E-4 0.0014684616910021048 0.08780217604288121 
0.256977574207757 0.16115832296640917 0.002575708191925725 0.08208257489210988 0.0014819084087750883 
0.25531942898919996 0.16101668786557985 0.08471306939951348 0.0023343176381816723 0.009018162960270984 
0.2628523435420265 0.26424985808383544 1.3453345197165825E-4 3.788914687661966E-4 5.4115363952125645E-5 
0.33310953756968537 0.004180658091878881 0.006982617226525645 0.001962544562462271 0.1654027186658193 
0.3389327129331559 0.0036710844995848997 8.405852939901693E-4 0.0955854543001811 0.08860488712077277 
0.3331651263238012 0.0013516882216649323 2.2230130683117836E-4 0.16746841506766733 2.239372277031948E-4 
0.3423696133458918 0.003873756353381422 0.087204226587374 0.0037656254378177208 0.08549981836829387 
0.3316275556938063 0.00980827304837166 0.0703720543107816 0.08633278554204019 0.004452682301296339 
0.327376446883996 0.001385834415556753 0.162493520870998 0.008137308975612257 0.003272368961270329 
0.3457912345691659 0.08678469100070675 0.0010888541800534951 0.0037424052281957733 0.08553774911268532 
0.34091443922890824 0.08608650713111203 0.00104153887857268 0.08291995577198205 4.4550738500591906E-4 
0.33164537345793144 0.07788388663884373 0.08407300681766679 0.00817617652391817 7.853475454182308E-4 
0.35522630081724216 0.173608952039901 0.0011385715341974353 3.724228096713935E-4 4.959328122454145E-4 
0.4128666686988299 0.005181642026691461 0.00786104367328607 0.002426834574148394 0.08377192218257301 
0.41814353715293995 0.0016883907658299259 2.8288473727786757E-4 0.08918663515190374 0.0015834356424057024 
0.4046714213894656 0.003413522737372856 0.0831523702298956 0.008137002737899348 0.003280428990773098 
0.42188549707101697 0.0950953587173827 0.0017398467159383492 0.0020338605898059642 0.00253156114537489 
0.4843159630221258 0.004859760577050129 0.005864845843769239 0.0034290935623764187 0.004355865647506236 
