3.5970985639304085E-7 4.1159051019507353E-7 6.855853747602495E-7 4.231643126283078E-7 0.5567770346261826 
0.003956745310549369 0.015068722950972944 0.012120137851105996 0.07918030977904221 0.4127737555189386 
0.020039041104464108 0.02152613265548414 0.021630574524167147 0.16044371444727112 0.29994761375552187 
0.02172929425538224 0.022448326996428812 0.027079124453177457 0.24041425367876204 0.20990601631414285 
0.0024344989320267685 0.0026181189438283913 0.0032577598463111104 0.3437715363755926 0.16884086214490118 
3.967783690100006E-4 4.2431668759522923E-4 7.096184590630553E-4 0.42489907656319265 0.08645796720454758 
3.536893085218593E-4 2.5220127245073495E-4 5.236313834456633E-4 0.5172501968660028 0.0019786201073881604 
0.005207436619922877 0.007380207977111705 0.0906855419124573 0.007083338310308314 0.4231074128025576 
0.007281136509317187 0.009372324105360352 0.08822282958439943 0.09048964927560214 0.3286503471664917 
0.004975490613070491 0.0138853226244101 0.05925026932655445 0.18702968801009584 0.2581294632684341 
0.008675033308376436 0.009151570153380922 0.08544078457118867 0.25105135379136573 0.16736449622463 
0.01016237745954631 0.010183214658727773 0.09204930546897844 0.3271265730006188 0.08113182943900242 
0.004764733611542577 0.014404417092340426 0.08968956176950339 0.4085191756400499 0.0034940048849834426 
5.874636394545572E-4 1.5804748848542705E-4 0.18136976193911278 0.001415579739955151 0.33877294613411774 
0.026141122288978046 0.026222389015391076 0.1588326991877779 0.08460191607068808 0.24907859625419815 
0.007040034243706117 0.006790041141401786 0.17294138917722296 0.16730113606274946 0.16939475828988332 
0.014560455461506283 0.014148582222314706 0.1634786411939996 0.24630819763971795 0.08397634223257512 
0.008086609552265913 0.012154241771779173 0.17137380588394438 0.32286254096501504 0.005682581343366569 
0.0070388983233595735 0.0012336175590602887 0.25548835321396673 0.012542332189245789 0.24607530203772912 
0.012478813530920695 0.008174920440909724 0.26073073526066437 0.08119952652990377 0.16018234725754354 
0.008443323986880608 0.010442518933972904 0.2524671171728087 0.16129650789530003 0.09001918851756813 
4.3354464640272607E-7 3.009623585590709E-5 0.261800757205157 0.2584616081922662 0.0013285507065642957 
1.832521269593033E-5 9.275121373914011E-4 0.3496449654003572 6.800182206183639E-4 0.17200524359704888 
6.469523010049663E-5 6.678196567504294E-5 0.34877686456810303 0.08637286286912191 0.08749591266641021 
0.005024202173838809 0.0051862571104017725 0.34125055588220826 0.1693021455605766 0.0020144114848485053 
0.007375136881457985 0.0052545904248563575 0.4249471700321652 0.002591447121171707 0.08278260617632914 
0.006117021074246939 0.006526281082098499 0.4225210107327559 0.08432897647669738 0.0032887826359493887 
0.010226320261275302 0.010824267282844116 0.49664745527549725 0.0026226960154668035 0.002809443600432253 
0.003535303976060098 0.09075343554640167 0.006726794628911794 0.006417411827582462 0.41625597061958497 
0.0013411903593580734 0.08982907784127597 0.009450117173973952 0.08316476861232854 0.3399673240162774 
0.0074610436129712515 0.06386001082540238 0.006931406341965941 0.1873682049377698 0.2552378283074014 
2.4322425828728688E-4 0.08448429993647943 0.003737197325030962 0.2575120058279358 0.16621169332150118 
0.010320732282832621 0.09241639298124701 0.009556924920679015 0.3281685571574782 0.08058270246291974 
7.169059401644407E-4 0.08596449463851684 0.0010447846566947743 0.42894235077955145 9.094361200470554E-4 
0.01356127885219243 0.090206941293173 0.07332805198844322 0.0033356070537522483 0.34299607481447014 
0.004757735626245178 0.08482555250381883 0.08730682644640168 0.08785149213824212 0.2591728977481774 
0.005272173684609962 0.08682882742331308 0.09211124058801964 0.1638682937073997 0.17050461744868184 
0.0016706414660790023 0.08938274786347068 0.08011945597220672 0.2570921513837847 0.09248369923398465 
0.013817737625483334 0.08185007290697759 0.08338740428929241 0.3399605408717834 2.2342362693709316E-4 
1.1687717705726685E-4 0.08532339116500211 0.17064903354036726 0.0053858839563236454 0.25618236198683886 
0.0017983274418067485 0.08805302475560096 0.17693556755276318 0.08488111656674688 0.1722381842624772 
0.008123580664019558 0.09180703923295659 0.1721720671376167 0.1635841530014103 0.08302739820830748 
6.555511941056632E-5 0.08356893205724701 0.1760295526479192 0.25618395129396554 0.002302723895466885 
1.4087869741919581E-4 0.08952169073780093 0.26092246302372574 6.800070283585366E-4 0.1720024126032319 
0.007074359801229831 0.09062949704788452 0.2513061196393872 0.08516383378204913 0.08745704846599253 
0.001487123883400255 0.08909696461564164 0.25739264092209907 0.16761577223954882 0.003055131186911731 
0.004441041899521501 0.08584210485747626 0.34384108464468854 9.25935140281982E-4 0.08757379621763643 
0.004312104548480673 0.08703882857966451 0.34754401322545175 0.08308502118768747 7.890379098011574E-5 
0.004499170603579394 0.09063575706492287 0.45466717154111325 0.0026049793847662314 8.350322881289518E-5 
5.544257792862617E-4 0.17529189916009008 0.0013070350258638258 0.003336682302660156 0.34310664124178536 
0.006501303894989816 0.16595525916314488 0.01599787395638659 0.09620544974964353 0.23920781085436443 
0.003237108105216369 0.17328019230038133 0.004566138515056867 0.1679489639643269 0.17166815901937066 
0.007168433467064255 0.16691485102763962 0.0066236761048588805 0.24731163290562358 0.09273301814155471 
4.656761724964575E-6 0.16609665044798402 0.004626199693466833 0.34894948791970987 0.0015583859206816074 
9.339015597303275E-4 0.17692880557779994 0.08690869236297544 5.976705015272082E-4 0.2599976415857158 
3.3183936083089143E-4 0.1742218710720803 0.08564847939996308 0.08670359913336126 0.17058944736475332 
0.003241716167863169 0.1785569234391296 0.0921130380827633 0.1643857473171592 0.08440299372002455 
2.0409124918721797E-4 0.17197624731931851 0.08853432436324471 0.2573753887531212 5.783268943513865E-4 
3.1346159328292833E-4 0.1746311659561562 0.17187474159920363 8.296140306924764E-5 0.17058774670410973 
2.470204494670858E-4 0.1692688256542605 0.17096385570394493 0.0844308903993563 0.08444532088980247 
0.002485818380236393 0.17172788446066348 0.17028902950160946 0.17149053027250208 0.0022846837073311156 
3.214810478235477E-4 0.17274361473469302 0.26080242223964034 1.119721186165026E-4 0.08720128421893465 
5.419248759189341E-4 0.17508288101400682 0.2641989944259785 0.08172268435593627 5.9463910274720526E-5 
0.0038471369245030233 0.17555859368353222 0.34498996541658195 9.43074203799779E-4 5.989628616967891E-5 
8.117964380015847E-4 0.25666436277888316 0.0019137753293245086 0.004885607612852139 0.25941425230423826 
9.79131210829845E-4 0.2645436820261711 0.0012845293247886816 0.09002783966537582 0.17518705339363347 
0.0019291512176461427 0.2609723103081511 9.777762289416916E-4 0.17370710002826956 0.08412182685903402 
0.0012642022450471532 0.25922569563804737 0.00658557050925626 0.25338119768739586 0.0013635897389031994 
0.001550572727117915 0.2563785597476459 0.0848730058254606 0.0011562767212795965 0.1742780325237128 
0.0019513032930421163 0.26112742847383147 0.08730439592643884 0.08691963415515866 0.08688823830733329 
7.162491554759933E-4 0.2598652468166614 0.08734722757404893 0.17427143725495073 8.286508565622375E-4 
0.00604256431299424 0.2548870878975003 0.16313687411686392 0.0014967137057134384 0.0839761082444933 
0.002281554828895078 0.25585644863373086 0.1692152380462966 0.09473795776857308 0.001336427015786419 
0.007846086183620753 0.2582782671646518 0.2548403859170326 0.0018641465322568715 3.080229203735305E-4 
2.0062077533228146E-4 0.3444329117815194 3.268170183836997E-5 3.8107388085410065E-4 0.174102565383815 
0.0011888594877169185 0.34560836367868847 0.0019116701586987955 0.0897176939307637 0.08275653414675582 
9.486988083965205E-4 0.3442012435390543 0.002272056284461981 0.17401762757173952 0.0015846955379192312 
0.001972477738323221 0.33473351703117343 0.0943090369285022 4.8300688614127046E-4 0.08749598113944371 
0.008148254389890659 0.3418150981255183 0.08303933175276673 0.08892745266801519 0.0014653783534128843 
0.004018467728831551 0.3289034951188016 0.16422393383285114 0.005079809830488347 0.0046709727674504875 
2.7180269266274554E-4 0.43072255048102903 3.075714345329838E-4 4.7686106566551873E-4 0.08737139192676727 
1.6898877221772787E-4 0.4282785245540882 8.299452009251805E-4 0.09051677940652236 0.0019123461332403856 
4.0949503333531065E-4 0.432698342795684 0.08741864860807756 0.0015182186212251603 9.081361819175663E-5 
1.5423289751963015E-4 0.5177877886474216 3.698827432500147E-4 5.511166009446476E-4 2.5832401862181377E-4 
0.09262586856507028 0.0033430612745986225 0.0032824337419274504 0.00683132563625949 0.425202726533736 
0.08883135522065412 0.008396983021956867 0.004240179776195644 0.08273683783513477 0.33925284121152094 
0.0762371938888054 0.01400477147248629 0.016961900372535085 0.16799198619639585 0.24850982379604838 
0.0775644295541587 0.006843535377110558 0.0037231020704359356 0.2565407707103492 0.16714159629097297 
0.08837901911432958 0.005004169660373474 0.006351649106609727 0.3395831525108031 0.08195495040602896 
0.08407945830067816 0.0021301673422434797 0.002999203488181125 0.4321193285710237 0.002010602811442812 
0.09021913659296231 0.001042334863989583 0.0866376788874935 0.002581594294541099 0.3437081660648286 
0.08893645125121276 0.007396255571295826 0.0899955937645025 0.09254537263998282 0.2706136004162733 
0.09236775000724906 0.0054942955321703475 0.0870922004660557 0.1657351748937303 0.17248459862404789 
0.08235936268014593 0.00751278526240169 0.08093467972880762 0.2626729070128926 0.07931268888934538 
0.09233873709796395 0.006727656328740382 0.08585278764246203 0.3308585976770469 0.005004303266225062 
0.0902614593243718 0.006057072435025363 0.17170814098575693 0.008034505769558194 0.2689404789320737 
0.09165756396547718 0.0027909871127130576 0.17574427726517394 0.08578195582621988 0.17138593302519578 
0.09403704008615012 0.008589188641334705 0.1671068476630152 0.17060900303038204 0.08777243301021677 
0.09436103038915404 0.017545900146197786 0.1652994429735685 0.2636337145263187 5.55524275407314E-4 
0.0832086656664613 5.170971700243491E-4 0.25270533664984635 0.007134849913774015 0.18139887913183103 
0.0802280115885806 0.003911073519322538 0.255124424387645 0.08200657342270119 0.0875624387638846 
0.07196556301778939 0.002676433065721838 0.2798920997799854 0.16692476580222668 0.002095574521211146 
0.09220920789536215 1.1437209205853157E-4 0.3516135189439964 0.0010038995196725551 0.08956252327096166 
0.08653141141961965 0.007913182112735838 0.3389082613805749 0.0840388603000342 0.006591024834259152 
0.08844773578214042 0.006221685758880209 0.42484600034645714 6.762006299257861E-4 0.0020008665847760575 
0.08726794517889878 0.088199147414725 0.002704100222277577 0.0025855420553416637 0.3436136165974735 
0.08577207295678697 0.08941755275273412 0.005048225494459436 0.08736326130775604 0.2562002596381199 
0.09058983750568708 0.08735889369433253 9.23921754175079E-4 0.17454407393197963 0.16957553569225078 
0.0886369824438888 0.08890880772521703 2.0904173822314972E-4 0.2507411391889764 0.09274047881601546 
0.08433186211843655 0.08259110858508012 0.0024576913189383073 0.3465689949062075 0.005000747176795101 
0.09170155904249505 0.08001828170485037 0.08390711606897117 0.0037290341561783845 0.25826498300936285 
0.08955275443883598 0.08715211414101837 0.08670399075963331 0.08777211353607693 0.17269175088251362 
0.0889587993359251 0.08633309662437783 0.08706108463837298 0.17522072737721525 0.0839665098901984 
0.09169359302236663 0.08217658731395625 0.08654808890947109 0.26288475072259426 5.865879228038092E-4 
0.08584291044077265 0.08769829113235135 0.1719587253341782 5.072268518526123E-4 0.17014754732089635 
0.08344364363117936 0.086376860242548 0.17282335864357237 0.08197823819055203 0.08532623749666117 
0.0982271215701538 0.08491333620980064 0.1831374186734391 0.18433823122587797 0.00171234228274205 
0.08460089814865746 0.08870791144194776 0.2611696895455946 2.434898794010936E-5 0.08746211806517407 
0.09083591958050659 0.08095256751589795 0.2609084818855004 0.08500928563073466 0.006451462260501446 
0.0961734714078027 0.06934811108728699 0.34172215706995146 0.010816327337958667 0.004421315141992189 
0.09269538437575035 0.17734307327986124 0.0015663086903729795 3.5351339405703675E-4 0.2618943518674034 
0.08814378008869013 0.17414606453897855 0.0017636642910019815 0.08774739048817082 0.17278206664896686 
0.08806767115169177 0.17347903416969535 0.0012000412484530689 0.17296160083246254 0.08690615368061543 
0.08858817648109231 0.17020661166375278 0.006679016763485576 0.2535724315488233 0.002182787906102264 
0.08382603028900402 0.17392309993763302 0.08481377509139315 0.0011554697848653573 0.17386559734512533 
0.0884079797993366 0.1758403479129875 0.08857698837353359 0.08570328387115517 0.08396458569971163 
0.08188883993433167 0.1759161524261018 0.0864165402590233 0.17241456989316792 0.008573717090386831 
0.08198399877122771 0.1670426642108729 0.17126048234221908 0.003778976392291147 0.0847837769852573 
0.08573043941733503 0.17657227694436534 0.17113221671605108 0.08843979571174261 0.001232226612169827 
0.08373615730267762 0.17636293199297864 0.25463482184948183 0.005062253197520274 0.002716662607768671 
0.09489303493501475 0.2557467961626322 0.0019896663921510505 3.9907198149222113E-4 0.17322649860753855 
0.08481512615414599 0.26740716968244854 0.0019415750969150874 0.08416408338012342 0.0828593347737213 
0.08965400185768366 0.2616586702905616 0.0032838126116493194 0.1677116395751731 0.0014993522423743576 
0.09065974427200069 0.2566702913102374 0.08317843299595672 0.004377081876080819 0.08766226901538929 
0.09033381108108837 0.2606310209613987 0.08201575472182168 0.08892291441732851 0.0014653035704958088 
0.08933136187289323 0.2608734629839872 0.16554734898259843 0.0051312541087166555 0.001662741582528321 
0.08816449814042115 0.3432953141929162 7.863426901865333E-4 0.0024218609495973674 0.08721395669813482 
0.08676078202557222 0.34469665002692407 0.0020322231272454725 0.08799240965185567 0.0018014014482023687 
0.08037864192512091 0.34186882704153276 0.09469508748498445 0.001365974624294338 0.0018049269920727253 
0.09284133622454376 0.42467567414312796 0.0014319965587976094 0.0015136049487238967 0.0019027828709224138 
0.17563120709278054 8.768316980590817E-4 0.001391111553605771 0.002581594294541099 0.3437081660648286 
0.16709878772536876 0.011016817137614663 1.3070051557045076E-4 0.08951881474266929 0.2560418392478095 
0.17818355287723248 0.005216047559073526 0.006593886380870102 0.16381003992702584 0.1699185785097629 
0.17371098371985877 0.007242834652870166 0.0057462589973767235 0.24358043051879472 0.09360388977457577 
0.17252055535110378 8.982995418728131E-4 0.005695395763451461 0.3294899097854226 0.002701358615474561 
0.1641241842936148 0.015521391234433272 0.08526486561487731 0.007264988773089735 0.24781051104720347 
0.17426963139688142 0.0019044230262467926 0.08610729956259229 0.08441511052312652 0.1703343388570336 
0.17515425823145261 0.009227417282257424 0.08029855264144375 0.16675591662181238 0.08444650227502398 
0.1811844651059051 6.455905820221213E-4 0.09184325011894852 0.27626532879137017 3.255388985375784E-4 
0.16396274711638414 0.011927399114307782 0.16850556578996112 0.0018846020858345983 0.16914234505843329 
0.18422700463045574 0.001262701369279934 0.18359979505263563 0.08959856728519533 0.0825852560962326 
0.1739341819934589 0.0062586674931192415 0.1600361165232215 0.17103294092906557 0.0020545962579378192 
0.1756221831658228 0.0017185924186523243 0.26619376158047925 0.0010558391637934493 0.09006830526452145 
0.16355482373927221 0.012370687204547327 0.25936904214136985 0.08234624416801686 0.0060888141057851425 
0.16854525986518076 0.019184163597867048 0.323158303234757 0.0043793884195656285 0.005495339218295031 
0.16937604573193774 0.09227996251242473 0.002585190344747808 0.0033265787548875697 0.2562621246418634 
0.17404480069256165 0.08967002753605888 0.0012334418067823638 0.08969313787548717 0.1699446883822765 
0.16995544660214734 0.08563796136907403 2.930847070379378E-4 0.16869520285880982 0.09206610634543874 
0.17516326811673752 0.08986430830313588 0.007022913501085617 0.24994365682802033 0.0016709506187960986 
0.17253306223964976 0.08893026159792083 0.07960101376300328 0.004565801161860911 0.16914923216167702 
0.1781441100109263 0.08860349917453639 0.08599555042535725 0.08634844830743764 0.08425768819961181 
0.17690492982928124 0.08461893719595474 0.08194997285681954 0.1728761461031127 0.0038817832521872227 
0.17249943895921127 0.08687128318307885 0.1731363972852285 2.0062507316561678E-4 0.08852124412391556 
0.1741940016073769 0.08747223809777693 0.1746687122568511 0.08422666404203169 6.590777154448676E-4 
0.17495316506082556 0.08514623926777622 0.25463513026408713 0.005062259328939419 0.00271666589820012 
0.17641513687855193 0.17762426306875317 0.002008694369648362 0.0026101549157315873 0.16648876728870238 
0.1732910965421731 0.17146966694459667 0.0018909390177050192 0.08738466252762224 0.08775581196826003 
0.17498120076876245 0.17575232667161783 8.994283652246232E-5 0.17092970339073954 8.66390545946197E-4 
0.17062256443423307 0.17553336760981386 0.09132656973522556 0.0038769747364752723 0.0813999692291321 
0.1676319469169551 0.17651260713854855 0.0921514361453638 0.08634358914605281 0.0026638821647629006 
0.17878490598337238 0.17962882499606753 0.16665789639554993 0.005223973997590973 0.0020307138382147133 
0.16925833798175963 0.262202199311539 7.863440114381306E-4 0.002421865018927048 0.08721410323930706 
0.1711688899051863 0.263654871483168 5.812580460436841E-4 0.0874165390194249 7.254018192681109E-4 
0.16356359236810353 0.2596581657621918 0.09226962093476784 0.004400205627032474 0.001809162770276446 
0.16621005387156498 0.33942376729106916 0.0019016343942756034 0.0017618835104345843 0.012932317961527226 
0.2627522373693099 0.003286812472178502 0.0010758948476710013 0.001167259839190735 0.25653628468785494 
0.26618164660226357 0.002526469653877031 0.004179628123288774 0.08100768047204149 0.1699913199236215 
0.2501757301381535 9.565440889469683E-4 0.00939720621596457 0.16005828911080694 0.08091499974144208 
0.25533471180297923 0.007117626815308054 0.007050293600617357 0.2473343496255624 3.5922322614610877E-4 
0.2514388936328176 0.006982931196117811 0.0852546939320705 0.002312258739599501 0.16998664740065458 
0.26074371947476976 9.336028208632807E-5 0.08618520315798625 0.08711376200350995 0.08699740986651949 
0.26205840087852666 0.0019530232977312096 0.08272946286407903 0.1695688353812574 0.003881480561316695 
0.2555667437981576 0.0017152569914288798 0.17423281313827718 0.002882861473607132 0.08821635660173899 
0.24821710120152704 0.008583125202358521 0.16330668061647763 0.08658322864269645 0.004917872306628245 
0.25372776562957133 0.01690601872014835 0.23283131236565774 0.014780365229726162 0.005216257189706086 
0.2553629165903228 0.08372752539092364 0.0018717926563613285 4.360942878320385E-4 0.16716207856649118 
0.2672207468285067 0.08992056345880729 2.3892873759387092E-4 0.08874336073517089 0.08768057469796212 
0.2596746555915209 0.08981754923061534 6.795617978861649E-4 0.17238297406025607 2.6566069979306976E-5 
0.2582736105704667 0.0878158158966108 0.08780047165059533 0.002161560919937568 0.08750200545149069 
0.2533560493574425 0.08533758319578304 0.09035294860586465 0.09263241380892602 9.321576418919928E-4 
0.2616070107102719 0.08790066653376795 0.15438077828159422 0.0034210074412958282 6.222060265805907E-4 
0.2762143732171069 0.18609367526614812 0.0025279278514304393 0.0013221877753070888 0.0858187231814014 
0.2591486370939769 0.17540434410141137 1.1143767187939946E-4 0.08709565998346033 8.44058312378953E-4 
0.2650217437254071 0.17955071170519862 0.07400999521577804 0.0031746334236311563 1.1374150710450182E-4 
0.25659771475837595 0.2618399867529501 7.495529838928903E-4 0.0017168839201810822 0.0018707240855738044 
0.34406967769823016 7.389896203247036E-4 0.0037987184583099104 0.0012294580686459697 0.17119797744163617 
0.3471076741257586 0.001826987170506908 1.313453851700485E-4 0.08763701188320816 0.08579865916667986 
0.3387883031530146 0.0019588849552813993 0.0018251094698999372 0.16774154204887606 4.4358435022028735E-4 
0.3437818829265841 0.0023073200740160588 0.08780041495870991 0.0021615595242393247 0.08750194895232188 
0.3178138323398259 0.002237680391932766 0.1002475065610234 0.08433879069978983 0.004886662640943363 
0.3527653849905405 0.0033828111201755426 0.1655035924342089 0.0012313935251084237 3.324442025547074E-4 
0.3406485603129249 0.09637890318042405 0.002854414110002846 0.0029205800326738292 0.08027070299971921 
0.3437768529788399 0.0870794608829078 2.7104715228381843E-4 0.08650322128160164 0.0012415984651206937 
0.31691870591907884 0.10981420178000383 0.08883706191442174 0.0073179946662410835 3.3244724303860274E-4 
0.3402669172251567 0.17300119191390398 2.171672201421978E-4 0.0032653446930649413 0.005034819714429545 
0.42123042119380616 9.281463057887777E-4 1.3198494890548045E-4 0.002846662814623816 0.08339225884548522 
0.42817100945916675 0.002409659622934678 2.135089279529462E-4 0.08643637003130633 0.0019984745681297326 
0.416385860529871 0.00922234313813108 0.08199430343686671 0.001198229267690717 2.745948237137325E-4 
0.4157893694356773 0.0833268822675954 0.002225695243839998 0.0035262122752626516 0.010845928888765313 
0.5015559612124539 8.519028747346923E-4 8.8562988918291E-4 0.0034002387349736066 0.001835976481882747 
