0.0033513480650867924 0.0033993364955330584 0.003396488309924738 0.003423554981160549 0.002814456885035042 0.003281511253265239 0.003451239089808936 0.0034071067992117376 0.0033967585023932404 0.0032232108492903 0.0033628606242856484 0.0031396792428832103 0.003160529124570163 0.003072113264614177 0.45695425418693103 
0.011916234261156485 0.012108237585069683 0.01292064373213175 0.012453106191435059 0.012120786235687816 0.015705636306649617 0.01346479278281589 0.013600398934841353 0.013800392476076269 0.013698893770115576 0.0133858569612624 0.006955515535696543 0.010924392012470207 0.17853244706948895 0.1611330877984707 
0.009025695322374721 0.008690694576713252 0.008251138254084325 0.007973749747006235 0.008337421524229699 0.00842888060889226 0.008677928731744125 0.008679087519486525 0.009318135304226411 0.0083344689557402 0.008581094377685825 0.00838565360405758 0.008137008195321224 0.38139921008946653 0.01048791342076583 
0.00887377179494295 0.008594150884812003 0.008862418938854824 0.008789200949338662 0.008650327320260623 0.008884563141809841 0.009289874692082688 0.008665801974303059 0.009203912990508411 0.009265894305710825 0.012678784089558007 0.006487277239154437 0.18934718634762523 0.007141976319946155 0.19801583918910456 
0.010946776627139833 0.010703626134206693 0.00960851679988245 0.011702502731299826 0.011031763305806755 0.01095404286088652 0.010457396872760526 0.010946539164401844 0.01140777590087274 0.01137810713670352 0.011584753764612318 0.01111668429213536 0.186463999466115 0.17653744635799742 0.007931967729262015 
0.012512809808741155 0.013016004132038022 0.012977864560121158 0.012827310369970108 0.012644004619971297 0.013004287922096857 0.01344776699031519 0.01309509293719817 0.013866939463596876 0.013634304178025967 0.013847028100944967 0.01280045963528925 0.32040972842932014 0.013442252631766495 0.01119496032306803 
0.013944263839419187 0.013911252679133268 0.014509945855005672 0.014343444130562192 0.013960734548746231 0.014348034663041572 0.013044709659755495 0.015277404930082953 0.01999137029837869 0.014673321971515043 0.015013600311060773 0.16384507570471 0.009129934838167276 0.013860280110025268 0.15291130376974899 
0.007031353133278937 0.006789946247907588 0.0068323237988560164 0.006966263611225593 0.006883836343041348 0.006877588330264424 0.007093196517836523 0.00593077473866052 0.007196476102254814 0.006852509620817593 0.0068379577853645125 0.21062159531253893 0.005510066799988538 0.20699206635876688 0.004396941528118637 
0.009862549693160786 0.009606637440956174 0.010023165366600691 0.00993056030281678 0.00986869729750474 0.010007566606771384 0.00960930577914322 0.00990689306847966 0.010130577860295075 0.010142505305749231 0.01052008675216078 0.1906965080429877 0.18953568810391372 0.006533666889423543 0.006493478783770342 
0.0025111972553859044 0.0024109509353493447 0.0024845861248408256 0.0023128878130129235 0.0025190350522707287 0.0024999880493666773 0.0023831470400048575 0.0019094179347116525 0.002406075868285306 0.0029318141911282205 0.0035298313105717647 0.46341733470738516 0.004642412598633238 0.005344073659201397 0.0021197180101925105 
0.007816502909539507 0.008162163636051224 0.008249407004020173 0.008396807918650512 0.008040998605558574 0.00825008079440216 0.008548143109495483 0.007465755724919689 0.008808406069529392 0.007823728188040002 0.1999759482627987 0.00634479739588165 0.009763485459214766 0.007030471916583554 0.1981024402229157 
0.005893419203947633 0.00569102910935338 0.005729697696336902 0.005783645449004338 0.005673157522810399 0.005799603955807274 0.005913306762387648 0.006173400504994003 0.006114681816397864 0.005867374767350233 0.21641496124779025 0.005402032334437264 0.004057194341726469 0.2142712137329837 0.004005994895311734 
0.010160535100790085 0.00983315418087922 0.010034628817375513 0.0100310185279984 0.009867089259290088 0.010128846227723125 0.006901008200623462 0.009938553900266264 0.008760272723171146 0.009088172159657171 0.19907005665899755 0.006693614161792267 0.1894940050219778 0.006150448528667819 0.0072334212324255765 
0.014117183360811828 0.014565411044034237 0.014480462279318285 0.014419084774480203 0.014353682647406957 0.01459148621097469 0.013946769729219065 0.014850877933208413 0.01578720235682021 0.014623802399426471 0.17588058779059992 0.16082025321132556 0.008531413797582939 0.006348572579587179 0.005536220733706515 
0.008841562637555799 0.00864411979482242 0.008204564588283359 0.008582909272870066 0.00843920506086803 0.008697257255220423 0.00797460069645301 0.008563026497700122 0.009669453989608704 0.008425477041626609 0.3855028656344447 0.009261086883471464 0.00863176875452171 0.006138961887024337 0.007210286759409077 
0.021611629676963555 0.02221015390783011 0.019716640089763714 0.02171504865342008 0.021177678495309608 0.020861268332054744 0.02114152988663647 0.019191723050722243 0.020508698220217263 0.1290635052332575 0.019693124126310073 0.02138066445020445 0.01794895154205548 0.016121532892883025 0.11032622153108149 
0.006674262638557857 0.0070637104917258674 0.0068400666024738075 0.006630664687429418 0.006987329584573848 0.007639984504239973 0.007663898954852168 0.008011254235433815 0.0067307823231938565 0.20568075089527274 0.006604352360098128 0.006647752772728043 0.0040808462530885015 0.20875415512383835 0.006669964481535978 
0.017816723440513736 0.017248960957785234 0.01805501995945224 0.017888692733132344 0.017757586236684993 0.018105167346746397 0.01731939670537073 0.017977586175699493 0.010833242361244675 0.14252908378748513 0.012056474915218074 0.010128038291201522 0.1619099873156051 0.013403736421525073 0.009713932931151662 
0.0074611666903014375 0.007230832271408645 0.007346796741317047 0.00736229748265222 0.007328465992288119 0.007387661994083951 0.007109392285837591 0.007575492233064068 0.008124839006650755 0.20964349959180634 0.001763933446841455 0.20580254173306578 0.007327182985011953 0.006354984728658588 0.00508803432187022 
0.022090300674133822 0.02142815439846318 0.022558459222512848 0.022154948751582502 0.021774198155579197 0.022318662862028653 0.021276954056467616 0.022425292313413715 0.02307058426471133 0.12915241326049065 0.1082132471891969 0.01703405481924435 0.016613172433446084 0.01566075364108856 0.017002568822812154 
0.011327166322953311 0.010921795114804967 0.011146176086496306 0.011193416179320697 0.011006391205852667 0.012381056140783624 0.011882750222288541 0.011563918930750747 0.010885945085576037 0.3575760338225798 0.0030264607815217127 0.011263748120351327 0.006820954088426297 0.012163389631683544 0.00976293735180347 
0.014471584772467454 0.0147040177657186 0.011910275147275044 0.014355137160106219 0.014510459487522645 0.014239645570894847 0.013983112453379198 0.014370784714885784 0.1717913111526556 0.010041886137514758 0.012906741603426529 0.019367122095163294 0.01107411800291177 0.013709679021389809 0.15130917993087292 
0.008927060775082629 0.01072914480562935 0.01021936896225371 0.010034762243009976 0.009837556269735152 0.010396721119332602 0.00964447847791475 0.0101457422441337 0.1953592497238917 0.008620871141803925 0.010057221678332609 0.00805972779212027 0.007970856738889559 0.1872551427731124 0.005485890189880421 
0.021602652861038546 0.021360082910580266 0.021975759299669065 0.021890386480892008 0.02163664850410253 0.022036584793674364 0.02567628359030328 0.022450512374529514 0.12093966876109948 0.012979537169878673 0.013117836571440505 0.01436711041786668 0.12850208118553771 0.01678265193792148 0.017458919816989115 
0.014798537260103235 0.014737619211803887 0.014840861958212704 0.013948192215027114 0.017296509707672075 0.015584350999231247 0.014780761618972519 0.015257409604509149 0.16655475148829868 0.014276708424379456 0.012042864936645215 0.1570749058462394 0.012579041847647923 0.008672163350177398 0.010510540588945213 
0.012280316446415708 0.01186035384148581 0.012514626208117371 0.01317438250948309 0.014261153794254893 0.013291957776596799 0.012009303700961097 0.0063110829387234705 0.18430512533422316 0.00797059300678418 0.1843090876043417 0.010645022559508143 0.006689899136678527 0.007623400650312209 0.0055119161587794665 
0.01343185425648522 0.013651110020743807 0.014000806016410334 0.012180348712769701 0.013221241336148184 0.013685139904873177 0.012970061180090947 0.013634748358433778 0.1638133896392526 0.1731725157509742 0.011329696437409314 0.01649690785421523 0.009569512889875332 0.011678866719411892 0.009832283691392723 
0.010164170159347003 0.01221598645021898 0.009884598625799792 0.010107525038430125 0.012012309144808254 0.01125518026254909 0.011651970963587438 0.011236456133360146 0.33739032570414534 0.013337695592995281 0.015559931131136764 0.012469528204919903 0.013942502813538718 0.01615303351947458 0.005322933099201497 
0.012256854493442684 0.01634134754270901 0.014565693970462344 0.015083392057824444 0.014348998857432774 0.01677996400402996 0.007000254681100452 0.1817622231794907 0.009351158811268896 0.004834427542340312 0.010394002776954127 0.008544360838268237 0.00936222343133171 0.007298402201617046 0.17482472191579418 
0.01112554575582288 0.011577784641804909 0.011232985463485863 0.011535582849830762 0.014940016328798418 0.012580385228610817 0.012718172123602739 0.18006956589554898 0.010533095884571296 0.008100389811667576 0.0149878517646765 0.008206460910287837 0.007549914649589777 0.17473135381127405 0.0128289652867322 
0.02232714163634424 0.021884490485656178 0.022474974320822842 0.022202966881442233 0.02122254977073326 0.0197667553915374 0.022418296977460072 0.12671216306715208 0.016748000131106205 0.012814377530457123 0.01676392997113126 0.01990828448361148 0.127337548133853 0.013902869749709694 0.017543438405849546 
0.013907325760701505 0.013363246750669086 0.015539940351313503 0.01341060360056976 0.013868073323752856 0.01626436341300659 0.014041940806660946 0.16879306110968306 0.01197639883144716 0.009652366039104902 0.011871332409042595 0.15197006404402455 0.012135824916989457 0.019042849842863585 0.017386213507962035 
0.009437219416578302 0.009185863504475015 0.009356472271310274 0.009710397195282213 0.01984239980527391 0.013337030924583175 0.01072594780124397 0.18096708192374017 0.010405587984910234 0.009468566574387995 0.18759680273974524 0.013050358310381167 0.005972437990898898 0.0057689587354829396 0.008089571461306354 
0.012172609930430766 0.012496713825733955 0.01262400167877617 0.011841808213550914 0.012105253292147867 0.01284489218894326 0.011976316966430796 0.1858115515698327 0.006639805672109684 0.18915600589763396 0.0029912603092943158 0.011468940940837453 0.006768944402604614 0.006504650280507983 0.008205357868355617 
0.020472732095195723 0.021007459996793376 0.021157811135277527 0.021748444429598064 0.0191106590164492 0.021313709335159754 0.020535974981371427 0.1386492486435025 0.1395375685336755 0.013259081017757232 0.015465445675429415 0.014025485557083236 0.013514534573997239 0.01187509223916849 0.011230864619429804 
0.008393558248966876 0.008618265210315801 0.009693865484272311 0.008920890489884483 0.008776409570271473 0.00806075803435434 0.009058794957577257 0.35978878846950163 0.004359918728296498 0.013367035314724914 0.01649653484327878 0.015314858350426098 0.0072269872457536395 0.009994084347205608 0.015298651732512384 
0.023278217624272488 0.020956237214934833 0.0226909695677614 0.022835999581699903 0.022532203146873462 0.022399902185424873 0.12460628950212271 0.011480859074346492 0.017894909797267145 0.026013805991173602 0.010860849531917963 0.02052629544091495 0.02348514736317121 0.017598754670057407 0.11576257921435956 
0.014040396620832703 0.013559388840168092 0.014331818922046977 0.014117566759654185 0.014375402109437828 0.016331067756498414 0.1718709980229176 0.011537967059648276 0.008617226142036562 0.008880367472764931 0.011401896468295196 0.011663874126422733 0.01095128047799717 0.17563093765457297 0.0054925340084811865 
0.013070491011713663 0.01855708067709775 0.016148880945429777 0.014456249899177164 0.01597975375150605 0.018140229414768647 0.15791677100985932 0.014202227414718535 0.019352340064199326 0.021505680558100992 0.020101601298474304 0.02095991978575675 0.12524557947025589 0.01107146874556169 0.016144896962478575 
0.015544193919597406 0.013994415716370699 0.014496741616837644 0.01418065580821805 0.012326987228658255 0.016368706752279003 0.16710890714766596 0.015074304280651754 0.011986882118685156 0.009561792000603243 0.011459364666707102 0.1511310538732475 0.015996532695079252 0.01678799367558987 0.016708536106742687 
0.01662834589678002 0.016576407360014846 0.014918013768332903 0.016371359320806186 0.015838211003522545 0.016695061497275024 0.17463005709920057 0.012702179214812436 0.01285527386799351 0.010168802111647618 0.16576655991522746 0.00924929433191487 0.008585612695852209 0.004101759500434641 0.00831205871411718 
0.0180158219435531 0.018410146685491402 0.011410371508198543 0.015394869054329003 0.015524677456947003 0.01795998782312735 0.16124837463390124 0.01206834438519383 0.011847845179110333 0.16197205219229535 0.011206193734747787 0.012629238978276468 0.008338485178124539 0.016874916541341593 0.009837415046897153 
0.0168001620674188 0.01507989061572936 0.016343668827218397 0.015727822188972156 0.016409071165203567 0.01861111262122813 0.16373734363130957 0.014553337604173539 0.15482833270428986 0.013524810698022659 0.01117747310372761 0.0090967641552349 0.015803665982194945 0.01122882169363263 0.00992665356292361 
0.01840562014892724 0.01877239386709591 0.018733792090762615 0.01940233445325664 0.01876223466878195 0.018893483561157397 0.1503473799894309 0.14049879468196347 0.013597882205376412 0.014180620929287707 0.014654085199870433 0.012332476224761468 0.013026744634035695 0.016595820087776707 0.01526815120304802 
0.021584940487237417 0.01943289127464418 0.021028443542565715 0.01996775079462117 0.02016120128117156 0.023708609921867206 0.2494984516950505 0.015810874155345572 0.0174257710385459 0.01390032841492468 0.017620211142204495 0.01345285150871002 0.01600917931816546 0.01692098460685165 0.016320924727664575 
0.01265180299979266 0.016977629203401824 0.015089999575506333 0.01562696569415144 0.01486610651177771 0.17403529662710607 0.019521943076722354 0.013747297413796336 0.0029740633382485263 0.004800816021506111 0.010321738121453835 0.008484955880842531 0.009297132256593715 0.007247659813711223 0.1771228578731058 
0.0123067799975791 0.01641852110888205 0.01421866100787791 0.014513278866390339 0.015391596203260978 0.17672431340176378 0.011928248101240976 0.010391485664559906 0.008453392792611125 0.012340694652814486 0.012297352434831245 0.00962746352661446 0.009536635819903603 0.1680900604352504 0.010636036952609116 
0.014890100663762772 0.014423641483337085 0.014687911775269534 0.01486068329769002 0.01344092371211019 0.1587891118947211 0.011034445163369096 0.009918099286225052 0.015907773611083562 0.011604970965670175 0.017337536111836676 0.013186984908251712 0.16247953461235132 0.01562436858641284 0.014892586793084228 
0.01213981888963335 0.01240964823215531 0.01267666266761301 0.01165739622663038 0.011167494974917187 0.17993954924297367 0.011430032332753226 0.017031703081406564 0.017325229406957063 0.0141491565902837 0.011964622500952812 0.167048944250213 0.008493448809321853 0.006299158381894028 0.00918043564597057 
0.015027955992756867 0.015306545887268451 0.015227094341445386 0.014453783182090327 0.015001795224932482 0.17400254459989348 0.012999475936870002 0.017811100255728074 0.012269620796682913 0.010137123674319544 0.16793430236831336 0.010713867413550435 0.0067045990646371 0.006095076795793732 0.009274579216358122 
0.010089169359296362 0.013447800638604726 0.015081692268258107 0.012095984147861154 0.013238390551235622 0.18113365887403618 0.01171030909369745 0.013054792767082116 0.01741973682481339 0.1681673738036538 0.011488512885684195 0.01148407687169568 0.00845518644857413 0.006667136464047674 0.009356094306386072 
0.014543516658526406 0.014167003743069752 0.014898014404063045 0.015245624790829205 0.016476837724378697 0.17301186509913113 0.01706949025383885 0.01790128831228971 0.16635675371246608 0.006526622055786594 0.011436608088872086 0.00931811918275528 0.009046722663695893 0.007631857417792963 0.009163098187803989 
0.016906517818452496 0.01724842448808111 0.01715540758975135 0.01623236863200331 0.0130304001536864 0.18354709953826237 0.019881995475505006 0.16775338544594443 0.004633008773584539 0.006529224021192181 0.006946563877507595 0.010663238810621317 0.007201610173190268 0.0057659709514939145 0.009297900317425447 
0.015337654851128575 0.01481023158883687 0.015452991458007263 0.01533118343543927 0.01557886498638019 0.17681352312828125 0.16490816450405088 0.0057494254861003204 0.01318942771061971 0.009148005490337383 0.009580305168626988 0.012017320190086604 0.014051826940215992 0.011237068095524634 0.00946019643876404 
0.009537850486822264 0.00974106170748607 0.009655040726676847 0.00917881093846101 0.009261898299026478 0.3760838643109477 0.01191181405752692 0.016950631405568885 0.004638379174892579 0.008017785325979103 0.008010167107124088 0.010913192360018975 0.006892746865763399 0.005798882246141733 0.006140344016029741 
0.01248817157673725 0.012825897749265841 0.012618210301686434 0.012276813536279543 0.1841323711863632 0.011687399390388563 0.013567383816141164 0.01111134488031704 0.010179908988584552 0.014134747759812594 0.01194966583305586 0.007236365485947292 0.0027021258249144667 0.013692958803211518 0.1721017799077993 
0.010839411997814416 0.011138043454586962 0.011166555170307286 0.011351112195417404 0.18643113936026093 0.011311279517988404 0.01348865545698563 0.01120672443336312 0.008408569208849168 0.011975180157279053 0.01108888534301674 0.011856288802045239 0.01019634851872505 0.17511544691862804 0.007642471283814623 
0.019669848876091786 0.020201398708764577 0.01823414856443182 0.019351032609318183 0.1591069538115876 0.011814152253229283 0.011936549830544005 0.014358417697962414 0.016207675991265536 0.012603805768037595 0.013277850230722999 0.013611290303031138 0.15102657207812475 0.01059261784785245 0.010818741793473753 
0.012820528746899235 0.013103297669407857 0.013802766475674246 0.013605074148055616 0.17503033746667737 0.011293730757219313 0.016799315100116417 0.014210515527419096 0.015618408898789283 0.014619729903654942 0.015343229355447699 0.16019000064267921 0.007266271882892608 0.010441766552835055 0.008722456897653733 
0.015498710183016412 0.015848985519238946 0.015886903308234175 0.006677423521747696 0.18239887360434703 0.011392264617799228 0.01573486441124331 0.011922844780685353 0.012463788951909508 0.010355373799540553 0.16775028021343324 0.014440406006516792 0.004085306028347793 0.009818195875225299 0.008406950378040394 
0.013812415007067582 0.01572900823665375 0.012944261285409537 0.013769316546017214 0.1709567836167734 0.011244789356736262 0.012581453136132386 0.011888855443797726 0.012143065561041643 0.17847600068588076 0.011440762707404501 0.012456329567154522 0.010315276352515532 0.006304488551820007 0.008686814568250233 
0.015400198080538155 0.015002809914766194 0.015673089074442557 0.013841991470371651 0.178093145794965 0.011573778160183026 0.01640512242601016 0.011635823923834906 0.1740940660361946 0.008331505976903282 0.006456700470367502 0.0137753864366288 0.006112971930885082 0.007573518677489297 0.009178635187996132 
0.012295639596614751 0.011938179411564227 0.010938668366806991 0.012201462209470755 0.1746430087699072 0.011818525367472028 0.011062866917519938 0.16018977963219894 0.01480209651437493 0.018067507700729984 0.019058695986760882 0.012576783956242064 0.007645654397385439 0.015421296325595225 0.010952354571517685 
0.016212876012893424 0.016663034308300496 0.017774638678645448 0.016299782475167154 0.17202213851820022 0.018073020174973097 0.15664214829785295 0.005904948031330813 0.00924906741921438 0.013251679923849218 0.011838417142582111 0.012095360057246629 0.01643213073524941 0.010608100360939298 0.01083704705240219 
0.01820990110070267 0.018593814637001015 0.01804895441540384 0.017348539513560534 0.16612900560084112 0.15765996512702882 0.019064360015582267 0.009823965444143863 0.008451726262514135 0.011267117367471347 0.007738907737013668 0.010542839050099449 0.01399262620610291 0.008913586056273069 0.01715622530143811 
0.007461836494171672 0.007652779581619522 0.007585145863840102 0.007292877283829636 0.34036424070303156 0.013137083202879889 0.012856430508726887 0.012784995997520691 0.009509949193059345 0.015101892095933982 0.012404273305290436 0.011972239559239163 0.015012080973443002 0.015901706300747238 0.015149373051455965 
0.015529241089352318 0.01392089468400909 0.01511265480886691 0.16352468808586187 0.01912303499618417 0.01136980619318051 0.018263048148478133 0.014081714530028043 0.01062470643823659 0.014754236805362466 0.016262022826257827 0.012741237176055372 0.014704910770486265 0.013896058849712411 0.14886455062853232 
0.017214900207202854 0.017464928553214538 0.017704814917034774 0.1564929857042537 0.018588256981931485 0.01629718623516504 0.014313278776521715 0.011512581923217326 0.01748832524062948 0.014797861224202154 0.016529898791370148 0.013944233365092037 0.011754847145444362 0.1420730359990907 0.017841775759984607 
0.01163943303951729 0.011849799210613477 0.010962708310225505 0.17654829623034057 0.01855382803153567 0.011284321148729593 0.015446612519869868 0.01407887530156396 0.01280141675855942 0.01392146012291124 0.012073065784278683 0.008863102640717433 0.16298785703450652 0.010558214846989376 0.011166774452634308 
0.012093079542135654 0.01088851672318769 0.010723791593006276 0.16735405498124664 0.01768603281682422 0.01688966001839491 0.015209814382498459 0.017020021122749966 0.017564179587530822 0.015021610277747425 0.016469387590116825 0.1541466257386372 0.008371459471874511 0.012161291026108982 0.011167808519891338 
0.018022762473259343 0.01832926950907907 0.01944702896247315 0.16081305342559177 0.015629480925717358 0.011247654706858531 0.013283201857515798 0.007631768966984865 0.020984713723817206 0.015847097785829788 0.16047751068076366 0.010350457257515124 0.013572323173953165 0.006083538060007045 0.011063094618667614 
0.017182404242097132 0.013441276996031636 0.014268862727150448 0.16179027337238922 0.012266322390646926 0.013912915710804155 0.013143985830700177 0.012533653176433771 0.015112078766127234 0.1775833434298413 0.011919465328200141 0.011512558027033213 0.010266979868916257 0.00693210123963604 0.011392337819171053 
0.009217610791456927 0.014416214923398462 0.012651727125551612 0.17398181720627043 0.015243731714093925 0.010912008296508678 0.015812875587717747 0.017267873925895554 0.1667037831086322 0.008526706803220607 0.016767695025160127 0.010376297520597062 0.012986687311542408 0.013702306793632256 0.004304004647018851 
0.009422297426753075 0.012408960234810735 0.010241200665991476 0.1750525520186954 0.01823781679150554 0.014301505283078412 0.014847273578266745 0.1631810023849166 0.016335427558439274 0.010583510722190978 0.016786733342591488 0.010373501933699202 0.012718299080784633 0.008283002164443876 0.010961418352998036 
0.008237280916934554 0.010728027112593486 0.010290435050917751 0.17955178897828591 0.01855153341041342 0.006783581881116689 0.17385277031003582 0.015907399298056627 0.00948720120339121 0.004955062491885552 0.0139082889493948 0.012443199868755367 0.0166104157463303 0.010924881516839149 0.011032289662136431 
0.011671668762512404 0.017986905605526397 0.01388612051776938 0.18758322275436173 0.01179322440556585 0.18137112374535208 0.008731287998733872 0.016915266601402412 0.011225904227236797 0.006560720082653103 0.007566578926129804 0.01066501163576193 0.006797263954536759 0.00574379803629883 0.00436387419674369 
0.01615069616572265 0.01096845296782435 0.012267778739539879 0.17343443129262298 0.17587620729474998 0.007130820478429421 0.018903873437155473 0.0034559189488729465 0.00934973116889407 0.02177681592492418 0.008605644152686621 0.009614908364872082 0.00818875885097307 0.01027464518791321 0.01712069595988712 
0.013867645845763155 0.013407834181881885 0.01356063150318187 0.29935047118615243 0.023989977045840653 0.017926465136575857 0.020538968504882953 0.01555152755229763 0.011564822678977403 0.010505352826714748 0.012800968556320546 0.012635150778519153 0.015386774523424978 0.010819916395020565 0.0108299564099651 
0.012304982149849243 0.012579216364518381 0.16579181491715173 0.01090571523417405 0.011290400121535326 0.012645736605895989 0.017909244745882635 0.01255962920728234 0.02341218414378955 0.012023993533433884 0.01473725051389263 0.012421052886569028 0.01367148563620199 0.006292253411480919 0.1644055859152462 
0.012381975271225063 0.01199366605103681 0.1647013715756569 0.01558896937817718 0.017603104919680004 0.01733435437053361 0.012975310497595038 0.011326714526272702 0.017308986645482055 0.014465360376786904 0.019957352510478105 0.01493332676196614 0.02108464763247285 0.14322296131652942 0.00920488929978762 
0.006077653786053426 0.005906629692344439 0.16983063069419282 0.024393852240538864 0.01753663560168656 0.020832845460568218 0.015894164643319428 0.011199999999912684 0.016303016632091778 0.014373152214930608 0.009742653703329253 0.009029159964261778 0.1612781603221756 0.009318007437752254 0.011173867075103079 
0.013460801632733568 0.013328290377631263 0.17609689995032088 0.013238637212142006 0.012218485505972144 0.014239543620209481 0.00815624009307267 0.011413737353401437 0.019827622474848886 0.00925015006783855 0.010995171489985394 0.16825183309815997 0.0157785617335428 0.009348596757762555 0.008904237827536795 
0.012834756931453388 0.012445182797325092 0.1673629372025333 0.012496354996269972 0.017680387414351784 0.013936476260137198 0.011817898821614901 0.011352342997987985 0.019433648134967004 0.018598781495556348 0.1607393924244582 0.011100938173165655 0.008279673239823045 0.016089008828923234 0.00880570554233719 
0.015181815288958784 0.01520997337268939 0.16128018461592616 0.014782481576346818 0.017977675425789583 0.014082875836029584 0.017775818775216057 0.016478927513887555 0.022669452287301432 0.14308398119948454 0.014126207969059704 0.011002757352949352 0.012564596240599194 0.01335232609020213 0.013423263608555704 
0.011893764901585616 0.011390861235356032 0.17726810628944586 0.013937074825455168 0.010360229335141299 0.01088071352520059 0.015741019928165515 0.011414837680026338 0.16259545054630836 0.017655300215120514 0.003195863194163457 0.021046409308392817 0.01636924413697549 0.010946174970549402 0.008318032113452223 
0.0072656160054733986 0.00943326930824939 0.1602691638654089 0.01153620627456801 0.015147277052213944 0.012690129043991319 0.017286931787155332 0.1532354464145405 0.028234715226065916 0.01298642010456505 0.016121454580105957 0.014810172985367237 0.015396091382459532 0.013372715346469999 0.015185822184837055 
0.028213835385754997 0.026980179719911977 0.13212227843898203 0.023634669680805045 0.01978031244296448 0.0210912251433925 0.1203587711955357 0.016632434209239717 0.017048510332794056 0.017956706530462576 0.016610710632483885 0.017178400771167956 0.016090085754912997 0.015605707376656551 0.013620686042178747 
0.024489573324039202 0.023763877249814293 0.16088317478477945 0.015264263179468917 0.019321830146479275 0.1674703826011201 0.015231478612349492 0.012485477658978448 0.010721265195892055 0.011460193210300316 0.005232597132092619 0.011825273446243137 0.0071751397798256195 0.008956951706444328 0.00856182435366712 
0.023231267719742765 0.02254748429380904 0.16175424754189643 0.01562217426438541 0.14538248126165318 0.01841939045886066 0.012998925970971617 0.01809792454897164 0.011755098757610462 0.014058304267757948 0.009069187296663448 0.010625689286546877 0.012592951337877243 0.013485280351171237 0.013630107327109602 
0.014883979344214732 0.015260708175689792 0.16531809478490445 0.16779671466072874 0.018231828532806794 0.011357624811132682 0.012781414515010003 0.013311703633141608 0.010736544709382635 0.012257522809726142 0.01438377434053169 0.010198598888812993 0.013095154830908973 0.011963605925901748 0.011370916047494548 
0.015637046252495516 0.010921436563059446 0.3078265655307128 0.009876039608522083 0.014488917734297151 0.00878527740745379 0.01853862863132644 0.016824229938009545 0.017575935301391003 0.013735420392512876 0.01443175675412306 0.016605459832443114 0.012791846101347369 0.009056267812104253 0.015831166290239684 
0.013702389783601122 0.17493533188342694 0.017912629006051208 0.012395212397050763 0.011466198762847763 0.011849730415630835 0.009970640498971667 0.012261793111958437 0.013376458454739216 0.009023533531569353 0.014456483735925832 0.011950046619183613 0.010615631849184366 0.010773066583656385 0.16817743716173794 
0.012443796108662898 0.17312572654121378 0.014176155535515187 0.01624246984907857 0.011809907905020792 0.012011337866991703 0.012996704266399851 0.012843728743009446 0.0134375262007036 0.008891833867658579 0.01208295999701243 0.01589349046213912 0.012203076622256632 0.16567236342879044 0.008897829216318655 
0.012933033848481048 0.15678969410825638 0.01919282015023051 0.021636494662111008 0.018254365476833775 0.011328709451924986 0.01114800032636291 0.012215814588733508 0.017661182242608743 0.02071725969030883 0.018870302536955024 0.017006486390358268 0.1523913160530395 0.00656109330540751 0.006279061284724918 
0.010479751679112269 0.17490053606178227 0.017750963242011492 0.01314783313825931 0.011342614318882777 0.018604803562002906 0.010136522736284634 0.01246370819035235 0.013662740557040523 0.01395880169373765 0.012446420975570662 0.15959213482375606 0.01233190370464721 0.006368775062387069 0.015576872053908645 
0.011617382278798346 0.19266158477743855 0.008739654205804451 0.008054776043517554 0.0104381536814174 0.009123512175770114 0.012552523350333784 0.01230828787520284 0.011666547218189027 0.009607465777708464 0.1828384912976722 0.010700836895807468 0.007004106394906112 0.0064466288510053515 0.009210441046278108 
0.011692221175695768 0.16253287794498245 0.01664301941462281 0.015520708095736998 0.013659519757713864 0.025342236353947067 0.0023774972776454705 0.012612362500499333 0.012994119967032603 0.17201763172061219 0.012313396348929462 0.01053500922474338 0.01256899089244537 0.013631295867590962 0.008864173209237337 
0.027735572420353814 0.17469332805068455 0.013553431762006506 0.01294777234411855 0.010779038760926405 0.010996867616851745 0.01418017176603205 0.015195995770141727 0.15370185398183098 0.015373323203681486 0.0022402080612967707 0.01237337719586586 0.0157132966187442 0.01589605577281329 0.007645432135455571 
0.015532955047587792 0.1451857842450473 0.01963868197686206 0.01475989519284096 0.01291755448631822 0.01663017428323094 0.016985140288964827 0.15889598050888407 0.0059912413180800254 0.014529573193559677 0.014049074123059948 0.017898316190342264 0.016231797065335733 0.01788495758237397 0.01553806680957808 
0.011708737917963983 0.19258345352613496 0.008674792724450896 0.011401694877502592 0.00908210825127514 0.017689374618538114 0.18079801409449378 0.005700133400242964 0.008446305063518204 0.006999312850752251 0.012049215403771706 0.012856864580755231 0.0077254038035648506 0.004188120117009196 0.012862952269287492 
0.01435277689210941 0.1867152344254544 0.021577001056030082 0.017768977519044587 0.01669443125886912 0.1644708636809935 0.003553169510084571 0.017711595003218335 0.007166266499450418 0.009042365682289617 0.00746060472988918 0.010547353790225554 0.010063539456610846 0.006443992601858234 0.009419069353889527 
0.01883691810033922 0.15774381622723743 0.02137898824356946 0.01704630763183888 0.14019185977245996 0.02552620888784513 0.018606807050909096 0.019260896037644526 0.006739528399228482 0.01188825614312568 0.011626394690968093 0.013740256583090414 0.0163314218793964 0.009310185512164303 0.013374893988426128 
0.01089936116598851 0.18036414888867594 0.007255127197608127 0.17323596944491443 0.017668285430086247 0.013823546279757501 0.012936174650434293 0.016302029289676074 0.009716011061634678 0.010383237645325484 0.010706447875106974 0.011926482169927612 0.003801813839713409 0.01146029188749527 0.012840160010716846 
0.018559477283001398 0.1725206114372049 0.1629963145381497 0.007574090526694153 0.015248269678448981 0.007186541032016504 0.014107643036492956 0.009913683922061729 0.010553876224850354 0.013769425694547099 0.01619439471727136 0.012460848459448753 0.014908965484801867 0.011452224005138338 0.015502137912509649 
0.01877808304557442 0.29153702228995787 0.01596216744697967 0.01810048347434698 0.014993187323395074 0.008725801722323685 0.012348324872622008 0.018582526110594397 0.014687078111488937 0.014351778454510416 0.016347805063397038 0.011978049705881883 0.015169032242541836 0.015892930688607747 0.015471283779767463 
0.15622421437831488 0.025420483337879503 0.015487988719704044 0.014381325242691216 0.017833728234897643 0.014370005113965974 0.007344002397358622 0.013079395918629843 0.01868213132188107 0.015758428288634916 0.017420131442465743 0.014837953157775027 0.01870498207441758 0.014762413057276458 0.13847383469897492 
0.1800720202033678 0.008957135090803986 0.009803702443236821 0.008526066559768 0.010741116332787792 0.01337908667052048 0.014989625135199762 0.010802379751236995 0.017739073768164536 0.012182363557649963 0.01102893416550207 0.011779135606685137 0.010777138354919153 0.1715369954732151 0.01050021113570923 
0.16262604563956212 0.016336865692388618 0.018047194921967075 0.014907335279538267 0.022771758911929278 0.016027143017748498 0.018746807196207887 0.010028978223745641 0.01761587639876472 0.01430497416715511 0.0133768629045447 0.014408335730872688 0.1402331036445346 0.008582998459852328 0.014864236780994902 
0.18092901272660578 0.008919585551313563 0.013214342750103976 0.011740361087356483 0.011189663757394839 0.011716524458804386 0.00865823387352856 0.012033628575449389 0.012992167244645362 0.010974552783440958 0.011956352690085778 0.1636663258420179 0.015212350176192515 0.015918513814728346 0.01566305230855522 
0.16827696112532692 0.016906079031062626 0.022018847401333787 0.0013417382766179396 0.00591804998202486 0.009162187303137156 0.00822119229651648 0.01595503043890603 0.01078851995201645 0.016146980860037047 0.17262451110782487 0.011634996514206419 0.011110365804842141 0.01565855058342593 0.017057248129516887 
0.17971063211169516 0.011681407468301484 0.01632260751281998 0.009053024329936403 0.010904972889166305 0.01143856510847469 0.01676763984086419 0.008815050414884682 0.007882345570680283 0.17153848969086083 0.01187526800543204 0.008856762373864803 0.012467357103686679 0.012034600677292213 0.013671921609692196 
0.17019503053009621 0.008418027359770309 0.02098941371891711 0.0065569385964330835 0.022426965547259883 0.01848731188671744 0.014978407894761188 0.014475374628635093 0.16874450616667178 0.007172236513498863 0.00898365886166436 0.011002315443336333 0.008632090017047291 0.011978070075044837 0.009752646555810127 
0.1728493391656922 0.008762840703535273 0.007620368244653191 0.008700208894242563 0.01609322817171046 0.025631145880163707 0.0184182121530076 0.1525171445461845 0.01572764687376251 0.010889884065382292 0.023041397567980446 0.012733726964208426 0.015317712638159564 0.006122823743014404 0.00937812909778219 
0.17142219863404387 0.013029591269792135 0.019683271696195548 0.010676869721242979 0.007988982565390323 0.018030844486031004 0.1739296167951087 0.005671958317786226 0.0089977598639203 0.013181433586298301 0.011812529305381764 0.01646261156446671 0.008342846947422154 0.011926448858931607 0.01190968766246313 
0.16471323938671362 0.00904031691080392 0.025985059075513007 0.018326500580948913 0.015184249442412043 0.1653274590526998 0.016368099809421527 0.017237944083205867 0.013886498161014218 0.00688300644060292 0.0060805150635382796 0.008710934481021917 0.015527992207580782 0.004920910343267233 0.015208487830780824 
0.17963119071149689 0.009552860161814274 0.007187071943829301 0.009343350508645107 0.1947692912154952 0.00411918028147072 0.009902517899741165 0.00203774379058871 0.015348304139919252 0.011978459089239628 0.013107459894297166 0.010545472645776814 0.01642924102004203 0.009653909977141856 0.009426330758506086 
0.16581616788878764 0.0187330998481777 0.012791786220564918 0.17188167882492372 0.017328690296311837 0.011962699264133875 0.002277740772157698 0.019351064033844314 0.009558827941035224 0.011701941383536446 0.010539469012470952 0.011594572672994572 0.015357653276993339 0.012932247570580716 0.012945652403219059 
0.16272646969981794 0.006633798255843599 0.15859345363510616 0.014358127249113135 0.014585657891129719 0.017980806280816945 0.009125770386622448 0.01869795438570047 0.01489979469460127 0.013638505926260263 0.018250083932777772 0.01649742552784464 0.012622147151620368 0.008957604875390858 0.015613288355487632 
0.1732018576416431 0.17310763964047582 0.018597980658291664 0.013437527457661599 0.011889243260065843 0.009475186405242716 0.013472477766776446 0.02018153022736222 0.011117592313704412 0.005879271745917477 0.005025447595765297 0.012234416027684115 0.012553830949719007 0.006117114491478949 0.015434366488378743 
0.3101613244593848 0.014378101352042575 0.01666865077602694 0.01850846948494706 0.016904678773549904 0.019429719537896416 0.00965980424815684 0.014044547201400345 0.009242358206920402 0.011904312481528696 0.01027208085033802 0.010316697650998404 0.014232247245329132 0.011900419674535543 0.015527760927852706 
0.016581994940839173 0.01674965226592023 0.01721928520735718 0.01760352466785724 0.016850257147646906 0.01702415510150616 0.01790468629319043 0.017675732344193954 0.017622046406076505 0.01672169838472293 0.017446187574588 0.016333913657815117 0.016302866327472132 0.015934368891523977 0.26491869101962784 
0.016609351424488696 0.01603735346350043 0.016873507394001605 0.016833100722589672 0.016401723645103228 0.01723908002041707 0.0174366781732854 0.017891060698574497 0.01731597541794515 0.01698381482796735 0.01798325536201942 0.016691492311498853 0.01609248859502154 0.26606116573306765 0.01633171791488211 
0.016762821487749567 0.016572740207029972 0.016950806622603135 0.017499493543609895 0.01666323172320932 0.017165903691878415 0.01775146947762374 0.01728841717194328 0.017310131521049113 0.017557247009599288 0.01808950101265036 0.016756197568321682 0.2632567348717379 0.015779549997021476 0.01745452769346294 
0.016688369781107177 0.016507671853259413 0.016673614377559296 0.01735772407408449 0.016757990477022523 0.016743854254655584 0.01763184214406245 0.017480155278611405 0.019373798852132293 0.017337918739821732 0.01734377146217653 0.2655376744189366 0.015092004037115013 0.015820872036018042 0.01647067224204682 
0.016793036736586716 0.01715693294521681 0.015972165234594663 0.016677573775921606 0.01635768133389198 0.016831682558080086 0.017084519592823838 0.017776430081112054 0.017646602223489002 0.016532400234496727 0.26830799224113394 0.017144553699254012 0.017592042247460575 0.015715835681840852 0.015283731154800424 
0.017425017446091838 0.0168422617217951 0.017427202948566808 0.01669375642411914 0.016838871751289893 0.01670158506471638 0.016428355397076155 0.017373470171369657 0.015902861615068525 0.26587224979944524 0.018385626322967967 0.016874405075393905 0.017538234024147913 0.016013910887341068 0.016443798631731447 
0.016720247390691667 0.01654327666149001 0.016955757402548365 0.01576967738877708 0.016436962219707522 0.017059892804368117 0.01609561696224203 0.016574233972980232 0.2692036792625852 0.016068868779451885 0.017583613379465103 0.01727398943919982 0.01720330719265588 0.016866633460674005 0.018309758054845304 
0.017054353940159514 0.01659013010874673 0.016901580631113113 0.01751759516612523 0.016956134969835723 0.01706845238240292 0.017849108840524118 0.26582420524351125 0.015288082645434168 0.019448721752781693 0.018009028684573145 0.018773997379607315 0.015133784930984913 0.015802060424522358 0.015239665843488003 
0.021584940487237417 0.01943289127464418 0.021028443542565715 0.01996775079462117 0.02016120128117156 0.023708609921867206 0.2494984516950505 0.015810874155345572 0.0174257710385459 0.01390032841492468 0.017620211142204495 0.01345285150871002 0.01600917931816546 0.01692098460685165 0.016320924727664575 
0.019708783406305042 0.02007453236282214 0.017315853295292692 0.019866122711743425 0.01923869700396224 0.25379640088286143 0.016653691946131022 0.016388818627245828 0.01679068671307128 0.013807245930727421 0.01949323743436149 0.01928228015465186 0.017127725345863664 0.015612568556654428 0.01784618803960898 
0.016988931836140007 0.01730903734245794 0.01563936709119047 0.015123638696984413 0.26334613387296024 0.01646113277231039 0.01738553249920103 0.01598583566609223 0.02000193902362025 0.017286759321297474 0.016028924160910923 0.02084449618196996 0.017398385903366353 0.015186580698074858 0.01808380136977604 
0.01720428964692558 0.017512384149595703 0.01726496638325093 0.2508363566373375 0.02146382221416431 0.015948370856069084 0.01828820160831324 0.015443163296267038 0.020432835505935436 0.020479910632527062 0.019339071091054084 0.017637187843924703 0.014354962466001464 0.018976533698174546 0.01766582195549422 
0.017552064093331776 0.01678374314492519 0.25964372184895357 0.019068724714009614 0.015120773074955973 0.01605164186399477 0.01718215486566908 0.016404841656389172 0.019286903283885617 0.016519069194223066 0.01751573751069001 0.02032948670576935 0.015864001929758495 0.016884872607101486 0.01880262983717846 
0.01617742776092833 0.2659627284157646 0.014442915123716663 0.0164971494286191 0.01488211445727592 0.01660905693776699 0.01277973862207434 0.017382966593915573 0.016489798944073257 0.019056076709404523 0.02155828242400122 0.015619404835925669 0.017284066761769804 0.01626493768474932 0.020725590713303932 
0.27133050123193686 0.01337627162137919 0.019816911548918643 0.01776252206071799 0.016788728331698047 0.017579218678538646 0.012718491943564558 0.018041702642736974 0.0194788144442829 0.016453858178722205 0.017922423388008518 0.0167220274327008 0.01521163001373423 0.015918513814728346 0.01566305230855522 
