5.506741327479468E-11 8.128249870288726E-11 0.5233335813808321 
0.00139895389151003 0.04395326676047157 0.4916311769951241 
0.011757628112086605 0.09354286847340255 0.4168445632524855 
2.674602219956354E-4 0.1393350126722841 0.37888608814248714 
0.0037871250145476544 0.1776596147238689 0.3266416736452279 
0.004022371781639223 0.21853004870140785 0.28741423169518115 
0.001574116267470012 0.2520332178597846 0.2552576668162929 
0.0061179350738775895 0.2840485879646188 0.2207864188856952 
0.003111044359840777 0.34969292732860646 0.1557132708980116 
7.484099638534234E-4 0.3898886758543188 0.13059320677758077 
3.431269426389139E-5 0.4437486073372784 0.08062609018155777 
0.002878581829857654 0.4608924108368334 0.04573089210399965 
1.4329597863685674E-6 0.5053703575795705 5.302145886745214E-6 
0.04519570607393102 0.0010053411432343676 0.49091457318588444 
0.042908233500027676 0.06333488766587043 0.4176110299879256 
0.046435574791981696 0.08186143635671453 0.382590402097012 
0.03422252915264495 0.14043469062096278 0.33399459754585276 
0.04705343402092441 0.15234365160533914 0.3067245673909024 
0.051456537699888144 0.22230007699527435 0.2628895024374924 
0.060770028187580274 0.24163631323113244 0.2083839555628094 
0.04351903615856612 0.30780697695172776 0.1725344339635374 
0.056405141970807524 0.3476791200640662 0.11734811573773844 
0.04504463103001963 0.38723718103890187 0.07564409141873844 
0.0421199818265975 0.44589179430389103 0.03455594640468321 
0.042769721407020095 0.4835167751500936 2.1050858107931844E-4 
0.06452164066660758 5.31040057855996E-4 0.4413565297874072 
0.08909328410794362 0.05069032485293848 0.37937769788459 
0.09622265147998817 0.10119255333790338 0.33378923140053235 
0.08528995138068847 0.1390075662039723 0.2996749727733766 
0.08197863728631848 0.17677836635562394 0.2512107950103126 
0.0787716792572302 0.21742574156932362 0.20954076863055135 
0.09321718588537342 0.2504099942333895 0.16266192052505635 
0.07820488534566868 0.3073571796711618 0.1217422758084233 
0.08258357474152368 0.3245660997714526 0.10014966366482557 
0.08140357838050553 0.3760045957914332 0.048163000570441615 
0.08777010130243777 0.4253350114252438 3.922694617497589E-4 
0.13762469101753325 0.004869622865642696 0.3908253655841159 
0.1364568428966677 0.04767139683390795 0.32319405054513745 
0.13175709544695324 0.091021877772429 0.3002761215687447 
0.12752787292141174 0.13923347777086612 0.25717691775369983 
0.12196536205247632 0.18002751161302927 0.20809904075081584 
0.1333481840024489 0.20511445547289575 0.17180356256752988 
0.12150386577000116 0.26493871389556384 0.1223570530137144 
0.11770741629025994 0.298259727455449 0.0923230452831944 
0.1481005091118739 0.3372828667863859 0.03974576033578797 
0.11970208156452251 0.38755624514440584 0.0012951417020039358 
0.16992273152668477 0.004838457708088299 0.3341934169154957 
0.1709685773607091 0.04821011286084344 0.28900506567397743 
0.16833941918003528 0.09221478688349745 0.26227192376537956 
0.15779374719273878 0.12959507063236694 0.21936258988463175 
0.18929863908926844 0.16232874708324355 0.17268243675513636 
0.16028851310862313 0.21917725102145671 0.14139411806971758 
0.16630469005733886 0.26863494850652103 0.07302714541354897 
0.18184376578755085 0.2797097334296604 0.04859948444588079 
0.1777824930702318 0.3416647137143641 0.004913619443213531 
0.21511049793594378 0.0012919460166669109 0.2916814169176454 
0.21119028433232961 0.046360599736891606 0.250629371558189 
0.2042683829173962 0.09292698845580319 0.213335965019972 
0.2037613619111788 0.14067321100444588 0.18077494586668513 
0.21102571251647867 0.17149531645692162 0.1270678334712869 
0.2396392334526959 0.19101782031260883 0.07594637737112685 
0.20397230889995718 0.25843912166705624 0.044193425976366184 
0.22537762271498418 0.2908967602953956 0.007589204536000232 
0.2603294665439909 0.0021433809332569915 0.25964629401392464 
0.25455169501306146 0.05523175519940713 0.21223720035564228 
0.252197620176166 0.0881056059686897 0.1670218134465658 
0.2453986480681004 0.13425345630820146 0.12735756961726136 
0.2491400739890141 0.18211555920315858 0.09283162313343848 
0.24617136933967584 0.22162333022728384 0.04017208441044924 
0.24434173967542797 0.26252583702976934 0.0017030803625883377 
0.29258083280839603 0.0023724113287005725 0.2114559663747741 
0.2856322133568929 0.06270213024839515 0.15984586612408122 
0.29858849182206143 0.09077645107108241 0.13575064304655068 
0.2905710425216204 0.14021180422330004 0.07596856096481701 
0.29861121257747947 0.18928749276414186 0.03337449397297626 
0.31973232469492324 0.18618128126584513 9.314093036544676E-4 
0.34467237978595067 0.0021534252362113366 0.17767374961196555 
0.33234289919068594 0.039950070059705085 0.14040940881655117 
0.33053069196014745 0.100252154784773 0.07596856096481701 
0.33694434911041754 0.13945771215806965 0.04241903738150319 
0.3460393950311148 0.15191175734082377 0.008905949616950043 
0.3812052083549608 7.241365048505704E-4 0.12709436949557143 
0.38545676280566143 0.044600781974108536 0.07796175843362131 
0.38110194784650436 0.08053784454389995 0.04860857072457978 
0.36712604265966325 0.13499974078588112 0.0016533051653446216 
0.43437159496843675 1.1652316067843546E-10 0.08852247165311736 
0.42057128891128615 0.04489670269348534 0.04455980091349201 
0.42155659800916817 0.08750591366295284 5.153921333700105E-4 
0.4598863405086552 0.005511640934178548 0.04455309875795364 
0.4560606059540686 0.04931378893638771 0.004780500155554323 
0.5234451658173287 1.5126655319260162E-10 3.9855219191533885E-9 
