2.1514507396176109E-16 2.560580931799547E-18 4.753674434110131E-15 2.0170351027181835E-14 3.6527540814484494E-14 4.337091203585304E-15 1.0009707944338065E-14 3.052653431871112E-14 1.770837640718717E-14 3.4692101203586294E-12 8.077120635623822E-14 1.4572252958066176E-13 2.0852757788388347E-12 3.631402068649999E-12 0.5019464725267706 
1.1968177956327344E-10 4.5330497863414E-11 5.640680219505359E-11 1.5295363430058003E-10 3.175015476306379E-11 8.170491390982407E-12 5.632689453466232E-11 3.543138992189123E-10 1.787541499507948E-10 2.9341588304288798E-8 3.709190605833627E-10 1.8661135716566227E-10 3.0610431289401395E-8 0.5027274847104501 1.0852421394405078E-8 
2.02261678490626E-11 4.7418904822774244E-11 6.466535558287868E-11 4.750098970341921E-11 2.586712168705675E-11 3.6302276979041205E-12 7.140464283436487E-11 2.137374862201347E-11 3.947065930379771E-11 8.717645588243322E-9 2.6108907939404898E-11 5.7004218180675435E-11 0.33220060330525564 4.1883149599076835E-9 0.170168151484344 
0.0017569536833918747 6.770297939376322E-4 2.990042944288583E-4 0.01318500184407408 6.53844282060451E-5 2.50099985178407E-4 0.0020994871370580846 0.002865443675839559 0.0015369659655970944 0.09230421224356031 0.0010459782805049092 0.005153539221118861 0.11693974923181868 0.1607549325125426 0.10343676247086957 
8.622829162895416E-12 2.3726374283228347E-11 3.092424416209404E-11 2.2715906999799702E-11 1.2370166058948174E-11 1.8976385897904918E-12 3.420223022278888E-11 6.28628326272743E-11 3.0388964186921733E-10 1.2792526369414862E-8 4.424797963178448E-10 8.618552037133589E-11 0.502259004286127 6.3323753192191815E-9 2.2985806937101507E-7 
1.1666467228726644E-6 4.245927268204334E-6 1.9897560017136597E-4 1.7450886534304822E-4 4.461644545360084E-4 2.7160518933054084E-5 2.1934817464077557E-4 2.45523597605352E-4 4.034140889648995E-4 0.09055125469992147 0.0021858974372376072 0.028028879162274555 0.07886215000769711 0.09491911901326111 0.2063824190891851 
6.183877310407453E-7 2.2467918627964593E-6 1.644901080732919E-6 1.794461890354281E-5 2.5221509518086205E-5 3.814192909096285E-6 2.8243281461403903E-4 1.049694294290077E-5 1.0440410935977446E-4 0.10194392336454838 8.64796872211126E-4 0.02683519914974171 0.11622026867155708 0.16627204582173663 0.09017067307529647 
3.6283912630119114E-7 6.184371677482314E-9 6.608458049877566E-6 2.480169422885827E-5 8.615461435555069E-6 1.004958772506637E-7 9.587466220290816E-6 8.455077097655663E-5 1.9704627645405112E-4 0.1156953828001462 0.00518913400074499 0.0344194229374471 0.1250284498280117 0.1105524307079483 0.11078517802573375 
1.4909711922068348E-4 2.392065011932674E-6 0.004671886350524621 1.1632572010268017E-4 1.3141973241267684E-4 6.356730915123644E-4 0.004031717420279463 7.575819127865458E-4 0.002203247518456411 0.09274072192108443 0.02873303244217174 7.995420414960651E-4 0.08532462566213855 0.13929054280214717 0.143449527453519 
6.74109086251864E-5 1.2491826489061956E-6 0.0019224784236422032 0.007263073517721147 6.998704516497287E-4 1.7176359509288295E-4 0.008537103358750913 5.091008476952936E-4 0.004032635105543306 0.07633116181867752 0.027124099224752892 0.006587181275235554 0.10688316609357962 0.15791826089626693 0.10478034929814906 
7.673921837683705E-4 0.0021184824735879667 0.0027873979637025696 0.003471756093220874 0.0012171757312587068 1.1214616853302303E-4 0.0014588277867612698 0.0018547106956467666 0.02044830009136692 0.08431708344634595 0.05068148441539701 0.0014336338524309886 0.19429129693516345 0.027845372847978615 0.11031761834312656 
0.0012956080975691116 0.0050306358226870915 0.0027149172684579666 0.021497076789033155 0.0043982298361757615 3.7771163976155426E-4 0.004685285507188035 0.006924356116138766 0.011252158052463608 0.1671325434648698 0.05027105402991033 0.061155980449347294 0.025496872257173224 0.029263076735029835 0.1133667297765456 
2.0847917953307715E-4 9.566593007887493E-6 1.2063606934071942E-4 2.0056427406008563E-4 0.0010390074284550212 3.432055410668415E-5 4.1180271064459044E-4 3.102525166690672E-4 2.59286682759312E-4 0.136519194527949 5.126928170856041E-4 5.638591394457433E-4 0.08613445119981454 0.0951724052658883 0.18398761606396677 
2.595868739415074E-5 7.456555853711607E-5 1.1925336172235703E-4 5.877143904380931E-4 1.1132548933350854E-4 4.784712164870248E-6 1.3810442523481232E-4 1.2193323476861771E-4 1.7035806521000147E-4 0.21617572609532354 2.0121976378041158E-5 8.666679125389106E-4 0.023181215825748176 0.2393007596657296 0.02150179894289638 
7.98581266974935E-8 1.7238595754913632E-9 9.552291698188425E-8 5.414561613334684E-7 1.7605849069146548E-7 5.345838259054657E-8 1.212290375652429E-7 1.629558826038305E-7 2.1163885366217418E-7 0.19036308772775348 1.27763702713096E-4 7.573916269090517E-6 0.21746193793853505 4.6752374945921703E-4 0.09512264077214028 
8.571893656551942E-6 1.9907841250661743E-5 1.530248458229502E-5 1.7290433808442302E-4 2.5505799646940574E-4 3.7740516015153E-5 1.7491267277684858E-4 2.2361226573412157E-5 2.137034270957061E-4 0.20906968385326855 9.879100642706945E-4 0.05483026140623811 0.012348650052479633 0.135869444279665 0.08975378922424435 
3.8798259240071626E-5 8.329429032243037E-7 4.561335753613895E-6 4.386901764276761E-4 1.4013781520543158E-5 3.0800340852801113E-6 3.135153364629815E-4 2.479300437238089E-4 1.575312250607731E-4 0.3958795192893313 0.05522808270485689 0.00438076593652178 0.013118425586209424 0.007831650881304488 0.025128888362959418 
9.269441867119577E-8 3.4758716427384945E-9 1.1260410634085855E-7 6.382781126886005E-7 2.07540866992081E-7 6.301768819704093E-8 1.4290693656460903E-7 1.9856472100715976E-6 5.575228366314995E-7 0.5014758246107285 2.4240733901682165E-5 1.993964273491967E-5 8.102750086568621E-4 5.756742669234611E-4 6.217332751230942E-4 
1.62608152736718E-4 3.6566854194262287E-4 2.963955423329167E-4 8.269292936613999E-4 1.0676400029971592E-4 3.253618464208113E-5 0.013950572031391176 6.998171728771243E-4 0.025579485169992307 0.1210430400059021 0.0016561871073427807 0.001128686416205277 0.14921810201736888 0.12076974620700268 0.06709382893682024 
0.005656304664803994 0.020433883341363385 0.00847309396025475 0.0014070545494692583 2.811768020921611E-4 0.0011784348321737328 0.002708013035335486 0.014864191894110087 0.08385174438663562 0.1600652648304889 0.007048212170758651 0.06990454522312638 0.020124929589972522 0.030733493021898973 0.07824862390821637 
0.0030564571888854974 0.007215953911331552 0.010971099231996604 0.00610704663857726 0.002511874768471427 2.0598405408344187E-4 0.010260850316343998 0.012255274891345036 0.010237147373927842 0.13065955342014351 0.008807623526119015 0.006517488397509421 0.010576430044365922 0.10605741585046718 0.18019678967031816 
0.001172352547701855 1.4344297070857472E-5 6.410224435493109E-4 0.008800165673540519 0.0028905339500922634 2.95586822692013E-4 0.001987249201857696 0.01546254888491877 0.005348129911361237 0.10131004247450857 0.004363635992228474 0.03322386578974465 0.10858251878632233 0.11325817404916277 0.10495228943583237 
3.0601710089147026E-6 7.103890832062143E-6 0.006338039428396341 0.0041853825464297015 0.0029922102826256654 1.4493613404178827E-4 0.001813694139580189 0.024125227629670693 0.009236406613071993 0.21271722224478412 3.765840789897289E-4 6.675107823685659E-4 0.021947435902329417 0.11035920481477349 0.10923547320601062 
2.2715483049120043E-5 1.7382862839264307E-6 4.6797614733066253E-4 0.004017031719565236 6.050980828099411E-5 5.171070472014901E-5 0.030816770972725147 0.005739068571409232 0.002733164263302795 0.06731379727173997 1.5746048780638914E-4 0.005301156486694183 0.07532873280999045 0.23931505901185057 0.07201013595190874 
8.91471781096145E-4 1.0616543938346739E-4 5.413059771603281E-4 0.0015363334641773168 2.430430676308562E-4 3.4433546168133954E-5 0.02611691399206316 9.628580948932093E-4 0.008048812691416567 0.11066757225681317 0.0015148578528659312 8.890661520895782E-4 0.13635577310774796 0.11035961380989512 0.1047146481221602 
3.75404206234092E-4 0.0016511137888249698 6.641949937663511E-4 0.002814965073901552 8.835138933174453E-5 8.750245079010688E-5 0.030048953635662755 0.0013247852064345615 0.011232567060327216 0.056397911670691414 9.429856566188708E-4 0.02925870692286495 0.11796079315625355 0.15837941481932355 0.09187181290568079 
5.3599388196292E-4 0.0014287384334967582 2.5520615086595206E-4 0.0023217029956193094 3.550159231773314E-5 7.149107090452433E-5 0.08848486413615833 0.03198302021363021 0.006961012917929933 0.15567349648218454 1.0530144006705433E-4 0.002791147942124769 0.01594984846619237 0.1182865645963077 0.0779100439844617 
5.409958166158351E-4 0.0015377145618398877 0.001356701780618245 0.008660069844487948 3.9241556185799043E-4 0.002567390747379223 0.002217694288325952 0.001999695510933328 0.001788169932160136 0.0880584349325383 0.012299270801348409 0.010977788558134803 0.11415545688072479 0.1483598789378952 0.10808374047951719 
0.013435353064470712 0.0014341802454423472 0.01591748089638848 0.00122476570214886 0.0029746730874277284 0.0032214900199205184 0.005792079219560716 0.0039352233707543195 0.0020548908330899106 0.07066902405715442 0.0030442487969164493 0.0057372692949122775 0.16596454076916636 0.14214556228633812 0.06774474131062715 
2.5217890518974068E-6 1.669385939536684E-7 0.003913075530342402 0.01895228694871796 0.0017139615230661626 0.004302953797487945 0.008520725884459047 0.009204091583236769 0.045922764147100954 0.10927085141402933 0.003433389706864043 8.28563729391927E-4 0.17008279519186725 0.12514094834004758 9.108580593576173E-4 
0.0011990254099720204 1.4853906292361668E-5 0.0011906907222397306 0.0067309704934199605 0.015196547391850106 2.648782668056362E-4 0.002358180155849335 0.0036149452723665864 0.00407447157673662 0.09318738279728221 0.0027094369998968046 0.0015801175612056787 0.10820437193933387 0.1621983296908653 0.09967765486261902 
0.013591773148270482 1.6814606958481684E-4 0.007375648114762621 8.638290238877379E-4 0.024615259275692972 8.86124070065442E-4 0.007068603932773188 0.003817485941278429 0.003248426013704802 0.09977676015674922 5.9068153604295296E-5 0.017778880418858764 0.2168219176319024 0.031165686316818337 0.07834164017591203 
0.01177999169707709 1.4573222213154255E-4 0.004573867981592766 0.005511152291949264 0.024627956439145202 8.865811549179947E-4 0.007091183971438349 0.0038207796442944033 0.0032512287353711265 0.0998628469219417 5.911911723812845E-5 0.03742745036886607 0.19486655581761853 0.03099513430210276 0.07791292108940456 
0.004369380159792176 2.865537094321321E-4 0.0045279792671215225 0.02344548388951041 0.0341985973352905 0.0012650687114890101 0.010352123508121718 0.0019692155536226463 0.040286474171281936 0.19539360151635954 0.0419720203878231 0.0021108378130932242 0.02647685026250962 0.030424633545075172 0.0851334030458294 
0.007712075347567997 2.860565980913702E-4 0.007629800500258718 0.005291432299594357 0.024664928325634865 2.0838907948542512E-4 0.01305051453114676 0.021535276136487508 0.004529893634822912 0.17260397374556855 0.00570139791663133 0.004702196643049312 0.017895076921894296 0.023242980360202874 0.19269559078071702 
8.953710189834427E-4 3.37559583634106E-5 0.023060962064419183 0.00826878992121036 0.03803475617766197 7.283917569059848E-4 0.046503431973115246 0.0014388263020610318 0.006704476202149171 0.19746407014052803 0.011828424695464416 0.005885250047514749 0.023088171471763487 0.03416457155803943 0.10472610114343235 
0.005128069453961621 0.01988180063497732 0.013404152146985317 0.0014404663964114625 0.05268686391072897 0.008661538362236584 0.016836126171906676 0.010557037816444712 0.005514231581289596 0.15439669477094306 0.0034357533641546927 9.737189115071129E-4 0.015563780666429352 0.1294787246113257 0.06742056003016035 
8.87951831500703E-4 0.0020439098764473045 0.010890247500563138 0.019053924067353786 9.540113250714807E-4 5.965823106664839E-4 0.01021645259696479 0.00350675414793618 0.008322896973365473 0.0674834803347864 4.1405308493549554E-4 0.002003431134900469 0.08555318165246244 0.12354318771969572 0.16662234021892786 
0.0028554932401856923 5.192619434826959E-5 3.054365542073323E-4 0.015500073792515955 7.68648707114634E-5 2.940459477627758E-4 0.0024681271422673967 0.0033685747276776066 0.0018068352739455042 0.10834909676657122 1.2158225891271016E-4 0.0060020254042387625 0.11562744903636067 0.17834844190430005 0.0670854743412486 
0.006853581118779925 1.2697829195954606E-4 0.006857213336207153 0.018709153835079533 0.002537893381541036 3.759489665401134E-4 0.004489064964827615 0.006907951096728793 0.011749159019772134 0.09123795574665934 0.005497967269802703 0.007072310604604044 0.13999510466605608 0.09985100667880306 0.10009269646521034 
0.0019855942740252337 0.007694677989169213 0.003661959372213517 0.0414864012067438 0.007896622228787368 6.781469458645236E-4 0.00841200461603113 0.012432052544640164 0.02020222787542433 0.12040545584000685 0.05016989551533374 0.06074596897001003 0.025423838685720818 0.0291792551986434 0.11440267477739115 
3.3039252538036914E-4 5.496283970130854E-6 0.005796366138011292 0.030765978495853153 0.00918790143382821 9.170593225087446E-4 0.029721945157847998 0.004021189422755383 0.012188604543980701 0.1276848498762826 0.04486812347650129 0.0032345699864950537 0.07286374894026751 0.13169889948476354 0.07182211610080022 
0.007495405127349954 7.901583380262122E-4 0.007948417407535142 0.022174624853922735 8.284046375206218E-4 4.2245792745605564E-4 0.0052910366395868295 0.017195499052664445 0.003542841800873118 0.07849650412331657 0.0038259816968030285 1.6266320698579578E-4 0.07531563058761766 0.13062573227766275 0.14871293747946612 
0.00795023667917616 1.3388081119423202E-4 0.007941271609428365 0.045761390711496305 0.004295612427771341 9.960678262735706E-4 0.044524644663279885 0.0032374417797574754 0.024011401406978036 0.22017209764713858 0.013172970549957665 1.9746386229768968E-4 0.0046311111326752495 0.12448778040748064 6.897753906720749E-4 
6.861056258677892E-4 0.0016375185089424044 0.0022360802875244956 0.01573685729892432 0.015431019312359323 1.0600626845861089E-4 0.019311820801292137 0.002452729328173544 0.013870099696303727 0.11640408989679717 0.0012325280344459137 0.002447754307267329 0.09807754190823263 0.12530099977986914 0.09031883749148269 
8.883002117498048E-4 0.002459850036031401 0.04776951753581424 0.0030093366689646524 4.2310580030507276E-4 0.001040240720528457 0.007834566594947053 0.0234809417472671 0.030303022372186943 0.1338586659226695 0.0024397703934215835 5.42756148007627E-4 0.01747580062041873 0.018666758358568205 0.21284190643408077 
0.007453477426210104 0.02888614592984793 0.013746950572598051 0.016736502613241524 0.009624106315688311 8.267045743873963E-4 0.010252262135778673 0.013752030186024061 0.02428613142959944 0.14474555694565036 1.0715086296719799E-4 0.06183741425721205 0.02890414779497705 0.029176325516011643 0.1143911884139785 
0.007907765135254657 0.028567476442730423 0.011845761672556786 0.0019671247517711312 3.930976572500165E-4 0.0016475042332883315 0.0037859224945732575 0.02078080043237059 0.00427817403275819 0.09357373697460986 0.0041203664799246845 0.04086601509056815 0.17626282074481683 0.03073347104742315 0.0782485679603782 
0.042483550887337594 7.718953070565141E-4 0.01658974345862406 0.020035659595448486 0.015789121679932516 0.0018186440052462328 0.014577137682863915 0.007839733686081582 0.006671090670174604 0.20490533291315605 1.2130459698069135E-4 0.07304972327500295 0.04106413930085274 0.035072111502456337 0.022023313193875294 
0.060814827172844754 7.52350267330276E-4 0.0063972022748293245 0.004001115640206038 5.625476379965661E-4 0.0013830700497586951 0.005347382710057658 0.029342791336661206 0.03786795571948246 0.16884393285014507 0.0018018221794102608 6.789394328243955E-4 0.017015318986782386 0.08014082153785865 0.08797703063949194 
0.0636948254128224 7.879792010375055E-4 0.006700153580436522 0.004190595846554232 4.392820037639322E-4 0.008781539481632652 0.006120304274057086 0.03358405802763206 0.04334146699540307 0.19145344561659194 0.003489523298201479 7.762862557974468E-4 0.024995062479691917 0.026698450136846675 0.08799884622819297 
7.710491980421979E-4 1.536055393979041E-5 3.080406227140081E-4 0.00405430543187667 0.00574857693927799 0.0013659980136895612 0.007956077178394298 5.07237948169802E-4 0.00454274460285124 0.08312295133245826 9.012092883662443E-4 8.819432621306972E-4 0.06396985818486456 0.11292462833669054 0.2157315664275527 
2.234926079165702E-5 8.319406887175507E-4 5.236296237271045E-4 0.004228799076642782 0.0014168774182531433 4.3882406046002716E-4 0.0024900741915332898 0.0037957663715376083 7.584924000274769E-4 0.058897801175754244 6.570293118131664E-4 0.0038681430982716457 0.07410871511359739 0.2620447257754267 0.09157787517247092 
5.185717017646927E-7 8.838738472970583E-9 2.8525753954856714E-7 2.4889943409620185E-6 8.928657374395808E-7 1.0435364839273057E-8 9.955503711201265E-7 8.668938414500179E-6 2.029900839857464E-5 0.011973657839112545 1.3701619611653263E-4 0.0034485364383914203 0.27592972085728673 0.1148297585074867 0.09562403844850088 
1.1553245222279387E-4 4.642797438667449E-4 0.026351077900081777 0.008998996679499683 0.007119205544282759 8.165434138930913E-4 0.005819844338643927 0.007846492214772275 0.01379595332152925 0.1118422451078327 6.221970754699764E-5 0.04190053301465554 0.13610836870166446 0.0291344489742301 0.11440315535094044 
7.949863675743818E-4 0.0021946596825855036 0.0028876282936144597 0.0035965948364245605 0.0012609434051586883 6.400148604127344E-5 0.00143363324673466 0.0018874553960134429 0.020940697008761423 0.08609728434141642 0.051794954930983156 0.001465130740165065 0.1776327371589946 0.040742889001937184 0.1103143985063242 
0.001891896943156561 4.212811614682603E-5 2.3954288096876038E-4 1.1741255923478807E-4 0.0033443703332516504 3.27601800042079E-5 0.0035542462993676943 0.00281072195813128 0.0017858927732973067 0.336934188567609 0.015004886427913061 0.003542338725863195 0.10052165300054113 0.00783158907355202 0.025128690044605436 
2.550214900435087E-6 1.6882034182756368E-7 0.002717557595709841 0.013166130515779046 0.004260272562903981 4.310405652619738E-4 0.006070185804923757 0.005399311117710658 0.04681215267282638 0.09312431853145219 0.007751195789984556 7.449512338565158E-4 0.14528879335270678 0.10838015643983964 0.06860126136967626 
1.196599869528234E-4 2.82503859050275E-4 4.2951741504272233E-4 0.0040012065751313 0.005814608023521817 5.252438302205822E-5 0.003651775656518367 0.02210473910442755 0.007097350561031858 0.08829212925592855 0.0058719548343066025 0.0016858942820055561 0.11309866010967297 0.14595177500202786 0.10522391023739958 
7.171398644046293E-5 3.15414558220531E-4 2.07995502013149E-4 0.004779224571139922 0.006326052737812679 2.800187757054401E-5 0.05988682943362906 0.0023352646911997755 0.022383461927493537 0.14815503991254886 0.0022153452882547634 0.0010017489391622677 0.16206679470220642 0.003027437717935624 0.09021771993930289 
0.010176435189789116 0.0010863013609084384 0.01115275592045569 9.03779638107416E-4 0.004860907417638292 0.010207797152485158 0.004859754018097011 0.0038679407856309854 0.002146869130117567 0.06964045141078508 0.003161708339094909 0.007665411214247659 0.1663356421389604 0.14155776162413725 0.06775600246174043 
0.007209211535021528 5.576680438300144E-5 0.011761290787933688 0.006456143786363844 0.030044979650518416 0.0010348078808033426 0.016398912738214914 8.932393856145478E-4 0.006684375076480685 0.10223949861167474 0.00672927674393947 0.0033296359515043055 0.17526486143087602 0.034555781304465 0.10016633087898584 
0.002353668430741216 8.882030869787288E-5 0.002295496640690023 0.020252518389014144 0.0019788739207440968 5.896985966520784E-4 0.01661612118772629 0.007256346223034901 0.008798116147547325 0.10490422343155693 5.660985079733423E-4 0.0010412329496977024 0.11351471147860337 0.11697836021333548 0.10492168083452726 
3.8295536644910495E-16 4.557799957967764E-18 8.461477185473205E-15 3.5902956208955037E-14 1.1361490950907797E-14 3.94635916098889E-15 9.107925286954334E-15 2.7776374234948216E-14 1.6113014502201976E-14 3.6058879382651426E-12 8.359174329072308E-14 1.7420100683450478E-14 2.085276900553671E-12 3.631404022059528E-12 0.5019467425346089 
1.193362979449968E-10 4.5199643744965183E-11 5.6243974458239614E-11 1.5251210786863457E-10 3.165850259271586E-11 8.178096197137167E-12 5.6168538066343214E-11 3.5331778718006825E-10 1.810903835616475E-10 2.9342086091991805E-8 3.709253533220262E-10 1.8661452307603751E-10 3.061095060335678E-8 0.5027360136134276 1.0852605508566246E-8 
2.1729733968374572E-11 5.0943915553351504E-11 6.94724272176661E-11 5.103210243247521E-11 2.7790023151289433E-11 4.263113372266407E-12 7.683654085059654E-11 1.4122361541006898E-10 5.792039201994787E-11 1.2792526369414862E-8 4.424797963178448E-10 8.618552037133589E-11 0.502259004286127 6.3323753192191815E-9 2.2985806937101507E-7 
6.722365731958823E-7 2.446556906094502E-6 2.0296227927326621E-4 1.7595428073125346E-4 4.498599284994018E-4 2.671535546733152E-5 2.2099250334378873E-4 2.4736414858997135E-4 3.811659865452644E-4 0.08989997293870323 0.0024343467016277893 0.027905672749009264 0.07851549602311983 0.09584931706400947 0.20641385738062434 
6.02422665448696E-7 2.1887858939508958E-6 1.6024342717583349E-6 1.7481338337906053E-5 2.5748661717900036E-5 3.8099875063110476E-6 2.8212141354609947E-4 1.0905876840087829E-5 1.044164653106759E-4 0.1019559881589278 8.648992186394255E-4 0.026838375024763852 0.1162340230337394 0.16629172367969694 0.09018134453656461 
3.6888609683377613E-7 6.287438603250529E-9 6.718592674830505E-6 2.5215031995622692E-5 8.759044190690958E-6 1.0217071208607944E-7 8.91346488984783E-6 8.455225440210558E-5 1.970497335896567E-4 0.11569741265137949 0.005189225043013023 0.034420026819005786 0.12503064342594916 0.11055437032716549 0.11078712172845383 
1.0867533607684664E-4 2.924637585473962E-6 0.003441713653110077 8.569553902789139E-5 0.0010443860768530116 5.870710519712733E-4 0.0034197533944761746 0.0014815907948038662 0.002374165048740295 0.0916207253972501 0.02838603388762269 0.00689364647110981 0.08085710666518024 0.13929447874566853 0.14317891387187723 
9.394217966785374E-4 1.4371180808177338E-5 6.634354811018667E-4 0.005899162264044449 0.0019680820551433364 0.0010226026175671943 0.0068764899483181735 0.0019235391377513946 0.004061042306763573 0.07686886349919388 0.028511748203634557 0.006695813751810962 0.10864582944711713 0.15791805689716998 0.10038703607059996 
6.848500571381583E-4 0.0018906145694087858 0.0024875802687152303 0.0030983275684884075 0.0010862540520106645 0.0012169201061837812 0.0014574623239595865 0.0018529746864441915 0.020429160482575665 0.08423816265662888 0.050634046546217844 0.0014322919711517224 0.19410944028212787 0.02781930957912128 0.11060298666245247 
5.154755002902184E-4 0.0016411800970776707 9.255320530185135E-4 0.028617421645640694 0.004565494823325935 3.9207603974164275E-4 0.004863467241509613 0.00521458220433565 0.011206934517755885 0.16646082126323236 0.05006900969795947 0.06091018852289721 0.02539439780897542 0.029145465539007608 0.1129110976911406 
5.403817032520146E-4 2.0016519156545603E-5 3.1004608816341094E-4 5.154691207820563E-4 1.4563537569712338E-5 3.0454641307637766E-5 3.654167063623092E-4 2.753052611148888E-4 2.3008028642941463E-4 0.12114149113188658 4.549424172118337E-4 5.003452970623524E-4 0.07643215221311644 0.12071859607656725 0.1840177995398637 
4.516715434827738E-5 1.2974130934949836E-4 3.9607211394778224E-5 5.736432868317173E-4 1.0866012581692932E-4 4.670156214405279E-6 1.3479791835392847E-4 1.1901389978651726E-4 1.6627933917444398E-4 0.2110000300624199 0.005047066888488777 0.0013398013186927717 0.0232122029431429 0.23962064110715822 0.021530541126785686 
1.0798831825852524E-7 4.134113878045152E-9 6.18589531332819E-8 5.319067472464435E-7 1.7295342780510195E-7 5.251556160477644E-8 1.1909097660712035E-7 1.6008190440942186E-7 2.079062762259029E-7 0.1870057412213991 1.2551039286157602E-4 7.4403385801121915E-6 0.22137458134416518 4.6815735449662934E-4 0.09525155440366145 
8.572055200174522E-6 1.990821642853051E-5 1.5302772968839807E-5 1.7290759659348217E-4 2.550628032244086E-4 3.7741227262856175E-5 1.7490335736249023E-4 2.2361235924560407E-5 2.137035164634526E-4 0.20906977128324927 9.879104774006915E-4 0.054830284335476875 0.01234865521651019 0.13586950109834228 0.08975382675800782 
3.946220287765426E-5 1.3260840829136516E-6 3.4042509363419117E-6 4.386901764276761E-4 1.4013781520543158E-5 3.0800340852801113E-6 3.135153364629815E-4 2.479300437238089E-4 1.575312250607731E-4 0.3958795192893313 0.05522808270485689 0.00438076593652178 0.013118425586209424 0.007831650881304488 0.025128888362959418 
2.2905914742463677E-7 8.589300267013374E-9 2.4582555465502947E-7 1.4781068880878906E-6 4.806174283002426E-7 1.4681111851772248E-7 5.235761540761798E-7 1.3286139332274415E-7 5.573994825631759E-7 0.5013648711590181 9.743273449941588E-5 1.9938141317539564E-5 8.102139964814267E-4 5.756309197401073E-4 6.216864597835482E-4 
1.6466182841230024E-4 3.7028678879725066E-4 3.001388990182711E-4 8.373730785961469E-4 1.0811238675361276E-4 3.2947103589570076E-5 0.014126762154451692 5.208144920635902E-4 0.025610299202275578 0.12099213501708353 0.0016561842112187487 0.0011286844425056628 0.14921784108421143 0.12076953502061995 0.06709371161188181 
0.003767045938143113 0.014846874831212971 0.006045088659775435 0.008497405579671288 2.5918063727029537E-4 0.0010863889161101775 0.0024961782892275637 0.028856107740249503 0.10039598734304878 0.1916467023975801 0.004383740518793701 0.08277048387981524 0.02261068301808902 0.03629544723697481 0.0010112104965452038 
0.0030612574659832237 0.007227286829202861 0.010988329742069425 0.006116637977275054 0.002515819759085821 2.0630755952657685E-4 0.010276965354681802 0.012274522245962398 0.01025322518593313 0.13086475899742514 0.008821456218967311 0.006527724349906538 0.010235013044899686 0.10605089960841381 0.18018571825311155 
0.0014443006885450755 1.7671713322708868E-5 7.922539459416964E-4 0.01085372652853924 0.0035650539068928207 3.6456342504835853E-4 0.002450983331583524 0.019070808807120688 0.006596141669417221 0.09276647219088177 0.004363635992228474 0.03322386578974465 0.10858251878632233 0.11325817404916277 0.10495228943583237 
1.94158274174263E-4 4.117757778366419E-4 0.012790891210716863 0.008832552188728464 0.0063145610198728445 3.0586355100292164E-4 0.003827499150800039 0.012064345614376342 0.010432957615995055 0.2135052898254969 9.103556096089052E-5 6.849186249026635E-4 0.02224154325635729 0.11312931858890664 0.10002416807915195 
5.555913213389746E-6 2.1329660013972046E-5 5.14514012394576E-4 0.004164512896615379 5.5517993533712906E-5 5.056044728882924E-5 0.028852555741204447 0.0054517938767458035 0.00259635305091951 0.06416496227201458 2.573311941475384E-4 0.0030027779351352955 0.0704575857545603 0.22383970450182403 0.09957117989298828 
9.916772947624938E-4 1.046472908158518E-4 5.948525565195727E-4 0.001688309250946558 2.6708515372951986E-4 2.5334774502054255E-5 0.028603017787538536 0.0010545138381768781 0.008814989881695715 0.12120216572016491 0.0016590591876315995 9.736975421462399E-4 0.14933566059220232 0.12086489229889867 0.0671466875029278 
1.1362471654277965E-4 4.997475604152534E-4 2.0103388998463835E-4 0.00144459571165258 0.0033010677046213218 1.0576647722669729E-4 0.029965940172255037 0.0013211253449435137 0.01120153588679808 0.05624210637931547 9.403805574114617E-4 0.029550517654281773 0.11796079315625355 0.15837941481932355 0.09187181290568079 
5.45961027464699E-4 0.0014553067290125476 2.187462628888958E-4 0.002321782012097985 3.5502800573404776E-5 7.149350402051302E-5 0.08848787561626294 0.03198410871876607 0.0069612498279609854 0.15567879464975298 1.0530502387988878E-4 0.0027912429356197438 0.0159503913008545 0.11829059034285089 0.07791269556278187 
4.986219936634458E-4 0.0013978492633766597 0.0010103538441101176 0.013908317625818904 0.004414543977620147 0.004364617897415423 0.0029813019097537723 0.003317670807643938 0.002912054031989089 0.1455260965596918 0.0066452493856394845 0.01690508052350199 0.17579198037438779 0.024879352268929872 0.09775376701354326 
0.0011207806708918482 1.388458569873531E-5 0.001112989879445245 0.007710038038277949 0.014583849584838809 2.671583848926206E-4 0.0029114699262646703 0.0043083993251683775 0.002841106612444731 0.09379289676753501 0.002727042408544521 0.0017067069910524815 0.10716096967039826 0.16215204460217233 0.09964921074050741 
0.006493664072811763 6.931775212066016E-4 0.0071282304782294935 5.771753921350328E-4 0.019539668736043386 0.0031704292635632713 0.004760296459089829 0.0037887812340383275 0.004144431708019637 0.07110120577010699 0.0025829532040907606 0.005750098001720063 0.166335642477065 0.14155776191187672 0.06775600259946567 
0.011780164771535552 1.4573436326424232E-4 0.004573935181956259 0.005511233263118256 0.024628318278977802 8.865941807805943E-4 0.007090485718619499 0.0038207796442944033 0.0032512287353711265 0.0998628469219417 5.911911723812845E-5 0.03742745036886607 0.19486655581761853 0.03099513430210276 0.07791292108940456 
0.0022854531723766475 1.4988512336475482E-4 0.0023684102096968333 0.0227716239956894 0.038358243180769 0.001249942243634593 0.011264702305147421 0.001969292711693077 0.04028805268136724 0.19538459061306254 0.0419714518654516 0.0021175686921368333 0.02647698851913804 0.030424792416210263 0.08513384759482803 
0.008944938804374851 3.3178601727767905E-4 0.008849511381644488 0.006137328277308651 0.028607899241631533 9.853120199386613E-4 0.015348710785534687 0.025327639329215695 0.005327608127954928 0.15691176362480172 0.006203864697614588 0.004697956029563576 0.018136682553891725 0.023242979482771018 0.19269558350638097 
9.089762001342601E-4 3.426888084885699E-5 0.02341137385991684 0.008394434355071806 0.03861269508438665 7.394596847162004E-4 0.04721005258369437 0.0014606892974775305 0.0068063508566975645 0.20046454077011094 0.012008157853338234 0.0059746765437008785 0.023438996714768453 0.028634571771292878 0.10472609987229436 
3.6255501758142533E-4 8.170942519502642E-4 0.004381745726352804 0.01993676898077545 7.39917039204398E-4 4.114302925108982E-4 0.00790851423560555 0.013219929262427528 0.0026581858626944857 0.06026990848580814 0.0015119904879416042 0.0013397160709050953 0.0921648062275342 0.11992637020571605 0.1769873829910969 
0.0026171144660194013 4.7591355665529043E-5 2.7993847550314844E-4 0.014206115698639773 7.044813212536276E-5 2.694987656543365E-4 0.002262085988192736 0.003087363515908422 0.0016559992741742233 0.09930403074933895 1.1143247833116142E-4 0.00550097170246767 0.10597478056796307 0.163459776661706 0.10341429962356426 
0.0033713694468816002 5.6773363435355E-5 0.003367567728334523 0.019405529761855736 0.0019794212585658023 4.247704925776398E-4 0.017958101166120472 0.0013507395535178092 0.0100181414283929 0.09186116109715926 0.005496084121236615 0.007069888216306621 0.13994715392941579 0.09981680598774359 0.10005841299123268 
0.006314639053038075 4.1412813218320014E-4 0.006543846876640793 0.03388347151581318 0.0072819486253163 0.0022416337530545977 0.00861695592184507 0.007360604242795281 0.03640024008571882 0.17654496087619376 0.03792319011348296 0.001908133342655646 0.023922828769509324 0.02715306191515821 0.12570257965294696 
9.944955057569265E-4 0.0022891547876687157 0.012196947865501497 0.02114555015038496 0.0010628338275373073 4.0579058224900444E-4 0.005082287960857578 0.016517080445528493 0.003403065119051316 0.07539956062494627 0.0018915478938671302 1.5428557567249027E-4 0.07143665514575713 0.1238981246930639 0.1668246470390627 
0.003092767611968786 1.5873886351864663E-4 0.0017458512080389755 0.019679142981934288 0.018760988366385803 1.3581302267150983E-4 0.023463014491745048 0.002392469292635049 0.001904340635644979 0.1134209937763575 9.332308146820221E-5 0.0029923533795153064 0.0961765313194392 0.1228723242366871 0.095911246066372 
7.162416272357223E-4 8.860743420224391E-6 0.0994324529776167 0.00497340459901573 0.0016280123743301585 0.002035835120697764 0.008248932332773575 0.04334451867101886 0.008923399983760957 0.19955958886429395 1.349870887560126E-4 0.003578003631810139 0.019948900579090725 0.03046467288250912 0.07973941077159859 
0.007521346505497577 0.02920416693627537 0.013892929298981692 0.016914227361919058 0.009726304601419064 8.354833417385466E-4 0.010361130801685962 0.013898062852770296 0.02454402560883257 0.14628260852236405 9.996933011295428E-5 0.06249216269647831 0.025423945484136307 0.029179377772510347 0.11440315535094044 
0.008349830205638715 0.033323793721996335 0.012874126830470463 0.01822721143614017 0.010469288979915902 9.002084925135192E-4 0.012828571712674805 0.02807292282031153 0.030061870932494156 0.17880214786982324 1.221931378299895E-4 0.0012874091736987628 0.025389657247361423 0.02914002473760741 0.11424886448837883 
0.0696051258818525 8.610965039156196E-4 0.007321866892190979 0.004579445026010796 6.43859416816265E-4 0.0015829818054610902 0.006120304274057086 0.03358405802763206 0.04334146699540307 0.19145344561659194 0.003489523298201479 7.762862557974468E-4 0.024995062479691917 0.026698450136846675 0.08799884622819297 
0.0011004178667789568 8.70555636503127E-5 0.015064669477031944 0.011479621125692617 0.0013136131088566207 1.6131167188169094E-4 0.011322923814587403 0.004394844578055931 0.004056109173590908 0.05592431515176298 2.9430366079499076E-4 0.0012867373706208017 0.09237813091260237 0.09054730880026078 0.21605001338145444 
2.3075264207651717E-5 8.58965823353744E-4 5.40639443384487E-4 0.004366169283372121 0.0014629039000811919 4.5307901814675163E-4 0.0025709628789035784 0.003919069749566236 7.831316074965455E-4 0.060811063777447806 6.793042306585906E-4 0.0013368786907071097 0.07399033569238042 0.2616261420377017 0.09143159094877903 
1.4243522428214776E-6 2.427721552264867E-8 7.835121254304464E-7 5.43054446684539E-6 2.0773847825925994E-6 2.4231854286092827E-8 2.31175736536386E-6 1.8573461471307844E-6 2.0392609976194497E-5 0.011973485923952846 1.3701603226535332E-4 0.0034485323144500296 0.27592939088600266 0.11482962118801729 0.09562392409624244 
0.018853195163637516 2.332359899844644E-4 0.007320211077150211 0.008820280388009829 0.0011157640615193074 8.133903301605305E-4 0.005569181230852966 0.01582905366470259 0.0032483699151556983 0.0970087595316876 0.0037691869949078634 0.08028783857366477 0.01651087713235303 0.16792236350443862 0.07763790007359035 
1.858918212575549E-4 4.13937570173199E-6 2.3536727290372085E-5 0.0021200445782709114 0.0034066044754264015 3.3369801994865265E-5 0.0036203859452435348 0.002863025636410223 0.0018191257868954696 0.33667699833334525 0.015004884796776537 0.0035423383407861 0.10052164207313154 0.007831588222203293 0.02512868731294037 
1.3900263119072514E-6 9.201762450899889E-8 0.0014812385268063565 0.007176362995846162 0.011958227628088383 4.4110978084818523E-4 0.006211986865993241 0.005525440378023349 0.04790569628636274 0.09529972594129148 0.0037335537552323577 7.449509852172358E-4 0.1452887448602695 0.10838012026624486 0.0686012384729181 
1.1460801045111035E-4 2.705767070096524E-4 4.1004589405614053E-4 0.004037657224660218 0.005814608023521817 5.252438302205822E-5 0.003651775656518367 0.02210473910442755 0.007097350561031858 0.08829212925592855 0.0058719548343066025 0.0016858942820055561 0.11309866010967297 0.14595177500202786 0.10522391023739958 
2.2630985651873954E-4 9.95362647620642E-4 6.563772919835901E-4 0.0047005551558117805 0.007743562025215591 3.427639395004068E-5 0.07330596146328633 0.002858538765178542 0.027399032691992446 0.14340597775123187 0.002367907034207158 0.00107073528091893 0.14500829176977634 0.003027437717935624 0.09021771993930289 
0.0017360449232991257 0.005802247800232148 0.005673361496726171 0.009628422790827946 0.0173647967716953 1.2701797399041273E-4 0.021717604958756916 0.007120970623335555 0.0018972552976168002 0.11072788917172226 9.182867839861264E-5 0.0023543328157798592 0.10378768031936389 0.1245789596709096 0.09013944089766684 
0.005810369908644259 6.125235597445389E-4 0.006161540909585868 0.06003888805689892 0.0015663546218021933 7.971350971223484E-4 0.010004117243132262 0.0022994234395561208 0.004976279905645739 0.11025628523295379 0.0053739785480901745 2.2847693851636895E-4 0.015364251937965586 0.13062573227766275 0.14871293747946612 
3.238117107318594E-5 1.1784895507826833E-4 0.0037407984827755925 0.003322202912882472 0.008493831230696233 5.170668833208728E-4 0.004175828794110415 0.004674141967185612 0.007679973500615094 0.055914177683170835 0.0021005310670139557 0.026373331496346023 0.07542117721825349 0.09077753644556907 0.21930945341310373 
2.8190312653059735E-6 1.8661557571103117E-7 0.0030040134367769417 0.014553963103559605 0.0022007923622288793 4.2280547440688476E-4 0.005954214048111409 0.00643174444855312 0.04757658090744379 0.09464501036787504 0.0029738324557557344 7.176609474892024E-4 0.1473173102068891 0.10839090388536012 0.06860806416774766 
4.976307136174277E-4 0.0011454589025028385 0.01305410002899335 0.02007546204093232 0.0010460183317879915 3.8565326357568815E-4 0.007015173492921588 0.016533314074533133 0.003406409783794187 0.07547366624538779 0.0018934069806987783 1.544372135363667E-4 0.07184529557015565 0.12421770276175367 0.16595829787839542 
1.3881007579219902E-4 3.7356145337087815E-6 0.0043960713653135855 1.0945817788042963E-4 1.2366108230172745E-4 5.981447461760427E-4 0.003484258880173337 0.0015095374689639506 0.002175451917413835 0.09157072895146798 0.028370543933814985 0.006889884682272844 0.08081298381053181 0.13921846724473178 0.14337529983946717 
0.017572249753691326 0.048660462553109234 0.006879234110917901 0.004304156876359427 6.051545374074688E-4 0.0014878226475976372 0.011205527128521261 0.03358403130071384 0.04334143250332819 0.19145329325380778 0.003489520521163524 7.762856380120898E-4 0.024995042588081728 0.02669842888964382 0.08799877619681185 
3.473188947462837E-6 1.2619158294070245E-5 8.646057980569872E-6 9.84286725723289E-5 1.4497783547334615E-4 1.8060173787335145E-6 6.339091324806334E-5 1.0891228931944233E-5 1.0434739774324105E-4 0.10188854810465472 0.002390096307386976 0.027217148631401258 0.11511651711836164 0.16660413077218003 0.09040669959092552 
1.7852179221065274E-4 3.786135314653372E-4 0.01176078038713504 0.008121225084184152 0.005806019625408562 2.8123091601003734E-4 0.003519252583963014 0.011092746935905175 0.009592742310809562 0.22092642772037613 9.20444699281431E-5 6.925092909589696E-4 0.02248803695837902 0.11438308341200207 0.0955376433205438 
4.9830836196110735E-5 9.234086474456894E-7 0.0015652474789995176 0.005682552551746087 5.519694663610227E-4 9.840756530087567E-4 0.005732348824725776 0.004271635289308955 0.004509987910731054 0.076804470873663 0.027292288486720325 0.00662802661899969 0.10754591993005048 0.1563193248097831 0.10489437248048532 
3.655940481918491E-5 1.1905318279465616E-4 3.52377496377737E-5 5.925426217503993E-4 1.0800305725310565E-4 4.714825193065515E-6 1.3399369637687113E-4 1.1830384732463645E-4 1.6528729493127143E-4 0.20974117633969094 0.004943692405171809 0.001387797048368482 0.021805332958155604 0.2423599706431587 0.02153100355120467 
3.518342938608025E-5 1.1823005886378642E-6 3.0351377697443654E-6 3.911242586371221E-4 1.2494307377837265E-5 2.7460748220808563E-6 2.795217676037194E-4 2.210477000761631E-4 4.8583341238265745E-5 0.3231197114123716 0.045077558388186285 0.08751792796695498 0.013118505870121476 0.007831698810498923 0.025129042150123133 
0.0023808008543228054 5.492496756087418E-5 0.002368787085826732 0.022775247557810466 0.03836434698245863 0.0012501411422010025 0.011266494814482098 0.0019696060777699424 0.04029446356632017 0.19541568142159332 0.04197813062332915 0.0021179056528078436 0.026481201701855972 0.030429633797982667 0.08514739462096126 
0.0019127379814332921 7.370601818748281E-4 3.2551619087739986E-4 0.014354080048223724 7.118188738052596E-5 2.7227566971664135E-4 0.0022856429435459155 0.0031195147625378192 0.0016732445518383963 0.10033816500902809 3.0573260243764E-4 0.005566832133769117 0.10724356454519228 0.16077295238055622 0.10344835724297606 
0.003130066074229335 9.356917277827687E-5 0.0031615737781164467 0.0153524733742075 7.802805944915154E-5 2.3073801871762825E-4 0.0029987664758688456 0.0014169873628356298 0.03161535102372191 0.09055059718559211 0.005476126115524726 0.0042559695235733185 0.13649992297469346 0.09735808086371563 0.11012379364785858 
0.006733241418933083 7.187516237563388E-4 0.007391476210935235 5.98480059608936E-4 0.02026091595247744 0.003287455980450648 0.004936008269607178 0.003928632526076202 0.002180555587909006 0.07073317760173725 0.0032113186078437683 0.005750098001720063 0.166335642477065 0.14155776191187672 0.06775600259946567 
0.00382737387291126 0.009036002064348509 0.013738291087588226 0.007647400012713473 0.00314543383621812 2.5793850138067155E-4 0.012848899227981136 0.015346368696099075 0.012819217797191062 0.15947303503984445 0.01084057087883731 0.008021834120824791 0.012577672167152503 0.13032454794680765 0.10568323225622708 
0.0010038678948735295 1.0711090411164193E-4 6.028037567603621E-4 0.001710876330427894 2.2137923437302152E-4 2.5331068491349394E-5 0.028598833693059888 0.0010543595822322521 0.00881370041109624 0.12118443607652536 0.001680898920369417 9.756392117564153E-4 0.14933555874830873 0.12086480987149198 0.06714664171024794 
4.40441863394348E-7 1.64443845603148E-8 8.181900664084109E-6 3.0706860352282344E-5 1.0666762065965605E-5 1.280193310076964E-7 1.1871047935522587E-5 1.0627755406707881E-4 2.4630391997057505E-4 0.1446169235926528 0.0064863141219221295 0.04290284225493492 0.15669757031876466 0.13830404214119324 0.013749091841797737 
4.6707858582909466E-4 0.0013094196915447386 0.001159458480199079 0.014047704178636497 0.004458785710075255 0.004408359280050901 0.0030111799587952803 0.0033509198827443363 0.00294123809177674 0.14698453182772162 0.004837936135090837 0.016905074603792508 0.17579191881671272 0.024879343556842556 0.09775373278277454 
0.0011677433832827141 9.238177741348886E-5 0.015986352670406788 0.012055999256094983 0.001369654002947778 1.7034630750824295E-4 0.008948389704430184 0.004275804827661615 0.003978662033513906 0.05485649915275856 3.389984874789065E-4 0.0012627838890089333 0.09436098487933764 0.09054755781437043 0.2160506075404906 
9.746501186120188E-15 2.66656156302863E-16 1.4965535887510427E-15 4.669828207597365E-14 1.4777671959413186E-14 1.1459202076335652E-15 1.1241878537304447E-14 1.3836883696939954E-14 1.6489686626725668E-14 3.690182374313411E-12 8.554585805513621E-14 1.7776097443621174E-14 1.996092607364616E-12 3.6314428729911343E-12 0.5019521126609968 
