2.6356486173572915E-6 9.656857710625606E-6 1.8440919151829548E-8 5.399228423162734E-6 0.5297764159233106 
6.600879245841339E-4 0.029593672315307545 0.003653766145629879 0.09424950387328024 0.39600420050818186 
0.05352976894126334 0.003599789518882753 0.006554938695598911 0.13324115807821907 0.3567033844192383 
0.0015428835066796246 0.02019741365152397 0.0045737635641982756 0.253092208326391 0.246044845570231 
1.0150157366745664E-4 1.9653384061283136E-4 3.489598947280939E-5 0.3546885126636848 0.1708951525465795 
0.02313093286236143 0.009843120427809698 0.028685861346490628 0.37888888721707514 0.08230686004525367 
7.778628519168881E-7 1.9153958434050924E-8 9.695682243706428E-8 0.557235749140965 1.0183342155264918E-7 
0.0020693153374645246 3.1362889214078464E-5 0.12580019183715918 0.10193524383230347 0.3884815136463667 
0.052636202688699896 0.01138352384293474 0.07845239185702578 0.1622627243706743 0.20855931871481861 
0.062193797206688474 0.009421897289864513 0.08783763471693522 0.20471300757688543 0.14957753023866324 
0.047943322717171444 0.017935648613762692 0.07552310367778144 0.2991131246816104 0.08230058221962018 
7.765690061517782E-4 8.675181759974371E-5 0.07031296076440509 0.45361049236999873 0.0018325494011894392 
0.002012019594075897 2.3013868676129186E-4 0.18261205207933953 0.002902043634785125 0.33831028001715285 
9.977883152594718E-4 0.01248367262833325 0.18518251634389818 0.05853504542977274 0.2681046482959912 
0.001400882602753325 1.4969751303872998E-4 0.17030355237821934 0.17408561631296848 0.16348195569910526 
1.0399836987806236E-4 0.007963585516555051 0.18499386578591756 0.25867524232074446 0.07147487558961972 
0.07354768982732314 0.03144683951126575 0.12866459144346246 0.2603008109404918 0.02767484924982509 
0.002951614065651011 3.37611316954927E-4 0.26789018509649837 0.004257271070711872 0.24979018101676911 
0.009845293366226204 0.006203657089558421 0.23268822351407045 0.13140209553036597 0.14258741642109382 
0.01069770526527825 0.006740773752726495 0.2528345211524012 0.1529458868732207 0.08916109536030506 
1.1575830346330338E-4 0.008864092292621641 0.20591261266502886 0.28792573608718347 0.011531691972111499 
0.017610857523897724 0.019143262097312885 0.34259794093026735 0.015883290451815676 0.1768276113761774 
0.013876522022815748 0.008165791164930727 0.3195839324152703 0.08156780702502132 0.08915586340170327 
1.8193033540580677E-4 0.0022310719120084924 0.32620273954526335 0.17607261993784756 0.007746359503142048 
0.032247216441836445 0.0029389028922386633 0.37309167781625335 0.014428118582606316 0.09158738967431877 
0.0025229047311741333 8.20392939118529E-5 0.4201063575243644 0.08191193560755403 0.0036458536153792646 
0.005724063758541277 6.394446999256401E-4 0.5182744447421369 0.001180859635458208 3.116160617600152E-5 
0.010926804016385601 0.13278629502969572 1.5889544693809183E-4 0.003000980041234726 0.3892035060080589 
0.08464930522000391 0.11024371516488725 0.005801357111985227 0.059066196199458236 0.27176174905620715 
0.02048766871751275 0.1000033455067072 9.8373014508682E-4 0.16252376530077514 0.24023503181711334 
0.04671977416466839 0.10952504695120531 0.00843080053129399 0.2133256600887513 0.13765881617908557 
0.05619434656489214 0.12212673994771443 0.0017303211174887023 0.29391756077845416 0.05478316385823562 
0.07138067293939447 0.09177992941083454 0.0019786589216821407 0.36042981472504426 8.986216671454871E-4 
0.0903601779829062 0.08956899365621533 0.0703212234090755 0.0026217151984335146 0.276586370185357 
0.076282746757853 0.09856781802854699 0.08223240584476947 0.05552365946709134 0.23922808999147765 
0.0018292846432925603 0.11970765870298314 0.08642619852652783 0.1660305924959152 0.14511853149929663 
0.0668865412122407 0.09042173362969504 0.08345953398354335 0.22704719348646607 0.07219861484691757 
0.06544946127546342 0.0884789921320367 0.08268398220822146 0.2992891297463866 0.003077989560294329 
0.015070230337115999 0.13970631483310025 0.13672231242750896 6.709864588388845E-4 0.235650673791723 
0.008067139660888232 0.10514488851885291 0.1929160004132085 0.1713605091902986 0.059250042892362215 
0.03980626292709715 0.09897744504875587 0.12073523898057921 0.25408470029295654 0.009015669724593087 
0.026918509174211194 0.13190401702893742 0.19410318563698703 0.018316831179961125 0.14765443440644452 
0.02119981049060307 0.13955052467291212 0.2052203861890837 0.07520538525508536 0.08205194288162579 
0.008042994441012091 0.15762210084185715 0.2029824212232986 0.13119307584510534 0.009511623633963467 
0.050703069847770794 0.11187903846243442 0.26922876469777113 0.021230245458676026 0.09630378172958302 
0.025531582563840905 0.22490710082000745 0.020852504843496024 0.015515048633886475 0.23045804903933365 
0.0402465838923135 0.19711897501415068 0.0019379341870850771 0.04469496419281638 0.24023498750560002 
7.498042191710907E-4 0.189907808984339 4.6558765076068014E-5 0.2555168210912684 0.07110179837330627 
0.0031306383337589504 0.2329526737164125 0.004005464040971339 0.32168525844629925 0.012883792059659956 
0.02546992539251765 0.22398265680277166 0.05248029146692058 0.0017385466152174966 0.2199182220426714 
0.004301986361410459 0.24689865038745293 0.05714741035451475 0.11008820192887213 0.12432716253820644 
0.011312308434578264 0.22738313367595286 0.060603147008973 0.17211289066793015 0.05835965270079782 
0.016237748389769813 0.21163836452678278 0.10980084454161425 0.1941825299980654 0.01182864052611198 
0.011849108889421239 0.19254151698723743 0.14582239429509622 0.0021111649513057213 0.16978746444138856 
0.005854639105081553 0.19760253856341084 0.15302070781973673 0.09292332671580811 0.061427284010239586 
0.006447750869271286 0.19982666621340328 0.2555501744731443 0.005251543858655192 0.05643231632589871 
0.021105881362624153 0.1889819243638874 0.20700628123230558 0.09667473559541027 0.0032714374036515365 
0.01285932132959251 0.20895691476315034 0.2767780253536816 0.0030056413355837516 0.0076989553719196135 
0.02462479679238688 0.29924903265555175 3.5808897882843877E-4 0.006763050163853702 0.20510954565362985 
0.04506642457229707 0.24369944194404025 0.003796860709350815 0.08620169978995065 0.14743400262151987 
0.02201629832998678 0.2869544015368373 0.0034832715081969793 0.17490156611745064 0.06047440768801686 
0.008995516751559022 0.2789228395161665 7.399236649851201E-4 0.23363374813944698 0.008081436024931216 
0.004860454613211836 0.33924369267957194 0.08307881264040805 0.002389071904217856 0.10405018523804774 
0.014967315034338548 0.2933210580930711 0.07504710442184934 0.13642017951692398 0.009890593655832213 
0.004050882426807016 0.28427857451214045 0.13934976923645426 0.0023179674376600685 0.1041531671787563 
0.02979656679610056 0.3620981673621901 4.3329584672583977E-4 0.008183445234153047 0.1355930390050811 
0.0019194095415612747 0.39066873680049774 9.404621722573328E-4 0.0831206414032011 0.06269536586327226 
0.0056803708620406495 0.35060439900890594 0.011077564282919573 0.1307339853357697 0.010201014019608143 
0.021043433752014326 0.36600726890878693 0.0649435406733258 0.004735257968824832 0.057605751014558094 
0.010715899561567937 0.38087324435507497 0.05571408771003906 0.08708545641588752 3.6618026458251434E-4 
0.00812595070078166 0.39253608700534304 0.09946226246917499 0.002797005092038991 0.007808794709291547 
0.044293032844415076 0.4106119318053441 0.002790299032341538 0.0010535455498395024 0.05974150146368892 
0.002169986877736459 0.44167021890981645 0.001063238734942377 0.09397197273869345 4.698513699525539E-4 
0.012747208694068682 0.45307169070468306 0.06627526687415121 0.0036514845752149984 3.67110099008809E-4 
0.0019377594976183212 0.7619270812604022 1.6907904017380857E-4 6.731523896102052E-5 2.8965368499211307E-5 
0.16135034727895764 0.006961168779382563 0.02118509223067923 0.015935383837183455 0.31799624546160515 
0.17806986003892575 0.014186628564947993 0.005722875787366346 0.058267142938566004 0.2753441126464789 
0.14106089062987545 0.011602534268113184 3.428141076792482E-4 0.15683639196852045 0.2326414533110109 
0.14254100383314172 0.004147354553624622 5.729441969960845E-4 0.23548755552089987 0.13006564120870054 
0.17015180389526208 0.004726536303547524 0.0017121096312681897 0.27376832715198945 0.06381400773899987 
0.1486592061158171 0.009997088772199724 0.018203926560841716 0.37002821371402433 0.006433257028616328 
0.15310112486950447 0.02274146870026973 0.04906274634848995 0.07696024900502393 0.21064803396581067 
0.16468109395014843 0.003939561102088924 0.04569766384847166 0.2462822636862117 0.05184088930882035 
0.19055531075708743 0.009637343555534443 0.03964528832822667 0.2845674872491936 9.331215642815062E-4 
0.15021244946479353 0.022312388108226618 0.14881480986752063 0.12585617268519508 0.08223096269784692 
0.11462812871862738 8.375242456719126E-4 0.13180293471946822 0.23841199901295015 0.027210986473186535 
0.1579304180737147 0.002595972693115763 0.2012958087053759 0.010820411812924355 0.1433202994248461 
0.15242934393083973 0.009319371598002368 0.20456191956972533 0.07527523604567479 0.08212815275755743 
0.12026165334330373 0.0033521262485017 0.2046909659011087 0.18652126888068857 0.0012519819157072343 
0.18844138774282015 0.00868752578921353 0.2551605953572821 0.0094375920852156 0.055786043950443016 
0.19528353016125072 0.005629775330194393 0.3083413824533689 0.005246140096037937 0.0015852566715447826 
0.13422573572513968 0.1492707808653325 0.006077920909087461 0.12138046148899657 0.12309716140641717 
0.15241231064846444 0.07088448474863701 1.0225715395541495E-4 0.22358613588669798 0.0657947676364055 
0.15951564121305464 0.0888556855422728 0.003017875938979603 0.25159972610542786 0.010481734062012667 
0.11921533366575056 0.1300572504982826 0.052442423151184324 3.667756266186451E-4 0.22574632082065887 
0.1687618218774041 0.09189403698543383 0.059515310912506926 0.06528627370127699 0.1714862282199525 
0.09449304808844261 0.12350143051062738 0.04815569324088359 0.16143764852642814 0.08216196012377189 
0.15844336685373178 0.10240025688569356 0.06747835656169958 0.19025279887258617 7.748249561636193E-5 
0.13954583835348036 0.08978093072191128 0.13876351399239492 0.10971459865587456 0.058991387819632125 
0.14146852807526072 0.0910179498601935 0.14067542469685806 0.14221983881136102 0.001149597044039766 
0.10959618935588843 0.09561035531578065 0.25422720391379405 0.009586665673450748 0.056667224835360054 
0.16537037876325286 0.1063959104361892 0.1644432764043799 0.08041048561718712 1.689898125401499E-4 
0.11025426541513457 0.12028122704252313 0.28794526072222537 1.6908610337373686E-4 0.005020686006896879 
0.15855972612839292 0.18579754083643996 0.003953628989962018 0.02373323757769592 0.14711262105898532 
0.15968357145520148 0.19956746099386785 0.007702032419987907 0.08256215299927315 0.09566251488536798 
0.14189618235118226 0.177337346468937 0.006844091641875174 0.11361645829700495 0.0935724524605785 
0.13583644407049744 0.18069798144858196 0.0033804177960739977 0.19404947093010327 0.007568541209263548 
0.16266283654808658 0.19060549456071765 0.0510345337692534 0.005200128286423415 0.10972761448199998 
0.12871419616911703 0.17290778848472496 0.06707044624622252 0.05271030659722932 0.09092359225413925 
0.12100827341029051 0.19551824139013763 0.07038657733160694 0.1360512555203384 4.5952828630385926E-4 
0.1572534484153731 0.19648555913001767 0.11697069192799292 5.245612876275383E-4 0.05935200859753449 
0.1308497995259092 0.16700556307192704 0.13486898073880424 0.09345791758807111 0.003638404951089979 
0.1453297359408363 0.1964665302398882 0.18359878090184553 0.012777354242186859 0.0011651085051829328 
0.1336376323306802 0.2948785912261718 0.003295088108982617 0.021230267025557702 0.09630387956040036 
0.18657252565723773 0.23311925678876344 0.008948756515786001 0.05556144056809763 0.06098529424747355 
0.17268471202340077 0.22489734742842932 0.011834777375010692 0.12049513052129292 0.001610355404408094 
0.19037419809386724 0.22307718806166627 0.059818330199664094 0.009765791707092861 0.058360533799106315 
0.15226549440677728 0.24943086600804887 0.049270106250351234 0.0661397532628625 0.0011880780085875343 
0.14770784709430393 0.2679790888921492 0.09546015711312453 0.005748989626572188 0.0031050837369962446 
0.15142307159907992 0.33388380349766544 2.6645836922396994E-4 0.001243049249356464 0.06023307546497805 
0.12523766296398317 0.34003343337868513 0.0017461638504850752 0.03924799795377331 0.0073053619014376014 
0.17206170518109903 0.2818596576811357 0.05570962325488007 0.007280062149500067 0.002431589183522266 
0.1345054294882304 0.3651963947148298 0.0018753824776645866 0.004851780445032247 0.006718473204097233 
0.25098360538591447 0.010199947613994833 0.006638482426637836 0.012685661772921705 0.248309927332838 
0.24114619565396314 0.017228324035851967 5.825961837297431E-4 0.05147282359862697 0.23308242653049074 
0.29121653521442326 0.011455549352719134 1.6947637996553769E-4 0.10865187192107427 0.11457887152792527 
0.27695105159018024 0.006676085341107454 0.0015745781814188152 0.23301364174420372 0.012778795165768356 
0.267610992673718 0.005711878230305037 0.05750216655760684 0.0018734241330091727 0.19176105662894602 
0.23713080733081981 0.010492656431487354 0.055435928203438206 0.08680363693567998 0.13035469419483542 
0.24553001089921375 0.03647075135862408 0.06270902288469692 0.11795607391393648 0.04984695304154879 
0.25876281583534905 0.00742496344758263 0.06886085090109025 0.19415069192891873 7.906995442611431E-5 
0.2792835937525301 0.030916286940279467 0.08920830772573336 0.01810251449128531 0.0962325678849911 
0.22368852204083733 0.0328246417580864 0.12551350060131222 0.14983282305599627 0.01182864052611198 
0.29913886275192353 0.00644064227912108 0.1575558712624003 0.0060630076101866335 0.06378591224387756 
0.2720224842005437 0.030131855436754083 0.1466860969283224 0.09125331288846875 0.0038101782109565573 
0.2703414127442191 0.001820665264373429 0.23541114650182823 4.915006139401204E-4 0.002799746024413967 
0.2722954822692836 0.08801812076839835 0.0016447842683161363 0.15919752839192958 0.0388242981815016 
0.24860511369526203 0.11108149562318317 0.07998203918545672 0.0035864501972715035 0.10016847155655449 
0.24245585708381046 0.053615002312725535 0.0813558992200591 0.0815149862620077 0.05987329531227544 
0.2789646620539589 0.04092316745940736 0.07113403900358492 0.13380358322488403 0.0027730952345021323 
0.20658835853193586 0.12412840679216035 0.13397090691702004 0.004868238999601145 0.05982934579503487 
0.18996297706545823 0.11421231600414021 0.1476672040387281 0.08855847072623838 0.0038123455324270946 
0.22288165483916217 0.09561140132715579 0.1938750994494498 0.002655849775963046 7.776996004048004E-4 
0.2729459618022257 0.1606767972619574 6.362360269758563E-5 0.006005261968042574 0.09936318866567699 
0.18822977721846323 0.20932800759642356 0.001470644870427043 0.06011553433179744 0.08612692211146758 
0.3744096618759739 0.235827483574801 0.0015402712499255422 0.15627602893060966 2.9115187961603108E-5 
0.22842779160092494 0.15862291105987628 0.0649435406733258 0.004735257968824832 0.057605751014558094 
0.2368799225147142 0.1547098078801787 0.05571417115234375 0.08708558684270572 3.653799172095769E-4 
0.254987994109861 0.13685217057490412 0.1167453248400774 0.005292619532235329 0.0012036021709376228 
0.21231824774432548 0.24879084537302185 0.0011637031418486664 7.18752309923141E-4 0.056165206022357035 
0.20105126476101995 0.2713421794220713 1.7228247486296422E-4 0.03820163832753747 0.013550976173654642 
0.2042782410510966 0.2642363873899391 0.05152978404507997 5.035768942689912E-4 0.0031318443798526957 
0.2203233182519444 0.2930876109618854 0.005482953201590095 0.0020634953871981453 4.6514861248660893E-4 
0.3591703808917469 0.015595325050880628 0.0012990017517730294 0.10483954933387885 0.03546380951191609 
0.3520358022435715 0.01532941016745845 0.009356386026345814 0.15489318300472663 7.609397955628246E-4 
0.34097043217158113 0.00992083145544236 0.04825070867578868 0.026978892404413153 0.08807195016440218 
0.2982627918468663 0.007135151126188527 0.08158292205863667 0.07368625742005264 0.05184837841304067 
0.35278240363095753 0.011471705189969948 0.05177829877836637 0.08290007868424364 0.003604738495982183 
0.3683651375795504 0.007931126224868456 0.09085111889480699 0.0026125777285455594 0.063862256647686 
0.3288393804704774 0.01069313091804856 0.08761025227216773 0.08277065321877695 0.003523942079352535 
0.311104062557688 0.016772684652646003 0.17007490602380604 0.01434046687941417 0.007864123531265765 
0.3602966779961549 0.0684084171308169 3.0051070387401278E-5 0.004448160039946634 0.08023774739465094 
0.33073987382266257 0.09851854434743898 0.004209770334641572 0.08076802297825562 0.03802254316860303 
0.35666832776821483 0.10036915357446809 0.001584169734519321 0.09164764301840092 0.002781925935849474 
0.34356201573216555 0.06353491579608521 0.06125469376918203 0.0048247729450134344 0.0430926011336327 
0.2904767230019003 0.08174233749101664 0.052354375344616066 0.08455646035744868 0.0025739427551905035 
0.2825730131036431 0.10358760452121556 0.11232961548479574 0.0011994897688788675 0.010412982252376671 
0.31646047117413617 0.1414005605963939 4.618321140636375E-4 0.004040306606628009 0.07892351649395407 
0.3208605764101869 0.13570381668018658 0.0015825299300795113 0.09155277678743781 0.002779046311020502 
0.46868010749191874 0.29520512317334263 1.690835534145831E-4 4.692081847929693E-5 2.8965368499211307E-5 
0.38607773875949025 0.015690159140957928 0.0102117039881155 0.01951383081148527 0.08858470029100368 
0.4109482115191248 0.018945536478833316 6.683372935573483E-5 0.03618578976844891 0.056319981895618806 
0.4109897659913247 0.013686331455473776 3.568577462563648E-4 0.08236181982654911 0.0035065360889647568 
0.3895349144775876 0.02683001884833651 0.06062015337421124 1.8114335091661983E-4 0.04607477804919791 
0.42726030770987045 0.013569570044926425 0.04091828090124254 0.0436592478125551 0.012916865081888277 
0.38725922734433166 0.015251729286226976 0.10972405911979605 0.0052768422526799945 0.001594534120823042 
0.4036473672375214 0.07388742559307357 7.429089349544955E-5 0.0052572844094814445 0.031548698430616556 
0.4558445580211871 0.09001620905452648 0.0012826987722660676 0.056753398516054494 4.192543697040087E-4 
0.4226472283145196 0.04587786392423551 0.05153093491039782 5.035881411467575E-4 0.003118632067283905 
0.4215686342967507 0.17311078413905587 0.0013974159821119817 0.007840916304217498 3.586907032745626E-4 
0.4238539007323194 0.013167174372910503 0.002359406200176587 0.021022110307938154 0.05473817379279622 
0.4685678750973988 0.015603734639235286 2.6628234504743134E-4 0.02547223763190998 0.0035239193621974647 
0.4623239338520638 0.006209623331718609 0.051531865931037785 5.035972395835367E-4 0.00310945815343445 
0.42328688388594216 0.07775554682557474 1.1226065038932677E-4 0.005199518378000311 0.007044208125411507 
1.0954631004471371 1.3479214236544068E-4 1.6216116787282336E-4 9.654198321731727E-5 0.0014009167633533045 
0.05533322274034849 0.2611932920600797 0.07038657733160694 0.1360512555203384 4.5952828630385926E-4 
0.2474064042632743 0.020349660850697535 6.012609542795753E-4 0.2750750234263665 0.03096574359778027 
0.16289428558736244 0.19087670253626363 0.05110714958034736 0.004624855460507602 0.10972761448199998 
0.013537527569337023 0.008530185516737059 0.31995219682206566 0.0816617996104453 0.08925859989067449 
0.17852862513544132 0.2297042797264146 0.10138332648619264 0.007279851378101291 0.0031050837369962446 
1.0904053182046878 1.3416980346256082E-4 1.6141246545195017E-4 1.1016701588160502E-4 0.006455129255788138 
0.006861890757038652 0.23159873881188703 0.17934690111170185 0.11269557817268866 0.00320192984361331 
6.408165393499593E-4 0.0012407899804518063 2.2031113807576355E-4 0.3534081019431801 0.17154584909403403 
0.13022866503671468 0.16621279980070178 0.136282878499224 0.09345791758807111 0.003638404951089979 
0.28176220075798813 0.062306933835202 0.03712748788848448 0.08232918502814174 0.06047132967875308 
0.18237159518894003 0.06685506330148402 6.289744657972785E-4 0.25006487209447364 0.01041779149810028 
0.22112829731917344 0.09485924893653125 0.1923499296735723 0.006544846864733148 7.774856560090479E-4 
0.03136324905594387 0.0016241388362000472 0.028697461817319487 0.37904210867451893 0.08234014467692072 
0.38607773875949025 0.015690159140957928 0.0102117039881155 0.01951383081148527 0.08858470029100368 
0.17165792227106355 0.2001571798437083 0.05229755668378498 0.08446469372265449 0.0025711493309648653 
0.2901118615078843 0.1524816273280004 6.493983929949718E-5 0.006129498026223305 0.09028022963311323 
0.0054566856938783334 6.141031605919169E-4 0.4944339656704614 0.024417491364097207 0.001833022467619692 
0.0018643130991043747 0.2362087687191412 0.0040392231033405555 0.32439650303420786 0.012992379912464295 
0.051665591931845466 0.007826952565448927 0.07298742044699043 0.17008344824907407 0.21118045383567796 
0.11030400159693345 8.059302438656381E-4 0.13615865584296843 0.23841199901295015 0.027210986473186535 
0.2952205736563243 0.011613055724902326 1.7180657024775019E-4 0.10165785746319737 0.11456125259557579 
1.7676450472497627E-4 0.002167721620763854 0.31694035833569134 0.18531033735086772 0.007744929303435196 
7.505914427039254E-4 0.19010719422715186 4.660764737706136E-5 0.25578508959317214 0.07067629392101887 
0.23759608343915456 0.016974691655567087 0.006352279812453878 0.04966552261578868 0.23320153792123358 
0.16135034727895764 0.006961168779382563 0.02118509223067923 0.015935383837183455 0.31799624546160515 
