1.2999384971601777E-14 3.2446837742077306E-14 9.474384248570856E-15 5.411533474235374E-15 2.2633613711615645E-13 8.192880487399376E-14 8.902263419816608E-14 1.3778861798404484E-11 1.9819485868494762E-12 1.0411129424922406E-11 8.817141873142873E-12 1.7337524857645236E-11 8.786585914214354E-12 1.2915336478016654E-11 0.5036028733226487 
1.6754263378524013E-4 3.684766873317413E-4 1.9955242553650807E-5 1.6638739282709E-4 2.0658934910253133E-4 1.0738789302682327E-4 0.002973900265430524 0.02838640907917628 0.03468500296607543 0.0017607202324518235 0.017086429123317235 0.026880186412415453 0.016538074175270718 0.18795069506762246 0.18790617953591018 
3.657129980969185E-12 5.296435934269407E-13 8.344493291112248E-13 1.2453223516709544E-11 1.1827359631924488E-13 5.562659919319703E-13 4.487361264382023E-12 1.595216794358737E-11 1.5682009650565785E-11 2.731854256451764E-11 2.6398355552883364E-11 1.3963353032806495E-11 2.054418518317194E-11 0.5050581378423629 9.205298869642222E-8 
9.490391529950463E-5 3.307807259997073E-4 1.5847638198541234E-5 1.5037908634305642E-4 7.990222183107316E-5 1.0578484117851244E-4 9.958363211892917E-4 0.008931910080104959 0.011775820356142537 0.03099348765905485 0.02453026500859358 0.02328730137265395 0.19615637073947384 2.7267350869699836E-5 0.20771465300697162 
1.0938834640067255E-4 5.688229366002747E-4 1.454108644559187E-4 5.694172476560255E-4 4.6387386643026733E-4 2.918937550188283E-4 3.3484974724544496E-4 0.022686766898324537 0.021280901351995517 0.02955599464720966 0.02373652267211356 0.013811642872706642 0.14307839707553574 0.2272917365056517 0.021262800682003733 
3.3187139366784375E-11 5.850028193479566E-12 1.2869458727189436E-12 4.2021258076565077E-13 1.5471500786924851E-12 6.339506711077338E-12 1.6984558488196607E-10 1.8696530194004445E-9 1.6198689884593534E-10 2.2731305598849553E-9 3.60470221863318E-9 4.703173895883768E-10 0.5024523093727867 3.441485680310844E-8 3.016361237835529E-8 
3.610326407287455E-5 8.214230428104254E-5 3.475285160763061E-5 2.013219554381686E-5 5.88670946057554E-5 4.349150553550788E-5 5.888655225319305E-5 0.021245303756201532 0.01990466148945724 0.02042101480709946 0.04080651215634745 0.18999298943042733 0.020738555595937957 0.002495996375209747 0.1896971089443462 
4.2492865044006825E-6 1.1619965687688987E-5 9.386948424182494E-7 2.8283601238891424E-5 1.2202987561508308E-4 4.771508896898614E-5 3.237767430655275E-4 0.021351922376314753 0.02344181899457286 0.022911748717251452 0.022897027877528977 0.20165953858355168 0.007276400658171628 0.19818562274468463 0.004011807787636961 
6.190311690480309E-4 0.0017196769113702586 2.1202201145054024E-5 3.617691595464199E-4 5.845127261288691E-4 4.3345515684191133E-4 0.005451366477355916 0.00971858171620104 0.015962430624564827 0.01757579473047249 0.008679614705387837 0.1305561164911752 0.24452989457555194 0.03747632722920217 0.031530962077691155 
1.854607938849018E-10 4.5097841723466156E-10 2.873450108293571E-11 2.0155671934040827E-9 4.561768438350475E-10 1.3397708010320723E-9 6.615439457941528E-9 5.984010072634344E-7 5.37305987730063E-7 7.778844634355363E-7 5.876270191323762E-7 0.5051005911321443 2.1700294487271364E-6 3.058681041533732E-7 6.90347224272421E-7 
3.7037121963716257E-9 1.0141555000979133E-7 1.549392328469448E-8 9.183588694271265E-8 4.5964971278673524E-8 7.721196951797572E-8 4.7361629053114876E-7 9.315402604061168E-6 9.390394421077713E-6 1.1046659429134358E-6 0.3084951171013316 1.6747982298455242E-6 7.267163487225103E-5 5.663924391174316E-7 0.19698200613074193 
5.118975564468109E-6 1.1122247153046111E-5 1.8922389948546984E-6 3.245114776153797E-5 2.2408507143398325E-4 1.4154223413434815E-5 4.187234130677753E-4 0.044053151256452816 0.024577547964117093 0.035158264979709704 0.16215918367459314 0.01986582129846524 0.03586064063881638 0.18106657781922572 0.001982898605229136 
4.728774626790512E-4 0.001294417157683768 2.294277897599186E-4 0.003345293171710147 0.0011486318320167873 0.0017740348703197738 0.011169094807883997 0.018179501092502725 0.03549158719324575 2.4246141760821423E-4 0.2132264896224386 6.161841825833577E-5 0.21889784552851044 2.9730713632592214E-4 0.00150007150678806 
3.146130914223225E-5 7.378278069929764E-5 1.0812141521856733E-5 3.180306498544338E-4 6.653197550105663E-5 7.676169130109604E-5 9.059688521091462E-5 0.03713911816669301 0.00619775322266159 0.03125131977828279 0.1997880291261454 0.17884201470059538 0.009024528350681528 0.019911134953042395 0.022371557680299164 
4.127393283202044E-8 1.3075604358050223E-7 2.5356145022935275E-8 1.502914416731106E-7 7.522268287389956E-8 1.2635908030719643E-7 7.750834393116889E-7 1.5244860519538937E-5 1.536758627162029E-5 1.8078100256298608E-6 0.5048590201692748 2.7408440083131464E-6 1.1892872315269972E-4 9.269136397714408E-7 1.5300804428803831E-6 
0.005406518767168684 0.0010234215782972498 4.5689726629008764E-4 0.012371189615902183 7.740079218000384E-4 4.919907097029295E-4 0.005070226962892688 0.019442840519111656 0.05669208290269768 0.13718623693850882 0.052332904340066023 0.019035504345837364 0.007257854217832058 3.3722483330834264E-4 0.18776210570297644 
1.9799749952909118E-5 6.115485260209227E-5 3.6830948641885173E-6 8.468644108230867E-5 0.0012799099171709218 1.013833996170794E-4 2.4330766265794556E-4 0.09717244574753216 0.08164231055020169 0.12857005471181934 0.0024788701475060237 0.04167374739532277 0.034896235041088214 0.0751300275253123 0.042137869450760174 
5.512748454621604E-4 0.001742577925567183 1.4873056113886765E-4 0.003498462067509747 1.3527770618098708E-5 7.945816580216184E-4 0.0010422212792846812 0.05179398885978561 0.051792075667093596 0.11082502796724776 0.04896886925579407 0.16572292549067055 0.018330477191948014 0.029734066769170283 0.02001175606691532 
9.386433267633352E-4 0.002162535448664565 1.2787669369183717E-4 0.005622576934695374 0.0030832592907595042 0.00655059312418936 0.038167775170559304 0.03677157409501141 0.07749668836365373 0.08282700827079092 0.08767910370051094 0.04493977803235306 0.038502773378230964 0.038966480852654695 0.04162321650694474 
3.965886049117468E-9 8.61816197542471E-9 1.8522617574968764E-9 3.98523885564499E-10 4.294028105416993E-9 5.420335174875579E-9 2.1608630407637792E-8 2.1390581735575795E-5 1.875943956903808E-5 0.5050277629224111 7.803433534548172E-7 2.1916673203078085E-6 3.791982217358645E-5 4.298933406171297E-6 9.773385723332692E-6 
3.376466194457567E-5 5.2602983799931025E-6 7.573081838321968E-7 3.9440212255770624E-7 1.0434153298351215E-4 1.9526110078052616E-5 4.4838854756508676E-5 0.012973323579877896 0.18426399509939023 0.0024584784010000566 0.02894981658530431 0.0020370883454604474 0.0385170687271616 0.04691934919776395 0.189308180433031 
1.0425744287919187E-4 1.6881980924327533E-5 2.281019993916884E-6 1.2240062146821082E-6 1.9266634405653744E-5 1.9081860720753116E-5 4.443103225501946E-5 0.011175056918108087 0.21223956933919852 0.002784403930511547 0.029728607932384396 0.0017736935892676217 0.04251067495124534 0.18874099914827785 0.016376907769651724 
7.643103072163514E-6 8.391852952876076E-6 7.190785457711191E-7 4.6751676741925364E-7 1.948781616066399E-4 2.771950875700128E-5 3.195773687818182E-4 0.0076325229369060355 0.23607556638857752 0.00636106020548099 0.0034019414550060557 0.003909572356725263 0.2271171617156144 0.014908498970643799 0.003995867344503195 
2.835904273479439E-6 1.0636701077999475E-5 2.7718131657598573E-6 1.8810993283398031E-6 3.5952927084958157E-6 4.753077455531813E-6 5.4664335593341064E-5 0.007232183076975068 0.19168525507364972 0.017193821497381755 0.06420396829700385 0.1890213671219176 3.523607965646408E-4 0.015819552382929276 0.01720926179877246 
8.167993446465967E-6 8.968163751767267E-6 2.118773415939891E-6 5.373035897457055E-7 2.2396787257983412E-4 3.185723507488244E-5 3.6728108896674956E-4 0.008771839340552295 0.2713148663566189 0.0073105837505256805 0.14884879561749792 0.006723795671650541 0.04392511169641186 0.014984743695579396 0.004016302923374059 
6.656957431194141E-8 1.821803479703395E-7 1.516436509837694E-8 4.4917936221596637E-7 1.5201707058344105E-7 2.3518683642475244E-7 1.8881377202822788E-6 0.0025331093314343825 0.3279709731299782 0.1700148642330088 7.73319626197626E-7 2.0703180322511472E-4 8.551297653436425E-4 1.81248209522141E-6 0.004035990303718416 
6.410305488665578E-7 1.7543024671434377E-6 6.521990070040349E-9 5.081069554554524E-8 5.228584706826507E-7 1.0161965115583544E-6 5.205256646922081E-7 0.003824748496200016 0.4952042419605425 0.0016551069463582415 7.73577142738389E-7 2.0710074511148138E-4 4.84409041587941E-4 1.8117450222138765E-6 0.004034349007774373 
3.208858695562592E-4 0.001471834707101207 1.9923172454353188E-4 0.001382461121780567 7.07776003545001E-4 5.446212955837243E-4 9.418655390051471E-4 0.2075764227245414 0.03513428443921394 8.234495878897623E-4 0.06363046066263481 0.0016910136349423156 5.91813123559908E-4 1.8939798838338837E-4 0.18991574746117554 
7.167809144958468E-5 1.749733922878703E-5 1.7192469822263708E-6 2.876083993175256E-4 7.284452643676565E-5 5.996542026774234E-5 7.84133749263491E-4 0.20293273227011696 0.021112536029457642 0.014596838589028056 0.03253463015187363 0.012402536136489338 0.028056559946087616 0.19227464291664234 1.6456361439480717E-4 
1.8634720159027794E-5 9.68636890340129E-5 2.462378194613282E-5 3.751549187440795E-6 5.562631839973142E-6 4.704695769703434E-5 2.9138154329580326E-4 0.21909989316816347 0.008734603758227506 0.022748615789681903 0.014399571972776498 0.008340903595498344 0.21753288666242182 0.008490245455722422 0.002580423984430307 
3.087776514911799E-4 0.001405251143150798 7.798112091685008E-5 6.016630777716315E-5 4.351206264411432E-4 6.622680887594128E-4 4.628167628354014E-4 0.18856714878157585 0.031608760463289386 0.01742296308597565 0.018479112453773004 0.19063169281026682 0.011988990628834404 0.02058794912217498 0.022365864187598377 
2.5439372461137817E-4 7.843199463704724E-4 9.520821966471368E-5 3.133056394777817E-5 2.7625615636583935E-5 3.4526711588913896E-4 0.002009656987476276 0.2509595048325396 0.014742916380169595 0.003433068705419821 0.22287063455202633 1.4981261618711973E-4 0.004418555092508681 0.00448391529932183 7.878934732866263E-4 
1.5099810616971826E-5 4.1323514246848545E-5 3.439431553505034E-6 1.0188578653659758E-4 3.4481501391723595E-5 5.334660901154436E-5 4.557567751952778E-5 0.2501821368931294 0.2442419733057656 0.001640798229928501 7.668894202342163E-7 1.3340925085803107E-4 0.0010922241352129066 1.798033803170135E-6 0.009761174914932865 
6.120173493534757E-6 4.0316598520153074E-5 5.160691683347346E-6 8.74905237913616E-5 3.488762946621611E-5 4.7296576047610954E-5 3.6915715241252884E-4 0.5004699603133849 0.0013714166885954795 0.0016663778448791945 7.788450255740676E-7 1.354890661610727E-4 7.797954866082561E-5 4.2174419503805204E-7 1.779836061740199E-4 
0.007824872832552452 0.001910129742636768 1.8768481040169868E-4 0.031397308504182334 0.007952208888208327 0.006546237189862651 0.09617883809558253 0.08313526430920676 9.773584101002838E-4 0.015294431541505973 0.03301834316179103 5.285923973253959E-4 0.027980010012643226 0.19227464291664234 1.6456361439480717E-4 
0.003153847419484224 0.008631105520287601 0.0015299066008821018 0.022307611953376785 0.0075939868017726895 0.011811996415778682 0.07436680645089998 0.12104395766841954 0.24420485062703817 0.0016405488427133482 7.667728596398947E-7 1.0671009939153076E-4 8.4772207788088E-4 2.924297012205226E-4 0.009760076126805692 
0.004436322750126826 0.009080847030041913 9.459048631468442E-4 0.0022208487771128195 0.0029194094627974683 0.03121377613827631 0.006493037646417031 0.03622828090815795 0.03762412744948673 0.09594183258804698 0.05764066656938219 0.06466586089448957 0.0504835993055788 0.08464299446631904 0.022827594202812135 
0.0015225976252717162 2.4577582572172293E-4 1.7380663138403857E-4 5.733006615113896E-4 0.02213532560749702 6.054286357367848E-4 0.005134853021576524 0.02701904235645058 0.06782331377602585 0.06380877370589104 0.041408497555880636 0.0150618744577509 0.00574278921511998 0.06907559303836894 0.18482713451390215 
0.0016499831567048648 0.0069502935875733855 3.242693524608443E-4 7.140373370391687E-5 0.02547335530317934 0.0032468225000073262 0.006593145430790934 0.05002896312553891 0.01996782772424964 0.008954541641400764 0.041049854234866706 0.04511893356770921 0.02160512198844658 0.20458598771471534 0.06995959798308564 
1.319037587365494E-4 0.005868996175753724 8.780561884075716E-4 5.820554946845914E-4 0.02229047768463977 0.0164516424727558 0.015955768298337506 0.03159788514813513 0.10303811673615296 0.007886287138206523 0.0022114611067567762 7.986628383777573E-4 0.189289365922396 0.07747739481194409 0.029339209667290034 
0.003994139361508265 7.5123475117248E-4 3.368543021588591E-4 1.2668408918887195E-4 0.015842662192466505 0.0015777443103340983 0.0058570373560504 0.019130817614422025 0.01963038271796041 0.09068626707658542 0.03467517598930763 0.11735182927542315 0.05127603621861014 0.06966191578182646 0.07138286473721223 
3.175429368815914E-4 7.433990621166091E-4 6.674558490989774E-4 0.001069223096707953 0.017639119204497084 0.0019224961891422844 0.004544576886161288 0.025460049170528024 6.385115488369501E-4 0.07440072817805292 0.18399806457057596 0.015917989557903023 0.03055728624999397 0.06733318683273795 0.07979938247134517 
0.004738232973499651 8.911870484909931E-4 3.996090314564299E-4 7.53272770827881E-4 0.02062805174904317 0.005675407678283523 0.010632396825443414 0.02762145861717723 0.03071770177160259 0.13762875105563535 0.05250171171810565 0.06915700745696095 0.002106449826023842 0.0700889416446258 0.07182043997558156 
0.004757400763349432 7.515546265979816E-4 1.7502875165707E-5 0.0035137244146013877 0.02846110376512013 0.01906256315139771 0.09755868962332703 0.09335192509988029 6.773447220603814E-4 8.230264715119026E-4 0.06369807600985493 0.15152739619076658 2.6372699959714895E-5 1.5478209509628477E-5 0.042897652308486175 
0.07343118555846996 0.013874879217164255 0.009702648630714296 0.16865557951829294 0.05576808004689882 0.15389909771581176 0.05997698039242011 0.32976280378795897 0.001687779530988424 0.0028747146050945825 0.22447597388655277 4.891924283998651E-4 0.004477193842749908 6.51359423188599E-6 0.022037424076575548 
0.0025559977240922358 0.012983186216861344 0.0033316552325633217 0.013853657485955346 0.006957857069894377 0.006936283972979932 0.007264607259396206 0.04531867849177042 0.0836920559247238 5.86320185036122E-4 5.4226916873555925E-5 0.02541423385396276 0.26327265164909536 0.0012816567325993414 0.031685350753544374 
0.010407388312689982 0.0016450095558895915 0.0023671953715869247 0.014417733270167161 7.154190826139977E-4 0.014971158577489225 0.012346905053921407 0.08596529527780607 0.058057453409487925 0.032416131019638014 0.004161650704753611 0.14489224309048268 0.03783345277299966 0.08050130736511396 0.00281655886885214 
0.019948814392725674 0.002888783135275307 0.0044606068532971055 6.804590184177238E-4 0.0011245028816687464 7.147794683141814E-4 0.007366184078876078 0.02617677557512772 0.051856465583476966 0.15954672249947532 0.06018533015090971 0.02189173576529716 0.00834687770143437 0.06567232979878561 0.07115684849954597 
0.001897613635444366 0.017158774977177587 0.0013361506485031743 0.0016689169163863198 0.003915522548505851 0.012892081415493228 0.013376284985239082 0.045384625383822444 0.022520858745023138 0.0111203107458447 0.043405857619523286 0.053432103361479154 0.03926181636622569 0.056239033108812 0.18282291771448825 
0.0049152659415203186 0.01957074449768722 0.0011014214056980524 2.0472057063925477E-4 0.0010403098850956746 0.0025148774339585683 0.006173450065754471 0.04403872863420206 0.03326315355319468 0.011269480809825717 0.04132678694112957 0.045271996847389764 0.019961388274891894 0.20424914409620648 0.07070023024197106 
0.015490109401952334 0.01714025163704376 0.0012303122747437593 9.345375415475766E-4 0.0016994508172204898 0.006257755910838121 0.00606824002492334 0.056148409345679606 0.022260473599263853 0.007491633821486104 0.04486660231387898 0.0026534202060493296 0.2512933754267224 0.0013657198443339578 0.0707000389355795 
0.003364095749267588 0.015140075507617111 0.0016868339203369382 5.071389616463038E-4 0.0013195995743286513 0.006713844791477047 0.004941878614725191 0.06015918889425665 0.028931907356842528 0.009634632242399441 0.1905495689746127 0.04054068331682744 0.06037773072331109 0.08017326003549785 9.981555246430507E-4 
0.011981063501929649 0.01309286830730144 0.0017725726552796632 6.691995495639025E-4 0.0011058958754722188 7.029521033399488E-4 0.007244296767571895 0.025743631798200522 0.05099840324128902 0.1569067231694799 0.05918945114578331 0.02146793731768115 0.008207323057325015 0.07069980238530761 0.07266624800939668 
0.00407626919023981 0.05470046795389845 0.007270877771185659 0.005647028325814762 0.008543278132006248 0.041941013969770416 0.04055180839360034 0.0677556469044978 0.001296987075460789 0.32084753963280377 0.2924023761481953 0.20221467491971734 0.1035644668288132 0.039343093556325634 0.013069831453225473 
0.029951914624521944 0.005089689991299396 1.3089978785081044E-4 0.0029351633561577315 0.001419893410697771 0.007043475533974925 0.012062113927353433 0.05472310868512156 0.09565841551023622 0.010144833633787636 0.048137226847594736 0.002846427159705207 0.02488093277386981 0.018555585016589587 0.1952188528232165 
0.021755922364458943 0.0029298096985891425 9.307638101799576E-4 6.369719612227487E-4 0.0012846835029595358 0.015235721957333212 0.006071285429464771 0.05617658796421038 0.022271645231749577 0.007495393569875915 0.04479944443666199 0.002653426902669945 0.2512940096332437 0.0013657232910958556 0.07070021736617152 
0.01495690693054715 0.0023671025052966594 0.001453006225674992 6.910362492746748E-4 6.359450907640503E-4 0.01018450641768832 0.008938175006903071 0.05977653411009824 0.03889305316813916 0.022250904721185828 0.0393684704298126 0.12155987234486301 0.045267873165087846 0.07094928516162742 0.06784582587674863 
0.01765172878626125 0.0034156382817282474 0.0019884989094087957 1.7977069797878124E-4 9.610360236458779E-4 0.007378263053995047 0.005430938833534361 0.03138826487116345 0.02750615904358187 0.007526309568729949 0.17971764928563938 0.07108704161768772 0.05883989784707776 0.09114577024336414 9.985051053212053E-4 
0.021570852064067926 0.003923516564510902 0.0018022949507265297 6.80420611033967E-4 0.0011244394109636148 7.147391237693991E-4 0.007365768306800047 0.02617529807032901 0.051853538631052146 0.1595377171486278 0.06018193308950103 0.021890500122482694 0.008346406575728962 0.06570642442438658 0.07137873450153841 
0.036164928132424064 0.00655391841494979 1.357249397419454E-4 0.023486182828625635 0.013926209112721731 0.040801108558684185 0.10660265748497204 0.13790001769202073 0.0010005776426762006 0.0012157795874167604 0.09409517585532835 0.0024049284423688136 9.461201745907091E-5 1.5483382185183404E-5 0.042911988310161416 
0.025066050887843593 0.004736249672057853 9.468690694113864E-5 0.01900851680151542 0.015575378991301885 0.03279327827930495 0.011442801823411525 0.0658497963521938 0.19235203996787953 0.0011875470715024636 0.09259723493619039 0.0024594420446270144 3.4836966686038463E-4 0.04079988723605954 0.002068048797501533 
0.04792638722272756 0.008199675412603505 0.003967767186767042 0.0016378914631680708 0.00248108701562773 0.0017353696415974187 0.016291746670569155 0.059506267169266894 0.11600933523465175 0.010793660856247007 0.0588239945358574 0.021396565272788645 0.0131224734009507 0.0691539424602449 0.07140728018222438 
6.095140366192023E-4 0.0013894224423662365 5.108554621815845E-4 0.004370162858533032 0.002344754646054618 0.0015856204613957678 0.02186850706899411 0.021481562443619668 0.04450896605100475 0.04781427308201032 0.048539002596036294 0.04216872100308348 0.023588385013505127 0.050921962274318715 0.19372454937020342 
4.030170464474065E-4 8.863558060303417E-4 4.966551286182797E-5 4.01055592357906E-4 1.7661196909311017E-4 5.820146692104288E-4 0.0038863335474916007 0.04519649276167707 0.05434626062156578 0.002044272034841187 0.026798281901826496 0.04215876868447191 0.025938244361275776 0.26923963778272886 0.03309692192198016 
1.113549951839921E-5 5.788257367879332E-5 1.4714367034349636E-5 2.2418031402397732E-6 3.3240469213616934E-6 1.6722908932641145E-5 1.5722769292399218E-4 0.11822495801579365 0.11040167283026643 0.022805159736751134 0.014435363541062495 0.008361635740951667 0.21807358628753207 0.008511348805222523 0.001338035410351962 
5.5488547063666565E-5 1.454682181517553E-4 5.9062007467188676E-5 3.421439762597027E-5 1.0004384159409329E-4 4.334913997006954E-5 9.35437534247216E-5 0.03374905440988295 0.03161938804578896 0.032439636906987014 0.06482285284530795 0.3018118173957439 0.03294406374328204 0.003964994732035088 0.003753543117445194 
1.0001522126584262E-5 2.1730793514754332E-5 3.6970815620197778E-6 6.340348147448152E-5 4.378203747915469E-4 2.7654708812581447E-5 7.717896892374963E-4 0.06746511220402113 0.037777896437970956 0.05531017757843162 0.251222110069196 0.03077675548042336 0.05555643291714551 0.004003602007696027 0.0019828964366097987 
2.3622429230063675E-5 7.296183947290937E-5 4.394179117606536E-6 1.0103660227885182E-4 0.0012619637549114078 1.9019672304751878E-4 2.595569784055541E-4 0.10368488375072146 0.09123847569575476 0.14016076483477607 0.005363965537518125 0.04577940603443688 0.03833120714870021 0.036669626009256495 0.042118266845138225 
0.00332532730694169 0.0013303746758854074 6.091524792496096E-4 2.2736949339484982E-4 1.3020875209116472E-4 6.498231255819698E-4 0.0016818565347116337 0.4275793686661576 0.025229270495930562 0.005874669143148697 0.02766705605734222 5.68677565730735E-5 0.005325202828593827 0.0044800085492584804 7.872069966983774E-4 
0.008894689902068854 0.0021712827923275712 2.1712267175788094E-4 0.03332964196267551 0.008585910977823448 0.007067899063267843 0.10384321557041232 0.15027498878961365 0.0013067803180133305 0.020449470641575113 0.0441472857155967 7.067562256976265E-4 0.04520375274554932 0.07900712747765298 1.6456361505976096E-4 
0.0018162233521922116 0.00202578000935694 8.129837360020941E-4 3.4118325453753407E-4 0.026759229968664325 0.0041869668454072966 0.009792095368952695 0.05245577644645825 0.0828867479630042 0.09126432573697632 0.05441766513480827 0.04471967691348244 0.06485684040364942 0.037489634167395786 0.03137875206053851 
0.0011066017140163413 0.0025704248739672354 0.005168111739543182 0.001342823181052049 3.058435429600099E-4 2.558969366840819E-4 0.030327446756827157 0.048310912111568904 0.08449080829359176 0.010359163325454326 0.05467070482684646 0.056755619077171984 0.05577534567549194 0.0832012145746202 0.07072480186150579 
0.010529105473568633 0.02466732793298418 6.85122348172449E-5 0.004455705163051258 0.0012975182620619645 0.0010073519967712871 0.009250669109050397 0.03759685397230153 0.03411275868764823 0.09363599914799273 0.05292294976415935 0.06203578613429743 0.05504030790977566 0.07406878419210988 0.04163859506905169 
0.050639586791855894 0.008937697685778647 3.088724934346175E-4 0.004354385599142163 0.0017959138129900948 0.01176713541416986 0.017125119003874024 0.08859824352833995 0.1548736502101409 0.014116562102899565 0.07765607601824064 0.00458088947429419 0.04004205857361398 0.03046580691715082 1.6508896317946124E-4 
1.0044380233047338E-7 2.7488363939781326E-7 2.2880820647448146E-8 6.777463058112927E-7 2.2937164232101373E-7 3.5486271848278364E-7 2.8489251119444766E-6 0.0038220934352952815 0.49486048146910244 0.0016539580055191779 7.730401415654956E-7 2.0695698007902675E-4 8.548207137952342E-4 1.8118270479751417E-6 0.004034531660710915 
0.0031533532771578173 0.008632009321331674 0.0015299597822210065 0.0223083873920021 0.007594250777616385 0.011812407014559136 0.07436939152788105 0.12104816529765093 0.24421333947264223 0.0016406058701057033 7.667995135593485E-7 1.0671380875912031E-4 8.477515456896307E-4 2.9243986641821346E-4 0.009760415398442236 
2.1222888855684536E-4 0.001103597079510976 2.8211767672703365E-4 0.0011047501271524223 8.977682240349849E-4 5.659674006186324E-4 6.492569223828927E-4 0.04434331283775018 0.04156258256356565 0.06441380033158167 0.04844763017205306 0.028190370392858474 0.024860499664900258 0.2272917365056517 0.021262800682003733 
0.016531891808130476 0.002613059029242506 0.0037602342293757743 5.709547605949537E-4 7.668736420931977E-4 0.012281295418242258 0.010128540665930722 0.07051993882494978 0.04762628976656904 0.026591935374141725 0.04207134257221278 0.14224275391212124 0.04446914173685598 0.08049694245475875 0.0028164061505004116 
0.001289162972110648 0.0029700958253314905 1.7562996912992188E-4 0.007722228225972617 0.004234647600137345 0.002813676151679433 0.0374860054613495 0.0367963593816052 0.07754892375684631 0.08288283648016792 0.08773820238657451 0.04470964424073835 0.038502773378230964 0.038966480852654695 0.04162321650694474 
0.030301288447041316 0.005725451851684812 1.606743300572381E-4 0.02374679405467676 0.00144836449271618 0.031201841016505204 0.010891125523802465 0.06267506934545115 0.18307843169699042 9.221355731405037E-4 0.08958317493807287 0.0023474989015994986 0.0541901305221182 2.659585511562073E-4 0.009923450199277069 
0.0031197565513476576 0.013766623168798984 0.0015393565973961208 1.974230295598447E-4 0.0011873099821033204 0.006040783199910137 0.0044464562763982945 0.05412824229329498 0.0260314894565981 0.00866876229564951 0.17144701296538656 0.07295217808278624 0.0603837015640403 0.08018118848462434 9.982542336801283E-4 
0.03104319052954131 0.005275129089973106 1.3566902501793243E-4 0.0030556933137246816 0.0014721325226423193 0.007302611117058719 0.012505889576279966 0.056736419387895316 0.09917777170882695 0.0105180708753027 0.04990823723685759 0.002951149687408727 0.025796323902997055 0.019238261107326463 0.18368159097666703 
0.015577296643410255 0.0024621740885839515 0.00152005131683571 4.8755782571489924E-4 6.548596689997192E-4 0.010487418801519443 0.008649107785002618 0.060708821778049114 0.039499637580859205 0.022597934611445176 0.03998246955228101 0.12345574622902075 0.038835297026944514 0.0699110265396695 0.06746364995792972 
7.756961032815478E-5 1.8095294267241483E-4 2.6925883296314405E-5 3.756175630618831E-5 9.094918364198402E-5 7.760299226580303E-5 1.0507276312459303E-4 0.03403494625997717 7.161522518494981E-4 0.01728835557606737 0.04105493223768599 0.18967864330776743 0.026083512748759204 0.002464221538332765 0.19366624242741476 
3.655659386431201E-5 5.335465449342197E-6 8.129463577145788E-7 4.233781911423664E-7 1.1200733203234074E-4 8.909457328848755E-6 4.483908969542698E-5 0.012973391555267213 0.18426496057417602 0.002458491282512293 0.028949968271573513 0.0020370990190455547 0.038517270542272886 0.046919595037699144 0.18930917233747138 
3.159121414200079E-5 6.761646361513147E-5 4.4762783702594436E-6 7.190236803305426E-5 6.5341252616224226E-6 5.344114930599322E-5 4.3758686868666433E-4 0.03752481936419485 0.0015339429249851561 0.03537145412420465 0.2079164755240202 0.004772900482491799 0.20701194476831222 0.00855003893073732 0.0018402628957880254 
0.0015130966116173883 2.4424218384725256E-4 1.7272207749364496E-4 5.697232636994871E-4 0.02199720111068369 6.016507592713399E-4 0.00510281152363825 0.02685044345277786 0.06740009609883238 0.06341060677052791 0.04115010840949442 0.01496788831689026 0.00570695419354818 0.07064229315202235 0.1848264800999464 
6.400655739354899E-4 9.971774357430271E-5 1.1443181821474169E-5 7.447672970064019E-6 1.855477247486069E-5 3.987344548815593E-4 3.214305384279056E-4 0.09300019829061953 0.10362584556225805 0.0024669109255220302 0.029049113792130658 0.001254822297196915 0.0385175190757217 0.046919897787312696 0.18931039385864437 
4.7256579028260556E-4 5.270906410849592E-4 2.1133404880517375E-4 8.971013636644882E-5 0.008617539370422131 0.0013003213520812072 0.001944007992095982 0.029166135171967502 0.03573154213839844 0.03934302142314494 0.03964226967682645 0.03555127827206235 0.24266941986149623 0.03819045652511881 0.031683616953925894 
2.1135924928481127E-4 4.915914347828053E-4 6.061509402864755E-5 1.0047654158724153E-4 5.677204533732387E-4 2.049408080132256E-4 4.386658270280673E-4 0.19324793118282013 0.009038671957115772 0.005838581999317964 0.04948540272849506 0.0015694376179626601 0.024047946095593836 0.027588039375383747 0.19390388727890165 
1.0679826490213156E-14 3.458725544539619E-14 9.4370379419985E-15 5.633490121780495E-15 2.2635665619156517E-13 8.19362323371765E-14 8.903070477040199E-14 1.3780110955997656E-11 1.982128265415294E-12 1.0412073272212909E-11 8.817941213457192E-12 1.733909663484567E-11 8.787382484400872E-12 1.2916507350536161E-11 0.5036485287158413 
0.001907117989998188 0.017244716118222432 0.0013428428693343759 0.0016772758245422953 0.00393513376644262 0.012956652469590279 0.013443281212889449 0.04561193802686171 0.022633656325295112 0.011176007740271297 0.04362325944085455 0.05369972246234265 0.03812162068859351 0.056239518488593855 0.18282449559630826 
7.11442158249551E-5 1.7367014847637807E-5 1.7064416181609198E-6 2.8546622294634873E-4 7.230196292445969E-5 5.951878342858858E-5 7.782933329421992E-4 0.20142124058545482 0.020955284795052646 0.014488117832633254 0.03121409025688148 0.015586738438801595 0.027980010012643226 0.19227464291664234 1.6456361439480717E-4 
6.148726940012995E-6 4.050469414182881E-5 5.184768702393753E-6 8.824293073468725E-5 3.5136738377814556E-5 4.648498091895698E-5 3.6987561752646527E-4 0.5014439904918832 0.0013740857823431876 0.0016696210011890693 0.001815468414918611 1.3624050149343937E-4 7.841203070329603E-5 4.2408322872063264E-7 1.7897072029363602E-4 
0.050565829009739854 0.009554452439927889 0.006681391126548338 0.08058501296474235 0.030939319645138828 0.029227182383143178 0.3018513145790233 0.3138053519457475 0.00160610670349956 0.0027356051623558682 0.28795838250785194 4.987607816458572E-4 0.004564765460279513 6.163053024431501E-6 1.8101373611804702E-4 
7.135555598386744E-5 3.247400714794112E-4 1.8020689685263625E-5 1.3903857103008627E-5 0.0018584268918975433 6.620220408626319E-4 4.62644815714555E-4 0.18849709172893028 0.031597017078451965 0.01753417735534168 0.01848127050271969 0.1906539553796896 0.011990390740915713 0.020590353447708938 0.02236847614365268 
3.616170771465392E-4 0.0023821498741415452 3.049250555654893E-4 0.005169472323762363 0.002061373359672209 0.0027945694035379316 0.02181205003488518 0.466017899818279 0.0013709888014697485 0.001665857928771744 7.786020230190059E-7 2.927698242063183E-4 7.797954866082561E-5 4.2174419503805204E-7 1.779836061740199E-4 
4.040632374354573E-6 1.1021087829607263E-5 8.909278712233998E-7 2.684434547161325E-5 1.2306776596823755E-4 4.735629683457277E-5 3.213421138690191E-4 0.02119136725698539 0.023265548962318253 0.022739464532038074 0.023609589255651646 0.20210073682000337 0.009111615621434626 0.19982077256670647 1.1872083921148589E-5 
0.0016427886155491113 0.006922417386258607 3.2294702676256875E-4 4.1028621412834943E-4 0.026605263670326278 0.0033819350288520696 0.0068625914904818855 0.052105302319533336 0.020796547344497446 0.003966663334302791 0.04096863975692383 0.04502966867984687 0.021598506820669 0.20421322073562936 0.07068808809418016 
0.008253251301657914 0.001559458206870782 3.117662377127424E-5 0.006258746810044071 0.039363877468686734 0.028194602311931303 0.1442947852372708 0.13807274406596978 0.001001830914075048 0.0012173024095539179 0.0942130345677753 0.0017394977960264882 2.6372699959714895E-5 1.5478209509628477E-5 0.042897652308486175 
1.3674509582278944E-6 4.223601913655973E-6 2.5436945482934415E-7 6.671546830265186E-6 7.361739001724332E-5 2.4702556070418995E-5 1.739144022427861E-5 0.006947335683244196 0.20008342691583403 0.14751062579979396 0.0028435976426178866 0.028377969399249893 0.038109002141980444 0.03817886534733785 0.04309344352717539 
0.003456255116407512 6.530620732750624E-4 1.3055989873970389E-5 0.002621006545646879 0.020460149353961614 0.013834998129287856 0.004827548513825057 0.027781053226432626 0.08115047512037642 0.20565500364852707 0.09067193514731767 0.0024083048454166048 0.022753133132399336 0.09184256211502569 0.0023297467163622956 
0.01859649842157885 0.003469299611945756 0.0015973975471924562 1.8543563873870433E-4 0.0014505499659481652 0.007329923102559919 0.007187127139495719 0.02111386469055049 0.025629825087916766 0.11728990197156998 0.013197214481166694 5.252920677910649E-4 0.1968101503064768 0.08250667323695025 0.008206858614105457 
5.547257872421049E-11 9.778370648795382E-12 2.151140700896048E-12 7.023888142271311E-13 2.586074189459529E-12 1.0596538050967688E-11 1.3184174932047244E-10 1.823888869585701E-9 2.130438926069616E-10 2.273075115251356E-9 3.6046142952216197E-9 4.703059179308305E-10 0.5024400539024297 2.2240317948906218E-7 3.016288793382824E-8 
1.0032481023110507E-4 2.100490894200291E-5 2.2846032001857648E-6 1.2259289802664932E-6 1.9296899955875433E-5 1.9111836013884633E-5 4.450082802784635E-5 0.011192611579667763 0.21257297200878886 0.002788777892004876 0.02977530797648419 0.0017764798471720184 0.04257745407522755 0.1890374884088484 0.015600912174710223 
4.737460364273208E-4 0.0013160728593846053 3.8686910754295455E-4 3.3368157921953334E-4 7.9582490175646E-4 4.3345546062206996E-4 0.005451370297859483 0.009718588527314595 0.015962441811580668 0.017575807048188927 0.008679620788357875 0.13055620798935474 0.24453006595044266 0.03747635349389056 0.031530984175664856 
4.575485915601733E-9 9.942867305959301E-9 2.135399605731603E-9 4.597378683450496E-10 4.275893678940021E-9 3.166101095300914E-9 2.161416567413219E-8 2.139606114672509E-5 1.875394833410031E-5 0.5050277629224111 7.803433534548172E-7 2.1916673203078085E-6 3.791982217358645E-5 4.298933406171297E-6 9.773385723332692E-6 
1.0134666615078999E-10 2.4644108404419885E-10 1.5702218389451605E-11 1.1014242480876054E-9 1.872811392384695E-9 1.138973186911494E-9 6.615454598250719E-9 5.984023767833775E-7 5.373072174259639E-7 7.778862437271354E-7 5.876283639946209E-7 0.5051017471217307 2.1700344151268775E-6 3.058688041730315E-7 6.903488042234571E-7 
0.01749279058447373 0.0035745764835157646 0.0019884989094087957 1.7977069797878124E-4 9.610360236458779E-4 0.007378263053995047 0.005430938833534361 0.03138826487116345 0.02750615904358187 0.007526309568729949 0.17971764928563938 0.07108704161768772 0.05883989784707776 0.09114577024336414 9.985051053212053E-4 
2.6673976729887278E-5 5.7955846439996276E-5 8.740272889188639E-6 1.670925734855795E-4 1.398839807409572E-5 1.4142957876862142E-5 4.18390145477886E-4 0.04401808876152639 0.024557986363500164 0.035130282044271176 0.16203011900174455 0.019850009824402198 0.03583209867315455 0.18132326893788075 0.0019828990102333404 
2.4692266661306934E-5 7.626621203172897E-5 4.593187325179872E-6 1.0562317788154665E-4 0.00131918388664313 1.9882064865977614E-4 2.713258461233882E-4 0.10838617781223046 0.08743602450528945 0.14086258700428522 0.005390824337376637 0.0460086356772674 0.038300978144656064 0.03475632881119661 0.042118266845138225 
0.00423266954278454 7.960985241056664E-4 3.5697125614699037E-4 1.342496686601978E-4 0.01678878668704118 5.440111884415479E-4 0.005645520861566103 0.019138843891904744 0.019638618586492632 0.0907243142295142 0.03460891532449717 0.11735182927542315 0.05127603621861014 0.06966191578182646 0.07138286473721223 
0.03959066520165669 0.008129907045047671 0.005303365191825818 0.03679984304257511 0.020937706230349944 0.014682525867973929 0.025536249399284613 0.09663076791737625 6.678094959481691E-4 8.234477835369175E-4 0.06363032123478833 0.001691009929572481 5.918118267717271E-4 1.8939757337219134E-4 0.18991533131545846 
7.357458915094935E-4 2.918075518627276E-4 9.418527616117683E-5 3.0993939683976254E-5 2.732879836443907E-5 3.4155747028892194E-4 0.002542259258848762 0.2504231068394659 0.014741739183119282 0.0034327945806639495 0.22285283870710457 1.4980065390195665E-4 0.004418202278324064 0.004483557266234746 7.878305613193603E-4 
0.0019872758932121537 0.0022165686685434094 8.887208283830386E-4 3.7325517715542224E-4 0.029274652227686306 0.004580550278602413 0.010757297496616388 0.04811242050295818 0.0828871718008436 0.09126479241320122 0.05441794339721067 0.044719905585637 0.06485717204632792 0.0374898258690361 0.03137891251444462 
0.0018200656095320056 0.004229062824582928 0.008502133701322448 0.002209097403058239 5.031475372399759E-4 4.2097966899593784E-4 0.02339266200031852 0.048310912111568904 0.08449080829359176 0.010359163325454326 0.05467070482684646 0.056755619077171984 0.05577534567549194 0.0832012145746202 0.07072480186150579 
0.021377381445562352 0.0038883262449909213 0.0017861300297576743 6.743178666421511E-4 0.0011143542280665725 7.083285740175819E-4 0.007299704168681962 0.025940529824170114 0.05138846028547471 0.15810681118719255 0.05964215673838127 0.021694162556144835 0.008271547018132017 0.06915394037438259 0.07140727802839557 
5.553762789508652E-5 1.9247050858752887E-4 9.232992774358287E-6 8.761236218453338E-5 3.404567282024012E-5 5.966206794506838E-5 6.543871559143415E-4 0.008770600676925502 0.011837724068427324 0.029918295403050042 0.02367928782057518 0.022479443722861106 0.2058554239756458 0.013663401527800541 0.1879058058901624 
3.9065995370739514E-4 9.145731473186217E-4 8.211433504753629E-4 0.001315420993346055 0.021700679472009803 0.0014563346344762097 0.0054062823231448235 0.030287575108733377 7.595808776197947E-4 0.08850798471535312 0.21831961002549027 0.01890726218717206 0.036349012484962244 7.351005942551763E-5 0.07979938247134517 
0.007101070591024035 0.001339444804707238 9.367727163374482E-4 0.0064828449817199655 5.982225504670158E-4 0.0021857053768489978 0.004635053530133302 0.015633747223822034 0.045970967446106306 0.11446955079895597 0.04366709216243925 0.01588341279946521 0.006056025229789894 0.050760993937137136 0.18648743784502736 
3.51869269479513E-5 9.632091767323132E-5 2.4688558320951366E-5 2.616902367394616E-4 8.908493693119947E-5 1.3856633981580835E-4 8.723958093931182E-4 0.24898282563661228 0.2442648591847255 0.001640951975450532 7.669612790478737E-7 2.012857551644552E-6 8.477515456896307E-4 2.9243986641821346E-4 0.009760415398442236 
0.0014749086264953788 2.7919135757714354E-4 1.665443872620963E-4 5.663183545003861E-4 9.995462298719492E-5 8.019712986821076E-4 0.006175937650354462 0.008048247227405913 0.020807773900987276 0.05181219069110528 0.2970493498191104 0.006049619566975821 0.02560604548328838 0.08026011161724467 0.0030485361057639546 
1.956053078262542E-4 4.3019495530142066E-4 2.3297660268716052E-5 1.9425656895229025E-4 8.559681325157239E-5 1.0738789302682327E-4 0.002973900265430524 0.02838640907917628 0.03468500296607543 0.0017607202324518235 0.017086429123317235 0.026880186412415453 0.016538074175270718 0.18795069506762246 0.18790617953591018 
0.004285285331389259 0.057505307427741036 0.00764370172946137 0.0030025914193492417 0.008631725263580716 0.04237522228227442 0.04097163449280391 0.06845710980013081 0.0013104145660260207 0.32416922062161907 0.2954295691104585 0.20430816967460627 0.103605122385326 0.03971514087320094 0.0017595521223968337 
2.9223146123502594E-12 4.2322400911740804E-13 6.667861083464592E-13 9.951037355281474E-12 8.12897374076219E-13 3.912913721474788E-12 4.620923271142006E-12 1.5279156480370845E-11 1.568230945129681E-11 2.7319064826601003E-11 2.6398860223296726E-11 1.3963619977129327E-11 2.054457793651628E-11 0.5050677932884639 9.205474851891431E-8 
2.838597094623076E-6 1.064680111340238E-5 2.7744451294579172E-6 1.8656745080951998E-6 3.5952927084958157E-6 4.753077455531813E-6 5.4664335593341064E-5 0.007232183076975068 0.19168525507364972 0.017193821497381755 0.06420396829700385 0.1890213671219176 3.523607965646408E-4 0.015819552382929276 0.01720926179877246 
4.145912798366474E-9 1.1352394690680242E-7 4.598543001913696E-10 7.503681741358437E-8 4.1793046996941285E-8 7.020397013254221E-8 4.3003476487445645E-7 8.463062609960236E-6 1.031681574355022E-5 1.1046680564655964E-6 0.3084957073435903 1.6748014342291114E-6 7.267177391454871E-5 5.663935227934253E-7 0.19698238301548915 
1.7356332494490502E-5 9.021860157651931E-5 3.2547257068163704E-5 3.751549187440795E-6 5.562631839973142E-6 4.704695769703434E-5 2.9138154329580326E-4 0.21909989316816347 0.008734603758227506 0.022748615789681903 0.014399571972776498 0.008340903595498344 0.21753288666242182 0.008490245455722422 0.002580423984430307 
0.0231433597172165 0.00453297294248577 0.004054835440451862 2.4865996667720457E-4 9.152988573600669E-4 5.923820932569667E-5 0.007286752682972325 0.021339174655989508 0.025903325704189593 0.11956294577885426 0.01340417111733491 6.375009063074752E-4 0.19999054571305006 0.08383995733924789 1.771156656827196E-4 
2.5887660154632705E-5 6.0711508963981E-5 3.939898967536269E-6 3.039361778537846E-6 4.063095176908098E-4 7.664961836813422E-5 9.046461273918172E-5 0.03708489463630947 0.006188704433224256 0.031205692499791216 0.19949633635576336 0.17858090334694274 0.00900694565065538 0.020593269925053392 0.02237164447944976 
5.050143221973294E-4 0.0015963485676887181 1.36249756617508E-4 0.003204886753494676 1.2392580517278465E-5 3.490274161511836E-4 8.962556723516342E-4 0.05386682268780753 0.0526453187366912 0.10847866038998964 0.048856146965926266 0.16534144501279147 0.018288281948421914 0.029665621404916614 0.021593939406243406 
0.010767975155527623 0.024424335168087393 6.85042089578306E-5 0.004455183199881825 0.0012973662644050997 0.0010075396701825637 0.009249652726542244 0.03759272315924482 0.03410901067646912 0.09362571124443186 0.05291713505391667 0.06202897018540085 0.05503426056276288 0.07406064616276675 0.04163402018487916 
6.063454314167396E-9 1.6603032893132155E-7 2.5365549751947545E-8 1.5034718556795425E-7 7.525058336695025E-8 1.2640594756195672E-7 7.753709218805902E-7 1.525051491936535E-5 1.5373286191080708E-5 1.8084805519808241E-6 0.5050462750642835 2.7418606019293994E-6 1.1897283444848287E-4 9.272574369690017E-7 1.5306479578523657E-6 
0.004275765022737978 0.01700481232459262 9.572357029805127E-4 1.779208560289789E-4 9.04124215332467E-4 0.002185657965199482 0.005365291416106372 0.03827367358618876 0.028908715601601416 0.009794207130359925 0.057573566656338504 0.0452725526217101 0.019961633327634738 0.20425165152766844 0.07070109818187092 
5.661168260334038E-4 0.0028755894825769203 7.379138361189976E-4 0.002889611220883408 0.0023540121677543425 0.0016471375044875408 0.0017251034010338031 0.01076168381923078 0.019874088875005767 0.027634389394873525 0.026529962377237974 0.013514174555629841 0.13999684549037192 0.222396439764566 0.031685350753544374 
