7.003027895057794E-11 1.3923885106491339E-9 1.3319221231441931E-9 1.4910017451686234E-9 9.323089581626484E-10 4.039496891520232E-10 2.553664794861799E-9 0.549691344824082 
0.013484473109685383 0.015856871236132476 0.0018046625057308958 0.013985184241392208 0.01060224964476357 0.024056170512838152 0.16936444734909226 0.2969298812637711 
3.0224278441017504E-4 2.2419376073562177E-4 5.097892896821616E-5 0.0020407325687731796 1.1044245607031742E-5 0.0016491992324023353 0.3589229152069696 0.173620418773835 
8.03284579220912E-7 3.713274048258811E-7 8.153022882059428E-7 6.457100825936774E-7 1.2481098716475824E-6 1.700241571664382E-8 0.5497660314425783 5.151408650657427E-7 
0.025984434853102978 0.01783102583888365 0.021612905832842245 0.020607461604329497 6.983038802774557E-4 0.15015105083226327 0.040201600631010345 0.2629415834357972 
0.017919143655748485 0.004472624057388229 4.6498309435277595E-4 0.0016417620300895 0.0022063929433978166 0.16773312769055854 0.19649274965340627 0.1614852753970341 
0.023985853259362686 0.0064743051314305935 0.009073994330134822 0.005479153771795854 0.033059780360283765 0.16670340745962883 0.29571354150438706 0.004655420705475975 
1.2483526140390339E-4 0.002219048283690602 0.004594227282836219 0.001675615194947035 5.348940136970748E-4 0.354551842636348 0.0015944936278783055 0.17516489190186638 
1.761267178169687E-6 4.7070153059297734E-5 0.001426104640844383 3.2264775663758865E-4 0.0018134523811387446 0.3626547785692267 0.1874542807020093 1.2003683921879987E-4 
9.940593387697608E-5 1.1847011157787996E-4 3.4448642163359507E-6 1.9740618816238927E-5 5.58203959131843E-5 0.5496095980399492 1.3174678777630336E-4 1.7908617797436867E-6 
0.002641497648482146 0.020438188065947563 0.016258419797029137 0.017611152384175256 0.16685382171292465 0.01835629358216507 0.009074676985526851 0.2976557347436304 
2.710761918355068E-4 0.0010655269515009152 5.001420877989737E-4 2.1571727875332777E-4 0.1779908789048046 0.005148061632488204 0.19486708605093317 0.1783850232665662 
7.621445293013562E-8 2.7876092232696383E-5 0.0013894812439851827 2.541509008602137E-5 0.17074449574404893 6.553406036693505E-4 0.33947658456758556 0.004314280920036649 
0.01925211484451765 0.026424363027891147 0.0044646223549522634 0.02216493682379469 0.15486180684217504 0.15580859918992934 0.0011127634674353679 0.158573261435381 
0.014340120363251649 0.007344445257874258 5.611700516484716E-4 0.011004799741771836 0.16675278426911389 0.14619927674784808 0.17275933118619458 0.00817583136913662 
3.3640630747962984E-5 1.0129417797324341E-4 1.2582591649372107E-4 0.010439985149003461 0.16538666414596653 0.33656821258929226 0.01218401110755169 0.002603592502918669 
6.448771922676716E-4 0.004270001028413218 6.090418817833642E-5 0.0014065630268211807 0.3542695105169287 0.0013736241946936288 8.26491320646985E-4 0.17968134229148003 
0.0010055418352384888 2.0586092511925067E-5 0.0027637067833881715 5.247366755778491E-4 0.3538925632128341 0.00797549333092282 0.17835779710482141 0.004256491369930121 
6.847398763643117E-4 1.911697152162631E-4 3.321822618314589E-7 6.436774880055402E-5 0.3513270007754936 0.17660589658771952 0.0012283333203021523 0.00188705816874348 
6.147585458736946E-6 1.0497813328687947E-4 2.5856734847819416E-5 1.1056294228302171E-4 0.5448243345074997 2.8622072926206842E-6 0.0030313441561230807 2.5768628835934243E-5 
0.03741577438291372 0.003989402130128387 0.007059663617930253 0.16206029991297963 0.0210763580410108 0.004749296624724367 0.025189804689206376 0.26676311561966926 
0.0017465458969524502 7.631173205587794E-4 1.5885994901828008E-4 0.17956856365522433 0.0010554375292208017 0.0013462891980195472 0.19606011161702253 0.17810256472104471 
2.0555691475830816E-4 6.95813468425297E-5 8.219359743389201E-5 0.17516459282828978 0.0020988544209076527 0.0026035008997074426 0.337381313493604 0.004358797470341096 
0.00129933339698928 0.0011183459247812624 5.763173562850806E-4 0.17637001993058268 0.0015778123131597547 0.17049552630764142 0.007158348072139956 0.17405402718368856 
5.403706432400082E-4 0.001590894790595153 0.0015188762256374356 0.17715852655983805 0.002884847096398849 0.1726659292897871 0.18063591356034236 3.294583952517176E-4 
0.0030151213348159176 0.002656027322154244 0.0025002365820209465 0.18302558202706828 0.0033565445911544795 0.35025058527424274 0.001131848452281066 4.141803881360299E-5 
0.00610569186739836 0.002684065876638144 2.413601782708832E-4 0.19103700330478213 0.17238355000083683 0.001195733405205872 0.001419054330188852 0.18572985706099307 
1.3969958737999902E-4 4.552169372720657E-4 0.0021330984650550265 0.18685994150836435 0.1696598769733864 0.00572239373952368 0.17602324813299297 0.001973948986279084 
0.001187116853963537 0.0010816129348773498 0.002368137613461639 0.1984947939415011 0.1831712670869576 0.19188397796480824 0.0025664358963046327 8.824109743773167E-4 
0.006474044842408489 0.002311764244550883 0.0010815350870850963 0.1849882748413367 0.34189345813237537 0.0030545676469018483 8.021749307541426E-4 0.002585386931465914 
0.002154135636025245 0.00229932212183215 2.4155049811270255E-4 0.34988794951555435 0.001410834520482783 7.90177038572104E-4 8.723220408896499E-4 0.17625833670180377 
0.001540812400216766 2.0852526820012584E-5 4.27592707431824E-7 0.38037878030655664 0.00525423945467161 7.135251778334354E-4 0.18716412184597125 7.253328401747388E-4 
0.006673585400325901 0.0037051448938022853 0.001963352811613353 0.36945500444752716 2.4604040830750466E-5 0.16990236007859089 0.0024186053920940763 3.205952515879769E-4 
6.394194248176353E-7 1.8050611938208166E-5 7.710538767165568E-4 0.3644436075226623 0.1801537839914679 0.002889331612939417 0.0011911640025180166 4.190720403151801E-5 
2.338915432421787E-4 2.770414047292916E-4 4.606096747502372E-4 0.5609585304558125 5.8092360195047846E-5 2.540341917625325E-4 0.0013741327564974898 2.2998710839725086E-4 
0.002801130654931882 0.0031144178457814522 0.164640113742971 0.019886885638708964 0.018685279486996567 0.023107541224769674 0.019036222481090916 0.29535718775005787 
4.6841482525857454E-4 0.006016467869917585 0.17936905988223797 0.005055335152993146 0.00511258134676257 0.008347694269180464 0.15763285459505932 0.16878097533947606 
0.0038608235212433113 0.0013068949825662322 0.16726247126275412 0.0030917349207608435 0.0020988544209076527 0.0026035008997074426 0.337381313493604 0.004358797470341096 
0.0074476021545445015 0.009390472460208882 0.1803846958314922 0.009972757205784045 0.015342173911280935 0.13321016627792495 0.009180004547046802 0.147992649415201 
0.021376229605850068 0.005807161039710068 0.17808278090284696 0.010917623570342901 0.025525698258667046 0.14791141067589159 0.15748431809852836 0.002164179183946114 
0.02051527104406458 0.005283059539524904 0.17092593625997435 0.013478071565162704 0.009897226104937045 0.30828133359481885 0.002346385326265388 2.3244268647885794E-6 
0.0012581621978606245 0.005274488243297719 0.18383312954394354 0.0027970925213583716 0.1736047248132757 0.0011970031957158347 0.0020310485546983863 0.17569021739612162 
1.825096320411288E-4 0.0053528714368484215 0.18488262510571735 0.00993755177724511 0.1642020859593607 0.007931975701031843 0.17396766307214354 1.852011865963285E-4 
0.002273093247739117 9.086387917378174E-4 0.181000267160231 0.0040438673603377774 0.1675960123769787 0.17299595464530554 0.002082543212521692 1.622259434116837E-4 
0.006905051092350457 5.026939197492029E-4 0.1642415422695803 0.0090912464971479 0.34324883733460143 0.0051506314406974925 0.024640939747343407 0.0061336017431001455 
2.776943762142704E-5 1.4872751985878983E-4 0.18003781433339677 0.18935178522514887 0.0024118670873819912 0.0030333930382088095 0.005220220595661857 0.17275649105926594 
7.250700175454706E-4 0.013405619427477039 0.18218337559686948 0.17947962085133162 0.008785670386057381 0.01472933798717682 0.14338969110135932 4.412288924398592E-4 
0.0013388548560238093 5.275247012796521E-4 0.18284713286647822 0.17950997230132762 0.005898010394721752 0.17520092196630052 0.0021508065230301907 0.002330600874090367 
5.532725119121288E-4 0.004408170916973773 0.16920063073316444 0.17567491207693933 0.17255942428104412 0.007694530076301365 0.0010726408923824667 4.051117723080868E-5 
2.5438774310933425E-5 0.00591870727383925 0.18493746661683091 0.334246182058935 0.003703838627476035 0.005139271555418338 0.0028813728387830063 0.0017655412603880276 
6.510809903510247E-4 0.003369244432620663 0.3626226813206634 0.006802397804351243 0.001165365081326277 1.6133042895313902E-4 0.0013681781716582328 0.16937814406266574 
2.5368475040563206E-4 0.007440384593533751 0.33453986153422005 0.017787110040123313 0.002393146499411435 0.007845818917480022 0.17292634382203845 4.419241473842238E-4 
9.258622826587607E-4 6.787731208613252E-4 0.3607959920912282 9.145182951637471E-4 0.005883301314427912 0.17392919621881425 0.0021421501143110864 0.0020184239287273295 
0.007898966068701224 0.0025769104145463065 0.34459825520305365 0.006186899974392603 0.1638615973317329 0.009726667617201314 3.128643442056683E-4 0.004359007620585384 
1.5622749281754444E-4 0.0013541069554323072 0.35671031929984015 0.17856685582254261 0.0035705669342088247 0.0010365589408281898 0.0016985272953878767 0.0015737097310524015 
1.4446599335748547E-4 0.0011581203653961223 0.5563489776882119 0.008391796592785728 7.213443315276793E-4 1.2225849880397925E-4 1.8569127095942957E-4 1.0601137347773359E-4 
0.0066482274461131165 0.15436075479708883 0.019894038514551397 0.017962479556136973 0.021298252753879397 0.009053996846608755 0.012013273282579706 0.30105480378220223 
0.005320647162174138 0.1833999300293691 4.5154861060209327E-4 4.853293728611958E-4 0.002239293502727273 0.0013647400889132328 0.18925550582219247 0.18445901360963207 
0.0012141165412289513 0.18085004838390797 8.271562515728233E-4 7.840667456165435E-4 0.0018850210442374483 0.0070266726782494335 0.3662821173171823 0.006376283104260766 
0.00280772186688336 0.15524871843438484 8.68437475206603E-4 0.006080127638581558 0.0019547280319798504 0.19624430837423767 0.003091990540075473 0.17550877914298188 
0.019548387243325856 0.17340933320423943 0.003928699110682971 0.003995010959887899 0.0010513639008869352 0.1681637391473276 0.15423357451766567 0.0055310692259924535 
1.4401070450435825E-4 0.17407538771188283 4.3973805445491536E-4 0.004634937701138992 0.003292062242083411 0.34470092095345883 0.0064692206566290406 0.002316792461656838 
0.004683360574882214 0.17684845431965493 0.008528498353814837 0.010837497309430023 0.16441071182561645 0.0023618537042676122 0.0018315345429449118 0.17185925213655073 
0.011878659523147428 0.1740645254187993 0.00876188924125432 0.010009311160272911 0.15797980050027585 0.005756839362586554 0.16297374084694446 2.1386976722056892E-6 
0.01089277070179596 0.16948577401091788 0.008474854616917155 0.004820188065925584 0.1586295862291054 0.16984402439329677 0.0037112377643310542 0.0013746674190730627 
0.00592377385319282 0.17517559296164406 0.0035565113018169088 0.005508476021026606 0.3334777375221133 0.0038671162462267207 1.6066523103280036E-4 6.667197685003499E-4 
0.005027833072925256 0.17920463588753058 0.0018264931324665859 0.1746939664890603 0.005745219819780939 0.0011766199827894053 2.6842331920548274E-4 0.18220247310460688 
0.005532032305668003 0.17025538151313865 0.006329890364567146 0.16589141137057878 0.0011970673459134264 0.005542745583208379 0.16122513485866963 6.396969713007188E-4 
0.005999335013815046 0.16971197662909315 0.007195193788045463 0.1758994543764687 0.003890210776942732 0.1615048719231689 0.0032372059922365997 6.270890393476424E-4 
0.002013288486023345 0.1858020314879526 0.004224399360904347 0.1781007965206971 0.17575552052945773 0.0010414957649807948 0.002264748500408055 7.612259489801589E-4 
7.890243578325879E-4 0.1835781924419583 0.007587238870678499 0.33317333905344676 0.003703838627476035 0.005139271555418338 0.0028813728387830063 0.0017655412603880276 
0.001845180664745433 0.18622661566792525 0.1941606651151752 0.001084971652056514 0.008351229379782367 0.0012065682462665559 0.0013685556472482737 0.1739447569343461 
0.0023287578609051214 0.1859811582823552 0.19397699153834952 0.0017967969853793287 0.006285526311897959 0.0035407206232917353 0.17422162565084548 5.101090647031596E-4 
0.00688180843775559 0.17814948098603242 0.17191574846391858 0.007091908137492273 0.002353360126607112 0.17181090692524315 0.006931243608907112 6.683602901253769E-4 
4.67193728585925E-4 0.1659830561941918 0.1744066099530087 0.009087139842569402 0.17218432617330812 0.008733359729562061 0.014901978568747502 5.34528078450068E-4 
0.0030242495369513073 0.1574096635764344 0.16503749120073127 0.18153422556885832 0.008511290349600294 0.00811776533281709 0.007570028613327598 0.006044826001419625 
8.658914174626987E-5 0.13172863815203445 0.377735345327191 0.007087508074247599 0.008227998024454206 0.009965924831848157 3.0027730468656103E-4 0.016604839193258353 
0.0016866589511916206 0.3285177197363662 0.005603779570508018 0.016699748639656453 0.004175976876424174 0.0011677099649852968 0.002941258626119374 0.16881438849635552 
0.010439520950825579 0.3212896317463913 0.011945162180203188 0.004978765169234759 0.0017647501458431434 0.005561983723316162 0.15999384942592987 6.396969713007188E-4 
5.189476878421041E-4 0.3382167506950755 0.012478603649900374 0.0075708633995576 0.006292569202836137 0.1677414877514883 5.945939573346496E-4 7.256130744676307E-5 
0.0015454306085082815 0.35479962182158775 0.004514137010531641 0.002322769474304791 0.17752187241360526 0.0020882019994068577 4.974484073280286E-4 6.868116793878186E-4 
0.011219904249855642 0.3326426436354786 9.772802909630608E-4 0.16866819269111316 0.006549111789576776 0.007730274604874201 0.001516477605479305 0.0023010285978700335 
0.005297905864493561 0.3331568692686785 0.1430319230904512 0.01254045109757478 0.0012859880054308158 0.01878043343658536 0.00431349835124517 0.00578988540514688 
0.001375553589879116 0.5236877326755565 0.001149657647092867 0.004636575764728171 7.818301315818545E-4 0.003349515322846306 0.00670863730193689 5.473796916799599E-4 
0.15175140571777018 0.02008363483205419 0.021223436919977984 0.019169436420489558 0.0183292134356453 0.0013042586637271145 0.012097201206670911 0.3044587865442594 
0.17252484006118357 0.017004732097852544 0.004060476490309775 0.009988637491912344 0.008394021230646411 0.016938867141509703 0.14774384007550626 0.16404418471391966 
0.1737322591734693 3.525752157731237E-4 7.123620321178972E-4 7.493667171258022E-4 0.001422956460546153 0.0032778626962465256 0.34281319527836784 0.005967733289797067 
0.17593857153828854 0.018341908772219133 0.019723223329034062 0.024973958141044306 0.01486137908347162 0.14202321108539745 0.006366365268844976 0.1622117926550008 
0.1683067065889814 0.0063744656689303045 0.003556581019463302 0.017664116295479183 0.0010253021060927009 0.15788069835478546 0.15537198377982162 0.005381800597835052 
0.16675822430410409 0.011945377146593413 0.019864502326798466 0.010239543352135864 0.00645494082442556 0.3094140304213827 0.0025873333287527583 0.005426209187608946 
0.17344494292185447 9.927520093420245E-4 0.0028659126034963826 0.010110092616224456 0.16745167021026983 0.001746531876135377 0.0018071541914994175 0.16433288773696667 
0.1726633819220243 0.005386994490321043 0.008384259495945923 0.00866396137790335 0.15194352062267785 0.013719067950442766 0.1595723610185284 4.649721311585123E-4 
0.1695858552185102 0.009675731126038143 0.009591812985082665 0.004820188065925584 0.1586295862291054 0.16984402439329677 0.0037112377643310542 0.0013746674190730627 
0.17920738292472949 0.006639533436103172 0.003043363764544843 0.007767027027623149 0.3516549493127847 0.0042071590943317996 0.0013498138127628575 1.0459122993513936E-4 
0.15955018970339302 0.01516612271435292 0.0019598305860451344 0.1695782943479748 8.42139343708364E-4 0.005636146426046607 0.0037909770266500603 0.1676393019124134 
0.17014246284321016 0.0034785572065145556 0.006175822474299459 0.16888987637424507 0.005129438004801631 0.0056159234381997734 0.1631152350544867 9.970438644972094E-5 
0.16912762381862087 0.007428878223808962 2.6137983838730625E-4 0.18781397531019234 0.0040186123520445875 0.1640876228669201 0.017645743218044716 0.002311058186945244 
0.17630669582954214 0.005362436479217761 0.003868395462742401 0.17037170497297885 0.16562982910081106 0.0017067729067835303 0.01642649521532435 0.0023032388609006502 
0.17209791274877984 0.01568049006704035 0.0013047770697858412 0.3335635810172301 0.0025948066136724144 0.004026134839132143 0.022082150101461286 9.868049945327985E-4 
0.16710202171985417 0.015047602727903264 0.1765931647889005 0.0015133278823251876 0.0040001416492117725 0.004256353013472118 0.0018232403237327655 0.17413384774781152 
0.1649410121408504 0.0022866381476243786 0.19347644729056274 0.014028604586945083 0.004298843613012019 0.005563728288280159 0.1582319884973406 2.279203517021519E-5 
0.1709916298904365 0.012183220296355164 0.17411521093516294 0.004850737143040238 0.007257680161535174 0.15259662746730338 0.004789739933332213 9.551932135035023E-4 
0.16054540295845549 0.0018375299952167498 0.18728267810965024 0.0033195075931336214 0.17368065991696743 0.005235124458212676 0.01271042145187244 0.006457193441537153 
0.1614701007597437 0.016001633147325493 0.16731454357128442 0.1679149704069455 0.007037594542731421 0.0024521426795056944 0.0013829089084004488 0.01647784434876259 
0.14531904342526264 0.005251849727523171 0.311949335761164 0.0073064306618256985 0.027987423203793337 0.03041753251789638 0.006512413570968573 0.010024808907476609 
0.2031491547837564 0.15090036084660896 0.006765453461946596 0.01049833982652252 0.003941794978022297 0.007857413220795629 0.012238526850723326 0.1605859569286793 
0.15216661579364893 0.14923186685793133 0.03268115632238856 0.03296331982984794 0.01725449570587003 0.010777921953214607 0.15372525799444758 0.001277072404990311 
0.1705006956764467 0.1678759774518649 0.012465377604125097 0.007562839057356322 0.0062858997219666585 0.16756369890125647 0.0011593279310185439 7.256130744676307E-5 
0.19253104553639114 0.1385915405813022 0.010597064768635563 0.00373591526743377 0.15764312978051787 0.007535233285956496 0.008294962814851996 5.236703467828779E-4 
0.1882169004279662 0.1534472174514491 0.0018778518200807664 0.16900048808734816 0.0045231872462569225 0.004214087177679414 0.004454212021228985 0.0022370726678097256 
0.18162286353571927 0.1728675725350935 0.13640919032209045 0.006964007526654888 0.002430159230343951 0.0029360362459481077 0.007700664218386706 0.004737465101844507 
0.34756128092112326 0.005007397849742598 0.004440147736487532 0.010387595589980408 0.002139752128683163 0.007504164029182819 0.0019368931534043895 0.17798530123375308 
0.3195652067336805 0.006533500422285204 0.01536620314806836 0.004833309226887204 0.005850682245681531 0.00558946004199948 0.15823530152314177 6.396969713007188E-4 
0.346976222799171 2.316296775930385E-4 0.005427025939899905 0.017585599640889276 0.009875552152512406 0.1583929902672786 0.002932940361661212 0.001716806212148568 
0.3277953088174437 0.008470405199241016 0.007911755298998015 0.0037627858362494254 0.15877697791781584 0.007589430447845395 0.0015050131898763823 0.003119907323719986 
0.34255309262126543 0.006223633877930827 0.005322136936248291 0.16784482280991347 0.005665758025790031 0.002120894202227394 0.0037602060034883935 8.568789591308356E-7 
0.3323475197079989 0.014466932568903395 0.15001373272551785 2.266420926611603E-4 0.0013382782676520132 0.01889721437843776 0.0024236658908113715 0.005328863105939273 
0.3248205261276454 0.163507435682025 0.022124691603847082 0.011203324738469413 0.003323094650275305 0.002431013092493396 0.0019051779314429437 0.007976515686461844 
0.521685101122243 0.009478171818889027 2.1224983457195266E-4 0.0056936888232010496 0.005907101900229146 0.002182666227360577 0.0011670152090415256 5.59215851215014E-4 
0.03587080341454715 0.047262960966386935 0.058653891141881576 0.05631497447133348 0.028657855021573007 0.024915694528410956 0.026371106433407808 0.2689556422924826 
0.029679595407011133 0.01599092399297088 0.03357383479871509 0.03216179802488637 0.026140494140517664 0.038949676838893894 0.17516379353282402 0.1802604316555874 
0.05410159130768584 0.046370464338899284 0.027378475351847145 0.036309091265963496 0.038131043135668855 0.022069712030159106 0.2918722621637052 0.03466634725984679 
0.02566132165860524 0.007764221332166483 0.021590098292816145 0.038919837416014964 0.015503103126874758 0.18367475798887134 0.04974403753548742 0.18936478799598164 
0.04354876750724971 0.056495755280623984 0.029804731558253347 0.02088403589138824 0.04372390069140309 0.18032767179419493 0.1694941297456571 0.013436525326305732 
0.031782345531102714 0.024317007079269377 0.03865084816320634 0.032188478765724365 0.01319791774098696 0.29485322810771714 0.04569021318991698 0.05207978476817189 
0.029809877487012273 0.011343104310786518 0.0382283206136797 0.03404780119624447 0.1862145113468062 0.033796846654167524 0.02617741398472433 0.19378233594856636 
0.05176397717502637 0.023954188947515123 0.04820556423860125 0.03755196061441639 0.14049286494355112 0.04359432839735337 0.1570367589907545 0.030179170670522573 
0.049921274284436094 0.03906529737045852 0.036353062231867 0.03215202164893975 0.16340276731572564 0.14213782534571437 0.040172522542680424 0.044029106485228404 
0.037439096385433725 0.038014546102151055 0.013400963477768897 0.03636174286283915 0.29577599478941335 0.03844442904057643 0.03730134344915763 0.034343871249144696 
0.04697486488449259 0.01929383513121979 0.025026520460807812 0.1741159568104892 0.035893986650170503 0.047566905076729296 0.04548490212402501 0.15200720195205136 
0.0326429901808591 0.021108284415637994 0.03588725377907611 0.1550952282275716 0.05753152566271892 0.036143703283249326 0.1664253000238925 0.04009560672631134 
0.02786782240476906 0.00853270434857363 0.05179714248766445 0.15934977015189072 0.058063187758792024 0.14333391689091646 0.04396892991426501 0.04423877065775307 
0.03666941980883363 0.020867474661108134 0.012329089283369142 0.16590523219947853 0.18553880308426995 0.04639426295985824 0.042708526194000236 0.042844947315035374 
0.05452544043058988 0.03467435081828561 0.023350119682368727 0.31391690064128364 0.03171214379252171 0.02553098138233922 0.04205295483052453 0.035454720704680205 
0.00832716360318333 0.05006174148106779 0.17914057251667675 0.04004393231303227 0.01197449064904235 0.03709797467329373 0.04536457138182116 0.16314414934432156 
0.029159196868507337 0.04262800705706571 0.16436292640715947 0.03216297735949159 0.03970029332334627 0.03904113474267679 0.15966935275012162 0.023794206333345027 
0.007457674405352088 0.037270215691039166 0.16732603504023805 0.029808146576461126 0.044046195529949476 0.17090857451536184 0.04760922217279749 0.038833289054081635 
0.007849687267300306 0.031157470532347083 0.16257852364719083 0.030322848246842046 0.18720706951383756 0.040686080975569104 0.04017205657730445 0.02746844010926064 
0.04013814383434363 0.013266338349827569 0.18772571877386499 0.17863038441446719 0.03258747312882468 0.023419156629245468 0.04139797123498564 0.035410880527813625 
0.039387986339200494 0.010522558559760664 0.30835181546927315 0.04183724278825285 0.042677914138803785 0.04301729950091492 0.043812206738861964 0.0407719274734306 
0.04393066504275219 0.16815865156117132 0.037746447008612946 0.042118588852721246 0.012307161425687779 0.038568507577981956 0.03675738765136057 0.16439926169451158 
0.021584994917910542 0.16421972716804278 0.03175433467690502 0.03498918971786964 0.04882125505496389 0.03115199770196332 0.1731935466201241 0.04249201780803788 
0.022975410462309935 0.16659997782918798 0.03610486640589666 0.03594914228878801 0.0485036919888766 0.15133596129845076 0.04750796172003761 0.038614854279374854 
0.038809569064639275 0.1884137398209026 0.05396473080077606 0.03298279094982521 0.13294509204434926 0.04775839551836265 0.051199799777959104 0.008203038505038262 
0.027794838923206052 0.17316388353269774 0.03837605834704089 0.1773003287382589 0.0331585921245145 0.023563200537519594 0.04118824248096509 0.03523084236762279 
0.028866178934231407 0.18766060689996028 0.15830621852981444 0.0286486963677839 0.04069594928006123 0.028567871567184103 0.04271620361169986 0.042143384907489284 
0.03475185722270037 0.282076511455507 0.03298007695096631 0.033309822949994614 0.03445612952338741 0.05094668837536112 0.02944587129341499 0.05660768086920483 
0.17975308888522717 0.03922345110241895 0.03463776783500397 0.03773384742325874 0.032673541410389285 0.039893640756406265 0.016545570893350417 0.17846260909687642 
0.16136668824043326 0.04531376901536971 0.03171636654339622 0.04476148796169471 0.033561830196881276 0.027975578200679065 0.16914574432701113 0.038686224710681366 
0.16162910889425097 0.04034735664934132 0.026329665538401787 0.03693644124324054 0.04520106496093928 0.1570896653948913 0.03043945468107199 0.03406516367327325 
0.1569698513211737 0.04044939801454752 0.04068448107382028 0.035898564880743875 0.13509837158698104 0.04358335073462936 0.0364103958847781 0.030032867738380115 
0.1607673666896306 0.03973222845262926 0.027797297561133583 0.16188527577618209 0.034120608380715796 0.038539040404321344 0.029796285492485555 0.03994991466875154 
0.15363959300828522 0.00898086135733719 0.16764957765612273 0.03515077329008842 0.05007030298524645 0.037414145101675546 0.03671823292089075 0.03287646673252222 
0.15800708166272195 0.19038882290792766 0.024913910179743284 0.032628222038925625 0.02430285142844418 0.03914366104533246 0.04347354470401201 0.03977589296836145 
0.29160695799494823 0.01278972605631442 0.03509066536060794 0.04615823193671421 0.0230879750556976 0.04067777194057435 0.04162366124739774 0.037427878687766904 
0.00133450572814834 5.258110932862154E-4 0.17741415941562366 0.174224158489371 0.016224794868906565 0.17501249344265588 0.0021484933314485973 0.0023280943137539197 
