1.314009757092715E-9 5.8001199199191E-9 0.5083247024087036 
0.008361358323399903 0.05199436430882252 0.44778130885580897 
0.0011703498178225376 0.09114515145917934 0.416031695250401 
3.3336578143763337E-4 0.12412763000512791 0.38376652795933064 
8.758925538738105E-5 0.1742420997640863 0.333817800895571 
0.00158073835751372 0.21366912041686564 0.2929428139140547 
0.0017759448063616708 0.25447131870053374 0.25275503026087265 
0.015397353235201597 0.2942241807796081 0.198560955044884 
1.298573153592533E-4 0.33262211180539863 0.17559590933178357 
6.554557061265966E-4 0.37147047012118045 0.13618816611755394 
7.572405458929842E-5 0.4279211510967565 0.08096235133086223 
0.002643473538155898 0.46184476804504976 0.04441790528532018 
3.3217868541180214E-8 0.508126125370452 4.7222861097677484E-9 
0.04624924630377579 0.0011975220812785944 0.46156535105472307 
0.039418272244324454 0.05289752119057516 0.4160330118975924 
0.04293006884874084 0.0823115345770937 0.38299775041230083 
0.038528195165747195 0.13674897247914564 0.3329227101872673 
0.042865665316913736 0.1701261924329368 0.29716495090334394 
0.0356741309778972 0.22448367784857395 0.25283800741884915 
0.04409865058625612 0.24240950618001086 0.22185101738340768 
0.03948365087571442 0.29224564610510734 0.17721811652030406 
0.04894615947285359 0.3402233702124541 0.11895394834681053 
0.051087990446441536 0.3712260734797242 0.08594526944186678 
0.03818244051360624 0.4262995564492617 0.04441730812713645 
0.04235644217211465 0.46525634582293796 6.41672572638924E-4 
0.08843981330585224 9.653876562822062E-4 0.41896253484629997 
0.08458420631480552 0.030648333704176186 0.39311129655290733 
0.08045811737920007 0.0956567378620408 0.33207054640511363 
0.07761917523314461 0.13771077745385954 0.29291020345095775 
0.09062563761486286 0.16694233138320141 0.2513560429151496 
0.07822933570961392 0.20495002730725956 0.2249749634290237 
0.0669252746954369 0.2656144976938109 0.17765109282560634 
0.08565068380786682 0.3040018602603763 0.11854838764148004 
0.09317604246228096 0.3307470553725044 0.08432008040432373 
0.08983112410564768 0.38568848923724514 0.03275783817851728 
0.08414533420829655 0.42485658032301704 1.1278835766497897E-5 
0.13888213761752288 0.004610511091702371 0.3647368890128568 
0.13225987984973567 0.04206981323766183 0.33381780868509553 
0.12934294734095006 0.17129756660377657 0.207438573529451 
0.12508786064242355 0.21367347724831573 0.16950730868381034 
0.13289409081108008 0.25137909787449697 0.12475015555120338 
0.12066848897128203 0.30594996529862584 0.08172586526556148 
0.13439130907259475 0.32657635771739113 0.04710765192537558 
0.13384862893750446 0.3690810611706523 0.005228652088050405 
0.16682013520347705 0.0020196328015769996 0.3393991944404297 
0.16472081384088913 0.05448678264319803 0.28913944005889003 
0.16028027584521046 0.07199862359297193 0.27580276653683033 
0.17864315667468944 0.11499907779066437 0.21460601302455212 
0.16439467835747198 0.21771893206526519 0.12603622282445806 
0.15667074094093428 0.2627573277635826 0.08901163237010816 
0.16891349996100707 0.29691016727438857 0.04309204452143382 
0.17274069547758916 0.33428597923857556 0.0010726805202369615 
0.2096853658814316 0.008323646048365172 0.29034075458383 
0.20787887497701737 0.0522789338494538 0.25283800741884915 
0.20913620929950924 0.06732911219023804 0.23288418291799343 
0.2092448077207725 0.11894996862170247 0.1801028391888192 
0.2185822712294137 0.16989970503902324 0.11959730056631233 
0.2146227787938442 0.24981675364019942 0.044413247345290015 
0.21233914836593368 0.2945791776330603 0.001184917348574099 
0.25278666468806654 0.009148350953444616 0.24627781158340709 
0.2517526654129803 0.0633126427252599 0.19793050810708016 
0.2557449888477493 0.08233429832115492 0.1712655940799586 
0.26045716972716854 0.11988212627095023 0.12865210381000378 
0.2559500861619176 0.17164816054598495 0.08080243612901512 
0.2473294450629935 0.21582750798086833 0.04515011479614584 
0.2562104420877921 0.25009268989429556 0.0029691066865573396 
0.28646734167713334 0.007174892788220491 0.21460601302455212 
0.2820060097398214 0.05438814075868585 0.1731415823052265 
0.2918084639831725 0.09211998961051514 0.12539799754547012 
0.2981345762610541 0.13199473137975343 0.07816981739971532 
0.2860467763084713 0.17794778268578051 0.044238272179386154 
0.2953285947838748 0.2133264470425132 4.4660542446520884E-4 
0.3401193629250736 0.002036409670382216 0.16605556536572783 
0.3588531714298919 0.03427880917582014 0.11494726204251696 
0.3377717650722149 0.08165790003387598 0.0890119711607629 
0.3492816986874984 0.12035214805410688 0.03945455507218956 
0.34163789385906684 0.16125062482374655 0.005289070419551629 
0.3798788917757697 3.99195772535703E-4 0.12863139967576814 
0.39730536644315834 0.034311561581696466 0.07657835066210733 
0.37601460120994473 0.09305800816075516 0.039200698687582074 
0.3844519031089052 0.12421265304780203 4.4661377816502764E-4 
0.41866142810259915 7.666406019177673E-4 0.08901163237010816 
0.42773695005981366 0.03693965383385788 0.04351866558749888 
0.4244660749472169 0.08186322218031875 0.002921237192701957 
0.4637566113766943 9.278214896308679E-5 0.04435681376572612 
0.466300716382918 0.040270046913777814 0.0016246030577840537 
0.5081953199425031 1.0621820193687581E-12 4.6410914527978556E-8 
0.3104939096862009 0.09801873236984127 0.10081440487937239 
0.22604979001000264 0.1632838790731721 0.1197679781676784 
0.09339628209932178 0.1641686765552607 0.25135310517398435 
0.2527776195902665 0.08137898628639964 0.1751882753721966 
