2.9715904582641955E-9 6.114254508070768E-9 0.5045788802638373 
3.556152063811098E-5 0.03519403153176049 0.46932655926897915 
8.394967122182578E-5 0.08308214393103092 0.42100791547545374 
0.002680426530126336 0.13647531607443464 0.36512734704327754 
1.9463712811514737E-4 0.1667124612884941 0.3373074499734932 
0.001204842629885327 0.21104143680862641 0.2923751037592109 
2.8243511101057306E-4 0.2513862362264742 0.2523947752503916 
2.994738866240239E-4 0.29637915419987587 0.20783551341880743 
6.577678952417479E-5 0.3313260124432895 0.17374908952494528 
3.829422653470629E-4 0.3789849792594312 0.12525232192269461 
4.700615581225814E-4 0.4183863878268455 0.08529679155144282 
0.0013166799182952676 0.45969465908321067 0.04398518744485989 
3.1291979915854976E-6 0.5045732476117134 9.898799688862478E-8 
0.04263861091540285 0.004153515876119775 0.4573997646499514 
0.04298780546237037 0.04200016231329458 0.4204853251871005 
0.04070154467614427 0.08593473638565265 0.377645520830939 
0.03929828401559416 0.1254443415674051 0.3394829859484839 
0.04710536934306963 0.16927428492326152 0.2881589873766726 
0.046978167141979804 0.20895154359590581 0.24886700740027023 
0.0358418172938498 0.2552582318730371 0.21346235515145545 
0.0400930770333643 0.2976906946791261 0.16740724845353838 
0.0380174916128274 0.33807255194494945 0.12838671522812165 
0.042169660795022365 0.3749959356817711 0.08759298268671728 
0.04708535915507252 0.4135175115612934 0.04394621540107876 
0.04756724760286518 0.458834500381847 0.0010122587529372276 
0.08405778959745765 9.297409158232748E-4 0.4204831617936161 
0.07794907680218176 0.039463507320257975 0.38817692553748034 
0.08099775204639736 0.0733870634820554 0.35003542497308204 
0.08769526799534866 0.1288171799427234 0.28813805543765286 
0.08559078545659929 0.1685678111314126 0.2504731672078252 
0.08507789193609826 0.20989216552924692 0.20919400785729753 
0.09943781787584734 0.2453189477842348 0.15942431643450763 
0.08240897409579659 0.2946590133934546 0.12759378050153666 
0.07955020046711238 0.33995881530370214 0.08590035640586444 
0.08527617155760475 0.37646557320862517 0.04363726548583017 
0.08469240068695645 0.4204354772761756 1.3162392872759282E-5 
0.1312794034759161 0.0015314342101753523 0.37181728094366556 
0.12016383797377979 0.0533170579929085 0.33118003801474916 
0.12399953646715217 0.0791342810481418 0.30160139592366153 
0.12444725902645414 0.1263897917126131 0.25356510423770084 
0.12752433841734315 0.16998929474611615 0.2064507459779486 
0.12754165792694788 0.20633520180738552 0.17290218694584972 
0.12244119458757376 0.25456829218770904 0.12757398479491366 
0.12457923982107329 0.29664935311265744 0.08313208575001509 
0.1257050035314459 0.3364876483248277 0.04233886144219335 
0.1272877795984546 0.3765824736804857 1.0749963411326363E-4 
0.17150713380714627 0.0023083678628702466 0.33065702441791206 
0.17182916436256906 0.04283027070372988 0.2904516828781796 
0.16592584465167237 0.08500172178440996 0.2537138966735513 
0.16775596431004677 0.12320355624937088 0.2133593061564368 
0.16397764214387403 0.1665372158311984 0.1740007358601357 
0.1764045338567924 0.2130821621569795 0.1300767027568782 
0.17132201193360966 0.25090562792257887 0.0836670767612165 
0.16608465799378896 0.2945353043349275 0.0445368214673511 
0.16836937766487645 0.3356510755488563 5.261689202057697E-4 
0.20707300015093508 1.5196183406905103E-5 0.29758640218814963 
0.21033045674402226 0.0439112647399514 0.2499641888661121 
0.2084307559450189 0.09248135620178187 0.20373228687856565 
0.20369726306997024 0.12260722170295821 0.17823497690518178 
0.2145022722099573 0.16848082628933816 0.12212017433293434 
0.20593708012596787 0.20964923656657716 0.0885920718012801 
0.21096174385896138 0.25246003980406334 0.04119922293186015 
0.2055979786816637 0.29616044519087925 0.0026424277777560984 
0.2553361024519237 3.755992006194402E-4 0.2486550145507537 
0.24471735932792846 0.051898838895406786 0.20794713816267457 
0.2524132191101129 0.08080046815419326 0.17207243796568014 
0.24701515329986534 0.13007061703746742 0.12758663529000452 
0.25298026705473453 0.16852065836952662 0.08266767180638596 
0.25018328337258783 0.2112891461708722 0.04394593123006362 
0.2511730784481197 0.25288408808338386 4.5258557820121806E-4 
0.29616950316447554 0.003412256912236825 0.20495407862849843 
0.30010388447471614 0.03037229521032127 0.1746322462518021 
0.2917512061527388 0.08657830149596651 0.12635054140292543 
0.2922337243180208 0.12966498648576283 0.08274568822158276 
0.29332563143883283 0.16938684832051673 0.04276192456348649 
0.2910660879621857 0.21184163889658958 0.0014608124983271837 
0.3242369448609201 1.9464818504971874E-5 0.18018664172749657 
0.3366918159060424 0.040736920869289824 0.1291145702123286 
0.3452032292939997 0.0791833406390926 0.08401030884200422 
0.33648293279226765 0.12688797365137333 0.04119469983437653 
0.33664753105344364 0.16996391836699037 6.082759486199894E-5 
0.37876069568640414 9.076630839479719E-4 0.12481649689058351 
0.38208650473304884 0.038669423216378555 0.08406346886291151 
0.38095941138083983 0.08245064785463267 0.04122383922099057 
0.381942124311523 0.12226420851086756 2.8344642368463915E-4 
0.41641725671603 3.05590444058117E-5 0.08825276140382693 
0.41978332597092005 0.04356382178523767 0.04124659452552003 
0.4166020337549898 0.08642608237031517 0.0020454096038329313 
0.46112674857713976 4.376787960313416E-6 0.04314339146135232 
0.4622921349189083 0.04220609221417505 6.456964310294215E-5 
0.504271500629774 4.786296694988536E-6 1.0882017486610107E-9 
