2.381635455355653E-9 5.231515457831626E-9 6.76752045093206E-8 2.2138181509983946E-7 9.987314383761866E-7 3.4439863030728825E-7 1.9060340598460742E-7 2.452611862379021E-7 2.8442882106016583E-7 1.365597740757297 
5.327091258556605E-7 2.550259557828162E-6 2.088908388554854E-7 9.528847008510467E-8 2.8456788760510275E-5 9.500004562485696E-6 2.8183171110282035E-5 1.6120063606721883E-7 1.5992248741587207 4.3004306487852586E-6 
1.86781091616591E-4 4.6035022387802755E-4 1.5406984033440597E-6 0.0018613924733461914 0.005395555311574925 2.77750570768126E-4 0.0016233237741965089 1.8127751272231178 0.0036228528888292543 0.0016924093038728652 
0.0029796595244776926 0.016950570674076976 2.785430281632352E-4 2.520445569936065E-4 0.09939550333904865 0.10406987065577668 0.2514417752281158 0.002003012702369955 0.3845684364374354 0.3323204497673242 
1.418806885432793E-4 3.169259498980596E-4 5.517994769636643E-4 0.005608082857131659 0.236031488479083 0.003625265818889852 0.17173351804574136 0.35200087042144457 0.16244958206042473 0.14934071948847175 
2.4516592271369114E-4 0.0012756775519988611 0.0016382226330658902 0.003199927037882447 0.05115612625489199 0.06691626247715746 0.07050975002751513 0.18576706855032268 0.19516925900783916 0.08431074840806049 
5.59587394350547E-4 0.0012038012574396813 4.538015446810725E-5 0.010037268902560265 0.433318185706616 0.006665900628350421 0.31507151395461325 0.0024956220956546806 0.16221188824594973 0.1492045427783732 
0.0030210504114314344 0.008409973328307582 2.8782687078109754E-4 0.0024193695969377967 0.42023894493470776 0.05176817023222851 0.27547701839379257 0.07744414723874744 0.29948222444052197 0.015428671274737784 
2.560636895927028E-6 1.576968220298748E-5 6.722558107528277E-7 2.781465750431527E-4 0.0018166635784013325 5.02450408230553E-4 1.1036013964817426 0.003597185371373565 0.007193479716878785 0.002151037841836064 
6.5815105008536195E-6 6.181180703219478E-5 8.938151696203597E-5 0.05869650909286269 0.2900434834612681 0.30627666891324234 0.029368419952797407 0.034537986711875114 0.22887889494449773 0.19452237831748811 
9.01283639362638E-4 0.010024047499786271 2.8133385964453566E-4 0.0019578830066699243 0.15569750087159018 0.1965738122085023 0.011748784763673775 0.42294041099968666 0.06480749668475727 4.856825932506913E-4 
2.2745902592833348E-6 8.755547879358184E-6 3.339334444507096E-7 6.350980035562543E-5 4.6825073395978425E-4 0.45880710857761886 0.5225044350506786 0.0034297025131271907 0.004772322031708362 0.3576190276048798 
6.28026511373841E-5 0.0010374283901736629 0.005635807223195213 5.139535600397275E-4 0.005129864418642864 0.2507184313960281 0.11797623846169654 0.022527833164277252 0.19458568121494169 5.53262319788305E-4 
5.924859840164193E-5 4.100705321749112E-5 3.0352036076087374E-6 3.958400873125523E-4 0.0031214951776149078 0.6445336825685432 0.7372664176960366 0.0045089831558059205 0.00673226164171786 0.0013626064414772453 
4.4457176397131E-4 3.1664403757485885E-4 2.2974948834077328E-5 0.0030052431497328428 0.02369859016336629 0.9799828732596498 0.00578770783246985 0.05881560112468797 0.007978974517316485 0.3089461020472232 
1.758573620193349E-4 0.00195252919374403 0.011860656905407474 0.0011689556720829435 0.010823341589977855 0.5261774340294343 0.09799395364770609 0.03952553372374475 0.25057788242208645 0.03936533599809781 
1.2292510410350502E-4 1.0266988236164638E-5 3.628924914300453E-6 5.243372542236638E-4 0.004134791454839868 1.5583943972701473 0.00510845956239242 4.689294485023169E-4 0.002780083624783238 0.001533227958020227 
4.723290542273693E-5 1.4606881909241752E-4 5.205744759549958E-6 0.003121558935280368 0.6398264530577344 0.022432889970357292 0.033594311782067385 8.068450692111483E-4 0.09273927653321133 0.46166946259460334 
0.0025535844132193977 2.824829718077656E-4 1.061317748539571E-4 0.0163269313526606 0.704848733312979 0.03996165586308902 0.002987644028929894 0.0024961607431442942 0.1622468995669912 0.1492367466334947 
0.014604169865625146 0.004902741899084647 7.468956802992593E-4 0.002334020891837418 0.40178687464003815 0.1236685324060145 0.0428371476002024 0.001118951744684505 0.5331913928716164 0.04028733983091155 
1.6410880837161655E-4 6.591876115071853E-4 0.004305124278586192 5.888802877786286E-4 0.5434657549239899 0.003416702453634143 0.029568321381471415 0.23839777953011707 0.2936226578912395 0.009532975218514273 
1.7015454377362294E-4 8.514958022858082E-4 0.0011917590186620447 1.3736897768362255E-4 0.3396130779934333 0.044610337989859764 0.032258605176751304 0.35424318037659175 0.002388236381239563 0.08304741705888889 
0.0580978309796681 0.07467212369802857 0.00428510790949616 0.0018228188627304365 3.4181010951801274 0.5767339687223297 0.820432969202033 0.011603042391919468 0.9992232008478965 0.005819525162958838 
1.0779964411335905E-4 6.3770630812793E-4 4.45731042264857E-5 0.011670774092618567 0.6131396961016611 0.17372832547520353 0.008995394513349197 0.06193681395197146 0.20509371724885253 0.015109430030253656 
2.580910919308044E-4 1.849394475083301E-4 8.007085523718933E-5 1.5455324904195738E-5 0.8069181961635374 0.2598678185679177 0.18014750719414507 0.0013374089572934565 0.010114209054405512 0.041226941604941135 
7.806084922826485E-4 0.004617182966024186 2.005058320970282E-4 0.0012504406068153866 0.7947471218796147 0.023216741208316894 0.009282180314062694 0.10789456903146648 0.0456565690193495 0.10239456439819258 
2.425295879312341E-4 9.741859768196501E-4 0.006362364260874411 8.01568799608755E-4 0.7966338562241723 0.00500833921281727 0.04334242897694941 0.0010825671548659068 0.28823431567355434 0.015632535061458397 
1.3942053006491342E-4 4.3269176072623257E-4 1.9166387250262292E-5 0.11651736304009054 1.3811136061155334 0.050712327744450114 0.12379247928862563 2.008532114944828E-4 0.013010034676951217 0.03763093140678633 
0.00525510897097669 0.0014703254403353135 1.832398310288776E-4 0.026396121250169737 1.3186749214693594 0.21032052448557573 0.005105550723931282 0.0010243667524402135 0.0031176607083255896 0.001533227958020227 
7.283148362932701E-6 9.796063069737838E-6 3.666589652975227E-5 0.006200309015393707 1.7857756387677253 0.01523165459077244 0.0015721695836998656 0.008483304697087427 2.9670273284232196E-4 0.014322103505118828 
5.146120517295796E-4 0.004901675204658377 8.158571898489462E-4 0.37451667668300326 0.22085833585089137 0.010654251989367425 0.0011333504679834467 0.004755832099478395 0.31785004642213543 0.16666372187253206 
0.031163430671031975 2.710946061481128E-4 0.004489896859683483 0.2636172643994422 0.1154987812765779 0.12578605097111953 0.01926787777656859 0.003248655648062016 0.5667470815061596 0.02628290657030316 
2.4502260305630255E-4 0.0013452336449433719 0.010271647394784842 0.17521993095509147 0.3772564663847349 0.016345014919989954 0.006534826501362831 0.4816431717063727 0.2505204694774338 0.01796479463383919 
0.007613505019481955 0.01038156544188002 0.025235729154399155 0.3200443246108167 0.1000402399515812 0.13724358998648595 0.26854874112422383 0.051653909461868645 0.0732744372145004 0.21330389322583798 
4.4949577942894115E-4 0.0028217166915282476 0.016606036106044508 0.24346186278875603 0.5231021963249292 0.08536581382121258 0.1501040510748206 0.31531884981019326 0.13513976471350692 0.019922752996000628 
1.0570569224139712E-4 0.0011758580643438424 0.0013804752340813371 0.22661360990116608 0.0887879381057099 0.0449895774673776 0.2057261398758557 0.0016833332039620163 0.08020000036170774 0.009101449501897257 
0.03493840507854112 0.016781536890337338 0.0012409792837066453 0.29975969285576554 0.39999193799942173 0.22878032206948298 4.876057930931286E-4 0.007149925721525118 0.0369987959632291 0.264210609131142 
0.009467058587927554 0.006558094273317688 0.02124969306721235 0.3023338714598067 0.2331223812378472 0.23773686317828727 0.001711047181431027 0.01969375380374497 0.2595438059935949 0.02296756313606268 
2.5477261880198633E-4 0.0027454352440028414 0.014211332858926154 0.27020079679483033 0.19415030143968287 0.5348036472453847 0.04877798055264674 0.0629733293089236 0.08909322750354595 0.0277573067075921 
0.04464291965766639 0.021442787712929477 0.001585674513040979 0.38302114405863075 0.5110939641257397 0.026725105006339532 4.910926945873391E-4 1.2771792293926292E-4 0.0369987959632291 0.264210609131142 
1.9934267897022252E-4 0.0011792440031133478 0.006531056284510418 0.1168385055403034 0.6208826759257273 0.021595817489146803 0.008634126131881081 0.09557029423016483 0.2042466276574633 0.015113966836453092 
0.0038182045382861808 1.865010719695158E-4 0.015790968652261945 0.5063492609694373 1.162996260478101 0.03399838374286375 0.20957121555889252 0.003447605470628149 0.00287032097157614 4.3534773680460533E-4 
0.04863128686280041 0.023358471363477015 2.5304655301914983E-4 0.3569546758399049 0.4867181706726316 0.23364200803332683 0.0028470304994101378 1.488193461858889E-4 0.04311169879838509 0.004067284596133909 
0.005426863695542985 0.0025508951294047847 0.017275930893415305 0.1544015305998751 0.8125048002160681 0.0349360434608902 0.055314883877177 0.0055471977413787356 0.040099057098780186 0.031372586864782184 
0.010005358545208558 0.013749671072195598 0.05145407350297784 0.5567846726566763 0.17404111859090263 0.12040949210116055 4.606766588163E-4 0.05619122519324955 0.010188007010985297 0.2131425806810381 
2.3570357071182985E-4 0.0026065159286392386 0.003935720133115395 0.4073158842526709 0.2377277748930653 0.011543532162009623 0.001227948014656667 0.005152787905920943 0.3443800876149559 0.10019835331552383 
0.07064760216734983 0.01386963470521107 0.0027688128944167003 0.729126554576986 0.23950775867733753 0.007271532145142091 0.004157537598657542 0.3742311325377728 0.10581210197077211 0.013317370730274466 
0.05527850207275321 0.026551246964225537 0.0020460249031566393 0.477183031488074 0.6362514407675977 0.033711188434552085 0.00970539509448975 1.6022509906919152E-4 0.046415848396378565 0.003036907565948249 
0.005302674385671297 0.016456855496286928 7.695822115223531E-4 1.2408190158952335 0.34278445886299336 0.04044713028457419 0.013246206378511972 1.9930410421101314E-4 0.012909693042748312 0.03734069781035911 
0.001764550008388905 0.010517086931733855 0.058184271735915095 0.005760987815889059 0.3797445781467487 0.013350706614525169 0.003166470550447426 0.05848343554379491 0.36693375198941003 0.21011182097745523 
0.008393114254010134 0.02129318199573667 0.059784552884114966 6.591127801717309E-4 0.19580889104478716 0.05142661642634064 0.1090626607487753 0.031532645671690535 0.7067698564916153 0.002219195711145099 
0.009710767648155188 0.022393277469139158 0.0744323366875378 8.673794967550203E-4 0.23333651704592898 0.06128275123949608 0.16492395208078123 0.040045277348901454 0.6547971621412283 0.0011777324991226296 
0.03142446475027104 0.0025482552398121416 0.0735719013878572 0.12742748587552255 0.09107247130039701 0.3619114745226344 0.11053507302156036 0.051100355640270684 0.3755413102223464 0.027267133971562735 
0.0021385083021693463 0.012745956539188443 0.07051517246402006 0.00698190485642496 0.46022324627233513 0.016005175434818115 0.006398956813584548 0.07117313192914403 0.4465507899248059 0.015353602754465597 
0.08193595573116533 7.351443262599259E-4 0.1155966768368493 0.38326696892149326 0.3068283418115125 0.19386600482311808 0.5030715874062831 0.0010013641744421565 0.012918478617876981 0.017151842882636506 
0.031098412643616565 0.042736393981793436 0.1599283026950463 1.730584608805477 0.5744766170690466 0.3792621769490546 0.0014510254087402037 0.177001880867115 0.032090005505490495 0.020833133077043868 
0.08087614050130872 0.00657450366644834 0.23504206401236055 0.31912567884303294 0.2585035258587241 0.1465869918248018 0.17401675685541268 0.0028717775324871775 0.0049701043524275085 0.3627641230978887 
0.0641376165294186 7.245170639218488E-4 0.32902807442295046 0.007534154820043083 0.10669930175882807 0.02032684028351961 0.006350946765277851 0.08179087616584407 0.5231263090702569 0.06077855813333381 
0.00491027050880856 0.02904750292857147 0.11326861632857706 0.03295232888177269 0.8049169177931857 0.028573427560849986 0.011335757665807935 0.002272164528311252 0.04662501613105562 0.01687213277512745 
0.009495834963796813 0.07652937471434565 3.556912255310792E-4 0.012409418080422086 0.48051482155124214 0.03468227488029418 0.3213939758049742 0.017554247826524743 0.3401000659453372 0.0013117716174675508 
0.012849189313531744 0.10570062636121111 0.0030852460476177815 0.009840909100527819 0.38188518516289566 0.006033438724944504 0.46535246840438366 0.008610768978213178 0.23257053316166088 0.0012534134327269319 
0.017892876582884697 0.09567777924055866 0.0028970007564960315 0.0016932379057904355 0.1276494311872466 0.2968780173800438 0.019192300713881002 4.6548554782830975E-4 0.56609184985968 0.0013361655537252651 
0.01725542595953287 0.18782709511930615 0.01700625200103177 0.02425414167439572 0.17625789720941434 0.3264956558725842 0.34078493874585214 0.06507887877486637 0.0935479825604719 0.0012506048718857047 
0.10127987772258262 0.14859839435569547 0.003136386976935342 0.011386063586291042 0.685542291757696 0.24696105164840843 5.951633731323108E-4 0.009943386767216096 0.004882995636397899 0.2620472707362817 
0.012472092000817017 0.10051579517138941 0.017481089389617864 0.01874307931201044 0.7257654913843584 0.05238381240679344 0.002675428748412684 0.017080463379481096 0.338023499797759 0.0013037622672587657 
0.018611687118521902 0.11116595100190527 0.010758988112826294 0.011370143973890525 0.9666769000722765 0.325590257264124 0.016252276922438316 0.012770175334775582 0.019882025608693805 0.0032754057124118113 
0.02976738264608522 0.09238310314377095 6.107995503881859E-5 0.36455458949714425 0.1320743423137861 0.6163219689991454 0.046503052201023416 1.5389637822555086E-4 0.009968460063316512 1.0138514123764782E-4 
0.01993968382591606 0.12265874454173713 0.015367859032664846 0.3066554975816377 0.85364976992586 0.2876842173896847 0.02366620926014555 0.0010293599762808336 0.013279649085798654 0.022313114158265965 
0.01930952630878059 0.10360466749323016 0.013246485428246345 0.7561005740474556 0.47077331625614355 0.23396557910493304 0.03179761554688524 0.0010288393546986113 0.013272932609466066 0.016832713514913108 
0.028475935923974998 0.14231598635049933 0.19922942763178123 0.022964326151268647 0.20986491263355664 0.08986076856614632 0.05780495051975829 0.6347766557615588 0.027088219662574842 0.1512572813908681 
0.011469286735807846 0.06642788314145676 0.08390929695696192 0.007043128832675828 0.06538770044576292 0.033132484855272794 0.15150660658489248 0.1296832482889967 0.07957052939734917 0.009698485082615371 
0.021754307592370205 0.12136199123391747 0.2011248421378364 0.014984164432696147 0.2160364338732342 0.07459579925079296 0.030924246802506074 2.742348978851317E-4 0.09574806389279615 0.012225751933936864 
0.0366266630032323 0.2202352557351117 0.01244102251003978 0.030923202846725627 0.11266853801418665 0.0697248130927485 0.025621757232327638 0.14826043639233483 0.23133020298294515 0.2418189967824737 
0.0330866983033157 0.2385328906047782 0.009379312074111003 0.016286575654583735 0.32169601393887204 0.021590016040793816 0.023760047258932084 5.503601889934561E-4 0.4433036364048714 0.024961168782091418 
0.027942789775443715 0.1618392160389847 0.004630074530189513 0.008506509132039024 0.07858105843351589 0.009828861611658768 0.1696230719528726 0.04414962195975309 0.059587887967694125 0.008662840458736323 
0.017142922075493817 0.18660247871295074 0.005246566832490647 0.026190769810416955 0.09514767079705894 0.3668513560344181 0.021013314331821 0.042884785605382544 0.06164496456369904 4.619818351537437E-4 
0.04321437484690158 0.2599372632908076 0.010721743960933719 0.03015595668519397 1.191889469263781 0.04722094716271004 0.04407661768918469 7.098695301068534E-4 0.013972862110872064 0.03664796373160399 
0.02489502785595137 0.22081782614766507 0.006327254039322124 0.2645659527863059 0.34966103378465385 0.015478372423063283 0.010172474900206304 0.27208313668251144 0.09428025706479402 0.02835493067769945 
0.33217432267981073 0.002359868094337202 0.016203053446932875 0.04027404564789588 0.302453931510156 0.11710427632531838 0.4430466096791928 0.001975448826168828 0.1409368862363815 0.018921963377109628 
0.20522795873098018 0.0025467279275748675 0.0062096326158497675 0.03010164451692496 0.09602127457613012 0.30540985910291274 2.113247415307954E-4 0.012944548780647075 0.6033967656601847 5.888297273791048E-4 
0.25876979791698773 0.0023217297833232407 0.02813788229121646 0.557255711951863 0.4466209941929908 0.282192405379272 0.010002158341028442 0.0010013641744421565 0.012918478617876981 0.017151842882636506 
0.49871017865853273 0.3533128078157799 0.025901748362243078 0.054141668385642924 0.3795441934285378 0.009091104271131887 0.0666496825132059 0.09991870688221174 0.00701603755135826 0.017391101552082254 
1.5579478661555637 0.06649548974012523 0.05745265256670574 0.22309939335715687 0.9500323213373764 0.08777619790634526 0.024889874575956882 5.335040018622832E-5 1.062927426319401 0.07048475883574147 
0.0026517979236215855 0.008249548304311438 5.445803873997697E-4 0.1628079750227481 0.3603616952809862 0.016266625312376867 0.10889300756155919 0.07835557534835993 0.23241471936893715 0.34179457827606824 
0.05425226965254887 0.024909823787430358 0.012459947304290305 0.16939491094507364 0.0688707508666565 0.011506451967119148 0.06532230851277679 0.12703946058349544 0.4981238000039395 0.18516709584913602 
0.07514455430777753 0.0014709159463891278 0.0014597899964150912 0.12647302829552304 0.1843143774897963 0.11544921192963327 0.02621748436794666 0.05767851713167195 0.6404333498125511 0.05034373741813533 
0.09866066423510415 7.349531765493625E-4 0.01292910706276239 0.004949230101963877 0.23922936507087905 0.07771909914617953 0.0040235508716117505 0.37066258006964614 0.058631085570123344 0.09488606482415708 
0.022274258749459326 0.06231139570978358 0.0021089825617652083 4.596843883007627E-4 0.22951057015681614 0.08904637065185393 0.32568301814400896 0.07668782047805041 0.10813485442253988 0.25465484208546 
5.292177515809695E-4 0.005760589926793961 3.046447651518E-4 7.572200646192771E-4 0.34514818487367305 0.05952604316822341 0.23347681922553182 0.18630747522525265 0.29689228113886207 0.01771466831552439 
0.0012959197012043955 0.006743089144367445 1.6859544684099596E-4 0.007964499397642455 0.130099554949228 0.03900948250849605 0.10499216495832334 0.3252664249497833 0.11789424543500884 0.0793789739574875 
0.020345786232267533 0.0013507187677852819 0.02411056157381973 0.002056281740902616 0.30212461630657494 0.04950522879911966 0.22637508947264126 0.00323991346690564 0.08844484152859146 0.011079196349849118 
0.0013603945949918113 0.003660215129487022 0.018795956927021244 0.1438133123656594 0.11584530976653976 0.3219596648221335 0.004817554484880304 0.12174615587316387 0.09293895242578658 0.22911923867239672 
0.0016941103454888068 0.012554843623889244 0.02980790422129248 0.052171759707577724 0.210478155657929 0.3301483149834869 0.298330038276404 0.06340575677555886 0.07727752067853892 0.017623453731116876 
0.0018770015709546797 0.020431356109874656 5.744536516782824E-4 0.002867662575970084 0.30455162092501686 0.3668199123433127 0.02241251417419877 0.04296476626404899 0.06175993318951062 4.6284343702363614E-4 
2.795594936268596E-4 0.0013989854753988543 0.0019632275773437953 2.2601628945127984E-4 0.5587730871375275 0.08752592596789036 0.05425471868197911 0.07912274208488147 0.0024205756784783333 0.08417196868463105 
3.087953807793793E-4 2.0483446642715367E-4 1.1763336108052081E-5 0.007755435645216492 0.7355458535588171 0.02594460456221075 0.03885327017058756 9.331511138918763E-4 0.4098661466111848 0.02763003132080371 
0.17259234609032434 0.06737893197372068 0.0035484008521336147 0.015043113352160688 0.7075501651770411 0.006374095124638377 0.20926333096919017 0.08549255733739806 0.04066596204125281 0.026872571368445817 
0.0032765375148022533 0.017048883913596005 4.2626815989137053E-4 0.02971620956349457 0.4059985852618039 0.12173596378884816 0.02616441103309741 0.03093209909375029 0.08953978923062804 0.07844018394543437 
0.0010705227535644888 0.011652750823578169 2.4193668677576467E-4 0.021008576567502903 0.6284098265121638 0.034738393833222234 0.02241251417419877 0.04296476626404899 0.06175993318951062 4.6284343702363614E-4 
0.020507219631161047 0.002024847242494935 0.04222553125001534 0.4794105577300733 0.21590125363443524 0.19787396194589885 4.763396034697457E-4 0.007958199586299269 0.003908110462081794 0.20820752679254867 
0.02703330111167314 0.00852152177434249 0.005078412548460304 0.3040951591242132 0.1403759002710251 0.1470202505247496 0.032519485858452886 0.004957402388560903 0.46030515098616365 0.02627863770323135 
0.0029414905686156777 0.018465252434584634 7.339450232266474E-4 0.11041040108273101 0.26330219418853107 0.055992803586079005 0.06069394383130434 0.15814831787940267 0.06777941274657182 0.009992266164046104 
0.0014497005065420778 0.016126303090736233 0.018932524859174574 0.13907979162973427 0.06799729919531512 0.034454789974713344 0.15755317877503675 0.13381671038900878 0.08005205447952533 0.009084659951153816 
0.046782997981079655 0.022470705365490812 0.0017315805480336227 0.4017778844148639 0.4794967493371327 0.29091049333955726 0.009801177842222366 1.6180636393220478E-4 0.04687392737765258 0.004422224317232596 
2.134078107407309E-4 0.0012624485751550863 0.007478493561153596 0.13334926441124972 0.7082577972834474 0.11178589643995497 0.01082995243731492 0.1198756799615321 0.11833393474663005 0.017020768608947873 
0.003046017809961345 0.017641944070958506 0.029073299837805138 0.3001051387170505 0.13668794168556206 0.06309286286889042 0.026155618445411297 0.03239770896663105 0.0772302238331092 0.010787670359872015 
0.024739513745172637 0.00212685275836501 0.05047141539609044 3.5422885568375654E-4 0.47417461737843497 0.15599831506797124 0.09372832528842298 0.048303456736934126 0.08872046304764482 0.1713254675957456 
0.00577527593344778 0.04735393374358184 0.08548689133140684 0.15866937562835223 0.32169601393887204 0.021590016040793816 0.023760047258932084 5.503601889934561E-4 0.4433036364048714 0.024961168782091418 
0.004425487592474343 0.02778106665139467 0.03484028982967522 0.0757745146700717 0.26033717475492746 0.057026119354578006 0.05989336449506163 0.16047422382778426 0.06877625255744656 0.010139223600080863 
0.004204553860284462 0.02489817371758839 0.03134888487523894 0.10846681743098936 0.06541435677950679 0.033145991838513446 0.15156837065737086 0.1297361157231443 0.07960296758638674 0.009702438823967484 
0.0074684685352099005 0.046883426475613395 0.05423373052181307 0.015587980236796665 0.042682108863415134 0.19307603044015717 0.06860237467890494 0.01911512007042108 0.22307361983629426 0.06633690306813998 
0.004155994026646683 0.02458545785687012 0.09586919743497463 0.027890455678779718 0.7238944949237797 0.025383177309747245 0.01014833333493402 0.11233090505641369 0.049643986704794675 0.01687213277512745 
0.044474780753320495 0.021111884324611408 0.13617876669666015 0.37149818166658233 0.2211219174894905 0.017226217177719688 4.717980894373115E-5 0.0488638764024005 0.31540927782096945 0.00954292998915647 
0.004663465595904632 0.024076250236549954 0.16795641791150287 0.020802721100753048 0.4925001893669964 0.004417207432620705 0.0381039011287626 0.2278746348706481 0.10306616127608556 0.003624123283750759 
0.05266823135066858 0.1977697354568598 0.012129880512163082 0.030149833366306143 0.10985077010264314 0.06798104021316807 0.025025072521046927 0.14456540216071298 0.22616141687563882 0.2661666472605029 
0.02188009567415446 0.137862002578829 0.003994101350114149 0.004477201983177247 0.28901835348189214 0.13977528587246055 0.04666434521952634 0.002565278163969555 0.4434476014775251 0.04139239589197063 
0.14345536348108104 0.10487337914070732 9.954862636385781E-5 0.043796287780578785 0.5441416843057229 0.10599059642018954 0.09915389553643057 0.32136645750925885 0.1377316563242472 0.020300858490058412 
0.01605733954109967 0.1747858006184375 0.009243424693989286 0.022975305814292715 0.1295890330720941 0.05403431875797453 0.23045049364148465 0.18389255848686425 0.29378812373753466 0.015104966301360007 
0.11510107231874299 0.1871039343884113 0.008946690946500264 0.045849207659221826 0.1404410209440826 0.4466934292232775 0.005779861725186067 0.10080874411269 0.1196325754702219 2.1941691945152558E-4 
0.015465873137645273 0.12464344685305483 0.02310380589203512 0.009965862191645282 0.8423403366516361 0.011935210812680012 0.023385607051176857 0.09882058825945589 0.13545758533024954 0.0013139304104509125 
0.08317132114148287 0.044091308000559326 0.0019222181499588568 0.15298255407063213 0.194151532521809 0.0977198024004669 0.048930141012315256 0.03680183932569226 0.02160924165438708 0.06609063643280488 
0.007630994004673502 0.047903682618099394 0.059820859724316555 0.020336428840520487 0.2695412946643455 0.05731958602544581 0.060201586525323744 0.16130005305761516 0.06913018752796946 0.010191401869070181 
0.049533844774286205 0.2868904168155823 0.00820767700415273 0.015001175112854499 0.12187916171148443 0.018176088757325556 0.0036598366133388394 0.15583554394197013 0.06293629166973701 0.01097905716859044 
0.22931743460610388 0.07394981963595987 0.010478800851112937 0.06304210637197291 0.11065526660947914 0.13279707808670543 0.09996093753720396 0.0033845111190362767 0.22744194534604148 0.1801049799592485 
0.2999825789242922 0.001722459388259898 0.01041819450519284 0.011930851993799934 0.349423416833476 0.023490831769633368 0.003160696364360273 5.800163230260493E-4 0.4012662486463006 0.024821286754967035 
0.3801872612893022 0.004294705247792763 0.007992423760824584 0.017804047914468112 0.10905273056835482 0.020775182219608484 0.37363273157037513 0.13974442275857715 0.2246684900251232 0.028397595071537978 
0.3012420558608128 0.0037381922100898943 0.009028851156398645 0.04627025501041369 0.09577910200909343 0.4095318568743401 0.005299020200293175 0.09242220606966739 0.10968003460487556 2.01163063018139E-4 
0.3798903091590064 0.03236051312724476 0.01972769748710025 0.02369602632546066 0.9370716912952044 0.040355950841050266 0.07339219949412701 0.07510245469808954 0.007057407848668045 0.026327369466309834 
0.6176928922511304 0.015550758888218554 0.03325992379247172 0.041103313416180544 0.28814265246989557 0.006901791527624978 0.050599157194714105 0.07585636068444651 0.04206981405851047 0.013630623964253527 
2.5760414662911023E-9 5.6585489272138275E-9 7.319933563455742E-8 2.1523624449428496E-7 9.987314383761866E-7 3.4439863030728825E-7 1.9060340598460742E-7 2.452611862379021E-7 2.8442882106016583E-7 1.365597740757297 
5.949081629962871E-7 2.848027478925447E-6 2.3328090167530172E-7 1.0641433747169572E-7 2.836352101130532E-5 9.197789423246338E-6 2.8183171110282035E-5 1.6120063606721883E-7 1.5992248741587207 4.3004306487852586E-6 
6.26107631126266E-6 1.9829376213746474E-6 4.603958610113225E-5 9.529663339979243E-6 8.051005459731109E-4 3.0173159466716546E-4 2.3796473878909694E-4 2.1760243324670343 0.007972743301967278 0.0015300650739916086 
0.003169966994924418 0.018033184375780865 5.286602885697618E-4 2.710399478919805E-4 0.10688646629411758 0.11191311828401189 0.2703917373523139 0.0021539701747699275 0.3898987056956813 0.29101301650572053 
4.1541161888975663E-4 0.002161520945453872 6.702470626533715E-5 0.0037792087452037815 0.051672377078321056 0.0675915594187691 0.07122131126516847 0.18764176878910271 0.19713884306447405 0.08516158478829597 
0.0034918180873202225 0.007511704242632566 2.8317157565893554E-4 5.593438032068768E-4 0.433318185706616 0.006665900628350421 0.31507151395461325 0.0024956220956546806 0.16221188824594973 0.1492045427783732 
0.0027681868368228976 0.0077060539530758735 1.6154082716151816E-4 0.0021957688120783658 0.3814000019163146 0.04698692503542393 0.2663827556878487 0.13146526793820837 0.29948222444052197 0.015428671274737784 
6.421044516254972E-6 3.85214460650887E-5 1.648244653024162E-6 2.510933792398212E-4 0.0018199341600666757 5.033549813790657E-4 1.1055882357271007 0.003603661467807891 0.007206430305612856 0.00215491040525981 
1.836392953327039E-5 1.7246917231479144E-4 2.4939501028749435E-4 0.16377677384097344 0.18275830709092658 0.3045890566871379 0.029206597295036465 0.0343476792723734 0.2500514783151095 0.19805396773124515 
3.123161733830268E-6 1.1999421633030105E-5 4.578307442041382E-7 5.932428418381483E-5 4.6844351768425666E-4 0.4589960042627533 0.5227195555913141 0.0034311145575221273 0.0047742868466011746 0.3577662630987803 
8.468119983098519E-5 0.0013988371386815383 0.005931987758536224 3.0372306038301146E-4 0.005461881882403292 0.2669455459777668 0.12561195127619051 8.008326799604111E-4 0.196001713683347 5.572885020000376E-4 
5.855590037805671E-5 4.052762407514666E-5 2.99971788141625E-6 3.970477002046745E-4 0.0031214951776149078 0.6445336825685432 0.7372664176960366 0.0045089831558059205 0.00673226164171786 0.0013626064414772453 
1.545212050722311E-4 0.0017156356747968715 0.010421645002103129 0.0010204467174340826 0.009419325162687233 0.4603627380512437 0.08573679123457247 0.034581648225875866 0.2192353996702589 0.17883727627974672 
1.2285510858601318E-4 1.0261142049090695E-5 3.626858546497326E-6 5.240386882170104E-4 0.004132437038549452 1.5575070226114978 0.005105550723931282 0.0010243667524402135 0.0031176607083255896 0.001533227958020227 
3.900424265619694E-5 1.5427790692319453E-4 5.20521759343428E-6 0.0031212428267935366 0.6397616602487232 0.022468077595310356 0.033592800526561724 8.068087729160799E-4 0.09273510461437098 0.4616486941823296 
0.0025380401004939947 2.807634266732285E-4 9.969429781123273E-5 0.016195407262381865 0.6991707166403602 0.045777076037512784 0.0029875743430378006 0.002496102520950984 0.16224311520719928 0.1492332657315795 
1.6303937692497723E-4 6.548919495742528E-4 0.0042770695060794965 5.850427905455099E-4 0.5399242060317987 0.003394437170716166 0.029375636460878502 0.23684423658036163 0.29170923650386554 0.015143395298870526 
1.7449978135092992E-4 8.732404555578004E-4 0.001222192975676289 1.408769700683646E-4 0.34828577914800996 0.04585723833028939 0.03309137947026632 0.3538990555768802 0.0024205756784783333 0.08417196868463105 
1.9911009225785544E-5 1.1778680986297741E-4 6.523436055278295E-4 0.011670218207950772 0.6131104919585961 0.17372005071024563 0.008994966058316905 0.0619338638712849 0.2050839485349716 0.015108710360724774 
0.007506121853382457 0.005378635961860057 0.002316834380041238 4.4913959096701E-4 0.7412568502460962 0.31087929580225526 0.18022553720000006 0.0013379882493990958 0.010118589974264054 0.04068550228014234 
7.571000137087928E-4 0.0044781338166728244 1.9446748239370553E-4 0.0012127828609622263 0.7708128502555553 0.022517555549121115 0.009002642057447371 0.10464526135753306 0.07402865787731418 0.10239493057140543 
2.3075085472609093E-4 9.268734950271032E-4 0.0060533685963783095 7.626396729949937E-4 0.7579444009099225 0.00476510335903205 0.041237453201675746 0.0039269842882546716 0.29193431644171947 0.015155079791667594 
1.3942053006491342E-4 4.3269176072623257E-4 1.9166387250262292E-5 0.11651736304009054 1.3811136061155334 0.050712327744450114 0.12379247928862563 2.008532114944828E-4 0.013010034676951217 0.03763093140678633 
0.00903871486694433 0.002403859187562982 1.5798313856813594E-4 0.04432250001907667 1.3293127681495753 0.2154940060646669 0.005998250805562057 0.0010500655515444748 0.003195875015874764 0.001571692811726515 
7.499832924169704E-6 1.0473374405694664E-5 3.577843072826392E-5 0.006201062360447966 1.7859926126705004 0.015233505255251523 0.001572360604208262 0.008484335428881834 7.589653813526284E-5 0.014322103505118828 
4.5527897907600906E-4 0.005034679395617101 8.26954295432219E-4 0.3796107680945372 0.22147433750146187 0.010756876952631346 0.0011442672409542776 0.004801641706289405 0.32091167377711627 0.16826907702572966 
0.015028271682048793 0.007342243936733698 5.593397583536501E-4 0.19976067085711263 0.22586231456931224 0.1370305793501332 0.004616750199057853 3.298300425150512E-4 0.5511077906518465 0.0035873843411840683 
0.04760511196980603 0.019129219906007775 0.003243766960027813 0.3336939086975978 0.2777554689885992 0.01083892935764215 0.48308398963372295 0.003888227899724819 0.03730562538366217 0.0017281933469396385 
0.014889718357569188 0.001207428770085112 0.034860256153976296 0.2414869614847325 0.11313458745835124 0.3596052657792436 0.038226492469448536 0.05141519008609761 0.3778550581172004 0.027435129534522377 
0.12162336444305634 0.058429526124149825 0.004320227337065743 1.0435549058948195 1.392493918181717 0.07281351140147686 0.001337999738748825 3.4797208227638335E-4 0.00957045847100871 0.5855327295826495 
3.2722767081533587E-4 0.0017965594473587942 0.013717784443174454 0.23400620665875227 0.5038259868896021 0.0218287663872431 0.00872726037741066 0.09660118804758315 0.20644978699035738 0.015276997567852132 
0.006164543069362195 3.0110851294371573E-4 0.02549473329354703 0.49368746270359753 1.16189749273887 0.033966262979872396 0.2093732182836194 0.0034443482652548795 0.0028676091691465185 4.349364319149822E-4 
2.384659243042032E-4 0.0014106839169379267 0.008356610160019566 0.149006990338077 0.7914206592937088 0.011843134908089106 0.010829156086795542 0.11986686523583956 0.11832523338889639 0.017019517033929385 
0.06306977156186844 0.030293532167577655 0.002786324596582469 0.544208491346806 0.25250329515861575 0.025139198045751435 0.007237533315276731 0.01230658198085529 0.3452483545167935 0.00435844344107481 
0.07172582007546062 0.013932448672232206 0.0028061934795578056 0.7389701873146715 0.2427412527798993 0.02320671990357144 0.004275596326765829 0.32049365727905377 0.10409243472560767 0.013100935692977026 
0.05546273941280958 0.026639739432951094 0.002052844085509854 0.47632052383952966 0.6355903544748668 0.03367616139467794 0.009695310867953834 1.6005861989137107E-4 0.04636762079456238 0.004374457863492176 
0.0022694806924253245 0.019327943016997466 7.638489062791786E-4 1.2315750468128528 0.3402307512722341 0.04901175675411115 0.045748181570407394 2.0279842593299183E-4 0.014053401063083252 2.860799443681233E-4 
0.008524409567042516 0.021626275876145833 0.06071977565695765 6.69423424847507E-4 0.19887197214510283 0.052231094180073885 0.1107687516882991 0.03202591771099652 0.6992671824152047 0.002219147327986716 
0.010071408658198338 0.023224924821568713 0.07424130460242216 8.755313520298479E-4 0.2323972719460485 0.061295370186992305 0.16495791215356 0.04005352321322896 0.654931993734827 0.0011779750101762365 
0.0021385083021693463 0.012745956539188443 0.07051517246402006 0.00698190485642496 0.46022324627233513 0.016005175434818115 0.006398956813584548 0.07117313192914403 0.4465507899248059 0.015353602754465597 
0.08119337796746601 0.006602855359198255 0.23597090781886274 0.3203868059163281 0.25579931296416747 0.1465595263065779 0.1739841519131379 0.0028712394570606227 0.00496917312046779 0.3626961531879404 
0.08319323041982954 9.397747890163937E-4 0.4267839980848985 0.009772590749065606 0.1384002100044607 0.013348181306606272 0.08087686294173134 0.11520963767289288 0.736869383853239 0.08561194095321847 
0.16413450660244314 0.11175450899560516 0.01199337525955987 0.04159769974819712 0.2354602328472632 0.15234633978041962 0.41715775359609236 0.010230951614239066 0.07419631134051669 0.001279188959970742 
0.013322050095669747 0.09604304089124895 0.0027897237101096348 0.0016305366583173803 0.12292252391255387 0.2858845108128929 0.019383971441415276 4.489960002891239E-4 0.5631385645467318 0.02490211819368241 
0.02670416826425097 0.19445944359299022 0.005695096262461725 0.028173475881718896 0.07429469068302594 0.36573687298272634 0.39383370352565156 0.06502012493879497 0.09346352654439359 0.02675637484922456 
0.013479313311581788 0.10863325060376258 0.020136169198923477 0.011508662324996463 0.7478739636783268 0.03319540493480517 0.0026969663694365077 0.008197841411903089 0.34061261479946203 9.805995683184424E-5 
0.018726498158529257 0.11185170712743317 0.011417559453667993 0.011488195867834651 0.9767135398147124 0.32897073745927785 0.016421018151749397 4.793197147481991E-4 0.01992078831145244 0.0032817915596359813 
0.009729020707875584 0.15752126807007033 5.878906959749777E-4 0.7941125833629216 1.0822876218322455 0.5906922335214981 0.006525751686280829 3.4111264334013434E-4 0.09881743142206639 0.009294914688463435 
0.019368446794575753 0.10392080354140303 0.013286905340367958 0.7584077157359921 0.47220981925728656 0.23467949436933502 0.03189464179834219 0.001031978722988369 0.006632244134314997 0.01681563096989778 
0.017906181966405962 0.11240633360415626 0.13986960102265567 0.03878592100134967 0.10620137294243996 0.06092707638328895 0.09074317568846785 0.0024403485142067837 0.09054000779897671 0.0652585729073274 
0.02544843481202491 0.1808128610731132 0.005157241136687885 0.005781027625711696 0.22305530133153237 0.13458546801893065 0.04493171093849501 0.002470030092527316 0.42698251421343597 0.04012986123685898 
0.027964219586633712 0.16196333334691007 0.004633625414828266 0.008468879345525284 0.07862422495914095 0.009834260849275094 0.1651736405084017 0.10628428347082183 0.07914331969216944 0.009850237008578039 
0.09936082794344692 0.30836643333696395 0.01436038242013316 0.013364416367461879 0.9476254141470254 0.03465781852313293 0.002735857913022847 3.019800077919477E-4 0.04566814316855913 0.03273166205471514 
0.33221838601793136 0.0027328476143325792 0.016223252780531865 0.04032425278237748 0.30283098191493985 0.11725026290439809 0.4435989281849684 4.12644010332973E-4 0.1409368862363815 0.018921963377109628 
0.2768134958641106 0.00750381427637746 0.00857467670685548 0.041377082684554395 0.13149851638035903 0.41825047144240984 0.00342591143342699 0.0016058101472241606 0.26326839441062383 5.376241709628894E-4 
0.2513838316367635 0.0022554615478898353 0.027334753597401455 0.5413501776465839 0.4338732638562076 0.2741378966713613 0.08204804141650258 0.0010184711450321779 6.484293778771961E-4 0.011839087403655184 
0.0011154911889086911 0.0034702110458584177 0.0036487451645501007 0.17470420550005042 0.37832199148205004 0.017077348018557415 0.11432019556639228 0.08226078880664388 0.2439981846928486 0.35882949609931053 
0.0018017037822604881 0.009374847225669492 0.022868729557141646 0.00150009651206255 0.07899042440377524 0.014822858682007016 0.07328936667211196 0.17139699089555557 0.4144086668814414 0.08623613767531864 
0.09990637444203364 7.442328492612865E-4 0.013065279453366632 0.005010527222582983 0.24219226454095277 0.07868166441322605 0.004073383285545471 0.3752533039623385 0.04861260513551222 0.09488606482415708 
0.015978983625985457 0.044700601845307227 0.0015129301585738793 3.297658250448995E-4 0.1646450139498074 0.17733603579257734 0.32624749121071717 0.07662035291727709 0.1080397207387686 0.2544308046708155 
0.017204346507581937 0.02703470311159182 2.97901342250784E-4 0.0015241829012683508 0.12036436691977201 0.14450535589620242 0.29461047298810433 0.06349194412423077 0.508144834482169 0.007507764430922417 
0.0016043025188210494 0.008287356692373647 2.0786637436961259E-4 0.00980038298350453 0.16008858822480956 0.002325796567867647 0.10330995512654743 0.32005691267662373 0.11600603481313668 0.07810762927711913 
0.004537546590081543 0.026821039628621916 0.006010440602048758 0.14235580347508678 0.06959917978858071 0.035266476027816726 0.20753436893391125 0.15828030012822916 0.06772187028684143 0.014169352281406374 
6.729115817602767E-4 0.004008370011938972 0.017070001613542017 0.1313423606353389 0.10579963845476825 0.29404052873480035 0.0015274013624933006 0.1106157391513107 0.08444218090333139 0.3046156648291096 
0.0026553801782769303 0.009662920209184855 0.03825498639447708 0.05988845945824748 0.24160987788448568 0.37898039260932703 0.34245588998024157 0.1283100471531504 0.0920788239992238 0.02119490627949267 
0.0018770015709546797 0.020431356109874656 5.744536516782824E-4 0.002867662575970084 0.30455162092501686 0.3668199123433127 0.02241251417419877 0.04296476626404899 0.06175993318951062 4.6284343702363614E-4 
9.767384323683445E-4 0.0021817892107695324 1.1166938324768137E-4 0.0181470660067856 0.7637688511793 0.011730914072333457 0.07216096426235348 0.05430714597670269 0.00883556324003558 0.14930248787601333 
3.075621370338425E-4 2.0401641395514428E-4 1.3777152622869094E-5 0.007754882399701041 0.7354933823033639 0.02594275376532701 0.03885049851487847 9.330845461718128E-4 0.40992389761216913 0.02763003132080371 
0.07391471440806884 0.10462848483964433 0.005762424768016026 0.0024512466859766217 4.596512112752039 0.16805205968673168 0.982706607497624 0.01931285580852748 0.011833804441102531 0.0058197223868491224 
0.004655922356287035 0.0021885144584142934 0.014821708704123665 0.1324672183595294 0.6970802062014971 0.1747968762683094 0.05525641727781412 0.005541334477005768 0.04005667328918149 0.03133942673971939 
0.027947117908020125 0.008809577964582172 0.005250080028742926 0.3143746016143323 0.14512107937216714 0.15186818343142877 0.015424426309496649 8.063669727074919E-4 0.46030515098616365 0.02627863770323135 
0.1363383578990863 0.06471891692817579 0.009765586387546316 0.3741792821038318 0.1708934174523084 0.05765731780590517 0.0011314676385735963 0.2378710979734446 0.07725763420444348 0.009168664816350121 
0.0031878991889174885 0.012899800846874369 0.01855518065062242 0.13197257821736827 0.06452252179463998 0.0326940917269013 0.14950194392467156 0.1560762820702658 0.08005205447952533 0.009084659951153816 
0.046782997981079655 0.022470705365490812 0.0017315805480336227 0.4017778844148639 0.4794967493371327 0.29091049333955726 0.009801177842222366 1.6180636393220478E-4 0.04687392737765258 0.004422224317232596 
0.011733776205738221 0.0010087512045010047 0.06705289883849583 3.65485560027717E-4 0.48924296483120394 0.16095563822981962 0.09670682924002724 0.04983844668073582 0.09153982687349362 0.17676985786596636 
0.01656698851983398 0.06409922963378628 0.06411743733777982 0.011067963533935753 0.3179246747445239 0.061501645573985624 0.08451975409789211 0.07772116683977344 0.2532707410783527 0.10141177243099785 
0.004950356484591968 0.031075939220907577 0.03897239594043586 0.08476147593356366 0.29155327636796946 0.009552720977459548 0.059982063782774576 0.16071187869105355 0.06887810698931629 0.010154239318748055 
0.006939376896587789 0.07553583478500203 0.1613986119332333 0.03056214671688767 0.18574997927792106 0.5110635758532629 0.08273193118838137 0.06293522490990161 0.12504628413209556 0.02832530383477876 
0.004327619565438982 0.020124888508245935 0.13147855347012505 0.016491378465337464 0.39043002969488905 0.17078127548689903 0.03912887987519674 0.05156612188403849 0.2949691300456763 0.0037439960355909615 
0.18013467655311388 0.1298010582818514 0.004546957505969902 0.009463790748096057 0.22822010119169583 0.15042998794594625 0.005697424053519969 0.0033329003374146086 0.22368290131900168 0.1731283269358029 
0.026017787653682078 0.1639327524899388 0.004749416197357219 0.005323874822839477 0.34367391536551334 0.16620785216026812 0.00487246242664926 0.002848665626111556 0.4924354625760709 0.04596503296055705 
0.017682652347277814 0.19247749850874638 0.010179037750537709 0.02530085038350669 0.1427059454007658 0.00937696268148073 0.22537196931427014 0.17984004891262945 0.28731380419986896 0.03876508605330122 
0.11510107231874299 0.1871039343884113 0.008946690946500264 0.045849207659221826 0.1404410209440826 0.4466934292232775 0.005779861725186067 0.10080874411269 0.1196325754702219 2.1941691945152558E-4 
0.015465873137645273 0.12464344685305483 0.02310380589203512 0.009965862191645282 0.8423403366516361 0.011935210812680012 0.023385607051176857 0.09882058825945589 0.13545758533024954 0.0013139304104509125 
0.077647287095846 0.1005489224259115 0.003395254812063264 0.29415748770105 0.4286878788329025 0.04178780054414052 0.04919104737862894 0.10822040090245887 0.12511321471157022 0.05023567229126733 
0.00918593738190179 0.05766486366295942 0.07201036604439238 0.02448031826340238 0.3065859039827146 0.009726800177995383 0.05046875916306526 0.16357366757378836 0.07010461620849334 0.010333019518751926 
0.0361772510050039 0.23370369025392496 0.006653896879437497 0.04716518905787298 0.1710711943934052 0.08355116315079351 0.1079445158744908 0.19846601099451638 0.2349375625738342 0.025280881250485356 
0.2298213230900029 0.07411231256880195 0.010501826344499502 0.06318063134481738 0.11089841390712384 0.13308887848320936 0.10018058575257521 0.0033919480423536858 0.2258519806302321 0.1801049799592485 
0.3005040540146723 0.0017254536276867002 0.010436304986610377 0.01140579530860694 0.349442311798417 0.023492102029213403 0.0031608672780544236 5.800476872322266E-4 0.40128794699659687 0.024822628958495564 
0.20085871477697462 0.05948529906553599 0.012609676640577383 0.01384134620698716 0.08154408637832503 0.06220079265611077 0.24771290813714125 0.19614836775163008 0.2707482409817535 0.0020456680686531305 
0.27366778115126394 0.003396015754602746 0.008202392774328656 0.04203489444997609 0.1287573721166371 0.4095318568743401 0.005299020200293175 0.09242220606966739 0.10968003460487556 2.01163063018139E-4 
0.3906327066825413 0.03327559173729935 0.02028555001326661 0.024366093785406585 0.9635698576691482 9.723883474046916E-4 0.07339219949412701 0.07510245469808954 0.007057407848668045 0.026327369466309834 
0.7747381129325923 0.011820247401955341 0.04131248860685649 0.05105484239246409 0.3579049104738592 0.008572785242413693 0.06284972624009193 0.09422195480926275 0.05225534264086852 0.01693073624405081 
5.934948664530646E-5 4.1076879841049793E-5 3.0403719384958258E-6 3.9651412201140303E-4 0.003126810445394612 0.6456311915893671 0.7385218315961254 0.0019510928227390518 0.006731298723525368 0.001362411547309203 
0.0029520997393289957 0.0014422840410592383 0.004980731525393201 0.08167427539525927 0.09443462688422544 0.0536877548726929 0.3331679510374819 0.0013414691503639547 0.5353837644250524 0.036013142759485736 
1.687112526459905E-4 8.442732132828933E-4 0.001181650236493998 1.3620378149017568E-4 0.33673239945599737 0.052745588046766004 0.032695421494228896 0.35904001522719386 0.0024205756784783333 0.08417196868463105 
1.916032418051657E-4 0.0011334601051968902 0.006714391592147119 0.11972453709564795 0.6358927984981849 0.10036436844391457 0.009723421033104909 0.10762759251643605 0.23001470270074093 0.017020768608947873 
0.18104909626476373 0.08594280877105291 0.012968108294728027 0.4968874637322505 0.29901847998803655 0.023330108503562944 0.001528732562286337 0.3176525417571564 0.1041089838001743 0.013103018537539623 
0.27307916076998084 0.003388711408874109 0.008184750596860968 0.04194448338479971 0.1296876770764294 0.4097350942253021 0.005047516412839872 0.09244110255691577 0.10970245959842907 2.0120419247627273E-4 
0.004788910838489543 0.024723891135651117 0.17247437417285144 0.021362305457331535 0.5057482351513403 0.004536028435271521 0.03912887987519674 0.05156612188403849 0.2949691300456763 0.0037439960355909615 
0.001242426271689477 0.0033428149844548227 0.017166041951096965 0.1313423606353389 0.10579963845476825 0.29404052873480035 0.0015274013624933006 0.1106157391513107 0.08444218090333139 0.3046156648291096 
0.0028187195139984028 0.020525882810235797 6.011375756117565E-4 0.18171180131642886 0.06640518808107737 0.2619525453518553 0.3025811863447556 0.1754583235193938 0.08197310724206817 0.023590327710329 
4.095444604344055E-5 1.2970631211763467E-5 1.08249464652761E-6 9.656758966743172E-6 8.158380458036828E-4 3.0575574166696775E-4 2.2326672647709808E-4 2.177437366334236 0.007977920521786057 0.0015310586445764199 
0.26542691323520645 0.0023713430779544035 0.028860667675827307 0.5758956005425069 0.4603756866265517 0.2908831516575389 0.010310197178076871 0.001032203423856139 0.013316332060524707 0.016887752634591423 
0.18749094649183334 0.23915898259166984 0.014732673911179236 0.016871767158847407 0.49412988542033104 0.03321907305453709 0.004469633279083009 8.202180661960884E-4 0.5674423519278198 0.167809725469917 
0.0021947204375665726 0.01869125024817643 7.386865248156098E-4 1.1910050324105657 0.3290230164980227 0.047397232586427335 0.04424116468987465 1.961179275888963E-4 0.013590459982061948 0.03676355201161819 
1.6366824179536768E-5 9.901446445719963E-5 1.64892908850099E-4 0.03233385696564006 1.444498928181033 0.20703125031517028 0.04004716083280969 0.008087515197684383 0.014119435832849015 0.01398820680658428 
0.7143783263854692 0.010899332839722765 0.03809383580997612 0.04707716356452928 0.3300205665391121 0.007904880206236082 0.15987900794518742 0.09422195480926275 0.05225534264086852 0.01693073624405081 
0.0470768586006846 0.022611851843626605 0.001742457220215829 0.4016264852018237 0.47979542824704063 0.2910917017192836 0.009807283003764704 1.619071532461308E-4 0.046903125184627525 0.003612448712884109 
4.3781627446470106E-5 5.888766264108979E-5 2.2041190730460867E-4 0.004958881037871021 1.5082056052886204 0.012864139443337514 0.07419712391798662 0.004219614443122088 0.2128450791671537 0.014322103505118828 
0.22437321089553933 0.07179592565215545 0.005693005531838013 0.06065422962847437 0.10780594708917042 0.1281326736559607 0.11745863062808665 0.0076878794716273595 0.22744683240490965 0.18010884988587164 
0.1322533614240259 0.047055923158473026 0.006851567502386886 0.02337645049971443 0.21492174318679214 0.12366753873973457 0.11673582362003275 3.4923753567411175E-4 0.5991309501565758 0.027072036505980626 
1.3060484204673877E-9 2.8688741952455494E-9 3.450374490689052E-8 1.0411890932970045E-7 4.949472496973103E-7 6.199533619443918E-7 1.772759405489013E-7 1.9227641839248452E-7 3.7138043526721377E-7 1.3772321358362258 
0.048176007568527454 0.02313979262713879 0.0017831400548831938 0.4158718574950948 0.5545022581394203 0.14638379025171008 0.009380852739666913 1.5486727175279916E-4 0.0448637313941338 0.0029353552722768956 
0.010377322363565948 0.0047647273214060535 0.0023833268292323007 0.24127839648463398 0.0728927568356862 0.011569543692078575 0.0656804812261536 0.127736038358211 0.49320569086426047 0.18480973918463725 
1.993872728001513E-5 1.1795078051591065E-4 6.532517310391635E-4 0.011686464282546535 0.6139640011741324 0.17396188585439876 0.009007487922687032 0.06202008181121777 0.2042466276574633 0.015113966836453092 
0.006799735761105344 5.166435702652659E-5 0.027015779689887442 0.5231414494316649 1.2312176920874447 0.035992731007908695 0.22186467585227346 0.003649842217918951 0.010188745811163065 4.6249058017337584E-4 
3.2722105066720537E-6 1.2618350288816347E-5 5.335480870936607E-7 9.121346913653242E-5 0.0012184821513348775 0.0012950053804585714 1.1056522912747355 0.0036038702566691967 0.007206847831618289 0.0021550352564129356 
0.08174885299694534 0.00829133654359105 0.14514797444163197 0.23273264970920457 0.1858155542007317 0.10646252051454223 0.1263840830347057 0.0020857012662557992 0.0036096643364653797 0.2634666447307124 
0.0054892778256557685 0.0026818530889756473 0.015786289033341797 0.19438337335888783 0.22671921605666348 0.13596353736029065 0.00579205783224223 3.2793859697386883E-4 0.5479474042740903 0.0035668121032372165 
0.0011154911889086911 0.0034702110458584177 0.0036487451645501007 0.17470420550005042 0.37832199148205004 0.017077348018557415 0.11432019556639228 0.08226078880664388 0.2439981846928486 0.35882949609931053 
0.017204346507581937 0.02703470311159182 2.97901342250784E-4 0.0015241829012683508 0.12036436691977201 0.14450535589620242 0.29461047298810433 0.06349194412423077 0.508144834482169 0.007507764430922417 
6.160381314801005E-4 0.0052464645067416705 2.0734261125370952E-4 0.3343043160262847 1.1792261086458546 0.046719243021460424 0.04360832082189096 1.9331257585943095E-4 0.013396056436788782 0.03623767099969319 
5.185166554977111E-4 0.0011582364398481852 5.9302722177061935E-5 0.009633768013933385 0.4054634465857167 0.03425218046898478 0.3145522362732689 0.15114190236073985 0.19328340928088336 0.0030717213427208885 
0.023422650162196423 0.0011440846921148284 0.09686917784403402 2.940411765956723E-4 4.722817649143381 0.09750918921774958 0.601061493601594 0.009887917517672923 0.002163930392483219 0.0012472382273317466 
8.788840851325854E-4 0.001963207088933498 1.2080343718992654E-6 0.015778113060543754 0.6640649943920705 0.06439914880861185 0.0022044680742806257 0.020635001499281724 0.1624316903251448 0.14917441169261444 
0.027688787643338306 0.16036808497932598 0.004587986792639821 0.008385465614330467 0.07784982025946743 0.009737398872912827 0.16804463984870022 0.10628428347082183 0.07914331969216944 0.009850237008578039 
1.6800051149358532E-4 6.662215699712202E-4 0.004362255986945188 5.49583166205136E-4 0.5461995991156162 0.0034338897963006373 0.02971706154206569 0.2257486217675533 0.2901443313715976 0.015062156948973948 
7.311370016516865E-6 9.765636632355884E-6 3.666116326821271E-5 0.0061995086071949855 1.7855451100216904 0.01522968831115891 0.0015719666297145964 0.008482209573180707 2.9666443099327533E-4 0.014556742256752336 
0.0522247937563115 0.20977507179092086 0.012689877273014129 0.031981406280361634 0.11463414103967763 0.06506568737077392 0.023752690808398234 0.1472338532210762 0.20896236925063444 0.26617233381964606 
0.008425115357045066 0.04429401574818257 0.24975695543376308 0.024729136143837073 1.6300599260034547 0.05668856429193418 0.01895957508201589 0.25162880165384915 0.6672536991895733 9.011972546313663E-4 
0.07189734485810204 0.013965766663266021 0.002812904197206269 0.740737357081769 0.24332174304933607 0.023262216342414415 0.0015242838492657395 0.32045377215129767 0.10407948052210572 0.01309930529411586 
0.04074369070466524 0.13038973920820046 0.004106211901771297 0.9918592797126976 1.295703689845299 0.06843375227090873 0.001257518568981148 3.270414352687197E-4 0.00899479192141729 0.5503127234426338 
0.011610978989235883 0.10298888415328107 0.002951015525478292 0.12278313623934654 0.16266832017267807 0.45038653492402037 0.009845331997456835 0.263333047053714 0.09124824005116468 0.02744304695027197 
0.024079356536279586 0.1425892715808011 0.0031756144709992134 0.28819924984044615 0.41273384280204806 0.040232626935438505 0.04736035474413993 0.10419287350893457 0.12348425579022868 0.04848986778750334 
0.1410627391294779 0.5277352701189071 0.020135041118417137 0.12681779606706475 1.6336431187550626 0.048166830220478456 0.3001033086189862 0.013665610589338234 0.001396921122888593 0.0027647891950351587 
0.02933720598987327 0.1841647633034437 8.558746581139192E-5 0.03765409348176671 0.46782873358639954 0.09376700915633443 0.08552598001248451 0.27719719001379406 0.11880153394019649 0.017510666707180343 
0.015314485351272087 0.09613691811021924 0.12033932628859076 0.033566478244135785 0.0783485865162408 0.04859489798450791 0.07477184066627639 0.1441189585603033 0.10428351037824506 0.009681149305312508 
0.004659751360107023 0.002190314280142431 0.014833897992282692 0.13257615863952288 0.6969534478077966 0.1747968762683094 0.05525641727781412 0.005541334477005768 0.04005667328918149 0.03133942673971939 
0.013173784415113873 0.10617091469617805 0.0196797526580933 0.011247801195152646 0.7309222761896628 0.05275601534434012 0.0026944384843139773 0.008190157518779 0.3402933562535435 0.0013037498348523956 
5.562238494590746E-4 0.001242464874224229 6.359243391921954E-5 0.010334221093570782 0.43494392809934623 0.00668041101563438 0.3164596868258706 0.15288204973137587 0.009058123840496092 0.14930248787601333 
4.4437973452139265E-5 1.3742542930440926E-4 4.897703102382844E-6 0.0029368456556666156 0.6019657414779565 0.02110545942569997 0.03160642187375936 0.042179336744984 0.09273927653321133 0.46166946259460334 
1.9003825111583406E-4 0.0031392158349372815 1.4587499159117014E-4 0.003938431772101064 0.005298510101162141 0.2574464861302447 0.12114214288000194 0.0231323698699698 0.19980740786032344 0.06322566623899072 
0.03908259085504396 3.399843774242947E-4 0.005630856364972393 0.330606915381315 0.15297161543880514 0.160212153094422 0.035437409665067074 0.005402222534596142 0.4002228368759954 0.02627863770323135 
0.004420831962364112 0.0020960872770559077 0.007837795547036711 0.07965757250606066 0.09905393713724497 0.05530136896931252 0.17319242234040838 0.3484498159982122 0.16244958206042473 0.14934071948847175 
0.26016487526161547 0.002263206998521545 0.03750184146069799 0.0034100731138328867 0.11696335275390357 0.11938631809649856 0.020409486197207283 0.0032486832414464943 0.5667518953343446 0.026283129811675833 
