9.636485717632304E-8 1.748989438924799E-5 6.713928317162188E-6 8.589025140209845E-6 1.2964059412679354 
3.322255145874669E-4 5.027978596817745E-4 5.532060799831387E-5 0.04263123173214762 0.46958184929977853 
2.1616436964770798E-4 0.002314462986539012 0.0019633945639781856 0.08449613252906382 0.4490330925818095 
6.901067958588193E-5 0.0024013860944962773 0.0033908711912096798 0.16139074193809766 0.3627824781057002 
3.8693633386138206E-4 7.700284233090406E-5 4.6164000035551376E-5 0.25011115586198157 0.2680882640886491 
1.1911159952662579E-4 5.690923514951287E-4 6.84793370548799E-5 0.3710130432862883 0.14691805227393817 
2.9292648723583238E-5 1.7033356575910704E-4 8.743566543720269E-7 0.6938717165750296 1.1905641733766919E-4 
0.008321713660855238 0.012531695052312492 0.029113899530203158 0.0013928496301397319 0.4771159824065431 
2.74956448495064E-4 0.013565591369044247 0.028861223894623676 0.049190454526882525 0.4170144423475269 
4.7741943881803184E-5 0.0056399573292326465 0.045606246832265204 0.09969800027721967 0.3593588015768096 
0.012326520953455308 0.018694732318817516 0.0417265648396613 0.20223297376424137 0.2891283892000685 
0.0019896414404082245 9.746367052710943E-4 0.05471048932077112 0.30197302161093703 0.18640208502980274 
0.0017150099920914426 0.0031459812206056075 0.07972420739530588 0.4362619988667213 0.01778533325531862 
0.008698086190450371 0.011285432620681405 0.08137441857114805 0.0031414567455326494 0.42000656152687316 
0.0035814111120219404 0.0044652496409762436 0.0818577748826844 0.05747886283997523 0.36561156186381916 
3.907994794163546E-6 6.442108440240287E-4 0.12312697206744981 0.1315905791571372 0.2561780631355325 
0.0022845069385962922 0.04270287258428709 0.09183495799096539 0.2307756150223021 0.17330526530321003 
3.418361805087254E-4 0.026057431757184845 0.13755669889826783 0.3467011301492649 0.02180102024309153 
0.00464691144886059 0.00569186864040976 0.13947078698910984 1.8778987746028765E-7 0.3718415435023598 
0.004367504526023886 0.022264525859947586 0.17412671388152948 0.08077715901147588 0.2864361376076445 
3.5158977240166907E-4 0.001371069930299591 0.18363518669853207 0.19552540341790237 0.15005675839748212 
3.322767574930712E-5 3.66648485385675E-5 0.2390099468203269 0.27100407779615354 0.002614364937692201 
0.0047232477448703025 0.008485177115213625 0.2354866637095916 0.0027934299911465633 0.26837480422762716 
0.01612476430955569 0.02034143366446205 0.24066467832713961 0.09659837863737025 0.20371315925658928 
0.03750909797163419 0.020363103951346048 0.26361777560919436 0.18600086312686276 0.0213797337497529 
7.219416374784516E-4 0.0012966112353957739 0.33529719382984696 6.446155942908764E-4 0.17543546544729935 
6.571509142939494E-5 0.007844332538028477 0.3629940146803704 0.10356998911394694 0.06304879805990915 
8.682962243575816E-4 9.581154514951174E-4 0.5184849839530877 0.00299003295976644 0.0026821094740946292 
0.012728888531901772 0.05553275367497223 6.530203822398702E-4 9.594145992842722E-4 0.4485775554624196 
2.6395538603440254E-6 0.0619946909049787 0.0019290434884478606 0.05779646797476596 0.4325340059691236 
2.565733998739822E-5 0.06329001270324111 0.00350191568907662 0.11438501167301025 0.3412697564899822 
0.03093734722895938 0.06598760288826035 0.002512704101002173 0.1989739334647809 0.24417004427555755 
0.009461422301514007 0.10203375553129063 0.013609401212998756 0.31039705193774464 0.08317326996476425 
0.011987127864941634 0.052654997233580324 0.007890391609993027 0.3629841601827952 0.08317614347259783 
0.0033509486554676943 0.058082585222126774 0.04175839231449731 8.553612496665698E-4 0.40817264520783475 
0.0013469926622111071 0.07066259487383901 0.05439719709075088 0.061999100731974746 0.34184231888537864 
4.5150814347398565E-7 0.08260078961912906 0.04808053423733829 0.1168861450561299 0.3005442292764807 
4.625500116166201E-5 0.05865529887364088 0.07073839920319501 0.22373078174667752 0.168663567417066 
0.0010894632364034397 0.11944987653029353 0.0670469095913261 0.31515659389927536 0.024327128709499303 
9.153339422730999E-4 0.05263365354049624 0.09160081550838596 0.003576058798146136 0.36270028828333395 
0.023839802226647243 0.04278627692861523 0.12013520821338988 0.06262434141177005 0.2620573602168676 
0.0139607425147171 0.06871389749495249 0.1505428939359609 0.13309528765660775 0.1443164397362413 
0.0015555170822385866 0.07674491440630997 0.14118553514389215 0.2528376230779827 0.03658355451119148 
0.004219798407472678 0.0788780767881603 0.16963179359775094 0.002835954973992553 0.2727256681075614 
0.005132240446881441 0.09593379042646542 0.20631107652861458 0.05202958347019662 0.16944346801611365 
0.002294883857157587 0.11322322795486212 0.20829369806700532 0.17125485814006178 0.022249060724751742 
0.00603505540140821 0.11280955093259641 0.24260336000643357 0.003708813276566652 0.17215436629116504 
0.008031887106027062 0.14009218972702164 0.2700023021277829 0.07694028905825516 0.022249060724751742 
1.3617117688366815E-4 0.10246072155432397 0.33574155806519285 0.005222095031216358 0.08290420900468362 
2.3991893491172444E-4 0.10643669555947467 5.237039251148903E-4 8.353455413759909E-4 0.40272672012012056 
4.284767460959307E-5 0.1056941160571369 0.012507648749538386 0.06297599100579938 0.341303668427386 
0.003906461665155516 0.15161144504828097 0.001469820937014362 0.11603752968839623 0.26054604810059223 
6.899153691974313E-4 0.16493903255610004 0.011082311780764069 0.336765481686139 0.014212780900750217 
0.0012841958998695382 0.13084491305738974 0.04328692502446958 0.004427795683972878 0.36282485875090104 
7.763931652955285E-7 0.14203661536395 0.053045092415257226 0.052770372767592395 0.2904292856307465 
0.00492152993774792 0.15645166840700683 0.06675477470300749 0.10983100212746477 0.1860500040713877 
0.0012411527271651924 0.18513503812614918 0.07673981308148185 0.24137586013041942 0.030122063814118895 
0.007827269273729773 0.1455978776028835 0.10124431607206116 0.0033146379897864534 0.2707436848213359 
0.02719355381397093 0.13746454267522693 0.09549972931916696 0.05542948322273578 0.21258601480072542 
5.625186783371822E-5 0.18297073644305759 0.14461956478990798 0.1561829472456687 0.03299431394713043 
1.2174646135964868E-4 0.1543849291647445 0.18618851084092675 0.0052311828027352385 0.16520387945970785 
0.005300044765781586 0.17289165218675948 0.19908115326703785 0.10635561886485483 0.030700432900860625 
0.0025625370009264457 0.19371282712604834 0.28154807961842293 0.016759347594270883 0.031445237458273385 
0.002227475701504214 0.2052422632728117 0.001020400137486822 0.008147108881739357 0.3009250663453061 
8.298551640451569E-6 0.22415311744756908 7.209238341483814E-4 0.04657831539497028 0.2670726104890605 
1.094995606576564E-5 0.2571794998840301 0.008002466539819843 0.12514737744174598 0.16391477414908148 
0.0016629034278484386 0.2480449688234458 8.637700532557234E-4 0.22986798515129775 0.029989954137226705 
0.014093315710203145 0.227048605067277 0.05237174052954345 0.002373389736956175 0.2913485595403888 
0.004156832546641971 0.2828928291886553 0.04022061467103472 0.18198690373642648 0.012929387840270675 
0.0022225124545648674 0.22644866637251282 0.0945937316744573 0.007233979624747711 0.1819431480454178 
0.0020950775761603762 0.25008692589321097 0.12152786032101423 0.10435347157835433 0.06352574730075106 
0.012442593257659416 0.24414933655120696 0.18059743938877484 0.006649848717584689 0.06764448083167993 
1.2226411031097394E-4 0.23303994117264176 8.622496987807709E-4 0.007860258127133805 0.26071120079088267 
6.802940261872315E-5 0.34831322656904895 9.849991013478E-4 0.16653632052310613 0.03285684043638507 
0.0020031407410695144 0.2660422081880555 0.04730910894744625 0.004842090180130718 0.18984836907844152 
0.0031770330040850267 0.348086623720649 0.07478083825491971 0.08713504873806276 0.013481427308365782 
0.007828249710868576 0.33209427926038343 0.13299570271387182 0.00995053614723966 0.034455021603944154 
2.8950152988402344E-4 0.33410931036461133 0.007396855473784857 0.035090687470328084 0.1492734955343227 
0.007604010133194299 0.4214129371035521 0.0035486079945581507 0.08846874254128527 7.469104477053067E-4 
0.0017642671693250214 0.43809452997973014 0.07282606137767358 7.793529436465834E-4 0.0026083816635447074 
3.595502885826935E-4 0.7403236821336692 7.153181963337405E-6 1.043526233690384E-4 0.0021190609785727834 
0.03294032157922214 4.640068467166007E-4 0.015094829738639442 8.185574316992585E-4 0.4578527210543834 
0.036786852757626116 0.0014244866229600854 5.120620809250251E-4 0.05729606092534216 0.43366836671470116 
0.058431753530028566 0.0012107187739227084 7.936627766242166E-4 0.11104678707401745 0.36265383221790054 
0.07312874810249437 0.002709903261513311 0.015696047574841956 0.18095798049291228 0.2740957037738084 
0.08255359806272371 1.4307815386984787E-4 0.024839305160833377 0.26962130249841876 0.1740744757660553 
0.06214680773753438 0.0022356378695691926 0.0031190016315663133 0.43037211134638514 0.034116661816068525 
0.04786983670441399 0.009442053364703403 0.03918936589565612 8.534968141495538E-5 0.43366474780614894 
0.057348707691553695 0.02425028352350419 0.038356919604691855 0.06453951147929105 0.3472366562335795 
0.06361448431154526 1.1025374045796009E-4 0.04168683971645734 0.2642948577052894 0.17063558545409166 
0.08446043851600771 0.016865830980132328 0.058761844950673735 0.30784000327014016 0.04438603807290704 
0.05990462240648902 0.00186792019148252 0.07715531312246626 9.49311415968399E-5 0.3698611574252066 
0.06245470348514517 0.011129133418468825 0.09919365535066842 0.08011347994769018 0.28452101693933896 
0.06706321224328007 0.006151844237301736 0.13300976972043932 0.13949931183965816 0.1723120809320597 
0.07697211781921952 0.0013283136693290319 0.14118553514389215 0.2528376230779827 0.03658355451119148 
0.0812938247249436 0.0016747227613741003 0.16936779056227752 0.0028315412924195377 0.2722035809560395 
0.07046179284392118 0.002358491211144941 0.20057615383233143 0.07236952037309562 0.17779728366013905 
0.07551325694577722 0.0035852294520303733 0.1934654771945098 0.20158209784292141 0.049987164858515544 
0.07921644336812957 0.002651526138083679 0.3385223581878038 0.11127960049441048 0.0022173198354618886 
0.09167194299918391 0.013191430381526778 0.3431584663587255 0.011002698207555764 0.0899593439372872 
0.02922801133573709 0.05992477825273564 0.0028602762314634124 7.170007087127908E-4 0.41488339607811026 
0.04014831963336943 0.04891900750430854 5.534368034761264E-4 0.057297502195129406 0.36445796303902483 
0.061364998292955934 0.11006160425154055 0.011470235612268023 0.34855357775836077 0.017965411697494653 
0.04211494875369594 0.07444639892247903 0.05150256892254461 0.001372348916819976 0.34261066326264705 
0.0673543299961181 0.0568466821078579 0.05163424214045648 0.07830939403988496 0.27839772292667986 
0.0466182482921428 0.08290264835667484 0.057259864289699265 0.17072569455897182 0.1623678805027253 
0.09481664151754163 0.09156125197421211 0.07690341205759814 0.22624290850421847 0.051891667449533725 
0.05094998402521589 0.09150645744864927 0.09400613446164856 0.021521525002947166 0.2707436848213359 
0.0885849910371144 0.09561728849562387 0.09312457075640046 0.09932980002511449 0.2007857638808637 
0.06529862523934617 0.10170904852235847 0.16668413307160332 0.16505380073935552 0.032075503849055866 
0.07953269133680933 0.11538715264496781 0.19129220968860472 0.1042818462321665 0.01900597676610212 
0.08839393243606114 0.10807991575124297 0.2818327959722514 0.008395377006855748 0.03963066532753482 
0.053751197709457375 0.11893989486402494 0.0022999062255498375 3.985603177587984E-4 0.34475537245448445 
0.06256170285586961 0.14302706356899283 8.515064229870626E-4 0.08306317519093329 0.2945423603687018 
0.05529806268068458 0.17321831369867574 0.02066152979323084 0.11811897349358583 0.1422160494659391 
0.08067546441665785 0.18811607807815078 0.001932318591743705 0.24490631695610512 0.023036382119679576 
0.059049706632128454 0.12454233324432762 0.05411757892391395 0.008827206293095167 0.265699163992575 
0.09940787312517574 0.14742473604078285 0.05254841788697814 0.060790076201959434 0.1649425767155937 
0.10505850254375194 0.16452609613033572 0.06422992797028747 0.16511450157416138 0.032087300062482844 
0.07912552080765803 0.13986981490696637 0.09681559908511486 0.030249183566729065 0.16618355217553207 
0.08193279464029635 0.20655365490998595 0.14134617992696055 0.07865399248510466 0.03676073609869263 
0.0954075897377269 0.17849422611850066 0.2097673593238236 0.011908329944474083 0.04035336899233767 
0.03297230009209047 0.23791966169641857 8.859429293813105E-5 0.0021613417800927797 0.2499506879575778 
0.06774676061960941 0.24897139827380946 0.005367515102990475 0.058408486360657784 0.1773473055086041 
0.06146467434992679 0.26175344322984845 0.004381492831447934 0.16235196607448046 0.03705813901150232 
0.047194307681230986 0.24889066423113804 0.057253072042430984 0.005922510120527261 0.16425321836754633 
0.09540143927694787 0.3131699333100251 0.07414222355098224 0.08589708217511492 0.0028330589915849243 
0.09273630787042363 0.26738000946430923 0.13447210749870037 0.006738632714327372 0.023019610163867082 
0.056792447561563736 0.29950879017833665 1.1652710557425784E-4 0.002842789229852605 0.16425321836754633 
0.075130631149198 0.3296222026099078 0.003872040602436979 0.08235204785522042 0.025009730019691697 
0.05957925493754935 0.3229318240767731 0.08426311771448759 0.006714227784135787 0.03855472233989008 
0.08863648980630594 0.38480845665189783 0.005328995063100104 0.0066653842882628215 0.031368625426764 
0.09817915469599955 0.007408817244485548 4.53161378406756E-5 1.5435158422982055E-4 0.4149999656216781 
0.10326738993333409 0.003978991015600677 2.012105239381138E-6 0.07487356459223211 0.3475859777870366 
0.13730188469559784 0.005316701032967312 0.0019112015168946642 0.21384969251147576 0.1710082719296137 
0.16213781892532278 0.007613944900162574 0.002145915142931363 0.3428887176277874 0.012951638766130612 
0.10338722183785462 0.018158772810447976 0.047267242671477146 0.007238454258488986 0.3672041848659128 
0.12153779476266133 0.02173747790602507 0.05309186056761741 0.051897244077323566 0.26758909976841216 
0.11651982312913053 0.004431461525603192 0.044463848758939384 0.181143440942963 0.16216120483708601 
0.17291837289452025 0.0029840654629431757 0.06466487262025791 0.2634413767930269 0.0046519600102742234 
0.12492622376469142 0.0019065018752217023 0.09566308945261537 0.0022750390905961195 0.2774959045951552 
0.14176447667184738 0.003925746997675217 0.18197040875039655 0.0049269670175484575 0.17995723972262145 
0.19582026579609524 0.007191292414742143 0.2004832351486855 0.08252810675724179 0.05210462812647232 
0.1569064737030877 0.044629013440285685 0.2708166079691397 0.021125007494873806 0.04018233960353355 
0.19357993855492098 0.0977770486909246 0.0026859000294143327 0.31244020648998067 0.01959614037607805 
0.09697339985797733 0.06227597756518109 0.07048628996036803 0.004115918911701273 0.30083879911987593 
0.09703078155572449 0.10473354599180855 0.07540612339436975 0.09927378267277803 0.20099818058043606 
0.12129492591786391 0.1023722468228306 0.09252373924488824 0.16496430650936392 0.05144475147878785 
0.1393536983606833 0.06826316876961085 0.10906940992857128 0.00247222301353033 0.2149916415475417 
0.19555673955548677 0.09139549801006148 0.1589836901785334 0.09734850053843123 0.05491632641193119 
0.12666126481368425 0.14726305389055508 0.2097845931015185 0.011909308292638652 0.04035668428882944 
0.0813722180548652 0.15223601318486785 8.638991331151885E-4 0.007875294351154078 0.2612099263996707 
0.1282671437222933 0.19336840095193653 0.01984625051917135 0.0350584635674357 0.1505599680673326 
0.12148265888720725 0.21467888516841427 0.011746999891271462 0.13994973174088193 0.03972481561657573 
0.13297475102523754 0.15524334597712564 0.06346703651490014 4.911518188902599E-4 0.17310698862789603 
0.13739979507479722 0.18202232730188778 0.08853675441385135 0.09766391990638977 0.024262832642506182 
0.10837261228577864 0.22201783384287857 0.13636429516771137 0.006713947931037724 0.03855311535561151 
0.11623001245992322 0.2174500601347229 0.0012339716110281412 0.011248870713380698 0.1661382974204945 
0.12759306605935203 0.26139386642418344 4.744980699524384E-4 0.08353060939483127 0.03851430325449707 
0.1044167232105409 0.30105732135979035 0.07456401822169731 0.0065403879905643 0.03962060336700758 
0.15090234195137192 0.30914647506616777 0.0066854715760991685 0.006713653732888188 0.038551425998572565 
0.12100954789350944 0.0012986870498638767 0.020002273615091052 0.0011683525517558004 0.3613437614482334 
0.17214065021462316 0.026167323447893385 5.960053471168782E-4 0.052567698965141185 0.2710443464326184 
0.1894801965123823 0.03911027053723041 0.02066822877303734 0.11815727059095066 0.1422621594322904 
0.24690912003403095 0.0030015985757883916 3.5631043277052393E-4 0.2618466397341776 0.005182222198487757 
0.17465114888129252 0.0024601863303896072 0.07653768392144752 0.004281028733531554 0.26463469662461014 
0.18395702160357283 0.0015277707719949158 0.056226909536510224 0.11640034856747195 0.16581032564456924 
0.1760303797265787 0.00835759610131758 0.08823177279268563 0.20162335517891544 0.049997395614510366 
0.20367666894816394 0.009172198267040818 0.12279931534685881 0.02387950665342635 0.15904696076112046 
0.20328279311714822 0.032426272177364046 0.12607259774562904 0.1310103676940874 0.027515452573429043 
0.2037050145105214 0.057939953756444326 0.200380468096408 0.02066316823189645 0.03930386502255624 
0.2425164543649031 0.07495634939173594 0.003627950058080327 9.94026706977046E-4 0.31197411205682407 
0.20597266287016935 0.06132296719135842 0.001113646170110351 0.09309160633416104 0.1651573445260478 
0.19612378352164087 0.12595000650157565 0.14255494696150553 0.00832423727345188 0.06765534570440226 
0.21023599495135925 0.18613546023443472 0.00537314771365964 0.073776929911179 0.035966703469466794 
0.20114837165878713 0.23483365085025742 0.0709712881383127 7.079942166638845E-4 0.018276746793871052 
0.2016023278976951 0.2615712741683183 0.001439813870902218 0.012367964276314009 0.038088886430305814 
0.2288720310897766 0.004714960837491036 0.018104692100007883 0.0028243074374194725 0.2715081712721313 
0.28236065751602424 0.0013104360320038146 9.898673098998288E-4 0.0977968127266352 0.14986465903580554 
0.3142451746139037 0.004357428508079653 4.5424794915438634E-4 0.19442734704807635 4.264074867238346E-4 
0.3088539596425575 0.013908661055936312 0.04040770588485894 0.005873889910481935 0.17738927469039323 
0.3314594499020525 4.1672419816650956E-4 0.07105265853225426 0.10661820901071685 0.009513168534000709 
0.32262850041835595 0.019851695089061264 0.14538317310844243 0.012011594410864693 0.04070329791902069 
0.2953118219385273 0.08792136255174539 0.004810438417118321 0.1388990111870367 0.04100242015327015 
0.3424249069294846 0.09898026037452407 0.09648217411212383 0.00867687650433785 0.011690285663450758 
0.2457098052378606 0.21754270810116957 0.0041016486898613385 0.012462471980434774 0.03629156916013634 
0.3189085564205952 0.012349003475826688 0.004439112530268645 0.007063296886625253 0.16355509550566896 
0.38328581688297786 0.004659488324762042 5.53113369281599E-4 0.09949575994057519 0.018860962988138257 
0.38987385006453995 0.0041841666957136555 0.06902477094333628 0.0038018552682313397 0.038057313381211585 
0.37345730359667045 0.08589280178339569 0.0053448322397061454 0.004501780563982511 0.05038955785404254 
0.5221590077664104 1.4051641037032245E-4 5.044131380675245E-6 3.3934929663820913E-4 0.003787847762652017 
9.700262924656817E-8 1.7605647854565637E-5 6.597537079774297E-6 8.589025140209845E-6 1.2964059412679354 
0.001120145596652371 0.0709560307645522 0.20246110178915666 0.003080664661312119 0.2463309311822109 
6.534936973151733E-4 0.1562316525026253 0.007793028873650081 0.3138335669390836 0.04918785834616949 
7.461240074590302E-4 0.0013400429076911005 0.3336979586143194 0.0021762367675425367 0.17543546544729935 
5.224347563420852E-4 0.3329732590781199 0.007376878627192653 0.03499591729631372 0.1502913606149626 
1.094995606576564E-5 0.2571794998840301 0.008002466539819843 0.12514737744174598 0.16391477414908148 
0.012864295692555842 0.01828706514396083 0.04190157200871091 0.20308116772324475 0.29034103493499086 
0.12170770056629489 0.0215675721023915 0.05309186056761741 0.051897244077323566 0.26758909976841216 
0.004367504526023886 0.022264525859947586 0.17412671388152948 0.08077715901147588 0.2864361376076445 
0.08392483565782773 0.007575870181311066 0.18111241336493025 0.20161845221349578 0.04999617980545118 
8.298551640451569E-6 0.22415311744756908 7.209238341483814E-4 0.04657831539497028 0.2670726104890605 
8.563893391446288E-4 0.10685765614550186 2.0208793374369626E-6 0.0752000624237886 0.3491016805406715 
0.10712760143723225 0.1677663932525048 0.06549491909117551 0.16836638718296654 0.022288424334417346 
0.006210484279678352 0.11366115031212254 0.24071115200452725 0.004046206969154712 0.17795130721510968 
0.011088142774956806 0.21757222518097555 0.16093833104298008 0.05513141042945511 0.06280593098520182 
0.07351429896688469 0.22721891731673252 0.04817635558183619 7.124965446401064E-4 0.1718515014790364 
3.160328475976514E-5 0.002403752456614331 0.04885859036400556 0.09969800027721967 0.3593588015768096 
0.007306654086149776 0.3344156114131297 9.661717404644138E-4 0.1633531304040598 0.032228811850838944 
0.015614924033010133 5.083612889255847E-4 0.0016043382028737181 0.23289363551339998 0.2680882640886491 
