4.179185677779698E-8 1.5813042424793338E-7 2.5420187122350473E-7 3.2287296404555533E-8 1.4425881712507145E-6 2.848172439136884E-7 1.0435747677812986E-6 1.224941112137718E-7 1.862625407778589E-6 1.1745453969485418 
1.0417953223877166E-5 6.761928116708517E-5 2.540269900288316E-6 2.498114746468343E-5 8.097136447242437E-6 4.3015350581576865E-5 2.6703617446095078E-5 2.7850007991983577E-4 0.2427990356753222 0.3174851829364325 
3.324258149227428E-11 5.759984710515543E-10 6.804418928326248E-11 7.599602508176714E-10 6.14651026352224E-10 6.012911168898878E-10 1.1567748992513942E-10 8.318904138781412E-10 0.5532316363699704 3.3820189578440027E-6 
7.992957841416296E-5 9.089999761534727E-6 1.380359521922945E-4 1.1463371368497997E-5 4.933204328782368E-4 9.256746906073974E-6 0.047085216460334076 0.14285736288782577 0.11334066807203866 0.22173531935151153 
3.066714816774728E-4 9.256868861281859E-4 3.786605067361545E-5 5.700268279852978E-4 1.619925312790857E-5 8.105532186965796E-6 0.10576356059463053 0.20092813292155498 0.011779125710866534 0.2917279435103085 
6.313737928611974E-4 0.0023249363714346665 4.913805918377288E-4 2.796572178656438E-5 0.009767809487324634 4.138964468378531E-4 0.0027751049235820798 0.276245550148475 0.19082253670612936 0.05449254899330651 
2.0759490622292188E-8 1.6510566590074113E-7 1.0223639785419435E-6 5.763116634824659E-7 5.280384635761042E-7 5.876736161759784E-7 5.296190598092641E-7 0.5797066236223839 3.814941399934786E-5 2.7608974689056354E-4 
4.627976200357374E-4 0.001791302214937004 0.0010444324042212176 2.0375497459907825E-4 5.116668453104917E-4 0.0019496892196491941 0.1687153281036228 0.029397761142352423 0.12130674495418571 0.2282880667657353 
8.307134705370294E-6 3.307312055397928E-5 2.219329636512182E-4 7.012641162283209E-4 8.28674269649603E-6 4.229382019877581E-6 0.19893009923705884 0.06858949241839495 0.01655737839253514 0.2532389904972899 
4.923899266622333E-6 1.3348065851328557E-4 9.524688605720151E-4 0.0024395963958172596 0.008086222919608567 4.022823745598336E-4 0.2753639228492732 0.12243234965928479 0.10183425885444562 7.543309381613991E-4 
1.5601376562463125E-5 6.211361993742577E-5 4.287111025678057E-4 0.001348730049585102 1.5937759582019096E-5 8.134302738979158E-6 0.3825990755822622 0.13191707285413046 0.020638267732199164 0.001257104925226741 
1.175185360286107E-6 3.953588348223663E-6 1.0687644191182613E-5 0.0011762101543247496 1.0420453477125835E-5 4.180109885792072E-4 1.0146177520781539 0.009231079539510325 1.0713614806669822E-4 0.003458452425558265 
0.001106582451816518 0.0033751349318583185 9.419984941295076E-4 1.606551044657408E-6 0.014227318465887638 0.09413160396940341 0.023095261680974796 0.3661087867994055 0.006413290145791502 0.04153248922181585 
0.08881648583969101 0.013117949020143217 0.0067062734596805154 0.007027801040734116 0.01769178998108061 0.06287216154566887 0.2737968595451119 0.09099620289483014 0.010505314785957324 0.017216209116467356 
0.007966684300080637 8.137047016894627E-4 0.013151327996081949 2.753013617006167E-4 0.009998359477338277 0.19255881135527617 0.02124069374039232 0.07374890400286671 0.18377870432305687 0.008926268350385761 
0.0037597199498922203 8.275402676089472E-4 0.006501748784341039 0.027221135561679096 0.08966899007033888 0.0019086023447529427 0.025804632031958027 0.04689075375860672 0.10851412503983586 0.26390114811092036 
8.80301178572121E-5 0.0014958740364926456 3.66528665531715E-4 0.007550933078522386 0.13831297337912776 3.8424831858817425E-4 0.014153234233755425 0.23886746588139443 0.18859344705254738 0.02216928233681425 
6.501314258946739E-4 0.0014891277242757826 1.2048669716989306E-4 1.6014707732413898E-4 0.1297233481077051 0.0023778759703270455 0.057943532353216365 0.3602232056705036 0.0017299665709677122 0.02481950245803018 
6.109907872167676E-4 0.003133293742818683 0.00159658782143693 4.3266064431690285E-5 0.32323226717909265 0.008775735302123267 0.43629857901060254 0.048435517636296735 0.27761194126726196 0.048253468061755116 
5.042019288331415E-5 0.0020574857909082937 0.001984969503615611 0.009698054715252752 0.17865545584575845 0.37650416591349434 0.002769311273826913 0.011499867351134967 0.038447281094753205 0.015127991202654506 
2.1523330944096624E-4 0.0036574064333682044 9.143619339060279E-4 0.01853246568617814 0.34344684862842345 0.012311486237889687 0.012701161017731354 1.7525169950471684E-4 0.18244291358458223 0.020318143360640795 
0.001502304186984691 0.003441031653032141 2.784170437311109E-4 3.7006305989028187E-4 0.29976081950459454 0.00505774838616679 0.13370595278451547 0.1404748143533844 0.0018298269803979667 0.026252180822403243 
0.001863095024015526 0.00426742400492919 3.452812108696011E-4 4.5893677953289864E-4 0.3717508717956581 0.006272408699001999 0.16581654865388729 0.03438508393449719 0.0018316064377928408 0.02627771036033029 
3.2276798054728156E-4 0.004403728635255841 3.291146442403111E-4 3.740212195091086E-4 0.5347545626584396 0.002930224356284503 0.004505196077280322 0.017916353409667237 0.005603789165186419 0.004499964409143295 
5.056220028700357E-6 3.9006358424743755E-4 1.2861949217497206E-5 0.07976357069364047 0.007790595088693929 0.0032387664026040973 0.0012385273267816444 0.14039223451071786 2.8711248142848364E-5 0.30391123019947763 
2.435858797448539E-5 7.274450115988449E-4 0.0011260566843485737 0.16583909131284266 0.042912734511149825 0.0119479375683276 0.020906381101638644 0.09762998548981838 0.19001440713178783 0.007825229908682408 
2.0642736500734723E-4 8.547991327029587E-4 0.0021308644623223394 0.13987562017506924 0.020024841125093246 0.02286521174093055 0.014684321924149283 0.3028893018184644 0.02566968999142819 0.007456042827387824 
9.77445985427886E-6 7.540535861179086E-4 2.4864148624978723E-5 0.15419539006480334 0.011888435863187925 0.05716831140273916 0.0012367685231397844 0.013726026945052794 2.9472331723596964E-5 0.2975741623951899 
0.0611576284125605 0.009322752663844174 0.003925327881884412 0.12531313419116258 0.02788701851403948 0.06873530156642978 0.002028734930893782 0.1444809244363764 0.02554951877503208 0.08097002268965048 
0.00799637268043513 0.01987093490555529 0.0019404518330624336 0.18844541416390448 0.36990921706671265 0.0030421300432033767 0.004175413813156724 0.019478917511932543 0.01454424355839582 0.004423572795025561 
1.510479911114124E-4 4.547589063958915E-4 0.004096696106358089 0.23821586346428303 0.06215407130218165 0.017336099849571445 0.051741207185650936 0.1426257848406424 2.6585068870880183E-4 0.0076176828300520355 
1.5955484368001226E-4 0.0041382903055477635 7.560823712137638E-5 0.3955547605668531 0.0012080271916701144 0.1025066747005669 0.05265314196479916 0.0033648635000578576 0.01515673212710551 3.758284110193018E-5 
0.01560180366223189 0.03877038219341646 0.003786035209380792 0.3676777546932971 0.12873582198302733 0.0028683906925071677 0.010342663398080952 0.018576029682122578 0.013870088000489524 0.00980415409402333 
3.224157970984713E-5 8.362329445566074E-4 0.0024497562197031125 0.4825915920580859 0.0014677441054788323 0.0013976499252305876 0.0025918954699905273 0.0029721283084849174 0.0127291052031349 0.031209795257603788 
0.001399239221146088 3.079821941390509E-4 0.011788982943631964 0.026694034847516784 0.09228986741335579 7.992956935703442E-4 0.02643800669425284 0.048102997881868864 0.11111177768432219 0.2560739330107268 
0.08377291391753511 0.007266241169416109 0.012299256032492106 0.004443599762489742 0.009894019440532954 4.3442394425084047E-5 0.01055645035656137 0.17594361463957903 0.022886080074166662 0.24135741836071625 
4.721461099401526E-5 0.03098186163375438 0.05796033572781169 0.0067327852824295145 0.004816530438596004 6.804738098241281E-5 0.04793757280973236 0.2701712124204622 0.20538177508108085 0.010234057357082292 
0.0015854808943770787 0.007022755279599359 0.013813712264168327 0.04957657804648192 0.025569811756836553 7.212971014471968E-4 0.0426669854183093 0.2832203564707582 0.021571420219750375 0.09039377163891882 
1.207750279977925E-4 0.0034343673409379678 0.024901837179644636 0.0017603438352318613 0.07207239714125391 0.04812235519127353 0.22898399558991928 0.16425242885547486 0.01426709092593308 0.022512597358046834 
0.009711706251554018 9.804557838488798E-4 0.01601479500355746 3.3524332091398694E-4 0.012175323849359697 0.18552156470923264 0.02123832171116299 0.07374066818166126 0.18375818105466885 0.008992625846775569 
0.002173511608992855 0.00869153649969835 0.02763766078769136 0.017511357616018908 0.14909845643116845 6.464722526919375E-4 6.668519491575286E-4 0.06578267212181077 0.016849324067495872 0.22342173232702414 
0.00538396492383915 0.010175856490581127 0.024762919840268557 0.002632692709560894 0.15950923108182158 8.747343258017743E-4 0.030411283459571756 0.06558935775479405 0.16934144611215127 0.08152301114992613 
0.0015496944069055127 0.04123964646616305 0.019739365919185216 0.003953122284524729 0.15576507484179747 0.006371882802911606 0.1052058666132521 0.14243758243435947 0.038834925833727 0.014378941967487797 
0.001137974380747484 0.028277733255717242 0.014034951381784769 0.0027469905784714916 0.10823980698000785 0.004720901248352684 0.2334282334083402 0.08337845426354834 0.03881069262498225 0.01436996942808554 
0.057608500916685505 0.009442149800203506 0.034731900967305225 0.13994614716753134 0.11491672914291966 0.008654315658007559 9.254994080282614E-4 0.0012223376579662034 0.1965018619340898 0.038734422238735924 
0.004767658229294262 0.020637543151892215 0.039049100477851345 0.13567780197717688 5.657211140847052E-5 0.0768081751654402 0.005488673368920571 0.1465566559378654 0.0013144681128371828 0.08488836182332658 
0.00227371657365764 0.036743698523474616 0.04974295489638183 0.004427024021860074 0.0041889164441287945 0.0033998694847784303 0.00167390453427602 0.12319901739835165 0.026040851244836315 0.2836742389408582 
0.0010094681733284624 0.03578398195514452 0.06872781855346795 0.005016345601725305 0.005562009639089335 7.85794242897569E-5 0.056266237568768904 0.32656486850029387 0.00880149693496971 0.07087685511493708 
0.003475045817575143 0.011979817162426102 0.03931287337971812 2.0060742598648456E-4 0.14631494767858055 4.3951845082867394E-4 0.004516820052060601 0.06572332943895759 0.016834124257847263 0.2232201831260515 
0.0052762850000035305 0.02283921248805055 0.04321496491694125 0.15015227958393235 6.260737839994585E-5 0.08500228057728147 0.006074219999331047 0.11642033047590918 0.0013144681128371828 0.08488836182332658 
0.007451561837249268 0.024201278022933034 0.4043269728793916 0.0013261266551673947 1.2361495156854732E-4 0.019572834595471926 0.0054723987406371435 0.1235968192252283 0.012956482709300771 0.032314955480772505 
0.04196201165799532 0.09465928196549578 0.007349100418291385 0.046363527074544005 0.02781236551110875 0.002759246283028911 0.02655389966954242 0.04163070105821575 0.24245934383933804 0.023305709328608357 
0.0023931118830886676 0.10658756821264759 0.003586484967549468 0.003545525813567121 0.004384561361319544 3.7816663460186616E-5 0.013417495666950953 0.1527873968271171 0.01625862575678126 0.23363989491497064 
0.0036088957068087795 0.07895741945794464 0.0028734487186136298 0.004709528734168188 0.004245761677111065 8.567110088001571E-5 0.0014580334731204246 0.18168302792269284 0.1580668805779535 0.08595755055295125 
0.01185723876108847 0.10761430384418683 0.00399626466017192 0.007637697212323017 0.018506386034835617 1.58652536285956E-4 0.002307818868439502 0.2879968179752378 0.001741164304327471 0.08716648741573732 
0.019163846964198757 0.07884364357965072 1.7473753787026724E-4 0.014313590902321762 0.010006439401122384 0.006067713629589427 0.18547128436528845 0.20564074272405228 0.021605416727075277 0.1433290801013187 
0.0012632119041488066 0.09745085463042347 0.003289499820945357 0.03162379072750079 0.011120874642506754 0.05216567260835283 0.03336178399934475 0.0036191770282210122 2.8842353585914914E-5 0.30529899350011724 
0.015472551178749353 0.13401668329674027 7.172913378058921E-4 0.1918597435823676 0.006881791628943219 0.16366627087693708 0.010788087660170554 0.021587872819377275 0.021239059278737437 0.0095133889143741 
0.04111602712402974 0.12205614141578797 0.02045583996836333 0.08435187578626387 0.02416330322081438 0.0053223022332265805 0.04392375924879589 0.16016035137343826 0.013099559875464455 0.011195334254486333 
0.053038568963823564 0.20854588838313567 0.01686391121689783 0.010689115911923761 0.08396863363604955 0.12231568553347943 0.06978705204109159 0.011212832570218581 0.012859586623475859 0.017750905078459084 
0.005662083112302953 0.25218531328311916 0.008251126004193025 0.01646080859252112 0.013307698199322307 2.0025095719219377E-4 0.004003271079495659 0.012330690517745848 0.1665123121582804 0.06668913577877147 
0.009337841551800808 0.2977523477080674 0.0012922689146160147 0.019076485549506663 0.010153070570285963 0.0024092358813472894 0.01093017231262916 0.14869085134962798 0.004344649808818256 0.018324372969395916 
0.008022074207917737 0.25685951874142643 0.001114650550860639 0.01645448163748557 0.008757562436189194 0.08796121784529755 0.01218861476388716 0.10792625701573821 0.004341537711131633 0.018311247115475278 
0.0046114131139555845 0.27062432696012373 0.01702317477936458 0.018079085947105673 0.009622224963338498 0.0022832708075442624 0.010358696529498208 0.13647864625456912 0.029686477912776302 0.02244329802830922 
0.09736407111311979 0.010929215821639238 0.0046739501604529275 0.05564599599388276 0.01364991706186899 0.011580239399014732 7.432583794918102E-4 0.05918684847678298 0.007069874144508335 0.29468554900006744 
6.03106318462671E-4 0.0034097481105232665 0.006281380531521069 0.022906823882832605 0.07709808777004355 0.0016366505090696039 0.02220417635646379 0.059710105410712325 0.09612773136015078 0.2843246676145279 
5.122892116381378E-4 0.03952070221007153 0.0013031548839568682 0.012815293493716587 0.004153819602433399 0.02101257498653019 0.013438281400754084 0.14087318337207633 2.8809605734709534E-5 0.30495235445131313 
0.002832695268522365 0.061975276285008596 0.002255428045260983 0.017836929088028437 0.0039985511970897 8.068288072468231E-5 0.006959196104011998 0.18168302792269284 0.1580668805779535 0.08595755055295125 
0.01225625666880321 0.03716148520906742 0.006038737778362354 0.0034305282442170094 0.006456120598797611 0.02926456422803965 0.10311295158302924 0.2965649670852286 0.013833074033277902 0.026865135046264386 
0.00101502835152873 0.003928763795667026 0.002287206713105166 4.4666249274122484E-4 0.0011208474307223318 1.2324498598375027E-4 0.25484672824497895 0.044391163800568394 0.018753089195137986 0.2267727990655088 
1.1498572902021612E-6 4.351185768881215E-6 6.576445819236991E-6 0.003317038724812958 0.008797188353015387 2.1818044999155682E-4 0.2847495786128677 0.13104513681570484 0.051774048587952676 0.06479681504029311 
0.07534843069307007 0.008457937835298905 0.0036170920720702666 0.04306350817665169 0.011550196365881834 0.051434222862250634 0.0012707948721821316 0.059234157084512455 0.0070887339267318656 0.2949360164346156 
0.004173335005523868 0.07861227565989962 0.009246060715259017 0.10326581438118586 0.08352073510187095 0.08170534814024676 0.015718625006818813 0.12359067771304642 0.05339876824687454 3.3820189578440027E-6 
0.07697288932119171 0.011368682610017031 0.004637885918551756 0.00988712989944099 0.029590607422741246 0.06244639682025443 0.2768118707024533 0.018821681156568047 0.02465884672405367 0.02162974471617368 
0.008245980788720932 0.022274742468328584 0.0030042779482813927 5.334882575683994E-4 0.004770828412754731 0.26185633862785895 0.031035860792722674 0.10239538712078158 0.024762785014067035 0.21680488998290848 
0.003902062533608264 3.331359762180588E-4 0.006553965498277494 0.02643216491865601 0.09194065494059704 0.046562615842972256 0.03548859736666431 0.08144655049213785 0.008153205956405594 0.255898606859755 
4.354787276046783E-4 0.02305569061771888 5.97847697967358E-4 0.050631468529896 0.21597637115458382 0.00842787341567405 0.02793229388280132 0.015890524144066647 0.20574425358013743 0.01329413170518261 
3.118050760583649E-5 7.715127196679911E-4 3.6298550590290634E-4 0.07957349440903254 0.19360996430200325 0.04961790307479123 0.027052984602454755 0.15723480817818444 0.013881407924733986 0.011482738396420536 
0.023514126138740515 0.09245676157856952 0.007476448616423415 0.004738914053960065 0.24746909795304714 0.12315140177584445 0.07026386883399222 0.011289443728149643 0.010235614173113514 0.017790498776120912 
0.0019289003893878374 0.06105371781553546 3.022082936556505E-4 0.07635635063919519 0.2956277851010392 0.0024819559099737943 0.00695523818593442 0.042967642658031484 0.0733878144977414 0.004423400514134772 
7.601327903069101E-4 9.073874394556198E-5 0.0012744413291060166 0.1619832131163933 0.04969727159411189 0.007283133718010924 0.03353619386000724 0.06194718801137986 0.20682981287232113 0.007779615903585146 
0.15751538857276284 0.017681262269127918 0.008646477441511343 0.09055841536904036 0.02221390482753819 0.018845706880404947 0.0012434821214681664 0.14570375423532725 0.012882232302034929 0.08023829553161309 
0.006322977389832159 0.10955903980812362 0.012948571731897026 0.14455671056998223 0.11691654980946918 0.1143752793110317 0.022003726395661616 0.1495010791541822 0.0019063409383423722 4.14530551012597E-6 
0.01342029924078695 0.0018551431900860477 0.02454854743960634 0.07179549719976658 0.015585583480103813 0.04117206500484955 0.002190798420447001 0.08261829989774855 0.0036839135773429057 0.29079035938026665 
0.052533598534999414 0.11390481362617107 0.06679459371800572 0.001670486000738969 0.0016558173501099258 0.0364096221831399 0.35298971864884693 0.07298141774986136 0.44815522334971625 0.0023242477765668336 
0.00302897572829556 0.013412515474583081 0.026383805471906187 4.688904403201065E-4 0.05233413613068971 0.002987674695165897 0.04280865761155231 0.2841607662203315 0.020374691910522647 0.09018205540728015 
0.00342002276769662 0.011099206675417823 0.019690911872682466 0.06865259567975981 0.009310436361417564 0.061864611560614964 0.2543547510052931 0.11721451971932426 0.012227216030676214 0.14771057052026768 
0.22050359754655863 0.03333940035531368 0.01636483231100549 0.018690067337422647 0.08389905501739992 0.12221433153889748 0.0700690383502623 0.011210282678142305 0.012867445634734714 0.01787258424508926 
0.0020409409607594292 0.0071479939773486795 0.01284075777684667 0.05696585314079816 0.18618665569693307 0.006163994402669222 0.036587154854643665 0.0934166976334219 0.01143368204126436 0.18610527410767663 
0.001308991311254349 0.004302956978879485 0.04152455165813135 0.0026303484942778927 0.015081602136345105 7.989700255972357E-4 0.007722103414448227 0.1196527444042639 0.09593589723528893 0.23326273195723474 
0.06085962687396438 0.13728914208239082 0.010658771866369494 0.01054208360886121 0.03205225791406447 0.003179883188171889 0.030601943602834348 0.04797714768016701 0.19838862066073665 0.023305709328608357 
0.00553459938904727 0.17518160667081756 8.671271189708268E-4 0.21908949467923913 0.03459613438073857 0.0024819559099737943 0.00695523818593442 0.042967642658031484 0.0733878144977414 0.004423400514134772 
5.68268089751502E-8 2.150190995263662E-7 3.456530121154698E-7 4.390290756548794E-8 1.6853941714763632E-6 8.41300815314417E-7 5.40831471461959E-7 1.3818947515998573E-7 2.1311347026848423E-6 1.343863583553847 
9.994886802709772E-7 7.710584880172799E-5 2.542486793719089E-6 2.500294851098222E-5 8.104202817865464E-6 4.305289007614626E-5 2.6566890550136458E-5 2.7850007991983577E-4 0.2427990356753222 0.3174851829364325 
3.1564486299810944E-11 5.469219005282186E-10 6.460929879685892E-11 7.21597236090408E-10 5.83623263583438E-10 5.709377662405607E-10 9.822610740253831E-11 9.832754807483214E-10 0.5532316363699704 3.3820189578440027E-6 
7.322359199239094E-5 1.590090048706605E-4 3.6010558907402203E-4 2.990542705625416E-5 0.0013474745015228011 2.4487278954312948E-5 0.047958342825831564 0.14920843629521596 0.11838473918333513 0.23159692293670592 
7.445953948271707E-4 0.0029775217325139817 0.009519744698652254 0.006612041841332829 1.988810893185707E-4 8.75533672020672E-5 0.0016662676539866326 0.25058901440928494 0.017489058841334015 0.22406081916483828 
6.22874813836806E-4 0.0029445989426359 5.929646310432558E-4 3.3747128349148706E-5 0.007290607183338446 5.446759259258967E-4 0.002444358347025498 0.2840382929076418 0.19462630108895632 0.055578777174568994 
5.232047903599027E-7 4.161184726857773E-6 4.43808148956781E-7 2.4460924189689904E-6 2.2251049721487736E-6 2.4902263995776803E-6 2.2442242226875896E-6 2.456466818347376 2.9296314370732364E-4 2.0537875418083149E-4 
6.741058104900857E-4 0.002609190668135996 0.001518991398391971 2.9663977487068543E-4 7.443829175656495E-4 7.390972919418396E-5 0.16902329657747558 0.02944177818626007 0.12148837661970904 0.22781486239384904 
2.0373995797761303E-5 8.111375969087727E-5 5.443049640157723E-4 3.187826004743834E-4 8.286725384132796E-6 4.2293731840055775E-6 0.1989296836394878 0.06858934912370723 0.016557343801458835 0.25323958602193325 
9.836047608765513E-7 3.722068011568116E-6 5.625588038243356E-6 0.0028374434893257837 0.007525243715098219 1.9130245784820858E-4 0.24368662824814674 0.11214747953096048 0.11090757452955835 0.06444479053523292 
4.888290007264743E-6 5.36645681336681E-7 1.1304804168610322E-5 0.0012441306257876925 8.786595798369994E-6 3.561949836123536E-4 1.0179887939021224 0.009261749567847926 1.074921052094271E-4 0.0034346353953091215 
9.365971108683701E-4 0.002802414754079699 3.6804602563379366E-4 0.00912635094550625 0.001853702964178207 0.1017441477890077 0.01206231787719857 0.3024903938824196 0.01136375620607563 0.2091830921559093 
0.003535625302073331 7.782154914827114E-4 0.006752518950350213 0.027165536497728158 0.08948584150542908 0.001904704031856246 0.02571259267369147 0.04678313328322169 0.10826507078528284 0.2632954601076828 
7.40521098862667E-4 0.0037975533740223534 0.0020777455830340097 5.3594334028400875E-5 0.40039274021107985 0.0203597843304037 0.3464360664115315 0.04844599024045285 0.27767196581354087 0.048263901303616304 
5.260305178649041E-5 0.0021465612370740127 0.0020709054769969155 0.010117915962663525 0.18639004847804858 0.3928042913919752 0.00288920402758391 0.01199773509810819 0.014810650394725974 0.013515087765319633 
2.14763710536656E-4 0.0036629153946385606 9.155517685988175E-4 0.01855658148737095 0.3438937668130878 0.012327506845159578 0.01271768869835455 1.754797498470472E-4 0.18268032166117315 0.020344582816360805 
0.0021304833192787066 0.004879877591640977 3.94835395262109E-4 5.248026218710902E-4 0.425103937844754 0.0071726143501369 0.005103190115609784 0.14085229043019004 0.001834743989279403 0.02632272421674797 
0.001667941338124518 0.0038204239791190427 0.005424014770408782 7.733550123543797E-4 0.6264379166622744 0.01053229834418907 0.2794016126876728 0.0045764282935107405 0.002919234813749841 0.0016516789588517226 
4.6743348799375006E-5 6.377492069273138E-4 4.766247440226965E-5 0.004628702746327439 0.5279810680591929 0.002893108527383102 0.004448130792701354 0.017689415050403366 0.013208083084751151 0.004503438265462451 
0.04322248286266679 0.0059748216714566585 0.0027399901682144024 0.08747212104663316 0.01946592968753462 0.047979189552658966 0.0014161145086034298 0.1008804326759465 0.004498214028648558 0.23553540244171497 
0.001346340652900237 0.002995825364509232 0.005209042112784018 0.12742055807854377 0.02058644505492025 0.022167935374171957 0.014192236659722215 0.2927392000332161 0.03867982831297006 0.008571593728208165 
9.44906745152928E-6 7.289510933104483E-4 2.4036419503981535E-5 0.14906221552481777 0.011492669061939714 0.05526517460686493 0.002941235212835875 0.013236652582895598 2.870245686382996E-5 0.30381817369395 
0.0064671549785295995 0.016070838708771462 0.001569361913745087 0.15240731605381483 0.40541270423900155 0.0030098809126741246 0.004131150923943631 0.019272424645260293 0.014390062375375112 0.004409723957194444 
1.2152323804965637E-4 5.841014495432191E-4 0.004771701877456792 0.27746629318400123 0.07239509375955638 0.020192540049917905 0.008812363614401962 0.14651168632032335 2.7309390623627767E-4 0.007825229908682408 
8.990364080743473E-5 0.00233178358366229 3.948918917232779E-4 0.40963317644844405 0.001245849886395053 0.10571610466307299 0.05430168409081719 0.0034702156029172535 0.015631281422207575 3.875954005017898E-5 
3.0630159344902985E-5 7.944383796245372E-4 0.002327318451544609 0.4889604706670056 0.0017119399198953335 0.0014161386125964806 6.488614111152153E-5 0.013326138656148994 0.013097138987142294 0.032112157117565716 
0.01709792234767657 0.06617913499608936 0.013910388054634562 0.006003405160999546 0.015075673052368547 0.05702776382451408 0.019935469290296912 0.03285637481551276 0.13163767079264216 0.2523811351482585 
0.00729132492311618 0.03243019299099002 0.02039546431743714 0.012484423687154505 0.00629102613114541 0.005028650753445221 0.03819412577275672 0.19814480668565598 3.244611809271513E-4 0.26425820113572784 
0.0021429961028701593 0.009492222359138026 0.0186711373522499 0.06700958297513308 1.2511414961322305E-4 7.203561146334911E-4 0.042611323097500514 0.28285087401993825 0.022111140450758657 0.09039100337321761 
1.2665946498163576E-4 0.0036016976122047084 0.02611511192770118 8.723133481964812E-4 0.07326128910020283 0.04891617201160849 0.2327612701344484 0.15799398656239014 0.01426709092593308 0.022512597358046834 
0.00973510620454963 0.0010236467822381848 0.016114535395817718 2.110464005648938E-4 0.012321472440076463 0.18641225222896163 0.02134028672055567 0.07409469652844035 0.184640402583848 0.007688998336587766 
0.0014308707561842575 0.041457595794244816 0.019785094083664558 0.0039622800774737925 0.15612591981481555 0.006386643890276192 0.10544958625411487 0.14276755297263635 0.038924890723345956 0.01441225218758403 
0.0012231829326751257 0.035738585188074594 0.06904222582954797 0.005039293741062617 0.005587454012808203 7.893889943776642E-5 0.05652363719037199 0.3280587958928639 0.008841760902821355 0.07120109352993159 
0.0018232022042968153 0.006367002521746223 0.09426423125354298 3.6800810458032077E-4 0.28027670900698 0.015016316598672098 0.004767254280669128 0.15336196549314465 0.0019087338423605987 0.030109945323444853 
0.007714866855826413 0.027019802572326498 0.05333150358486701 0.188254333103506 0.02352270176645316 0.0965681943688649 0.033768904628937634 1.0933115157717963E-4 0.021882278144304112 0.09630915132979329 
0.005412021030428619 0.023426766807265874 0.22316825013749664 0.01053668627044832 7.421424415632128E-5 0.011821522337306723 0.039590415830660454 0.12688315925965332 0.0013508371733532845 0.08723707605847192 
0.041922651487084434 0.09457049200121023 0.007342206996430138 0.046320038302733964 0.027786277642183995 0.0027566581229051695 0.026528992235698167 0.04186281684997618 0.24245934383933804 0.023305709328608357 
0.0023931118830886676 0.10658756821264759 0.003586484967549468 0.003545525813567121 0.004384561361319544 3.7816663460186616E-5 0.013417495666950953 0.1527873968271171 0.01625862575678126 0.23363989491497064 
0.002032157976795168 0.09051092784302785 0.003220657368987671 0.005923928598021559 0.004789184777509846 7.206647021161549E-5 0.0014407003094751855 0.2045042273294006 0.16656167344303247 0.0667089052563457 
0.012925652229030483 0.11731104470325159 0.004532459383342946 0.008336796710789516 0.006739861772446366 1.5890059599020875E-4 0.002311427237264707 0.28844711273361406 0.0010525770189591147 0.08716638643968033 
0.008024701597213165 0.1400380251050526 7.104465528109297E-4 0.1900289133118851 0.03907149236773811 0.17723313706220364 0.011682349751536402 0.0233773666484709 0.04163987151148682 0.010615166928408895 
0.04446162111135104 0.13198779876206992 0.014389538808978178 0.08907889505695343 0.025239730193300017 0.005559400184082511 0.045880475131400936 0.14414373809252545 0.013079141604602017 0.01117730462922354 
0.015598052377180942 0.26196353525290583 0.016211273910251338 0.01817273842742581 0.01187012488095797 0.002310784066381037 0.015832834636121684 0.15281055763959353 0.031312248361686425 0.017057512783695605 
0.09893345498907156 0.011105380754875748 0.004749288238811369 0.05654293803703762 0.013869936207536055 0.007382670230642872 0.0019931342277085427 0.05918385387793249 0.0070827139871453525 0.29468554900006744 
0.0012838517208339365 2.825846102339564E-4 0.010816810885751765 0.030398212421581902 0.09824015272707921 0.002103109860772457 0.028390976389841272 0.05165635567531652 0.11931958007842675 0.2749900576937879 
5.939990091153295E-4 0.04582422861738216 0.001546818572330695 0.014870426960758909 0.0052293589828034445 0.00811632928984299 0.012906856227948599 0.14213868931748536 0.0026048943406426794 0.3051787834090236 
4.1162893180432735E-5 5.680218079408934E-4 0.001217760825710657 0.026617702755586514 0.0041669225994344855 0.0044593741351261085 0.054838636370443804 0.23202858662185816 0.1834048301080173 0.07892184279917404 
9.759532439715679E-4 0.004322903430152199 0.008503121887698108 0.030517190299214205 0.053573136971158605 7.236921087658529E-4 0.04280865761155231 0.2841607662203315 0.020374691910522647 0.09018205540728015 
0.06379781435270211 0.015241799458261674 0.005312559581612342 0.008969732830451414 0.02684498389039756 0.05376961155440752 0.2470333559170151 0.12995098691817386 0.027802782457077464 0.024296858945636907 
5.074701596338661E-4 0.01641118223324132 0.003485052814666259 0.02340299865023155 0.003839639669563506 0.32131641109503695 0.03809379481782526 0.012437523863775116 0.023503842950739665 0.20930129772214515 
0.003481792434279389 2.9725569787569204E-4 0.007044240532581636 0.02651576625711336 0.09223145071291966 0.04669019805069256 0.03516861844150461 0.08152989111686627 0.008161548768640616 0.25616045649775626 
0.001567752344847364 0.0029630993328543173 0.00721069438490424 0.027092065048038752 0.14420339586243558 7.907984973819453E-4 0.027144016865775486 0.08878584030716277 0.1689238240549896 0.08152301114992613 
3.46135723797356E-5 9.978148186736105E-4 4.193307686519794E-4 0.08460487378599381 0.2063610634607435 0.050438209554995395 0.007959379866329958 0.15714309790165867 0.013873311322117204 0.011476040864711044 
1.9749416986481136E-4 4.2522912967312906E-4 9.327193090619146E-4 0.13736548507258659 0.06934473542988068 0.017633247568989097 0.02121834458971443 0.09908681298502772 0.194226206315021 0.004579943946242299 
0.015213204743354669 0.04516158781442706 0.007568797459376438 0.14572303399042247 0.019265966315554276 0.004209519328744239 0.03501640792317729 0.1276812434255719 0.007696145285797081 0.1141606784242033 
0.0011588062110043408 0.005131677013261476 0.025600987877036244 0.07031964193980021 0.007798349598723367 0.04937711545480465 0.013732190572613254 0.08173580196495676 3.1426964537256374E-5 0.32208281857797866 
0.02600542668013496 0.13336148825970504 0.06830295169959255 0.0018415682321140984 0.0016178091388407525 0.08445402918084474 0.4080964461316078 0.09941035831029496 0.27793740651334137 0.047615248308897164 
0.004692448860031609 0.013929901347682478 0.024536834344340036 0.09256630854933677 0.02410441959070444 0.0014316484246746518 0.023780849878858774 0.13811090023571143 0.08311210228698036 0.11380478262679604 
0.22556933659560424 0.034105323016580084 0.01674078976018697 0.012482711972255669 0.08389913162610804 0.12221444313350423 0.07006910233070292 0.011210292914315684 0.01286745738407309 0.01787260056464839 
0.0020860393006706074 0.0073059420357548255 0.01312449790949698 0.058224618317091165 0.19030079189537621 0.006300199182781399 0.030563396065905933 0.09340824398816387 0.011473252964431678 0.18610673991353946 
0.0021792059091907665 0.00716355348942861 0.06912998395931595 0.010345382952623338 6.830475029136033E-4 0.0011027056852459742 0.01065773065867425 0.09160658714546381 0.09585932083149507 0.23307654074344322 
0.06109062353197823 0.1378102319186512 0.01069922792576602 0.010582096770413985 0.03217391433623216 0.0031919526408956678 0.030718095263041242 0.0471965783770166 0.19856837278611755 0.022824093256055996 
0.005378160231339612 0.17022998125639446 8.426171903234679E-4 0.241854908712227 0.03611864362907325 0.0025911820097833113 0.0072575843243978845 0.018432995928900242 0.03405788226155358 0.008583263758991827 
6.737725897524468E-8 2.5493948744767774E-7 4.0982685695164595E-7 5.20539095218181E-8 2.070855173554267E-6 4.2154919523701253E-7 4.557661107120887E-7 1.3831694641323394E-7 2.133100542782849E-6 1.3451032146834387 
4.26879414906802E-11 7.39659434592479E-10 8.737788223756734E-11 9.75891079027267E-10 1.0265981816384044E-10 5.709260358462393E-10 9.822408926493976E-11 9.832552785305009E-10 0.5532202697629086 3.3819494714335337E-6 
7.500901209124752E-5 1.6288614153482146E-4 3.6888608916899355E-4 3.063461486414911E-5 0.001331880681121023 2.4908854690207147E-5 0.047958342825831564 0.14920843629521596 0.11838473918333513 0.23159692293670592 
5.609277080053539E-4 0.0022430630817195226 0.010718685593015677 0.0067522606129275225 6.857192927804119E-4 3.388951766931398E-5 0.0017369386934698106 0.26121719055433495 0.00757156671747834 0.22532499610999016 
2.7285263938678345E-4 0.0010722579912287161 5.7811524263302386E-5 0.0026063562013956486 3.699156514438033E-4 8.049339710287083E-5 0.10217485329686293 0.31266080911462407 0.10418995251629798 9.748019682102399E-4 
3.3026195316489544E-7 3.774770702780667E-6 2.938451371419914E-7 2.6117762455470125E-7 3.239980251500908E-8 1.1924486970627962E-6 1.490437613498264E-6 1.8619735663264037 0.0016432090386438506 1.557932301490061E-4 
1.8602045768953488E-4 9.97294572352674E-6 2.877944307348843E-4 9.658543478563405E-4 0.003385580601512776 1.571908485727402E-4 0.13589826732347818 0.06880958654573072 0.10031625156140497 0.25888331661469033 
2.2970414732003523E-5 9.145072567337289E-5 6.136700374456917E-4 3.5940758086579043E-4 9.342768140978372E-6 4.768355557612184E-6 0.2242808617938062 0.06141820818010975 0.015821919080770446 0.23567045506803222 
1.0987187730067999E-5 2.978487117638785E-4 0.0021191353798895255 0.0011024689679895753 0.008086155199526776 4.022790055461942E-4 0.2753616167457237 0.12243132431917049 0.10183340601815763 7.543246208296443E-4 
7.540712538966894E-6 6.000666084581599E-7 1.2457039162046598E-5 0.0015317857182445853 1.3570620654144116E-5 5.4595609498555665E-5 1.0146752010459006 0.009231602215158024 4.9072752246259194E-5 0.003458452425558265 
0.0035614439209234023 7.838983473967785E-4 0.006801828675833493 0.027363910638868408 0.08942879689521634 0.0019080169025175347 0.02575731484179195 0.04686450365211102 0.10825101428953099 0.2635817497001176 
7.650718752371179E-4 0.003923455098900762 0.002146629869046137 5.5371167276892705E-5 0.413667112328192 0.021034779969144424 0.3320315626453089 0.04843133968914145 0.27758799503778214 0.04824930581781803 
3.6469957931851205E-5 0.0014882216022747369 0.0014357690868101764 0.01364022065948243 0.21505454980772334 0.4532127693383355 0.0033335281391264544 0.013842839471871527 0.04628049385909332 0.01859292760960135 
2.1021564529487315E-4 0.003572142506627184 8.746478813962032E-4 0.018029198722156616 0.3302468790244701 0.011847137030859812 0.03670920248731412 1.795954105933327E-4 0.18696486292382616 0.022124972802006693 
1.056605117605468E-6 2.6167660544875398E-5 1.231107166294755E-5 0.002541728285323318 0.2694745905785232 0.0492031472394485 0.0027045653497350763 0.2035748104894541 0.014408078253642454 0.011918401525175438 
2.6328618876428805E-4 9.276712096677825E-4 8.292855202303694E-5 0.004604872176245342 0.5789881254131437 0.0030250848166710957 0.004876630954064166 0.019034390109536916 0.014471958334302192 0.004934370152025936 
6.022089900543385E-5 4.34347312961182E-4 9.776148924724038E-4 0.0905928439790715 0.00553590960196167 0.0013401329859412424 0.008400097361147057 0.16505130273940088 0.07761591059007006 0.28476318563629477 
8.551325595069114E-4 0.003541035221694334 0.0052738248642099535 0.12900523605999026 0.019693959914738865 0.022282037289167323 0.01426528637561179 0.29424597559684923 0.038878919586365954 0.008615713094420788 
0.006628393903253971 0.01647151640420691 0.0016084892005219955 0.15620713094030325 0.4155204422966348 0.003084923178325585 0.011123422665435891 0.019978319089285216 0.01491712968874751 0.0038500108925527566 
2.759884589343829E-5 7.158167923386581E-4 0.002095955223360052 0.412947926249357 0.0012559312980099525 0.10657155890123653 0.0547410930715298 0.0034982965717943993 0.015757769680388976 3.9073182071996474E-5 
3.06724385939374E-5 7.955349543343332E-4 0.0023305308826419226 0.48963538982999566 0.0014885328662062485 0.0014174458895051848 0.002628606429724567 0.013407415334074944 0.01317701898649366 0.03230801050907666 
0.00729132492311618 0.03243019299099002 0.02039546431743714 0.012484423687154505 0.00629102613114541 0.005028650753445221 0.03819412577275672 0.19814480668565598 3.244611809271513E-4 0.26425820113572784 
0.0023875210987427263 0.01033475289789171 0.019554789121617747 0.06794396730478268 2.832986407419999E-5 0.004520081614373725 0.002931030022433534 0.321341708495933 0.0013144681128371828 0.08488836182332658 
7.172050849523605E-4 0.010271660175868337 0.02086894244653616 0.008652920426301556 0.11665696852999902 0.0047025355390006365 0.21970658861145023 0.16699940953104198 0.03950260393162848 0.052770759905056745 
0.001533108347581824 0.04079826704340217 0.02019733140126979 0.003953122284524729 0.15576507484179747 0.006371882802911606 0.1052058666132521 0.14243758243435947 0.038834925833727 0.014378941967487797 
0.004343366270650497 0.019195895263939285 0.06865338537652771 0.006376894323996891 0.028625654368719833 0.04652915146424454 0.02599715458866248 0.3012302504130363 0.011185275931876291 0.016468042132570554 
0.0017393871978267775 0.006074303030544846 0.0998104982368108 6.376628513344453E-4 0.30046260147213144 0.018547089733919355 0.0051163851826351294 0.1645934623228848 0.0020485203795920157 0.03231505370449932 
0.007157244021252487 0.027577425406900426 0.05333150358486701 0.188254333103506 0.02352270176645316 0.0965681943688649 0.033768904628937634 1.0933115157717963E-4 0.021882278144304112 0.09630915132979329 
0.0010838770618494444 0.02775491077584505 0.22316825013749664 0.01053668627044832 7.421424415632128E-5 0.011821522337306723 0.039590415830660454 0.12688315925965332 0.0013508371733532845 0.08723707605847192 
0.018243466125592606 0.08108320987570367 0.011276093559710496 0.004755970555652616 0.010589537233628819 4.6496255242615147E-5 0.005214413341029453 0.17996688756688248 0.03478489527692975 0.25445338851239696 
0.021584236973021996 0.08566987826325025 0.006544058347992989 0.010998019228233099 0.03675937082170448 0.012259909799756495 0.08035928640133017 0.11273602851099541 0.18072933442197214 0.004291369892859962 
0.005707690083520393 0.12487600548007458 0.004544535528082082 0.00835900901435924 0.006757819251907727 1.593239658285276E-4 0.002321051457554531 0.2892222054891447 0.0010554054224549982 0.08740061320664254 
0.004474870764452356 0.26261123411358656 0.021786539857270457 0.017869611863016333 0.00951073665209345 0.0022568155950109746 0.010238675059705734 0.14033296340386797 0.029686516388017156 0.022443327116006984 
0.0020907569340727454 1.7849697340009959E-4 0.003511668173735335 0.014162569566800901 0.049262552863931316 0.02494862937325571 0.01901507994446664 0.1794899937394685 0.008153205956405594 0.255898606859755 
0.0010172804465302763 0.00389995837376191 8.173146887306159E-4 4.206540881509983E-5 0.015219430907387194 6.561870165330669E-4 0.004399621775648958 0.2346270368704431 0.22169422385151483 0.054365482336780034 
0.001667432510950253 0.004989039859381323 0.0013641477427501342 0.018727918666300063 0.0701451360176849 0.0034820160949361437 0.04512769827598661 0.34278317087400717 0.013336806542613214 0.05731510100945094 
0.06685693949177847 0.011283946257650859 0.005140894232041437 0.008855910713783397 0.0265043323965258 0.0553270955287085 0.2470796801514173 0.12997535561104306 0.027699472577150223 0.024296858945636907 
0.008027728204103664 0.02168518008151749 0.0029247614609257647 0.00877515235361523 0.005801005019410268 0.31839961602549005 0.03774799301913624 0.014374343626384272 0.02382837710853344 0.20862389567862133 
0.0034814035479671756 2.9722249696716196E-4 0.0070434537514122335 0.02651280467374793 0.09222114925198685 0.04670466996338093 0.03516861844150461 0.08152989111686627 0.008161548768640616 0.25616045649775626 
0.006445872482756495 5.55279943725167E-4 0.011447557677600351 0.04134002951920976 0.16802725523583442 0.019363878286538985 0.03756431159356883 0.011459507311879917 0.19312123399215547 0.08496686077951944 
3.8580070886302274E-5 9.546032986616107E-4 4.491269585942564E-4 0.08405421963893252 0.2050179543666496 0.05254151574806698 0.007964025039667267 0.15723480817818444 0.013881407924733986 0.011482738396420536 
0.018436843305152606 0.054731210944241576 0.00917260597757455 0.17660136631017348 0.023348374525583127 0.007459494422788716 0.0427844744693927 0.15600614750509273 0.01275978638070361 0.03034927892343412 
0.0013892897111969775 0.006152354041605581 0.030700706334027147 0.07882016939766366 0.008931459845079094 0.05655167396222116 0.013262965459640046 0.09244852310647925 0.013756804720104446 0.381635335329821 
0.02846897850342242 0.1440570640696762 0.07394281276788599 0.0017652851958635792 0.0017497841070862473 0.08469501067112678 0.43278999775892235 0.0894803048239112 0.2893708175657116 0.00232267699176697 
4.225246143527516E-4 0.015589122808204259 0.029908736336416848 0.06466917825689253 0.005564623534722046 7.861635310277591E-5 0.05629268018253505 0.3285724033915461 0.008838335117060338 0.07117350629984648 
2.0093550354698128E-4 0.010800885575235087 0.04478648012957139 0.12301136416504065 0.013641787641582298 0.16213021469536823 0.004110165866624659 0.13830903547734738 6.128559663797853E-5 0.08591437839229474 
0.0016677551481247953 0.024038578883021924 0.04881887189208917 0.020241840949356386 0.2728965119615235 0.01100067627454563 0.0029173639303413114 0.16700150075014242 0.03950309859565209 0.052771420717100136 
0.0020254931289252504 0.053730176733162015 0.06553923376651957 0.025321754040511492 0.012127868543027493 0.009537785236336442 0.2836690088308647 0.13945082550233195 0.09085382345422764 8.829550197925052E-4 
0.004514786736702077 0.13996306061799357 0.009558834603180147 0.015077919694303037 0.04211366803177278 0.002580360650652083 0.04200606434717869 0.11346426396373895 0.18284053297038708 0.010752802866699355 
1.448298281687802E-7 5.480015471399633E-7 8.80937488019007E-7 1.1189174042132024E-7 2.8776615833013963E-8 5.776035574951074E-7 1.0496763968667485E-6 1.372780910488344E-6 2.0177172361157628E-7 1.1014534652049541 
3.292975832158007E-11 5.86950239850907E-10 6.923241917536861E-11 7.732311486907414E-10 6.253844443033887E-10 6.117912358048499E-10 1.17697522095714E-10 8.464174009307989E-10 0.5628925107887547 3.4410778732886515E-6 
0.0019688530495840747 0.004275471274114239 4.0579052195565264E-4 3.4149656041505784E-4 0.014827718965748261 3.1909221199817817E-4 0.029807893174370145 0.1551638269092634 0.14952896732931706 0.23516678230396762 
5.984717514617199E-4 0.002393195900287017 0.011436109232383238 0.007204203282655723 7.3161589328632E-4 3.615781268475626E-5 3.317306268288384E-4 0.26121719055433495 0.00757156671747834 0.22532499610999016 
7.951092738451165E-5 3.124625346108287E-4 1.6846631639767177E-5 9.261630480488309E-4 0.0031176723833091337 2.7997896514938285E-5 0.10265520079316644 0.314130699523119 0.10467977345771666 9.793847365697017E-4 
2.849546658866304E-6 2.5870408969324905E-5 5.480181195688643E-5 5.168184959433649E-6 2.0254669398696515E-4 8.349838611436577E-6 4.054624672066677E-6 0.5209972949781888 0.03699097389906166 0.007209200425992212 
4.5176463453065107E-4 6.244928449316046E-5 8.2637244992324E-4 0.0024168363142621704 5.246541301729704E-4 0.0013859663310083821 0.16489989083125572 0.08261829989774855 0.0036839135773429057 0.29079035938026665 
4.71896697962938E-6 1.44426155038664E-4 0.0010233871947037067 5.324117727946008E-4 0.003905020775979827 6.334930333517518E-5 0.29239503366588115 0.14037695097096048 0.10894848913437777 0.0010193228720889423 
9.505882520186691E-4 0.050327300173605934 0.0013050166682311 5.172579650494245E-4 0.15348375264432687 0.005989273880906025 0.019850103333887474 0.011292611613383272 0.14621229144499065 0.17351293058400458 
0.0010740256631772977 0.0037842573165352052 3.382911709152149E-4 2.4744561940056686E-4 0.5361715405579879 0.0028013776367447054 0.047281509710098486 0.019358471097551552 0.018325695027648543 0.004958855203891827 
3.0566252525948216E-5 2.2046116665811645E-4 4.962068678805823E-4 0.08303831307368417 0.013623988919941344 0.0013734581464654471 0.008386676772037171 0.1647876051153278 0.07749190592683403 0.28430822784905246 
6.366233020359529E-4 0.002636205943041793 0.006571599507392977 0.13290431442709338 0.02027245999377384 0.022936560827787743 0.014684321924149283 0.3028893018184644 0.02566968999142819 0.007456042827387824 
2.3353189455149145E-5 6.056994278386206E-4 0.0016167113346291229 0.32661586386503183 9.93362745710822E-4 0.1895567195514395 0.05430168409081719 0.0034702156029172535 0.015631281422207575 3.875954005017898E-5 
1.6303106431237344E-4 0.005185884966764889 0.002480735499679264 0.43757371664833766 0.015469837039231172 4.546971726921478E-4 0.0074662144054687745 0.04023278814387045 0.0016793115467188464 0.02010926259942336 
0.008634803827573834 0.038405688612198036 0.01784937555454566 0.013475603314956838 0.006790491472551546 0.004811444130418495 0.04094592610428516 0.2124206916207459 3.478378747820032E-4 0.24117322018540846 
0.0017509511746462481 0.016081685830896142 0.0248785039792206 0.008916458766621308 0.003190555217948984 0.00450219596836183 0.09999473509220563 0.538505203900934 7.11225216571951E-4 0.015361257893218084 
7.129358111403386E-4 0.010276067055705378 0.020869203773993383 0.008653028780891078 0.1166584293452287 0.004702594425628843 0.219709339846415 0.16700150075014242 0.03950309859565209 0.052771420717100136 
0.0022000838941071245 0.054877900651553714 0.026330931953792443 0.005161809361269084 0.20751874510785148 0.00848897048698171 0.00316903832864078 0.13127824695884696 4.346840024163647E-4 0.08752937442027224 
1.0600783821148884E-4 0.03937584844485455 0.0737495898129105 0.008566895733823666 0.0061286246828519625 8.658449562582034E-5 0.06199821193255413 0.35698528491692805 0.009647901851352007 0.07769280006955577 
0.001946216135001251 0.006796592835513498 0.10062436705417 3.3266385985938576E-4 0.2990233345967246 0.018547031726913618 0.005116369180869414 0.16459294754811152 0.0020485139727360016 0.03231495263745687 
0.08811374068021867 0.014442020287286072 0.053123370101057055 0.2140513695808394 0.17576820626112435 0.013237006926412968 0.0014155760615371003 0.0018695980923625225 0.001928554661899033 0.038734422238735924 
0.00283579022968387 0.011339886193755474 0.1046622557501812 0.05404849654191436 0.013942651198271434 8.15722865239329E-4 0.01920195000256701 0.06591680405268481 0.017512682076054074 0.22436346788771816 
0.040567279289113405 0.08694338670916134 0.007643751685882797 0.01322962446522514 0.04370729512227809 0.0012069499645177486 0.057716631729319595 0.11144058383743966 0.1794620455863943 0.0105541149267906 
0.005554088171646814 0.0958640224206628 0.0030676866161743416 0.049650130240086916 0.027219693270502433 0.008544125918267375 0.040623669745076196 0.3127784766082526 0.017433231812843147 0.1215939794278142 
6.850008394041579E-4 0.0528445916344286 0.0017424965607408234 0.01713580259153946 0.00555422571812851 2.1789413697520136E-4 0.015440008341701712 0.14218523606355152 2.907793019391287E-5 0.30953757162629525 
2.773467649250128E-4 6.615110475065194E-4 5.163416553917172E-5 1.046195492659057E-4 0.058705710660388724 2.160067064890708E-5 0.10281171854175825 0.3043914400002506 0.0014618353493051392 0.05880616448648817 
0.10659926924153806 0.014796430873871311 0.007986631435419809 0.011876515658705128 0.021605896640520678 0.041616651821130037 0.2618000109103048 0.09027061852305124 0.014978813008356545 0.017216209116467356 
5.733404297461209E-4 0.018541374493895577 0.0018815385221750294 0.024108806293974546 0.003953440031398397 0.3308396807226426 0.03922282983334937 0.015412207579031976 0.02434647152487061 0.21680488998290848 
0.0016380469150079375 0.005736936887549418 0.011076580601271336 0.04735987377586756 0.17922369436986543 2.8454578612830485E-4 0.020840574030514432 0.08004298475020527 0.021543550872402242 0.22844516234637746 
6.636175611023532E-4 0.0012542572550030132 0.011695777884800012 0.03141170358211587 0.11295289781066563 0.0031073243266829214 0.023785899234804824 0.07780171451655601 0.14802544064124792 0.11684417017646563 
0.019080344746436596 0.05664149528863337 0.009492757592967938 0.182765286666407 0.02416330322081438 0.0053223022332265805 0.04392375924879589 0.16016035137343826 0.013099559875464455 0.011195334254486333 
0.02815272763636183 0.14437331493673677 0.07394281276788599 0.0017652851958635792 0.0017497841070862473 0.08469501067112678 0.43278999775892235 0.0894803048239112 0.2893708175657116 0.00232267699176697 
1.7060013129438308E-4 0.007906315225307645 0.034130696322468616 0.11621779810408987 0.07014278388462529 0.02966127141870433 0.06192755370342866 0.21327297251077243 0.022167414619487454 0.0022851949143902293 
0.005728951136950942 0.052617961518641156 0.06858516734797229 0.02649858166788422 0.009481924407614549 0.009788213145955972 0.29111713595315714 0.1431123022351296 6.185891923422419E-4 0.0769405935293552 
0.0047553370260873355 0.14742036850392454 0.011934218678099554 0.005011276708244465 0.04211531140980219 0.0025804613426174093 0.042007703526249905 0.11346869161602467 0.18284766785387768 0.010753222467290128 
2.2545136609484546E-7 8.530542291385923E-7 1.3713235914814068E-6 1.7417783374926548E-7 4.479551921845105E-8 3.9404931761462386E-7 1.469237944123799E-6 1.704290963298948E-7 2.0125903676752952E-7 1.0986547544102376 
1.8454230133430933E-4 4.007436250158197E-4 3.803509703132313E-5 3.146966013658959E-5 0.001368185386473349 2.958458843570691E-5 0.04989375509975851 0.1551638269092634 0.14952896732931706 0.23516678230396762 
1.1347449481707545E-4 0.0015658760286513251 0.0033570233729642023 0.07337750434940404 0.013604944999981562 0.012582845573853786 0.007917387804635108 0.2840578455744705 0.01019725342957584 0.17911038491421552 
4.198226005024939E-5 1.649821454169979E-4 2.0425821717754116E-4 9.316058666022112E-4 0.003135994130356789 2.816243284677334E-5 0.10325847862060203 0.3159692518500734 0.10529308257103975 9.851228611810466E-4 
8.646337050800262E-4 0.0016454489506039184 1.784218087987404E-4 0.009661405548001366 0.0018637307134980502 3.7928222140738135E-4 5.248258161231059E-4 0.4865108300632284 0.010088244409445826 0.06884992336230039 
4.1761699836760944E-4 0.0012605755732438206 5.1564972184085205E-5 7.867083591423775E-4 2.2151794885485337E-5 1.1083973132935855E-5 0.1446272048564089 0.16500115163801143 0.011917388147837722 0.28792293868446645 
9.945053122123783E-6 3.119695839687214E-4 0.0022088775880048828 0.0010027060441673093 0.008093159323056246 1.3129149223733598E-4 0.2693836167727416 0.13279494883649515 0.10285834514883709 0.031651362049920306 
0.0010483485890433349 0.003693785869725255 3.302035359803491E-4 2.4152985804466346E-4 0.5233531165040405 0.0026562587644110526 0.046144348801403855 0.018892883244726946 0.033295632443649296 0.00496101003972301 
3.062631228323191E-5 2.208943517254951E-4 4.971818668282652E-4 0.08320147540194862 0.013650758752686553 0.0013401329859412424 0.008400097361147057 0.16505130273940088 0.07761591059007006 0.28476318563629477 
2.4073541895277384E-5 6.245873970265755E-4 0.001251868620150342 0.23176144407244334 0.019262738349204618 9.102822761689643E-4 0.004075356077130081 0.4034527079968715 0.004997941087788344 2.8588319277516173E-4 
2.3323740172038864E-5 6.049356172266093E-4 0.001614598300854477 0.3261931829253081 0.003265343306922513 0.19061778053955988 0.05460564270918931 6.948580141278779E-4 0.015163955782665913 3.87574955296526E-5 
0.0016519251024434535 0.0037780793541646296 0.0025183429204461392 0.4442072408110899 0.0157043564673623 4.757822002643071E-4 0.007579630307040211 0.04084394631483422 0.001704821212360237 0.020414733353917077 
2.0997777864043875E-4 0.008045261219616833 0.01631667169787879 0.001168117079013515 0.0537293620773938 5.174292545902415E-4 0.03873839701934574 0.22483464463166186 0.006059688675907877 0.27353809078976526 
0.0031809827279887675 3.961430109345386E-4 0.02034740304931291 0.004871086760741296 0.07552668498653216 0.005167234083466482 0.0340196152035943 0.35732839456382937 6.801372335719368E-4 0.2228916161652945 
0.0020416171489184053 0.05092517761115761 0.026224209226783236 0.004900781389605352 0.19702471223555112 0.008059691024559772 0.003008782962904772 0.12463962624876065 4.1270243054414816E-4 0.1096613988920669 
0.008367315706994751 0.03745811314896947 0.05842243098408441 0.0051994801257939875 0.004208570114270498 0.003968267627132997 0.0019537518143028245 0.19479603991948158 1.5720833871006132E-4 0.22083301428286298 
0.0017675567969680564 0.006172677148537029 0.10142694207917965 3.3266385985938576E-4 0.2990233345967246 0.018547031726913618 0.005116369180869414 0.16459294754811152 0.0020485139727360016 0.03231495263745687 
0.009625375656168089 0.02857368025187232 0.061800421473520335 0.21447537932301866 0.028355678031138035 0.009059261144535029 0.05196005321296539 0.18946330009763956 0.006701383748662972 0.036325548336555775 
0.02824252607163237 0.0038259892859977846 0.24816141708686662 0.01171671595158889 8.25256817962071E-5 0.013145444002642087 0.044024244889413394 0.14109311959445095 0.01104526737304405 0.09888937004529148 
0.03865651391288176 0.08284825349028743 0.007283722215781839 0.012606493981454126 0.04164863139939939 0.0011501012370837796 0.06707519157461161 0.11155334472592907 0.17964363382842982 0.010005776950263674 
6.873754886559152E-4 0.05302778465079522 0.0017485371637826414 0.017195206198749126 0.005573480202483766 2.1864949685151993E-4 0.015464327994386247 0.14263378524019488 2.9169661811119197E-5 0.30876358148602895 
0.08444878648933807 0.012768371734587997 0.006267427131088511 0.007157949002242887 0.032131781352572365 0.052228134320085016 0.029181337700518152 0.3381255295819168 0.012555270736586901 0.018485080630573216 
4.165175578463304E-4 0.024492430950480763 0.0026634444531244902 0.001705623461879424 0.06973811447732726 0.04658228995453627 0.2294144589591621 0.1623548081283945 0.014180886817959421 0.029161350232605757 
0.00494354276947477 0.013353916882978685 0.0018010927880202708 0.022891066965292885 0.0060218788604221385 0.33052271296006297 0.03918525159428457 0.015397441596480946 0.024762785014067035 0.21680488998290848 
0.0028738620094432583 3.617221082660919E-4 0.004605962422700324 0.01757140546021515 0.10900846811854026 0.049402853703821074 0.027936062157774704 0.08432825730395431 0.19304619098494655 0.08493384437519047 
0.008243357583335996 0.026659857251897387 0.007304396843837264 0.11621779810408987 0.07014278388462529 0.02966127141870433 0.06192755370342866 0.21327297251077243 0.022167414619487454 0.0022851949143902293 
0.02815272763636183 0.14437331493673677 0.07394281276788599 0.0017652851958635792 0.0017497841070862473 0.08469501067112678 0.43278999775892235 0.0894803048239112 0.2893708175657116 0.00232267699176697 
0.0032120772766847587 0.01425187078495595 0.028549994048458323 0.10525753795923443 0.007611648177115309 1.0753647880262002E-4 0.02401480821966539 0.25609992849668695 0.10767054034962924 0.07635177130491642 
1.7268781388419193E-4 0.010154540373802173 0.07233661219699225 0.00561208884066349 0.009677945623954309 0.047665304395510866 0.22944716724469086 0.1623779555247937 0.014104272746418694 0.029161350232605757 
0.0055689880896452205 0.17264439341851753 0.011790819624601816 0.0185986094341053 8.778976854197324E-4 0.002559012472401109 0.041658534264870685 0.11252553652980396 0.18132783268627428 0.010663841367368683 
1.0061693408472487E-5 3.156285107898612E-4 0.002234784349005583 0.001182464730991866 0.008572865091523154 1.3907353181704047E-4 0.2853507897565008 0.14066610278729597 0.10895506702632317 0.0010193844148947524 
0.003185085941402482 3.966540037487761E-4 0.020373649572562342 0.004877370073240976 0.07562410837214295 0.00509569083225593 0.034039197515605586 0.35753407931572817 6.80528732988923E-4 0.22301991665153834 
1.1629937718112817E-4 0.0030163959553312918 0.008836574546316417 0.45726963082709715 0.0014173877502638057 0.0013499349427215379 0.0025029722254791818 0.00287015996317373 0.029425785821987228 0.03146945655883931 
0.015543848294357366 0.06701753162993825 0.035397399360202655 0.006768464568752977 0.035201435626352244 3.703393279302623E-5 0.0015975148871519797 0.2777147745666943 0.12830229561892334 0.00930855117414059 
3.062631228323191E-5 2.208943517254951E-4 4.971818668282652E-4 0.08320147540194862 0.013650758752686553 0.0013401329859412424 0.008400097361147057 0.16505130273940088 0.07761591059007006 0.28476318563629477 
0.0020659525632699465 2.0441395450923047E-4 0.012914296554982914 0.0030916308494409275 0.04793604399377091 0.0032795926419295486 0.039818237036327454 0.2916932145603168 5.44562471501069E-4 0.3315557879856681 
