1.8578327041049254E-11 6.455469749853057E-11 0.5050585715948963 
9.099686926930912E-4 0.041492539804109906 0.45921494663618206 
0.0036774703877499575 0.08124729837425576 0.41984430030134273 
0.0033283214338382834 0.12414254216523547 0.3736728943603804 
8.491263715754274E-4 0.16638504803106682 0.33788849100921853 
0.004581126597440823 0.20888914005318407 0.2881471884823602 
0.006407700615352057 0.2518453131036271 0.2449447453645938 
0.0035165852724780397 0.28755405965631886 0.21007650473597395 
0.0016632942053178864 0.33099446900970886 0.16871925738332091 
0.001867424332807787 0.3716162320997154 0.12795194995035925 
0.0014876301370977275 0.4150975922386205 0.08457191541751023 
3.6828128600561405E-7 0.45854483914056654 0.04303615495412717 
4.028280583862977E-7 0.501558819991836 2.1633418082404095E-7 
0.04347357304967224 0.004262146249338547 0.45386973954459015 
0.042531080199429395 0.043504167002502696 0.42232200510274837 
0.03880532912548479 0.08898882656670998 0.37374797365344936 
0.05133097544780119 0.12422134468547784 0.325678239355606 
0.037153086339911455 0.18099366547593299 0.2827147194917783 
0.0400119858995914 0.20644091760691607 0.2549165761937564 
0.04974003471370712 0.24682711834335827 0.205050136526168 
0.03989721270030352 0.29725765346125715 0.16459744499572748 
0.029399757552765884 0.34606362848318 0.12600353175191648 
0.04912077769603265 0.36597862672255405 0.08610787862801365 
0.040107351108168605 0.42419738645274135 0.03722996751522388 
0.04331662081224739 0.45814038650828265 7.615377732523726E-5 
0.08338256414075011 2.9800588117350053E-5 0.4179896943066705 
0.08486443989548755 0.03997995264747888 0.376575294497716 
0.08211882347450693 0.09255014942350802 0.3270945937753923 
0.09219840411386514 0.12531110044162816 0.2840189232143214 
0.08372022246710926 0.17455892558854902 0.24496953294926102 
0.080792633342085 0.2068379037731313 0.2138436332463432 
0.09540324572815258 0.24003692933368498 0.16623875504017394 
0.08744684849547212 0.2907826923826454 0.12325874402768644 
0.09262709166874483 0.3272159026186952 0.08188054210385594 
0.09017677262581733 0.37115492622247054 0.044060626567721396 
0.08326790273149073 0.41320390305326976 0.0051053286896348875 
0.12541057327518035 9.22306907935123E-4 0.37483846549005223 
0.1258550108976786 0.042651517235276146 0.3404592196506633 
0.13005343201876537 0.08447712736394203 0.2867868541318381 
0.12559099800905477 0.13045654291649494 0.24737745997987184 
0.12661580071225356 0.16058796162813152 0.21422011053766296 
0.12770467978444708 0.2077346562444402 0.16623833922894007 
0.13059606382887634 0.24933786169458177 0.1214165388423876 
0.1316354980200387 0.28881624111522675 0.0843342770636889 
0.13339171742045625 0.32269844112927476 0.045207819353738396 
0.12647821863984848 0.3746332796376592 7.610130658828062E-5 
0.17035221915908869 3.092172788828361E-5 0.33842240580789074 
0.16533600657762232 0.03686415426347443 0.30490593693484735 
0.16928047987262668 0.0850831563236179 0.24701766739344244 
0.16590120681258985 0.12447212813791318 0.21147409514697607 
0.1764473904958922 0.16003928935670508 0.16474923757069507 
0.1688784568136593 0.21942257664365497 0.11880566084097244 
0.17165716981907372 0.24778624809284708 0.0817446330954739 
0.15711849589401095 0.29905586172999116 0.045216165196041824 
0.16776527751521042 0.33341264553870364 9.072733220736629E-5 
0.20960284288645925 1.1876874098180076E-4 0.29159734638776513 
0.20578167651964344 0.04203354091258031 0.2533174360348826 
0.20611306591770237 0.09045408713936302 0.205050136526168 
0.2157310093821096 0.12132489124576623 0.16454384535074407 
0.2185680594210107 0.15991741286014916 0.12651416606696447 
0.20375459390109665 0.21149557456553797 0.08568387360372062 
0.21664381390635873 0.24542069247923223 0.041497601286748134 
0.2119711383769543 0.28763576544389097 0.0014926986126178588 
0.25161567625064146 8.992641578108237E-5 0.2496325238175515 
0.24891429488012518 0.040609444056837814 0.21365843552346245 
0.2532273669891509 0.08365980132836343 0.16446147366364383 
0.24807390544147453 0.13041006697558696 0.12651366471600253 
0.25097904135133353 0.164270960802335 0.08568383928624108 
0.25728904518351725 0.20637734324602644 0.037584049735291135 
0.25799439744850666 0.24278173524371865 7.47868096127584E-5 
0.29178993099418593 1.035876833660245E-4 0.20944218747080123 
0.2909766102153051 0.04575665047445038 0.16488252662716657 
0.2946061872184567 0.0835754210687183 0.12325451485043529 
0.2893263321028493 0.1314298786282955 0.08456410344793545 
0.28901066239523016 0.17126064697071927 0.040850281234445285 
0.2919542169278825 0.20806113798513015 9.054609800780821E-4 
0.3348817221782877 6.777329514983947E-4 0.16593589574160827 
0.33431246943834986 0.041886031585245655 0.1252906610131097 
0.3379678102423509 0.07953263552691946 0.08390975578053039 
0.33506751536890894 0.12851600282629136 0.03757733240773223 
0.3328643085379777 0.16825005969808754 1.5004447846480245E-4 
0.37548796855071515 2.1276540272280553E-4 0.12575995475357327 
0.3753088164581152 0.04429635355476597 0.08183416004963258 
0.3758515783793979 0.08186558297821003 0.04371541121185171 
0.3743708379979651 0.12523606582288008 0.0014926986126178588 
0.4178331514498413 6.787803430346412E-5 0.08350906687033689 
0.41389572411940956 0.04885062787339381 0.03844177037128969 
0.4196374221453571 0.08155914921132486 7.484959868016767E-5 
0.46001256550022246 4.995358802491627E-4 0.04087165215483958 
0.4623961138256629 0.037054890067139155 0.0014033559498481838 
0.5084743887337694 9.775776824210262E-9 1.2008587665671972E-10 
