0.0013897435189787343 0.07620354435288332 0.11125826682985356 0.16648694512826623 0.14744473894600113 
0.15917966933344985 0.0 0.09823001504129392 0.09272359943531375 0.15255425254846802 
0.08853526608562486 0.3403099411929196 0.03877254412159921 0.03364143774187857 0.0 
0.04056497478212462 0.15273398137149838 0.12887726059998414 0.07881329957313071 0.10210566940759859 
0.13980423417203136 0.1332744708060974 0.11811687177240382 0.07384007464565497 0.03700535603545371 
0.138678523054673 0.0494067031974506 0.0 0.2934867113990918 0.018750039501191095 
0.1154014709950584 0.0 0.12688391033537766 0.25884768525194557 0.0 
0.0 0.3463482220720438 0.12828808866524163 0.0 0.028549467982608736 
0.04463580695367692 0.0722347433363878 0.051409856859979244 0.33196837117478556 0.0 
0.03198448376383608 0.13990197579135802 0.2464619054835224 0.04974777370662563 0.032892594519786066 
0.0951900788002024 0.1640494138655075 0.21964303627154508 0.0 0.022016265508592224 
0.0 0.28248330461432286 0.007122566984438089 0.21557190629270204 0.0 
0.1525476168171334 0.0865602411793122 0.11179364756682532 0.0 0.15055754649110464 
0.3334235542951975 0.11981671165934431 0.034481179997260566 0.011454212353331866 0.003957741448129168 
0.0 0.22179652396225816 0.036440047288884156 0.24263808148478483 0.0 
0.018356776856324693 0.0 0.002692500536064115 0.4794482874207845 0.0 
0.0 0.4256540089974021 0.055159199424686 0.019703642972661462 0.0 
0.19466534050516113 0.02018352497013555 0.08613210568414165 0.005313652798390289 0.19493772218454822 
0.1449957902920082 0.1778648827191121 0.024887104279832456 0.13066865325140595 0.021893571817956595 
0.004684132792862498 0.08064248510232576 0.2773905616525524 0.13054323883823796 0.007684436106534182 
0.0 0.30786518618685016 0.13542594875060085 0.042369040226985774 0.016517069002875053 
0.06890517979614381 0.3553967928423146 0.012708324543358601 0.0 0.06500983473988127 
0.013497395547564626 0.22542017081832388 0.025871316470931993 0.17094132920267027 0.06653806705954728 
0.0037920419270878703 0.02673201053077928 0.014298027234305448 0.07469865194430181 0.38158753644754134 
0.08214569939752756 0.06682464028480758 0.09118976686097525 0.015231727103460893 0.25181057841145577 
0.2914267536595532 0.08248002130660179 0.012339815999727057 0.010595298616714184 0.10479400932689494 
0.005005399535542653 0.13026236967614765 0.029788699987516393 0.2520103534723151 0.08467486315337461 
0.04052204079748423 0.03274560551768621 0.03248483412448211 0.09484659195569428 0.3021510363713224 
0.0 0.17409492739555432 0.018907148567478223 0.16257244223300177 0.15158009604697578 
0.15335118484990573 0.013196091699324324 0.23380214472210117 0.0998452850210911 0.0 
0.01895854924470355 0.09931977084884534 0.21864692303900568 0.04389213541201795 0.12169144112503846 
0.27753999991164047 0.09517468614292718 0.016722370726481726 0.09091319909012946 0.02084611646553037 
0.13846459559806776 0.07722664972697563 0.07341364903285176 0.19079140120725244 0.021294983475776547 
0.0 0.008852712657732556 0.30189130538118014 0.19008513725502274 0.0 
0.007623220736398272 0.14156047786373313 0.10659361999105481 0.2422183427044687 0.003948385777444141 
0.18037389036896515 0.01753909271569094 0.08193606225039649 0.2217069477365366 0.0 
0.12819346612930368 0.2805723636576482 0.0 0.004780490219666226 0.08772443911317987 
0.10448673315081233 0.0 0.24511885995596497 0.149273555706801 0.0039553905564441065 
0.1706195240633412 0.0 0.0 0.31719085360910526 0.014466745559439873 
0.03049364647050254 0.026512548676739044 0.20745836905051435 0.08169688987293285 0.15464610955408298 
0.08492573625824118 0.05741262444539317 0.0 0.34547446350950906 0.014626281013493695 
0.13276967178306126 0.0 0.20707599357391798 0.013153586891886882 0.15380296466247298 
0.031230463621426736 0.11286195239813318 0.0712804920250287 0.2848611998700653 0.0 
0.0048860637615292255 0.0063236537915239135 0.04764581696769142 0.32366722626916694 0.11932930411979054 
0.011120995385232145 0.05285290615219114 0.23324178816566987 0.204974821705391 0.0 
0.009164572077470958 8.989546503597979E-4 0.23527323302155687 0.020769682665810585 0.23463303378001243 
0.022189473756560666 0.08354711643679674 0.385965617631852 0.009007323003987284 9.881843479102538E-4 
0.1287092165028983 0.1941118093630203 0.004237311378888901 0.058624186655478805 0.1166687349460474 
0.39685344077753476 0.05259807184582187 0.020917985409467363 0.00830411367825495 0.022916191366549495 
0.11151613771246346 0.0 0.06972075508875744 0.16903720686571538 0.15052377143998047 
0.0 0.38093438777773786 0.02227839296330458 0.0 0.09785007476936061 
0.09511819115080195 0.04723701893909594 0.007284590342524741 0.10936199831915526 0.242038231768705 
0.18832818891728617 0.02496059903589899 0.2661429975712938 0.008464103358347852 0.013778222038530179 
0.0 0.14704736475312738 0.0900126490813697 0.015035109243751722 0.2485600962669759 
0.022159974185159918 0.046826977017033485 0.010083415153376985 0.30005002988811613 0.1230360457611438 
0.1378529197003739 0.09620694583257085 0.015096659767879397 0.009709348890893636 0.2421893534273445 
0.2700226949337892 0.04877546782526563 0.04762851333755124 0.11895220509274833 0.018890725402523453 
0.0 0.182914509509264 0.04549515913151326 0.21888719737446052 0.057594360417574916 
0.15645167212134586 0.2233494993908482 0.12322443983668949 0.0 0.0 
0.012565387595708105 0.02791588258192094 0.22019281126239693 0.12187688874015366 0.11886310115353664 
0.1260016607572664 0.19751596788091627 0.0 0.01484105321415335 0.16290521732036273 
0.0 0.23965081455266496 0.03105561510705651 0.07634413483169032 0.15807624480945873 
0.3829845023292151 0.0 0.04159308368662492 0.07143781202097997 0.004591809102993317 
0.11013922333110197 0.05968708023973112 0.2946744803586898 0.013963387316350702 0.02199703182714752 
0.08616062603735786 0.03908392513822568 0.02998610175092358 0.0 0.34686763232171275 
0.25580174346149215 0.02074224174088362 0.15289065506574406 0.051888590391731854 0.020888341374364683 
0.0 0.4730086954107024 0.0 0.0 0.02845156659874263 
0.061547801258865234 0.061825498403643916 0.0 0.19536416708653168 0.18209536081271774 
0.04805311124431116 0.10845780126385336 0.012064347646293437 0.27801170016437227 0.05407753170053407 
0.0 0.2158738874452561 0.002184035938260757 0.02132331701459759 0.26118099449039817 
0.0 0.3125983307855641 0.06161268649609859 0.001840783379175792 0.12426065739858753 
0.05366407208299351 0.23644188181444314 0.053896584079396515 0.022180844314253195 0.13620495219509443 
0.2275047193463981 0.10655284805843918 0.0 0.16653372059417051 0.0 
0.019336903953742712 0.21880932224208474 0.09091425939122486 0.06968971517482042 0.10448779202482496 
0.03426518650659547 0.04009211133700102 0.08178654073918296 0.09553829935882784 0.24975500762045927 
0.049828756806751064 0.06311059948238242 0.1932189788431954 0.0 0.194601300633428 
0.0067800516001111834 0.010207861579987269 0.08345529930391851 0.188449061180035 0.21374823778752733 
0.08976742623278644 0.028270859876067662 0.12055225590267162 0.22864362691708265 0.03377202086700759 
0.0 0.34480391851674497 0.00869392621091465 0.1492001687273007 0.0 
0.0 0.33193211560244246 0.007782123541810739 0.0749076744820754 0.08682132882641912 
0.24022695883822195 0.26131432171993746 0.0 0.0 0.0 
0.003542788615442657 0.012803077306812991 0.1844608917165565 0.29942199515025436 0.0 
0.21833745317100103 0.12329782532359576 0.15972981498996536 0.0 0.0 
0.011511366563515228 7.15434410632066E-4 0.4895801960528845 0.0 0.0 
0.2092661496415319 0.07520039177994503 0.20325490453032546 0.011454212353331866 0.003957741448129168 
0.08534184467201668 0.14759465248143502 0.04327550446768699 0.0970362449544558 0.1282003990244606 
0.021309487990382563 0.10508904471179334 0.20031230017106696 0.005590397629994248 0.16824517257283667 
0.02828437181113901 0.1050105449553657 0.01624149987455816 0.024580650253989617 0.3273348749820317 
0.010113770476387394 0.10783003665212403 0.15970053363762773 0.19147743950832863 0.033179324806014446 
0.017237977326797552 0.00169087653517563 0.4425339909102599 0.03906645240514315 0.0 
0.01795268923719198 0.0327917463774759 0.03625753441780998 0.3998459297530449 0.014430195410777114 
0.016628336618595346 0.08576506907078604 0.003066798446655384 0.33075853654192083 0.06489208246302412 
0.256399669639425 0.0 0.051161882680959565 0.19317928744248486 0.0 
0.07619785894609796 0.08119653570974349 0.023478317793314826 0.025056391564939245 0.2963976329909695 
0.04620446936865584 0.08017659761789074 0.20877560490341376 0.16035044028295792 0.005712381282455053 
0.006416213696400046 0.21168011677729817 0.1906938312596765 0.016309554973611164 0.07530518173783093 
0.20049587956300782 0.10832714970850706 0.08666245677635734 0.048308413335324596 0.059822693963114924 
0.07801553005838469 0.2937416472862111 0.119730622868352 0.007646648542954591 0.0025632664212044973 
0.1484717419524385 0.21195739738111702 0.06104970271909171 0.03620545937567169 0.04782495252520945 
0.28687920065109646 0.023262225072489696 0.015839698444672166 0.058431099571995986 0.11628446990034623 
0.10805493037634671 0.18741510689892657 0.07020004786216807 0.016955816664152835 0.11888638329262416 
5.547091543176648E-4 0.014731268315476652 0.18227853169588024 0.10733653541335059 0.1968505037492186 
0.04773806952010653 0.0 0.3686115943839736 0.08597114478639012 0.0 
0.2962391611281538 0.03926287913753848 0.13450151168116076 0.008297653102238171 0.022898362637069746 
0.08208253638797414 0.14326101708328637 0.1220169330742082 0.0 0.15581337543758364 
0.11654453299715406 0.044181690391988125 0.0 0.15801124335989866 0.18209536081271774 
0.2404181173634886 0.12562345035798791 0.016844695884310763 0.03237465907312138 0.08695513655161116 
0.04117662789802118 0.29354788730585185 0.045123911194300384 0.029103121618386955 0.09298183704233394 
0.011188757317560142 0.03186841398178799 0.34302870000412145 0.045739597417966335 0.07224051635688059 
0.0 0.030322223788945887 0.16051174947916588 0.14971000322815337 0.16013114619677396 
0.25161738293360486 0.0743316399246251 0.0 0.006449280100406311 0.16829432066652852 
0.0 0.18624906995559654 0.1713202646706431 0.131959841472912 0.01073124564968059 
0.03173945520839874 0.3356095504069195 0.06760469096037709 0.03301198191682199 0.033097557814702076 
0.13606876566665924 0.2651430309400541 0.06646111941469694 0.02145403532632363 0.01185568924631546 
0.09122149691804472 0.19612786474539956 0.07147057371386412 0.08944371662087901 0.05771884467977129 
0.17597530697057825 0.09814771301873146 0.025691902023430448 0.1978593589731515 0.006577417324328659 
0.017492387660977708 0.14019306455770356 0.07724028210782631 0.16032273737263786 0.10605975006110899 
0.07458767087848228 0.14030576480006876 0.0021741165268879563 0.022395249019756296 0.2612699828250438 
0.23197749146007937 0.005131221729586365 0.149228332004562 0.018334241219705318 0.09820401912817185 
0.32424001730056173 0.0 0.019453220435908445 0.14512046093189387 0.012186710926178568 
0.22268780056355833 0.05709999608154006 0.09522984150619708 0.10790368639867304 0.021429216523292875 
0.05454627581338373 0.13037391407155202 0.09169636723365894 0.16544309690871087 0.0588172025073207 
0.003218280183999087 0.055406224219073937 0.19058395380145496 0.2443328029653642 0.0076888113175759 
0.0032116779977641686 0.0045849728755143065 0.3994131722345038 0.0 0.09344371637279504 
0.23931973575818416 0.1405242421268295 0.0761829354165033 0.04764460725655144 0.0 
0.18990485224199016 0.19824575062695798 0.04215413524556745 0.07240144088061902 0.00465374828680116 
0.08401042306275568 0.3163134319692181 0.0 0.08174233163530631 0.021391270518604684 
0.05495696553225016 0.02559368890747223 0.38391813897026394 0.0 0.040287107605332266 
0.0624415170505698 0.07305993367819047 0.14903977473141225 0.12087441851081107 0.0957394789352321 
0.32736778075705175 0.0 0.0 0.0 0.17390997730608224 
0.014509547596548036 0.006390549927669782 0.09326147993283815 0.3311369300663903 0.056665695985551094 
0.01678158379818378 0.07540068810448608 0.1577073309934686 0.05658542832855371 0.1948025999756549 
0.11006229584226 0.12900366640155714 0.02588738559795045 0.1710475038511366 0.06657939501641193 
0.0 0.0 0.358081598078095 0.14359062400319983 0.0 
0.27869348503739444 0.0 0.05908167339712231 0.0 0.16401890281579853 
0.14695188394679948 0.0 0.08995420206106146 0.01502534664544721 0.24839870120591948 
0.09707085480594244 0.0 0.1369515140779121 0.1415078615578266 0.12553148735200118 
0.013669060536978618 0.17324580256983127 0.006168636603498248 0.20317543371240118 0.10464006813555395 
0.0 0.24818489449382358 0.10430470705858164 0.1487746214315824 0.0 
0.00883754139391753 0.22999144741758099 0.14418325830819825 0.08499691849564131 0.03453320106060132 
0.0 0.044532995595888726 0.00867169521452547 3.3108695593231526E-4 0.4481931856423627 
0.17876311364516062 0.12475799010062627 0.01957684981655437 0.012590762988378152 0.16606530916537476 
0.03799618629961642 0.27087454178024045 0.16832264537792452 0.005238104344902735 0.018692352507417163 
0.02557406311702729 0.0037143425317946463 0.3305157064565227 0.10295991924897425 0.03888322924849176 
0.0018210337334418616 0.0 0.11893261751024808 0.001095497717982124 0.3792825043509861 
0.0 0.38819736304256564 0.04215921351845485 0.07241016302073863 0.004654308919906595 
0.08600079009522354 0.22348624527081368 0.05749724815708505 0.12892552322628634 0.004902426775385336 
0.3669507549983359 0.012756896630793912 0.010645889955803409 8.978428802551979E-4 0.10975320247502358 
0.05493559308118736 0.2709182407471884 0.0 0.006447396674861322 0.16824517257283667 
0.08650169799473217 0.06990147641629602 0.24393630190031407 0.09984280479428954 0.0 
0.13159929975600293 0.01067101596545974 0.007266100919600213 0.024580650253989617 0.3273348749820317 
0.02399972325796 0.25587796802276713 0.05150699889344791 0.13658098831834226 0.033097557814702076 
0.07079251177344179 0.10605765946023071 0.12299402625933095 0.2037373916836565 0.0 
0.31978723651068386 0.05776467074066538 0.056406335264013514 0.0 0.06716163586289016 
0.018999510582163596 0.170855992948021 0.016715739661187643 0.2919912125556329 0.002886201722977275 
0.09856533329715998 0.1153267417866737 0.07679145160534384 0.12348369626370435 0.0868849669608043 
0.175684724784372 0.14196971771543845 0.13136294754972846 0.029870102611181146 0.022016493712059916 
0.2410566740494396 0.0 0.0 0.08661589447769417 0.17407189193939024 
0.09564690244667265 0.029471779485940954 0.007831895385395813 0.22266240836783777 0.14555990411205968 
0.058193273033557785 0.12511658729818578 0.045593492219630424 0.21936029944681343 0.05771884467977129 
0.21760086184865443 0.04348106658295978 0.016908008023629077 0.05335987381070599 0.16927064211152626 
0.053334077044559204 0.09674406456142007 0.060584359013115624 0.12071908815510826 0.16928687621919983 
0.016090722394002856 0.17986970835832805 0.10679088400083656 0.17977188653156434 0.018695906437329553 
0.0 0.42784804978930535 0.0 0.07562584798706841 0.0 
0.05605747206068994 0.08002732186946888 0.3193508360413781 0.0 0.04758998137734665 
0.031051126119859516 0.18049904794393087 0.202807471356249 0.06124273422041746 0.02637383376172141 
0.1722567446231411 0.08202924724871075 0.046200515802595855 0.07922888357254602 0.12225336956382833 
0.07285502572307558 0.011999090454358848 0.22270743614295016 0.19317928744248486 0.0 
0.006725307924845045 0.0013438529571380131 0.3231017970225072 0.0 0.16917927506338148 
0.07738916436063534 0.005236978699172371 0.0837271546560026 0.22143119497301747 0.11381601417723404 
0.0 0.0663259281074642 0.029175925514572328 0.18839742147053612 0.21738583571106673 
0.1391768303289899 0.11246791853183251 0.2132083199717371 0.013973977375005046 0.022013714731660115 
0.19087686613374175 0.20763222848504842 0.0 0.0 0.10362932069381238 
0.0768163909252637 0.0 0.006452816873169758 0.4143633764608377 0.0043797738861378116 
0.07582554916626678 0.13850026279305003 0.1531384753739143 0.13053551248383155 0.003948418589936971 
0.08497350911009421 0.008262605256287027 0.04567056551488052 0.094795485993702 0.2678538271966254 
0.004724173154578326 0.024003540530116597 0.01345658913442315 0.14765009767040393 0.3106641582254566 
0.20070626741410913 0.02945560068150038 0.14088983845160669 0.08234267153657412 0.050484505895823 
0.005642936294786737 0.0011275731477923818 0.2711017662988467 0.053337288961333974 0.16919899741519967 
0.21845581075948006 0.06966013291836222 0.14113005642763185 0.04581105180263682 0.02611756014098207 
0.11394047141419336 0.23429090255645066 0.0 0.0832829460342241 0.07252836975901533 
0.02777625488696388 0.1905321979312336 0.028289923812668955 0.06954522557313311 0.1871381741601728 
0.021150424191019115 0.046291161997683385 0.13452643606901418 0.21235545281570878 0.08652676326852851 
0.07981421115421734 0.19076813130760895 0.1334912665759228 0.09250717973883778 0.006806740952761574 
0.0073613129281082665 0.0784841464119523 0.0750594909242507 0.06693138169815571 0.2741984805769307 
0.4735577553153886 0.0 0.0 0.007367689936796659 0.02134065110393308 
0.0 0.14199029610982014 0.004192690745514422 0.1130694742294914 0.24227247673612543 
0.010964312807786683 0.049263331771427846 0.05204565797301046 0.21977372981588386 0.1689850012298497 
0.09249884047424425 0.14618298614628442 0.02613454833664984 0.22736555993833188 0.01192973737532419 
0.24672490903680275 0.00857729305077679 0.007157925675812602 0.01118286607829996 0.22736159309851992 
0.23041749783305543 0.16080735744359537 0.025233666264830597 0.08380959267374803 0.0 
0.03787091805574743 0.03060324995583925 0.10679665155996643 0.024793268708938897 0.3013452200591362 
0.14419820232519462 0.0 0.33827930011587776 0.014503786583560253 0.003940343271536523 
0.29689829923005473 0.0 0.093349252734437 0.03361759870879566 0.0764652758877586 
0.12900461411739017 0.0 0.0 0.2823001830949334 0.08985902572876238 
0.017074539689173697 0.09925366784058708 0.003484161540995334 0.3757717347327056 0.005713268869208941 
0.33226015840783435 0.05169218891559643 0.04169819409604167 0.07161834342196807 0.0046034131220272405 
0.10811555646493352 0.04098629012832243 0.14910184659325595 0.020577603169874836 0.18212040075623404 
0.04210373352468107 0.03660688089977583 0.28644563372954485 0.016931990472072646 0.11871932499869735 
0.2556971811718383 0.11598858952861336 0.0759737081174417 0.0 0.05298134341258656 
0.0 0.1307955223608687 0.0 0.07461475873911202 0.2956508814114813 
0.3786354940252161 0.015034934020464274 0.07496081044347074 0.0 0.03263928272974787 
0.12407048053962383 0.003974019666324495 0.06002091236079019 0.2934557942798675 0.022259174988255366 
0.020465473638877872 0.09195263172493996 0.0 0.22005717969460084 0.1692029471060184 
0.2164535051007662 0.0 0.02617746645471984 0.25921689956156946 0.0 
0.06977871052977651 0.08407775287997964 0.20850784390813512 0.08677091051377725 0.053643834307188554 
0.05186215228257902 0.29567189605397326 0.04503587297161191 0.11071185505600815 0.0 
0.2345453751906891 0.01901862280365531 0.0010952281938733902 0.1407683542897223 0.10616389689079414 
0.13235246212454213 0.061987864811912693 0.14375069878985244 0.16237207086627722 0.0 
0.022338175879121798 0.23816304012543554 0.02401358097170186 0.11409035665400176 0.10327501031112027 
