0.08629820054836594 0.17134775557931808 0.24263386837854894 
0.11947814853597705 0.3352394869060732 0.045404868810514094 
0.15441397510522123 0.30877829090955683 0.03719035251292757 
0.0 0.4029110288714102 0.09807316174292904 
0.40119591342289523 0.0 0.09893926334150899 
0.01618045065222353 0.2106590977250956 0.27329397462120525 
0.21228661018766182 0.25613460882712585 0.03177786689044048 
0.4485605320167118 0.051594301882501165 0.0 
0.47286036270095716 0.027380503886518207 0.0 
0.19740789374790374 0.19399042429854746 0.10890377761057204 
0.13039678577929875 0.19851319465101552 0.17134614691874886 
0.16013195616900475 0.2770819595805166 0.06299604879542911 
0.05154922592761386 0.2096246488041172 0.23898119792165398 
0.044416166713568246 0.27780254772014834 0.17820973129042667 
0.3653799513761117 0.003002449470656855 0.13166514511950667 
0.1437229686647146 0.07349340189143946 0.28310729979596627 
0.19529550832451775 0.02590852614387448 0.27924920629777056 
0.09910629641493099 0.0194346767240562 0.3817081718857128 
0.31050424382703473 0.14030834131948886 0.04991790886693309 
0.06588505381786554 0.2799497245042275 0.15460127766149506 
0.16559181351694588 0.16115136512517816 0.1734331404349036 
0.2354318869021329 0.0649571249393261 0.1997198243123192 
0.0 0.15504955060070008 0.3451058756898489 
9.917813930550383E-4 0.24117780792893234 0.25792453473234106 
0.32337126337178607 0.03544521448152323 0.1413600378909786 
0.16748872906499745 0.3325540698155754 0.0 
0.10959519392266828 0.0560420071138314 0.3346856141825896 
0.10823631935522221 0.28277450713796143 0.10901736589541776 
0.19483443695722044 0.14026905948331894 0.1649942017469562 
0.3954283767799069 0.04334350393692797 0.06133773736231224 
0.11960052826938182 0.2503531633132618 0.13052005610461379 
0.20505716010158226 0.23199674706295842 0.0629729939285458 
0.2712215967298438 0.06429194641263875 0.1645773059872921 
0.005598135726925759 0.3744012602842079 0.12018408922267312 
0.267853143626693 0.16976916996878644 0.06305489287542097 
0.3225255677599175 0.09289102384836544 0.08459723096444795 
0.19277680217820847 0.10064690014594284 0.20674234648104334 
0.16805041211737434 0.13177216335560024 0.20053881064307993 
0.14214795477795694 0.3584276086746303 0.0 
0.15537144533080274 0.21640188346265743 0.12863755080435177 
0.4049576272777373 0.07704829285626917 0.018087393757807026 
0.09603298392899677 0.13080741093962758 0.2732949944652974 
0.2225870675441779 0.27754903229073524 0.0 
0.35730430020989146 0.05818963996261268 0.08461298256051891 
0.11789019341164558 0.10321269459298638 0.27912151843804067 
0.06131086340318464 0.41003154679202825 0.029046290804929518 
0.10260649506792427 0.38811787741798276 0.009786304447677991 
0.25217380035631765 0.1254152681029594 0.12250587824002572 
0.38821451597503404 0.11181018643632683 0.0 
0.029055248345900706 0.15613845203982762 0.3156434751520095 
0.06412413062729581 0.15475883278643016 0.28128215175150334 
0.20106687516700492 0.16922363801557858 0.13063096883068842 
0.15246490941107332 0.016711909891536182 0.33103159721734393 
0.1828167207646956 0.2546277574860379 0.06302926943652387 
0.026906257180335187 0.4323941283743154 0.040857702325735795 
0.26029033543258123 0.21243679253049452 0.027873735063103165 
0.2894342530404058 0.21071442376597158 0.0 
0.26004734505899285 0.004148484480486066 0.23590920567353718 
0.0 0.45859677870564053 0.04145774982120887 
0.5001131392574294 0.0 0.0 
0.31384559598216866 0.07124700766750086 0.11552356781888976 
0.12905604797932185 0.0074728607047810595 0.36351743379823753 
0.1854260174283891 0.0764488494153363 0.238219302401121 
0.45466370951741514 0.0 0.045399484151238324 
0.007367386096392785 0.4927280748522642 0.0 
0.220138053043552 9.677803462983253E-4 0.2791252367087605 
0.12591085814014752 0.12373112508658639 0.2508804733279074 
0.0778732878575282 0.2225127383869194 0.1997178392766252 
0.3601157279871625 0.1398971903125119 0.0 
0.3543054037729587 0.08351579280330103 0.06308354896689129 
0.0 0.33500331328771416 0.1654156362151975 
0.06603842601199969 0.383993683388186 0.050547129515935076 
0.2353704932898744 0.09143635818899079 0.17334498102188475 
0.198040801135017 0.3014929537534656 8.804332382913021E-4 
0.01968314294433296 0.07445317818732697 0.40597612500909436 
0.14387825228782603 0.2537715537356116 0.1026720420268177 
0.014476214921657403 0.2813243258698903 0.20450262902694635 
0.3377153768225591 0.003426409838102249 0.1589388772544416 
0.31597181969826665 0.1749118862477426 0.00935287244127122 
0.049717838186275336 0.1133782990142892 0.33728828689132806 
0.4226487385533797 0.04632716906309014 0.031201944488573455 
0.055329193828818984 0.3460584770421536 0.09898655280787255 
0.0019747234766759364 0.11657512702231658 0.381736757452113 
0.0 0.0 0.5000701164320382 
0.27588473071662756 0.13960370692015064 0.08461186200035088 
0.05733105832540619 0.31103724185372933 0.13166010533897993 
0.02090024307213535 0.028918510642680376 0.4502767237142139 
0.0658397128455967 0.08021240830124972 0.35499173880025653 
0.04623284177062606 0.04792305685155579 0.4060605556905141 
0.04622489739228288 0.45381790148829004 0.0 
0.2914787311992887 0.010034456067753477 0.19854718616774264 
