0.0 0.0 0.0 0.27445274602387926 0.16312968373796569 0.038613533279706354 0.028993467743051025 0.0 
0.14679623442994832 0.06561430248009903 0.0 0.08495624284692392 0.052384840912627115 0.06675350675308031 0.0012459890703169119 0.08701218775554943 
0.03819171756501645 0.009664154906928424 0.01373241965945872 0.0783845505822463 0.009738934012689262 0.13296587884496935 0.016742022515137723 0.2023529457734285 
0.0027092407879762822 0.07638027256755023 0.0031447636156549993 0.20282650981309852 0.020070361457071334 0.19144919133721525 0.010155547183799001 0.0 
0.2571272919578376 0.0 0.09772495632516787 0.007110020125214331 0.020497807109613363 0.06111232762524479 0.046043895894310224 0.011513113012672245 
0.04996279433455964 0.10183346621238519 0.07892403622540604 0.03835060724282164 0.006166693735146246 0.03726329567082187 0.03591547732343983 0.1584161307156717 
0.06529598888545045 0.035056101271643623 0.247088769502334 0.13852188160303913 0.0 0.0 0.015856377499646985 0.0 
0.05086924835864699 0.010546718797609158 0.0030563287435846935 0.0 0.2310798174718515 0.0 0.1860908876427634 0.023366712431358096 
0.01165708084589866 0.023759298579398132 0.0037548448413407933 0.09931384807796888 6.581841411005859E-4 0.0 0.2312004583470236 0.13906853813944342 
0.002200059896412955 7.002528918570415E-4 0.035022169614499124 0.05126696645059232 0.24618458671413648 0.16585728177647607 7.863914357561115E-5 0.0 
0.0011716954731109553 0.002080723201554326 0.005305263798857549 0.05535391370730014 4.948926269286598E-4 0.18367277928724648 0.2246383543814859 0.027944559975942654 
0.13522186499397204 0.04303951095091368 0.13892462165944985 0.0 0.020156683388341916 0.16683086393959576 0.0 0.0 
0.20548076512563251 0.07757740199025526 0.027809238726378582 0.05120736818231255 0.0 0.016420648394856907 0.11771372478242426 0.01182763107137484 
0.01991252400493471 0.0 0.2663635190599138 0.007815581443038726 0.08440033472563223 0.0 0.0 0.1243466649764359 
0.0 0.024900390191735067 0.12157947082062193 0.11532609643948592 0.013049211776620356 0.002682740719637007 0.042360653191319195 0.18075840286928568 
0.0 0.06518913581987294 0.11030921723053409 0.04703909607282738 0.08728438756385716 0.10409657754599458 0.07184369869226581 0.01710293651465204 
0.03425678546257859 0.020018902140997493 0.02207615598377634 0.1241490227602764 0.0 0.08187332868317164 0.05904223889720503 0.16154521509051253 
0.11297238718737684 0.0035403148868029966 0.005728398222659242 0.008632205697232314 0.001898447407520112 0.028849935859152753 0.1682141606922085 0.17462615307712856 
0.2132304897745513 0.004332635172824963 0.010302857807751972 0.09581433745340871 0.028966117920700092 0.1551250402904011 0.0 0.0 
0.0 0.31546046246345044 0.0 0.005171597125283467 0.08292682904884907 0.047866839202145836 0.0 0.05063464532706125 
0.14180916299120888 0.0 0.0 0.20589731767821923 0.022096213249838906 0.11603277327103144 0.0 0.018341723752357344 
0.11873600206059326 0.06428673795228579 0.0 0.0024205136076414883 0.2572065041678869 0.0 0.0 0.061368461798435844 
0.13402958741686707 0.0 0.0 0.017345947276413174 0.14222261447839885 0.0 0.017776300279146916 0.19237737718121092 
6.706065913019519E-4 0.002063714472530216 0.07400470999017192 0.001516541935086794 0.17618107976972858 0.06865756744136985 0.18422694551889818 0.0 
4.521497492362925E-6 2.2821922505234197E-5 6.725108199652282E-6 2.1485269581463407E-4 0.02701232082630058 0.005148176086643707 0.06598912916623578 0.4065240951438109 
0.008557442207728827 0.003548880244821289 0.0019197690378177624 0.37649356571544124 0.006697431599768561 0.04036739979126309 0.02744385386520062 0.03582444616207588 
0.0 0.0 0.0 0.24428771864045953 0.09226944662469945 0.1700627167604348 3.764440938839497E-5 0.0016410691811696342 
0.08934288849218834 0.06651830966295262 0.006197365545130537 0.11549716358443442 0.010478664847085387 0.09160565333134306 0.10102913053606957 0.020313385811421215 
0.07247171677697412 2.6255363101677806E-4 0.09735982438448439 0.0 0.0 0.30743080941146417 0.02496608369405673 0.0 
0.1216812069613289 0.0 0.03458972213242996 0.03338447763601845 0.13232793789475528 0.1467983033072551 0.036699142663892285 0.0 
0.0 0.13596527814153844 0.0 0.020814974343978644 0.06324661257138853 0.01234469758895613 0.2076210950709656 0.06331574880529048 
0.33214321282505815 0.0 0.0930509867419298 0.0 0.07490322395626076 0.0 0.0 0.0 
0.038542619911162236 0.463020979816754 0.0 0.0 0.0 0.0 0.0 0.0 
0.08274691398220402 0.1493298868800068 0.023389162535670905 0.15693763127077515 0.03609282538372553 0.01718201310320893 0.03536249376990822 0.0 
0.013416164024478256 0.02715046332603809 0.03135796804755685 0.22005480165808902 0.0358629042896904 0.0 0.031441932895999815 0.14288866089343594 
0.0 0.05124720783575718 0.0020376956156165 0.08516920342544407 0.35876450453911374 0.0 0.010168600458856062 0.0 
0.0 0.09005794181536941 0.0 0.011655190026758931 0.1811484643396649 0.17783736101798053 0.03972339503474546 0.0 
0.32097243174299456 0.0 2.4580825318283676E-4 0.13565412309281802 0.01792268259846539 0.026636077048347244 0.00371538156731374 0.0 
0.0071547688172445695 0.04384521734043327 0.0682669897982112 0.010910446285204498 0.0 0.235284771852337 0.06097053865376797 0.07488892325886065 
0.06087963900043228 0.0 0.04538030324075175 0.025565640388904586 0.013456620445742903 0.004768987457779294 0.3171175756491134 0.03489151622879594 
0.006176605073758163 0.006556370811214669 0.0 0.010777707246013762 0.0 0.0 0.3712684162836832 0.10635737385722009 
0.0 0.39687115666051187 0.0 0.006504074565092389 0.0 0.0478450552691066 0.0 0.050611601780805524 
0.0 0.0 0.0 0.1758512352023398 0.306210599191543 0.0 0.02490980325502873 0.0 
0.030740791115434856 0.0435640407001686 0.2184988000367876 0.05912028474638411 0.03480718741128625 0.05598278755950503 0.010835741338557131 0.04713800167759299 
0.06433530588054685 0.024142388089051375 3.386618391920361E-5 0.03229592735705905 0.024277797914420002 0.35591169363940584 3.72265993723806E-5 0.0 
0.10309959592675653 0.04364819322615398 0.01369949944061757 0.007928445886893646 0.0731462076070616 0.1743553492292033 0.015559444353524559 0.07352668069392312 
0.047856665269267955 3.2564765067333344E-4 0.023156950077360367 0.0 0.06183159261187941 0.022192496440607428 0.03221919355727818 0.3128006686764836 
0.09995526100245404 0.012939563719791939 0.2003262815679994 0.05159507948033037 0.0 0.013988096810892556 0.10169527039273626 0.024067353312491425 
9.719698417147075E-4 3.07895481550053E-4 2.19391545681871E-4 0.01110000313774383 0.3707146720061296 0.0 0.0104283408646004 0.11286217744472472 
0.04722756525571781 0.025355528550491294 0.12000385427716402 0.173357816965229 0.07489259115822491 0.0 0.014383990669330904 0.045257273985452366 
0.06419597781030617 0.0899412261355754 0.09401479179252455 0.0 0.003288707694151692 0.027009893848751677 0.18636470294373997 0.04004864130911168 
0.026380366176589627 0.006880131360166449 0.0 0.0 0.3409745859505285 0.0985121309062959 0.01575203342990541 0.012508214000612625 
0.03239311434810596 0.08144527611463455 0.004526451272783536 0.002320553600051932 0.04393569913415553 0.0915833902976007 0.06818067968543318 0.17689402157891207 
0.0 0.07478978562252997 0.1265548715303834 0.053018660349199345 0.09976723681499602 0.0 0.15518774574376612 0.0085928502471061 
0.16569631998569262 0.23362089740651723 0.0198717816527904 0.06905055019812528 0.0 0.014605400399052292 0.0 0.0 
0.0 0.1745325923740287 0.09155717559977941 0.0 0.04309001382537715 0.14981313888979308 0.0 0.0517399233500958 
0.011068880465196296 0.20503920877144108 0.0 0.0 0.015269905252357009 0.0292105220523962 0.06472486845422085 0.17634322819985507 
0.001097910571541509 0.07049766996912664 0.15884817969574755 0.14369549356446817 0.0 0.04437732386804354 0.03253357526109222 0.05059251856916051 
0.007318098654809751 0.32420377737028183 0.0012514194870820257 0.03180867111200296 0.0 0.0 0.13316490213064963 0.003988781865778351 
0.056940854277298884 0.17649478808541808 0.089008625391515 0.0037650940785350115 0.07167158029666011 0.06369645807758209 0.0 0.039769662763537814 
0.031209184809304433 0.00993351224248405 0.02914121693738808 0.12086441019961232 0.01214718266249497 0.08696008319001124 0.16974052358109856 0.041749789447900074 
0.1287138854379111 0.05753193769110012 0.0 0.1678269001037465 0.06237429511530308 0.0 0.0012458152350695328 0.0870000481745982 
0.32048606988140005 0.0 0.01639378952453854 0.0 0.13590046969033595 0.02652553444867387 0.0 0.0033969367100349945 
0.09710549026571587 0.003907161305058744 0.056855989696429764 0.10169391951565133 0.003165783094129075 0.0 0.10187800806448781 0.13615871834631663 
0.20103455656064625 0.0 0.056320476032268765 0.1687475498283164 0.07506324684565746 0.0 0.0 6.897044394744861E-5 
0.01392331685840054 0.16726387124007383 0.3195472152392688 0.0 0.0 0.0 0.0 0.0 
0.16998138629854917 0.0430126360692496 0.014894521263222178 0.0 0.01585587207949117 0.03936846572232485 0.01676779944171564 0.20266449935193495 
0.0 0.32076013473646453 0.012754090375261406 0.0 0.0234818374164276 0.1395842770504131 0.010155547183799001 0.0 
0.10789167986098179 0.0 0.04100579764201904 0.0029833939809102384 0.18207278652947137 0.03913222288641427 0.12772514344370883 0.0 
0.13781141053120302 0.1305478218427372 0.20400450663809722 0.02154606645318766 0.0025098979904024346 0.0 0.0 0.009334268523744466 
0.08680574873828062 0.04660425809720889 0.32848458240058664 0.024068152026391003 0.0 0.0 0.015856377499646985 0.0 
0.006778127181592118 0.0499540078527708 0.06097831514714109 0.046061305238494894 0.08976435190841912 0.00733426094611996 0.0 0.24219127805188084 
0.1109024118141271 0.1571643736778031 0.0 0.0 0.12841829917577538 0.05739476353287336 0.0 0.047172321381282134 
0.16761341486965228 0.0 0.0100037040628623 0.25053748586158836 0.041662945585234604 0.0 0.03169327202953024 0.0 
0.012975184267347133 0.01855337838961148 1.3199994966926306E-4 0.0 0.07127916764382244 0.15306347093061323 0.1459719327923146 0.10103881319281907 
0.04785272818866092 0.04202623786532712 0.04070109780765305 0.0692766292292599 0.14405339934641753 0.0 0.10703996260641298 0.04950982752953564 
0.379268219075803 0.0 0.007938805526770723 0.0 0.0 0.042840139716385145 0.07030539563653766 0.0 
0.05372933458872433 0.034466531265816634 0.14581692896853687 0.012193811430520599 0.02288331680488214 0.0 0.2358151063361723 0.0 
0.01650392731793326 6.464432766459948E-4 0.006838313418191649 0.02242916483586198 0.0895678252734982 0.03665087732565174 0.3312647956577192 5.265185113274758E-4 
0.02210191452165694 0.1162919551044726 0.0 0.008512073386367454 0.006435725149040214 0.17664809921550817 0.1281641771940931 0.04554882748636265 
0.007544234076804795 0.0024012399561222633 0.12009466009544861 0.18880948341263565 0.017197332227853607 0.1661900675871566 0.0 0.0 
0.051253107971148563 0.01296925109617008 0.0 0.11291320695775163 0.08308712409332196 0.042029960055635696 0.20450278345931525 0.0041389015351776795 
0.03519668873398595 0.008906283189728971 0.0 0.12260873916479496 0.10471734830500487 0.013340212676620425 0.015111398082335074 0.20266449210576812 
0.024404498063097385 0.0 0.35081164770263723 0.0 0.1288426737611934 0.0 1.5819033042658768E-4 0.0 
0.014219419590754017 0.0 0.29946292263138374 0.016142012929083596 0.006587356459376592 0.16537996215953035 0.0 8.578757076451449E-4 
0.0018504079714731232 0.0032859961371725843 0.00837837360428563 0.0874180412289807 0.0 0.287837634367769 0.08409555435778489 0.027953331721847136 
0.11587272699301067 0.2182664077431899 0.09361015066917663 0.0 0.07535333396946235 0.0 0.0 0.0 
0.02366057679025055 0.1785920660852018 0.03643075664688825 0.0013407524314099108 0.04247722918020559 0.13688611332246972 0.08697242098035635 0.0 
0.02651841380667081 0.04008360731293648 0.0033144096063942737 0.02506827520353641 0.0 0.2601520232769516 0.14714940533269716 0.0 
0.039622468253466284 0.01895362077169112 0.014767025910166735 0.12114890442918817 0.17110889065421878 0.0 0.0 0.1372875576455216 
0.008952192453093515 0.0464692132073002 0.0788968295677883 0.00797943034141101 0.0 0.016878179785992455 0.10092670309715795 0.24053513849712355 
0.29003503609238246 0.0 0.01731021750965534 0.008390788956496746 0.037686934751249845 0.0 0.02384144771160961 0.1239433808862497 
0.028120513778050967 0.007993962999720921 0.1763337418327899 0.0015062346798634689 0.010664146067231267 0.09541376804681664 0.0 0.18083400885204104 
0.14608341143613007 0.0 0.0 0.040734042108696446 0.01381641241972824 0.2562898624085504 0.04626794114290658 0.0 
0.13422210458198383 0.066841925173313 0.0 0.030658496213257676 0.07478413708835667 2.0526539475157626E-4 0.18221366129263245 0.01332390065663439 
0.001395819982453074 0.02295823254497398 0.041413418993270106 0.16221200208825406 0.024619073775649678 0.13945475616146677 0.11494045434426019 0.0 
0.09383190802072426 0.05037646149837259 0.23842411853539267 0.01993800556954523 0.0823882461806644 0.0 0.0158236181443038 0.0 
0.04860718153359206 0.24067466173621588 0.07854332093036752 0.006028057858892847 0.0 0.04434339713324055 0.03250870314434723 0.05055384028009524 
0.03464981277576824 0.034075043555561235 0.13295725366169947 0.0026676890177625224 0.12146177645330192 0.0 0.04928179056328002 0.13010328807899188 
0.038992911529537176 0.06232172628742846 0.013355255078150958 0.0 0.09881410572399538 0.021590144249925444 0.05473918715272337 0.21206522781930107 
0.050442640844197334 0.021355371130350048 0.1503006968017086 0.010974928959644166 0.10396158476732761 0.0912700014929255 0.0 0.07299299953070444 
0.043016923512794576 0.037434902784123696 0.13680619221198903 0.11923648884019378 0.030041555084092567 0.0 0.08500020521573391 0.05190152590832072 
0.05417357927340427 0.18890389864114715 0.001623656852774788 0.013288757331553585 0.012859007377037893 0.015196088693383144 0.20744970782289676 0.006906227168872634 
0.1719799345958466 0.1789620005306607 0.0 0.0 0.043105086035436224 0.0 0.037791340368161376 0.07412235674130893 
0.10206192091377228 0.010402206950680023 0.0 0.09620411087810347 0.033147753299407244 0.0 0.25775926224020423 0.002913980755172269 
0.06922166073328959 0.04045159618875532 0.049664812056101154 0.2590856307158398 0.0 0.0 0.03252635534974561 0.04950982752953564 
0.21204736121967752 0.0 0.02795199843534737 0.02355045537009482 0.03777530641306288 0.006490140320297736 0.09186224592312825 0.1058168386026431 
0.014338507963702079 0.002482359002738873 0.014170147472690619 0.0018201328092663565 0.01950234476154695 0.004616293130880626 0.4442216006588104 0.0 
0.10852736751083741 0.02250097384792635 0.0065205467643315185 0.022657623233620472 0.0 0.14218283407821602 0.19039586983068524 0.011746018299857539 
0.044740802083343544 0.03893508507124007 0.03218529811465906 0.0 0.1777104384556099 0.1047713087081913 0.002231409437230534 0.10123542006372745 
0.1051233103984159 0.12628731111337094 0.0 0.09730480658739038 0.023087384847624456 0.15475393944755828 0.0 0.0 
0.0 0.11412779764041679 0.25321385441615496 0.006022127200782735 0.0 0.04428534345000394 0.03246614325771734 0.050487655981648366 
0.004847302595002268 0.03264209720040462 0.009451073763180202 0.044364843096528175 0.062380841013086046 0.1948662506434956 0.0 0.15244901851358977 
0.050646188165707796 0.0430977928458544 0.035628759515751736 0.11480443003771063 0.16883604895187268 0.04839631180360691 0.03940149302300138 0.0 
0.12918843918034562 0.05068824622563451 0.07131164757307877 0.08065652663979728 0.0 0.15129435471293845 0.018809540883713786 0.0 
0.005483194676066954 0.0 0.0 0.03239724071389684 0.16043357596589986 0.1034545239283923 0.003517242052006753 0.19808084160167616 
0.19460933316299436 0.10536651889065626 0.0 0.003967242714258442 0.12971541616353435 0.0 0.0 0.07035970865539981 
0.04417554766311866 0.23243510423140273 0.0 0.035798616382615445 0.010661668440507513 0.11015648413578402 0.026230344925463736 0.04567845100694725 
0.011732382867853478 0.06485805683016613 1.605497453492235E-4 0.0015167782607049137 0.17620853440294001 0.06866826648086805 0.18425565395469332 0.0 
3.988164485404911E-5 2.012996379579379E-4 5.931848403689388E-5 0.0018950975699726213 0.238260838958281 0.057516396900239394 0.10039463877183277 0.10626086355863895 
0.0 5.268364921180094E-4 0.3320511665315588 0.031790003765130435 0.0 0.0 0.13308675251507576 0.003986440995440664 
0.0 0.10597644850228279 0.005210378683499335 0.007851594600830925 0.0017267706467682458 0.05215878599300068 0.15658445885097824 0.1744528098337681 
0.03961989525684485 0.0038209879544774277 0.0 0.0 0.4453402162711763 0.0 0.0 0.012515430922405374 
0.0 0.16655527939934528 0.06267552963791084 0.061441089683949186 0.0 0.010734209785715432 0.14239115259708576 0.05694693000401984 
0.1324577004357737 0.09861850767898314 0.009188070843933596 0.004710403269471345 0.00924862050660196 0.14143164356973636 0.10529098733163163 0.0 
0.0022126233550561498 0.12704365566499956 0.0 0.1695596228494806 0.018634781879119554 0.028012762185779805 0.08911263253183764 0.06776689043230996 
0.0796682785296132 0.24694107797781992 0.0 0.0 0.07175946327550076 0.06377456204088645 0.0 0.039818427928428574 
0.01884995276802538 0.0 0.2709657446168588 0.0 0.022803699278936187 0.0841293864416585 1.2451289148100974E-4 0.10559046632550895 
0.057536014777690866 0.0 0.15658977615020672 0.011018858317375955 0.0044966602263800046 0.11289164366146474 0.15925872063700997 8.578757076451449E-4 
0.23944592772442302 0.07621279020893845 0.0 0.0 0.020059627109042733 0.16602755802788954 0.0 0.0 
0.046219475829648936 1.674458912034788E-4 0.062092085713460934 0.0 0.0 0.19606670707981888 0.015922339819954057 0.18292160063275925 
0.0 0.18570145412790431 0.0 0.16733636689106304 0.06219198427387742 0.0 0.0012421739013543126 0.08674575989835452 
0.16313996036706221 0.006564141107890049 0.03494763064228719 0.13183008739172972 0.004103937226040977 0.0 0.13164104491554304 0.030499228829773566 
0.027990879280205303 0.33626059619521914 0.13706953168428032 0.0 0.0 0.0 0.0 0.0 
0.03327696266368752 0.06005353953559379 0.009406034025653563 0.31085888548959445 0.03619713195624422 0.017231668315199487 0.03546468971831729 0.0 
0.31936338090036565 0.06621359428907998 0.019188006746481755 0.06667456628700709 0.0 0.021380509265396887 0.0 0.01174684879836466 
3.944426289443887E-4 0.001319297712491339 0.009008086462049923 0.16659296513723973 0.0 0.0 0.328109027046013 0.0 
0.01936167061810255 0.004899339334287074 0.0016965552581523682 0.07216348929404343 0.0616332024518415 0.025802765452703363 0.11435482893925934 0.20268556489192346 
0.011429405483825148 0.005179179809284862 0.449513246348997 0.0 0.017240067385335536 0.021921206228139936 0.0 0.0 
0.012052960731366401 0.06663025072499583 2.32639793375956E-4 0.0 0.17766760056902728 0.0 0.14630278922965037 0.10126782531265703 
0.0 0.13298847692542753 0.005287898556872779 0.0 0.35830396409626636 0.0 0.010155547183799001 0.0 
0.01794554894568659 0.13545454498657405 0.02763119142575253 0.0029673966008168687 0.21966454085485465 0.010752719294376888 0.08594142232283024 0.0 
0.0 0.0 0.0 0.29689033341556836 0.014797924664811354 0.1323993259883354 0.0 0.05677879218779916 
0.07208901212276941 0.061344741301440124 0.050713433126431 0.0036896770661924995 0.22517635590006418 0.04839631180360691 0.03940149302300138 0.0 
0.011226450274663345 0.3143954529406988 2.493689280191144E-4 0.13033627867893027 0.017896602624700334 0.026597317884544145 0.0037099751749798703 0.0 
0.009950120942740004 0.06525108545959804 0.0840703406842057 0.061879774928195415 0.18271513612738108 0.0925800131537949 0.0 0.0047948204386843146 
0.030034532995338363 0.15803040769410429 0.14018552306757764 0.07897551172063981 0.04156921045459896 0.014732008239891013 0.00625766341357177 0.03508690470990001 
0.06883197402236124 0.07904102113886613 0.07757195146352773 0.0 0.03650807748413057 0.1269294019002675 0.0 0.11416307274816162 
2.4220726608574066E-4 0.013906974470753017 0.017566958883921787 0.0 0.3251423976493919 0.031490224712956254 0.10017494185615047 0.01250884023205202 
0.4333372260917641 0.0 0.021564766966868574 0.043482539255820074 0.0 0.0 0.0 0.0039938918945957485 
0.0 0.19871389671971004 0.0 0.0026280324018953982 0.0859277692987924 0.0 0.0 0.21600881676409264 
0.20664943791836468 0.0014061762053925433 6.151504772692497E-4 0.014735542781116327 0.003240730581777183 0.03777000275533066 0.2394323772144039 0.0 
0.0 0.12347223297486926 0.03510164536849397 0.257843047484666 0.0 0.04939195391521322 0.03620986373065472 0.0 
0.12388277127577496 0.09286616851405816 0.008618388844027876 0.21859418827633165 0.016761044660172236 0.014679232778689414 0.0 0.025275778897877858 
3.0398292767399427E-4 3.0398292767399427E-4 5.472251363237785E-4 0.008552652916147126 0.2856390112008743 0.0 0.008035131053515132 0.20361794613239628 
0.23050623885142982 0.13767550944923232 0.003598558139865055 0.061797772941427596 0.009936946678079595 0.06004569028944806 0.0 0.0014169938431727836 
