0.005991599678814134 0.047958676096733564 0.018309183687277863 0.031189386881071812 0.008075738912987603 0.007860583518228735 0.0 0.07662525907886057 0.00834780138608078 0.010834787552004127 0.0032350290611558277 0.14772895152497761 0.0 0.09685675318238778 0.05243733170350366 
0.012327069031833063 0.05769041205718518 0.001959011862444597 0.0 0.043588972529741324 0.011307563128547724 0.003995822963881986 0.017762141382045637 0.03379640756994792 0.013185632407083243 0.0980087824919364 0.1377893770358586 0.006554751832663199 0.026373332720563632 0.04060554923570974 
0.12207569042265838 0.003056130587166406 0.0 0.010704366041194346 0.06183474114565428 0.02685403902504433 0.008262425767574874 0.0 0.017592417811569692 0.13870468835275507 0.07079137079139808 0.009245211555490636 0.013443997180095642 0.011357313193556637 0.01818320491492205 
0.01647928611968469 0.0 0.3366137699585878 0.06960032188690556 0.0 0.0038612535074463343 0.0 0.0 0.0 0.03487933179200296 0.0 1.271294090182149E-4 0.0 0.02226611749608809 0.02284634105123668 
0.005042747034031248 0.029642552375407902 0.0 0.02686038947428171 6.275918411816897E-4 0.07726723998588211 0.003104284104662218 0.0 0.0 0.0 0.1771727940121634 0.07568181111298988 0.05084911112123804 0.06138480038478246 0.0 
0.05440831659000671 0.06157234127583898 0.05434373816621887 0.027700062118715764 0.0 0.0 0.006781143451119867 0.08319510798486035 0.007404963328968962 0.0 0.0 0.0 0.1931999799998041 0.020062664028326436 0.01131696290774868 
0.029387549428585916 0.0032649110522356283 0.005768497704857546 0.021621286651145433 0.013636186548740978 0.016689194789785172 0.009872519163624282 0.011165428439369313 0.007731020595103778 0.0 0.018641601141320824 0.0067607197313842085 0.3571442068141056 0.0 0.0 
0.001729077018760673 0.011549942890143923 0.12359117138081369 0.0 0.12491575011850599 0.012626645285881278 0.0059007936102915244 0.09334073548226039 0.0 0.10546214966478697 0.011605030404435496 0.02804921129598513 0.0 0.0 0.0030975764916408898 
0.0 0.0 0.0 0.0 0.264321950942059 0.0 0.06416155498174048 0.03875739378099691 0.06365324036681472 0.0 0.07867167578376599 0.0 0.0 0.019538857773288936 0.0 
0.0 0.032456558128190205 0.13481238755026037 0.027809953481270185 0.0 0.0 0.0 0.006550996130441567 0.03809696110410013 0.18853741201354282 0.001819402950514824 0.0720346068604835 0.0 0.0 8.206658029871793E-4 
0.132905133394561 0.0 0.05124615906117221 0.0 0.0290441114417671 0.03962264884994634 0.0 0.026366321839534163 0.006579389051683737 0.021070262189156627 0.0 0.1741654781885256 0.0 0.013255289187158235 0.025210886829643255 
0.18052919893143313 8.364066553848708E-5 0.012024447281689828 0.015708218693301818 0.0 0.03378549527833669 0.0 0.09827999347712475 0.0 0.040178565046471396 0.0 0.01477397029228423 0.0035395641753536893 0.06006148031128403 0.050470399438519956 
0.056893105684934574 0.0014243029048668571 0.0 0.10534402082885706 0.051282016114847444 0.028801648750694374 0.013499018062907922 0.045263560180301525 0.05280958985653092 0.0022288246890990685 0.014616074262653255 0.020473663524992827 0.055962323821550954 0.025718705650060417 0.028120246627187557 
0.001964447404121389 0.0 0.017435126897865194 0.021524889136727777 0.0952217402386248 0.0 0.003671819955711225 0.09160817992141959 0.0 0.0 0.16887115259778435 0.05331898244372391 0.019733103409418553 6.681045808479293E-4 0.028849480578410004 
0.03976563793992991 0.0 0.06389482032633491 0.0 0.010289531433797848 0.0 0.005102879370102143 8.794443522776613E-4 0.11307941219047643 0.0 0.008183166304817833 0.19671003196615305 0.0 0.01747026683430444 0.053310496379981295 
0.23000160082310211 2.5292977705153276E-4 0.0 0.0 0.07236947960508686 0.0 0.0 0.036559837000013425 0.10244307903437903 0.04579323637438766 0.0 0.015795056780049287 0.0 0.002883704211632023 0.0 
0.0019297781007038663 0.020142867273796012 0.09914152391012108 0.051339938615802765 0.005217209050365716 0.0 0.008206361704634263 0.018672635330744158 0.007014660868047203 0.050832915625329426 0.041375295318639066 0.00959717948895869 0.10017790650471016 0.0 0.08796241767226316 
0.040192672277485166 0.023584173238170702 0.005242710466051623 0.009937438226187081 0.0604839632614197 0.0360509275029603 0.1416768761913995 0.0 0.16421941823768402 0.0 0.0 0.008464967998831698 0.0 0.017698428703278726 0.024584743931823534 
0.00839006767963171 0.007902271755393524 0.0714191939526954 0.0 0.027483716136566166 0.06854730205660314 0.00997871520711958 0.0 0.015233709710979858 5.0120724765623E-4 0.017221473284083303 0.24649200227559423 0.04351895501525339 0.0 0.0015379811198408051 
0.0021972150021687233 0.027853077128201603 0.0023201023107764997 0.04993451839302396 0.1892995547716997 0.0 0.0719065058854817 0.0 0.06064770533777567 0.00340041261807269 0.0 0.012330716969972623 0.0025494733353207824 0.031294237818787575 0.050823398860338084 
0.09532194733762574 0.08770190607447399 0.032247929485408014 0.030142867703598048 0.0173877685550745 0.0 0.06281301930455062 0.057929672255670396 0.05867712805557034 0.028380354351538985 0.007446867724226518 0.01999733572019807 0.0 0.006846323917417566 0.009538753949086723 
0.09404785925942229 0.016074230052601838 0.0038921060146101015 0.005252548290394176 0.03737129200117163 0.001979457170704655 0.17781599769829395 0.0 0.06509641004858505 0.03186067203418538 0.0 0.028020114763828183 0.012358403113480671 0.026805924886381807 0.013580568326209706 
0.0 0.1388181728026347 0.0962392582062081 0.05364726515905649 0.0 0.02824846128411662 0.0025342279890982187 0.04336234361155252 0.02853350864747777 0.065286710791061 0.0 0.01267969763452149 0.007131179039551861 0.0 0.02935523912375443 
0.05395289044613173 0.009363623517582272 0.2416814784144065 0.0 0.08107859509675609 0.02646677774298067 0.0 0.008123224141619945 0.001682519962833663 0.0 0.020969791808932377 0.005736935734711907 0.010366589233703843 0.029925503335462983 0.014258406784619454 
0.0183282440940883 0.0019771797183979955 0.01679596972449085 0.015714196434218498 0.006526122263929872 7.017124513887203E-4 0.06340345173139468 0.009368560508324107 0.0035623425962452234 0.11534125810486655 0.03967631701774232 0.1674902803425224 0.026080911258588094 0.026767877748917458 0.0033159606092053916 
0.0 0.2570409502637309 0.0 0.006470012923817877 0.0 0.13472594508696933 0.003358429779084139 0.004921576636936078 0.008904533045056446 0.0413353957811155 0.038464814971059066 0.0 0.014151645401412923 0.009018523982106763 0.0 
0.026482799948776396 0.15755709976613994 0.0011605893070787707 0.031593399477694434 0.0 0.0 0.027143281269102485 0.022479692835519902 0.02156884636387019 0.04382037295027885 0.0 0.02145234595104269 0.03619308767150505 0.09763114464348856 0.02007009182370213 
0.00657512372251813 0.006010956613877099 0.006069684600976134 0.07345559467751983 0.008166174700241778 0.0 0.0 0.26116217722552454 0.039716848147686765 8.384974678782009E-4 0.0012486132880553825 0.017821115717982585 0.011681535739187923 0.0023175457230749778 0.06843571918559518 
0.0016336445870468615 0.03761100721025279 0.022063625005721652 0.015110590616561354 0.03507167588035372 0.0028565830579902174 0.01048674274942385 0.005347808031181448 0.2994971698591146 0.015396011126849256 0.0 0.05831325246448357 0.006284420943410585 0.0 0.0 
0.003719784353897772 0.13214636245761194 0.037865439043247684 0.0 0.0 0.015415402326096766 0.12149101725531915 0.0 0.0 0.034713642747533364 0.034933413521582475 0.03112078380395098 0.013154386772635467 0.04860461120605541 0.028797583677860405 
0.06360779300106247 0.05297579204102131 0.006400522485637582 0.05109590162590169 0.08158025151421262 0.0 0.0 0.01791061687870488 0.0 0.022205534988518516 0.0 0.04397414173273545 0.009859070595873251 0.09069070259903675 0.06365990695835866 
0.0 0.07723205324957108 0.2994352447196803 0.0 0.007295024259655997 0.00519299632474376 0.021134299386678705 0.0 0.0 0.0712695511935306 0.020528931368626036 3.678882943528994E-4 0.006272784105771571 0.0 0.0 
0.0 0.0 0.22603385847398916 0.0 0.015156217399093003 0.013617261228414836 0.07317001542511274 0.021228529411590508 0.009563203739220162 0.0 0.0 0.02243109682166873 0.05731044559002804 0.07664958454862658 0.0 
0.12039206942940883 0.0 0.0745358582836663 0.02033652366989927 0.053833779188422186 0.0 0.04666541885891072 0.0 0.020853143554175453 0.0 0.014282851214338088 0.003508325770056747 0.03371456161745035 0.08699943629328351 0.028916697458634854 
0.0 0.0828007240746346 0.015854479794866053 0.01640230718958552 0.009556145593099866 0.016191730125017418 0.003924256999526668 0.030445477121199906 0.018324416548923896 0.08153675102035839 0.13428721617161968 0.06855749171385776 0.019987177240702488 0.0 0.012274713790953455 
0.0028209368080819837 0.0026548383958167393 0.08489622175389246 0.05993049657615192 0.004713632946247093 0.0937645303879508 0.0 0.1492265374059033 0.0 0.0 0.0 0.060025007799619064 0.052133013473907336 0.0 0.005846914179090689 
0.0014563806392612765 4.6742626082264577E-4 0.135579033337473 0.0 0.0 0.05904531261934219 0.010674163523744094 0.024289703598606754 0.05807456061846024 0.05030277328116443 0.1730759826646444 3.758582259453921E-4 0.006408677693539596 0.0 0.0 
0.07827775701990211 0.07372671258369187 0.006044572058125944 0.0 0.008016225061225872 0.0 0.009018694843219845 0.0 0.0 0.032166219795115934 0.0 0.22536633228389635 0.03978915009846799 0.0 0.037572957836363094 
0.006931178857790849 0.04096631465432822 0.024253122059646068 0.015157489643445972 0.0 0.12422054040340381 0.020233743027079348 0.08804273531172226 0.05581263410482891 0.027695480156406625 1.0842686539794374E-4 0.0 0.0 0.11283504303685976 0.0 
0.0043207734393687835 0.008622962021382536 0.0013907152020536141 0.02273610069192694 0.033832755592347816 0.0034198586127307264 0.04506009663067128 0.03253312696299586 0.006037394465735328 6.616930890994912E-4 0.08842448799545198 0.0 0.11617016656047534 0.06999284719873829 0.07238063597174525 
0.16185696705495742 0.0 0.0 0.06986240420842141 0.049042660076246414 0.027471307109375624 0.0 0.041834890964184954 0.027528406531395096 0.050620980714348805 0.02773888474090205 0.0 0.0 0.03487193206425671 0.012101152194062818 
0.004688414484837465 0.01243858882872343 0.07113915773702872 0.014675036198924508 0.063273979275378 0.07056576274129595 0.015399678232529555 0.029793233038139775 0.029496233635551837 0.013269917107346683 0.07318012557503462 0.06664754281261101 0.0 0.0 0.03667841262754626 
0.0 0.0 0.0 0.0 0.47612282261712374 0.0 0.012840881598126384 0.0 0.0 0.0 0.0 0.0 0.0 0.001231073723518729 0.029834053248932818 
0.03361380691357375 0.02831663744143479 1.4013606941997168E-4 0.010319787376893725 7.381768737382417E-4 0.009501989522053618 0.005374096592239068 0.022068205605437693 0.006488192303398134 0.004965983146926702 1.754719409064079E-4 0.020383918658856737 0.2385919030416575 0.12959608073469542 0.0 
0.0019083223243501334 0.0024284405842193335 0.007707276649878461 9.248394161613021E-4 0.3574263852900558 0.0 0.0 0.0 7.669449719022168E-4 0.004685826027087157 0.026606859361029012 0.0 0.0 0.1027863820919553 0.0 
0.01098063971473247 0.0 0.025633238786303213 0.0 0.07976388184840441 0.016512016109024096 0.046724758406907506 0.04160555122830958 0.08306316471855321 0.009610627549907536 0.0116593138497319 0.14062518607628233 0.0 0.04053310381214044 0.0 
0.0 0.009221124532460248 0.0 0.008419994953621253 0.0 0.17446810022008363 0.06352106839372933 0.0 0.04781094134761066 0.042315386986203095 0.11001975794960976 0.015102862708184037 0.04093185306920166 0.0 0.0030560218423881774 
0.028768018943267453 0.016227537632947462 0.08997812306875431 0.0 0.0 0.19771281252950546 0.04165340219697088 0.0 0.014353469783748277 0.0 9.222707410202326E-4 0.0058060867828440684 0.10869086594954451 0.006984643255142135 0.001127952914031237 
0.0 0.08170942823171208 0.026503815060197757 0.07840621420667518 0.011244467969659373 0.004052985309434543 0.00982354659094343 0.006637699071841104 0.09998845284193277 0.04453282503867148 0.0 0.09021608127143185 0.01861684762812197 0.022333343857055335 0.008391808841086533 
0.005073661837508784 0.13868765940641273 0.11531144333538476 0.0015819829796855955 0.001248906833727103 0.0067104304976904105 0.051566567117582604 0.09188025512176766 0.0 0.014764735000194524 0.0 0.03794794863448007 0.0 0.012682500350168081 0.04248171295374601 
0.010666677170670947 0.08537948843035505 0.03259532714464685 0.05552559230348957 0.014377011902856817 0.013993976776939436 0.0 0.13641380357958052 0.014861357107193572 0.019288868954093107 0.005759231671485373 0.0 0.03380232929470103 0.03221397221406586 0.05151589879005413 
0.23865521969006084 0.06873391133455473 0.0 0.051134178867774764 0.016340168818380588 0.006574941783983939 0.0 0.0 0.01688915495853033 0.0 0.020703276697308516 0.05550188799021512 0.0049498784759824605 0.02806906972568631 0.0 
0.06325032714299639 0.0 0.0017696743620225085 0.0 0.03937612049808002 0.01021469290164028 0.037896158359084504 0.02069896990985472 0.03938437423196392 0.0895812155850952 0.1513982151809469 0.00369828636042579 0.006947614108648884 0.0 0.040594738179582875 
0.004046760398946246 0.0 0.08266106092916595 0.017091506532519028 0.006960042135087891 0.0010117736122039474 0.0 0.005434930765800907 0.0 0.3185172969935732 0.0 1.2004589845412232E-4 0.025717675407894342 0.02226611749608809 0.02284634105123668 
0.0 0.1123096063954498 0.0 0.0 0.06225300043635879 0.0 0.0 0.1008197379698667 0.0 0.028554981726801522 0.0 0.10865977192910282 0.0303946960690051 0.0616863262037656 0.0 
0.045861527474920276 0.0915257916685865 0.13738731914350677 0.0 0.0 0.0 0.00590857893731229 0.0 0.011154789234642233 0.0 0.16269299083722574 0.05592124935067381 0.0 0.0 0.0024428413531524464 
0.002159100666899001 0.04091145320384965 0.10054403210643316 0.0024806955597086564 0.11468755256164209 0.0 0.008705261518738582 0.062423682894193144 0.002460798748627758 0.010560983210122252 0.0 0.1489966840611102 0.0 0.011832787875522516 0.0 
0.013265838698325145 0.07797998110257368 0.0 0.015170431030882453 0.0010851445812451591 0.13359977182076777 0.0 0.06942644959986749 0.0 0.0337858130389504 0.028079862367940637 0.062372059649016987 0.05591164562743792 0.01695632392961304 0.0 
0.0 0.1141240365900416 0.006316546158809415 0.0 0.0378547265678078 0.13705583192978182 0.01603996950754495 0.0 0.0 0.1824482117287373 0.0 3.618442776292418E-4 0.006169728877809333 0.0 0.00897079616585984 
0.0 0.02028831179354963 0.018257578903722555 0.004720162853421584 0.0 0.0011474274216942415 0.0028885488767845958 0.05829917191188062 0.002304875010691005 0.1716959076247794 0.16877917149815 0.02574593745353282 0.027578969604437963 0.0 0.0 
0.0 0.0066851312483017225 0.0019079412475619547 0.0015757968231385928 0.15592974930232506 0.02101392303016111 0.0963587462759053 0.01490746413665552 8.432206668271288E-4 0.0 0.002536589112275911 0.06302132215364786 0.061469098128756214 0.09103447984955866 0.0 
0.009240541953608983 0.013715475790308003 0.03694430278243085 0.04068815145875422 0.17268768820045438 0.0026985136982343987 0.0 0.0 0.12753646663725843 0.0 0.0 0.0 0.009512961801383385 0.10360784791445302 8.136315133448855E-4 
0.09763131553642743 0.017816039697670576 0.0286158380669916 0.027186288120586134 0.0 0.11954588525646011 0.09696267448107865 0.0 0.0033202507781104743 0.0 0.037073115608785324 0.012118631856074608 0.019356399345013754 0.00471446211183905 0.05589383187079136 
0.0 0.2178324586758614 0.014917561729962989 0.012792320966079938 0.0 0.017258781134912974 0.0 0.059223600461338954 0.0 0.0 0.045314658315552654 0.08498986155673706 0.0 0.03712695845478473 0.01924713384250787 
0.02450327625088644 0.05496716421041128 0.052345443823734024 0.0 0.12030289362382038 0.012160371796286793 0.005682890630857709 0.08989387295708162 0.0 0.005644603411142928 0.008853059090349828 0.021397731534262478 0.037663338866614805 0.08352169307409404 0.003086624683017078 
0.014495530473149273 0.02946621093309647 0.025985143517150186 0.030121333842892905 0.025477465378405215 0.0 0.28486961706676045 0.002395498150624276 0.0 0.01758745178724795 0.012890262433994638 0.054352458455431026 0.013907945692346995 0.00793652194201754 0.0 
0.07852237475315836 3.6380063296636725E-5 0.10189756230828964 0.014714946103704237 0.0 0.03164914824617703 0.0 0.0 0.0 0.02677151680810582 0.16884946054703673 0.016398601525143042 0.003928795126561907 0.06666618810986455 0.0 
0.0 0.05241033343342864 0.0 0.04055832598263203 0.02945186909193811 0.073750825493669 0.05193580483202239 0.005107711746444262 0.043553502612492544 0.0019743445321953185 0.08694526122070098 0.01166900556729238 0.06598767648625394 0.013019976840497462 0.053358345697616785 
0.217157762705971 0.07476617767380458 0.0 0.0 0.0 0.002325467318013376 0.02909266748297155 0.0019902709177125966 0.007126229000003329 0.010286348583927622 0.03826284802774337 0.0 0.056607981968665295 0.02415433618286754 0.05077891017427486 
0.03329521879711197 8.335364413664229E-4 0.0 0.0029195346607664083 0.05953614056103809 0.04824801487912405 0.011711482674815027 0.07847650607925404 0.019642491256693033 0.001066822800271115 0.03306575731443977 0.0717939911936956 0.06017355526134418 0.0 0.09081580866330817 
0.0 0.0 0.08578281777623298 0.15495727881430382 0.0 0.032258307225879246 0.015119116120408862 0.05069591130257912 0.05914758522369591 0.002496319297409984 0.01637023692921635 0.02293083058352948 0.0626786976862291 0.0 0.0 
0.015747742901264784 0.0 0.13976647848268947 0.06692286214237453 0.05603064636776446 0.0 0.007510186402773139 0.18737152570853038 0.0 0.0 0.0 0.0 0.0 6.681045808479293E-4 0.028849480578410004 
0.0 0.0 0.0 0.1081354075411971 0.0 0.0023026273568249327 0.0049456079060569424 8.52339752933346E-4 0.10959428871043404 0.0 0.020348590860856712 0.20077478197658544 0.0 0.00515211241666269 0.05292774570876042 
0.227020191592741 2.496511599930602E-4 0.0 0.0 0.12597524000075525 0.0 0.0 0.04267534039273723 0.0 0.04105383174200951 0.0 0.014160335777584595 0.0 0.067925798905381 0.0 
0.07887581724944998 0.0742900017775864 0.07937866649765937 0.0 0.011794623447972745 0.0 0.0881503310810164 0.0 0.0 0.0610845694411601 0.002304698907855858 0.01160506555226252 0.03747761015401766 0.031969451212216 0.03793286901849892 
0.05796419189541629 0.05233828505817021 0.13592023435650044 0.006197705551116326 0.0 0.129055652218417 0.003217081500446482 0.0047144392448885564 0.00852976254193933 0.02508596330822492 0.030955038502114146 8.193428204494459E-4 0.01786243189454755 0.026519046171395385 0.015388796017565844 
0.055315718200240935 0.0751280253452387 0.05029708529332074 0.0 0.07668774869393528 0.021806927978191025 0.0 0.02912139037270733 0.0022212934175230917 0.0 0.16843820994392736 0.033588364301346596 0.0 0.0 0.0 
0.01105223957622193 0.11536238015180819 0.0524327152814484 0.07696386503340938 0.002754063241755029 0.0030575198778312242 0.007055883529160611 0.0 0.1241647551510101 0.0 0.0 0.0 0.0022426026949948484 0.08856033500977975 0.029435505831097584 
0.019585791255602277 0.039717795734663976 0.029474945437058874 0.003900224152934294 9.841224053319672E-4 0.0 0.005293143041678143 0.26310651774272337 0.00994384332425868 0.0655489086729028 0.0 0.0246092559689455 0.02549687067090022 0.026055688241769463 0.0 
0.10766273767589536 0.0 0.0030122846033577184 0.02525941103506832 0.082321908676206 0.021355405397170166 0.07922781747297099 0.043274418329090646 0.02847565160843181 0.06515432974314685 0.0 0.012653987170021837 0.007116719236895537 0.0 0.029295715872086726 
0.052486972433079065 0.005662090533171762 0.0480989665671535 0.04500106997793905 0.0186889915696984 0.002009508488806503 0.1815697786489628 0.0 0.009481955140811375 9.934799345571227E-4 0.05737307113743273 0.0 0.0239484642825093 0.024579262504772954 0.04038781207810382 
0.006829546516346229 0.04063178908252764 0.04125125513892424 0.0 0.0 0.0 0.011107097248778203 0.2027577287359347 0.024496369151218056 0.0 0.0 0.021146387569245195 0.0356768933792118 0.09623870639471481 0.02582444734486172 
0.1904983505748682 0.0330613396382243 0.11091755182091015 0.0 0.02611098117057072 0.0 0.018117207780916328 0.0 0.02295828155064497 0.0 0.05407905646981382 0.023018714954568663 0.0 0.03118519595742107 0.0 
0.03967927725217061 0.0 0.02068476145057052 0.23767861435498147 0.026423107672806954 0.0 0.022410238817589523 0.019204139079697705 0.040226762061615906 8.492627109829802E-4 0.0012646438976931047 0.018049916221802777 0.004448540799021546 0.002307761031046714 0.068146783166212 
7.972710063859778E-4 0.018355379014179874 0.010767757352064691 0.007374453344059472 0.03315489585495174 0.0018050461958974205 0.006626467609354281 0.003379226280878827 0.18924925904888215 0.009728585079569141 0.0 0.03684755961742543 0.003971062590178047 0.18609515293088186 0.0 
0.0032132167002894754 0.11415040721013105 0.18857808024937925 0.0 0.0 0.027146557344487853 0.030547430639529544 0.0 0.0 0.0 0.03678290250437594 0.024141637633682572 0.0 0.04860461120605541 0.028797583677860405 
0.0 0.0 0.1227390534012146 0.057133401371838276 0.1641621334923992 0.026027790513459336 0.007957585861548195 0.007144135589933161 0.0 0.0016135126202869534 0.015206901196912844 0.008043287713522787 0.0633684905812296 0.028655279970355097 0.0 
0.0 0.3642636298506297 0.020161292052718577 0.0 0.0 0.0051992528719884325 0.021159762093433523 0.0 0.0 0.07135541709565424 0.020553664725046578 3.683315279603283E-4 0.006280341586589803 0.0 0.0 
0.014860459288722865 0.08783184846620581 0.05199873504731198 0.032497683638979064 0.0 0.26632905042019034 0.017327618003657043 0.002867549263246409 0.007092466934940591 0.03545129705765564 0.0 0.0 0.0 0.0 0.0 
0.0 0.05966168768342847 0.03417439827080959 0.06906855203811962 0.11742935231217053 0.07308670439121166 0.012727213665076308 0.0704932088939625 0.0 0.0 0.005169114713243662 0.0 0.01815235516342589 0.021776124388953842 0.038367955630529964 
0.11203027974176465 0.11966960456024615 0.02008409228277671 0.10835089038603618 0.09006327232389705 0.0 0.0040574332111052176 0.0 0.0 0.0 0.0 0.0 0.0 9.78199298620673E-4 0.04925545591356086 
0.057086836744412936 0.06259558638483818 0.07409869456178335 0.0 0.003557860944464068 0.0808007958072572 0.03825729329947891 0.005728698506750744 0.0 0.0 0.019015745619732363 0.07591365831635459 0.040972803771851155 0.022514276523508497 0.02717921336339188 
0.002164846533612289 0.034189072100019695 0.003340359331876503 0.006455528338965382 0.0 0.01645786725890712 0.003400105957461106 0.026813350328921674 0.0023865811430714753 0.16359914316234012 0.04079350886057038 0.0 0.19594337363686434 0.02034754907250627 0.011477661081899609 
0.012276122848504753 0.0 0.019756597357991533 0.0217586844268141 0.09999581366257441 0.0015185990424595509 0.0 0.04112532629265822 0.09077693124392634 0.0 0.17213964206444543 0.0 0.010829334920355158 0.03763744177577788 0.005819972966989449 
0.020724823200044432 0.03580054585370123 0.0023853763316039173 0.023781679880244617 0.14167550169241278 0.10777658673634 0.011623444911396021 0.0 0.044370399562156417 0.0056742531718634165 0.08988809917414077 0.017055396308552122 0.0 0.005837622567503026 0.0 
0.0 0.0 0.026835808211587264 0.32812583340547635 0.023801194409581092 0.021384430777757795 0.014409908187465615 0.026832459968060572 0.012087708786786217 0.0 0.0 0.01896945698532032 0.019411098933835746 0.02328615218818365 0.0 
0.09783497020868952 0.03777716162995752 0.1124567716956696 0.001457909745291695 0.06252929863547853 0.06479029743029795 0.0 0.014518292291170616 0.0 0.0 0.08320545969500857 0.0 0.0 0.0 0.039391360644294174 
0.3409933068024986 0.0 0.02335183991702409 0.0 0.0 0.003328249386030605 0.0 0.0 0.0 0.0 0.05173824594172398 0.03325972110215906 0.0 0.03715503951896414 0.01926169145840736 
0.045183650025433786 0.0011311599746391449 0.008375025391645977 0.004678426414969698 0.027025354441855862 0.0 0.003179249282958599 0.05173337518267788 0.03986611309620374 0.10036534013275937 0.036402714702219896 0.07903935645280015 0.02783821389317014 0.08040478835282538 0.0 
0.04647974272003954 0.0 0.04647974272003954 0.11016508076789908 0.0 0.010938369087277846 0.01678792589268409 0.03454162283968902 0.0 0.04726727732410804 0.009497109520409842 0.15414326383436133 0.0030995716829848607 0.01728164863296211 0.01639714933757593 
8.031160871092613E-4 0.001721217615441966 0.03913717890391635 0.027627973516899926 0.3082669083234388 0.0657517946652904 0.0 0.0 0.0 0.0 0.0 0.06685702643547398 0.0 0.0 0.005846914179090689 
0.044626526436648814 0.014322911073829145 0.0 0.014072177770691002 0.0 0.001870941722098379 0.004067275059797851 0.009255329978478966 0.20294861727730565 0.013365348471252987 0.05786683513955015 0.052773702874429576 0.04347644944638907 0.04950600067423735 0.0 
0.0024577279194910205 0.008619464800104247 0.24129599878264094 0.01848066613374397 0.0 0.0 0.0 0.0 0.012409539135946727 0.08589782216863286 0.09407193079152924 0.0 0.0 0.010217265683688123 0.04297331068555622 
0.01202847579070213 0.02445123381369221 0.021562623754469254 0.03632462060550741 0.023599483006899045 0.18944448055029042 0.042552777857490925 0.03859655802927436 0.0 0.01655427797388077 0.012133024730924412 0.05115952650328799 0.01309092424655207 0.037084597478628335 0.0 
0.02304719082676519 0.1844770710748162 0.0 0.08957380168318514 0.02319297389831455 0.03133904329262645 0.0 0.0 0.014975417929672313 0.019436910902195112 0.005803433738400059 0.0 0.03406176195978278 0.032461214248527506 0.05191128298978383 
0.09003552589495782 0.051271585901710166 0.0 0.0 0.0 0.0 0.018852850819896804 0.0447825776458602 0.1999017148880239 0.034074570462764055 0.0 0.006755370119012741 0.03372531245676154 0.0 0.034951730733140604 
0.17877384953184097 0.057377576827665665 0.0 0.0 0.0 0.0060506132959097 0.013153540949064775 0.029931676633416705 0.0 0.049555957293404646 0.1705064243178566 3.702780776959485E-4 0.0063135317870667415 0.0 0.0 
0.012332352718167447 0.0928531071667982 0.0 0.0 0.038497103513485606 0.059228773798523024 0.014760776859287405 0.1451347688450676 0.08024507276632753 0.0 0.005128500308698383 0.0 0.0 0.0 0.06346439729765137 
0.010095271681030471 0.05966749447551231 0.03532470613279744 0.02207690482276257 0.0 0.18092739048671438 0.0 0.16484781459420464 0.007080888100072797 0.03539342090282191 8.42816924993221E-4 0.0 0.0 0.0 0.0 
0.06200631578625625 0.12374592503254475 0.0 0.0 0.16952837049053598 0.017136146547146576 0.00800821293075267 0.0 0.0 0.005967244134295252 0.009359092407302093 0.0 0.037663338866614805 0.08352169307409404 0.003086624683017078 
0.0 0.0 0.0 0.0 0.21932419810398612 0.020775089670813887 0.010752065055795004 0.01336703850546416 0.0065314660839404645 0.0 0.024396100856426874 0.17768341987760616 0.0 0.0 0.033461322408783925 
0.0 0.0 0.13704296797451096 0.0034495272951788358 0.0 0.07182996856705313 0.0017905675503745357 0.0026239689385979567 0.00474750671311159 0.19723247862795718 0.03526136851044951 8.193428204494459E-4 0.01786243189454755 0.026519046171395385 0.015388796017565844 
0.015051991943757202 0.030039241052207427 0.045091232995964625 0.0 0.08230579851439679 0.008319576369085428 0.0038879767323411643 0.03803194516315541 0.008851548998838941 9.701219348177691E-4 0.12964097221592763 0.0 0.0016648673964144395 0.07011717007749896 0.07250920009494752 
0.0024821414334033347 0.08817875724055692 0.0 0.0 0.08274244419154504 0.004264517209463486 0.043127126339904745 0.041623406573502775 0.050337902167232156 0.09423127926257216 0.018724313163312536 0.0 0.07658321837761792 0.019260068729452635 0.004895292054269692 
0.0 0.009126907868080045 0.02922152451095703 0.006375768772948334 0.0 0.014645109021807408 0.0038612410120387112 0.07755472279090174 0.006997519210803473 0.23514617125162154 0.0 0.06413667675814963 0.026004862204139136 0.028635559551197426 0.0 
0.18033586121810508 0.006422785113294598 0.005225300851828132 0.006645411765162114 0.06072606935526629 0.12458305958917752 0.0 0.04278502819913629 0.053926891937978436 0.0 0.0 0.013345528563604388 0.0 0.0 0.007835963254706325 
0.0010421620388985392 0.016458696972090726 0.0016080565702518475 0.0031077060066135634 0.0 0.00792285468376574 0.0016368187315273903 0.012908007756957425 6.84973572784822E-4 0.07795980658031798 0.1759469768532872 0.0 0.19573127418511505 0.020325523811214614 0.011465237055622777 
6.743401186484975E-4 0.023956118221008675 0.1008842274877861 0.12846488964288652 0.007965047461707201 0.12582679599672195 0.0 0.04545288844512957 0.0012242952516642875 9.949356372680135E-4 0.002713439364925122 0.012165674599633977 0.021703268256467678 0.023202342879250545 0.010591269470219643 
0.01909927085123478 0.03514244841662234 0.2252997884264115 0.04647626786627901 0.0033244586214408634 0.0 0.021419648264353598 0.024017893432125393 0.03920431561346524 0.017637438897076595 0.001833665668198377 0.07259930269150108 0.0 0.0 0.0 
0.0 0.003153507208634174 0.0066610162348944985 0.0 7.661712207195556E-4 0.02446632336341549 0.0012576780936512043 0.002349843071337253 6.02970931205362E-5 0.31277302784899697 0.0029386155795964636 0.06901779378425393 0.004642637001214932 0.0 0.07813526278726098 
0.053347478732842374 0.0 0.022126817051699207 0.032479061060346384 0.026997198737182142 0.12146363498847226 0.0069154094380463995 0.0 0.12169278533232294 0.0 0.0 0.0 0.0021979551928063934 0.08679720605252657 0.028849480578410004 
0.015384221833973685 0.030043970868882212 1.0601446290204282E-4 0.007103259300098354 0.175351090233216 0.01629307232789538 0.0 0.03823566303362338 0.03591327866753579 0.0 0.0 0.0 0.12036362564061753 0.0645898951380529 0.0 
0.0 0.0 0.0 0.23978681239852448 0.11928984944850277 0.034012890109971536 0.017603236038580883 0.02188445965751151 0.010693289015361925 0.0 0.03994119451176945 0.026582805624318962 0.0 0.0 0.0 
0.008926882891789686 0.025169787772608653 0.14162480080689857 0.02921526125160891 0.0020897746657499517 0.026900080026688103 0.015214037867212772 0.029434080945371675 0.029140661817433817 0.013109950631272679 0.0013629680887696717 0.05396323580223188 0.0 0.12805500703500974 0.0 
0.067247539512492 0.003986628321504922 0.0 0.09209729013591743 0.0 0.041509345642643046 0.11261417188189554 0.01164726750010293 0.0 0.008413525816515504 0.1050249716288045 0.03812335987055232 0.027639420255713698 8.32558654031405E-4 0.0 
0.0012952157253383809 0.04601289494699247 0.1937699304361064 0.02570634225706966 0.08156280145557528 0.026122620996675186 0.0 0.08051094512206597 0.00128577912987126 0.019112610055081657 0.002962295587677938 0.013281418650243466 0.023693728566548975 0.0 0.011020891164838011 
0.02497736145145455 0.0042690164054685325 0.0010336709362638386 0.20162725304785695 0.0 0.0029306456107949636 0.06378653447097665 0.0 0.0577807568968332 0.028280111668262616 0.0 0.05641002698431341 0.011814278767130287 0.06265310109036848 0.0 
0.1409736570684465 0.048536425133356084 0.0 0.10241385817797301 0.0 0.002325467318013376 0.02909266748297155 0.0019902709177125966 0.007126229000003329 0.010286348583927622 0.03826284802774337 0.0 0.056607981968665295 0.02415433618286754 0.05077891017427486 
0.0422057482475781 0.00732488535091105 0.1890602625682357 0.0 0.018625609202570576 0.017633009356928016 0.0 0.00541195035861879 0.1854964493302181 0.0 0.002902341517205969 0.016174725560078238 0.0 0.031580806751151026 0.0 
0.0 0.0 0.0399066427381152 0.07208698578127405 0.0 0.015006743485129358 0.0070334966975216335 0.023584019190329316 0.027515784786894967 0.13655086973683403 0.01315009541732405 0.08274131826208536 0.05951703689647302 0.0 0.025344107967503797 
0.0 0.0 0.0 0.2262916593673809 0.002675048069469314 0.0048756001048533655 0.01047186656315234 0.0018047504631851148 0.0 0.0 0.02217671382601335 0.2188124432704574 0.0 0.01792542056579983 0.0 
0.0802376010353743 0.12118866737593913 0.10390402646151103 0.012419346637703544 0.0698294545805701 0.0 0.0 0.0025935042188434294 0.0 0.06250646709670737 0.022329008610886446 0.0 0.019997752167540586 0.011143506117798073 0.0 
0.11543993829336699 0.01106798780520526 0.03135741239014941 0.004743673554782847 0.0 0.19051178379729636 0.0 0.0 0.02215312923352939 0.05239310735363707 0.006398069047133357 0.09877235328171606 0.003305404159316018 0.0 0.0 
0.0012935916778509793 0.0016461634860198404 0.005224520410394085 6.269195496113232E-4 0.24228810382597654 0.0 0.1412971797227488 0.0 8.124595437473507E-4 0.004963907732003593 0.003349071190248112 0.0 0.0 0.10254299305800932 0.0 
0.14501257197963754 0.037588402629361736 0.0 0.0 0.18799022829617146 0.0 0.0 0.0 0.035588834473749095 0.01002223274235255 0.0 0.00808936511429428 0.043429945124152984 0.0056406143113813 0.03188275064740451 
