0.09668628247298981 0.0 0.0 0.02343179137244208 0.0 0.14922239636170953 0.0 0.005083577869804415 0.0 0.0 0.0 0.233303370652658 0.0 0.010583503351084936 0.0 
0.04146326933737391 0.0 0.029244836778039816 0.1725194285384952 0.04359021122110315 0.0 0.0 0.0050992620963943225 0.025099035030322042 0.05369253494904991 0.0023727609371196126 0.007451067945202116 0.0804085433115004 0.06159250781268512 0.0 
0.007549317814129963 0.17840903280033218 0.0 0.018952235030218367 0.008569586702497009 0.026667496517459487 0.002943061438954616 0.05560020627830963 0.014685604709270921 0.0637331720945095 0.044396498219710964 0.03407048821657828 0.029794294051826955 0.0 0.020982249597515254 
0.04125442120202215 0.05662864526619427 0.011036422999939913 0.08911345028592947 0.005897125999946831 0.0 0.016222431703427236 0.004749585773830342 0.018034465848460156 0.15601421833869233 0.013608695379091908 0.025268152314661917 0.025931113446568038 0.0 0.036462275732858325 
0.0059319997578300785 0.0012516097120372296 0.0 0.0 0.0 0.0027467496425333383 0.011303582196167112 0.2098885625781599 0.00839726258335245 0.012114325944153622 0.0021291636619955516 0.013753951410536334 0.017532903703096996 0.02559012449423288 0.19296036902295924 
0.008806188276848826 0.012382988567748611 0.014012114405833186 0.1508196170522927 0.04147880976429355 0.016997041550229835 0.01805097893619237 0.042977026645260125 0.0 0.04638887815973703 0.12279633724455834 0.019676722349975417 0.01821515786729108 5.6422324345391314E-5 0.0 
0.0 0.0 0.04667395668230271 0.002420393609176093 0.10725933224109532 0.0 0.0 0.02468794948218444 0.0 0.06513510554183662 0.0 0.014798923448201969 1.5636730815131783E-4 0.01425392781742431 0.2474435406935335 
0.010931830006753377 0.06552989813525403 0.0 0.10526172076590354 0.0 0.005060426259533781 0.004982393871029962 0.02611250091126621 0.0 0.012749114367842214 0.018042431099058894 0.002715042081916485 0.24393963967400228 0.0038700375361638488 0.011320083062712236 
0.09579674642012588 0.0 0.00696675805446414 0.05139905520004822 0.10417346606104103 0.03973314779782927 0.01947471060300905 0.03641895976803435 0.02798042390322315 0.040838102922338 0.0458324212839379 0.011489016987948948 0.016233766910615212 0.014522704975804959 0.0 
0.0 0.28545105262393605 0.0 0.0 0.12468657998200736 0.01691111310173576 0.001107644827276837 0.0 0.0 0.005905420658867562 0.0 0.0015035399791920865 0.044555507098488274 0.0399584053010557 5.725969724027449E-4 
0.03931095841230602 0.12079460923209671 0.0 0.0 0.12119235041618406 0.015483803957612279 0.1144159565087337 0.0023546604100515038 0.005308867853287783 0.0 0.0 0.03726902580841995 0.0 0.013371941380515647 0.0351892110861952 
0.0 0.004985786838555863 0.0 0.06874441660663493 0.051239402917064414 0.0013454335287983335 0.10909519889903202 0.0 0.004451552577363205 0.05928593467518758 0.0 0.0 0.019069181891733546 0.18204310200593668 0.0040273968656295645 
0.015195209961959081 0.0 1.944807249549027E-4 0.013272223317303955 0.018211563412992928 0.01070024932581293 0.0022432239674844527 0.008383485544115067 0.09710654845262658 0.0347706061223122 0.004005202298036621 0.25643823238591895 0.027387714021840454 0.02780537502702372 0.0 
0.06581643892587619 0.0 0.0 0.054905055290349856 0.0 0.1238384202456585 0.0 0.05974759379698964 0.0 0.07655787259914969 0.024793713050533787 0.0 0.024025875987925494 0.0784021944891896 0.0 
0.017168185064834456 0.006867301325749428 0.0873402894998842 0.008801726593398892 0.051936828804077635 0.0010698801744818208 0.042013169464950005 0.18085817847188118 0.0 0.03873039788162469 0.0 0.043302694563676115 0.005576289022992313 0.0298071691955778 0.0 
0.036600565990592415 0.0 0.002460283835190282 0.0 0.012369759057545482 0.0038425023273481003 0.03789295438582681 0.0015244252174980621 0.003226108774094951 0.022591560455791557 0.03207354651656991 0.08569094357252975 0.2736381707919195 0.0 0.001152187506051226 
0.026389478436528408 0.14509369367588737 0.0252566597550181 0.026472764961633477 0.0 0.004030853284282883 0.019281528318454307 0.004033752970660107 8.009463970119978E-4 0.008263838408011695 0.029701105156212167 0.0 0.1629136026172402 0.04663550649252373 0.005570267138216123 
0.0704739752013557 0.01698733888331896 0.0068044887435675045 0.09769623863754352 0.0 0.014341937750884381 0.015231239829609961 0.003624859248009096 0.02863737934922925 0.0 0.10646392286564521 0.08277830254229292 0.0 0.0796579244222974 0.0 
8.816901480780073E-6 2.4501123671553007E-5 0.14624999366567318 0.14994936282019328 0.0 0.055336717353588076 0.056713299345393244 0.001769693257888761 0.017065814094375808 0.017045463696335535 0.0 0.0075208580844794105 0.0 0.05963193258347787 0.0 
0.002702322414537241 0.06662379237631051 0.11547158494329449 0.0965476307615563 0.03370132412184212 0.0 0.02141880723684592 0.006563721291874211 0.016764322871231748 0.043354485393832916 0.010800172302548356 0.02488450877661441 0.03791826197356107 0.004052133842511526 0.02180573879054336 
0.0 0.0 0.13858418755568927 0.0071866262416067075 0.01746135055674036 0.0 0.0 0.025774048696297958 0.0 0.04903471013173622 0.0 0.2514521747856832 2.9328680610740947E-4 0.015130344831636347 0.0 
0.004453791107432319 0.10980497827822742 0.09445080941502323 0.0 0.0 0.0053745563450095625 0.03968825224558297 0.12139244854170476 0.02252738868786119 9.249463376492045E-5 0.02336377745484835 0.017074608516213233 0.010393481052935333 0.05073862442610955 0.005805369856079534 
0.0 0.0 0.2869640165755695 0.0 0.027330249466523977 0.01779259267480361 0.0 0.053543334995442164 0.00729217680400031 0.0 6.608777476265484E-4 0.12750074592990507 0.0 0.0 0.0 
0.0 0.12513088955315102 0.004537597703140849 9.004026778777351E-5 0.0 0.0 0.06655449039197275 0.0053062078751995685 0.08523592114101564 0.06451536917609117 0.0 0.015533092568357556 0.0 0.13732832436767994 0.0 
0.007350813489494535 0.01098943933959357 0.14524931877891847 0.016811650112601828 0.0075273724067724136 0.0732081715835174 0.0 0.018518327398332035 0.026540536258408166 0.02518804802976932 0.036880178528357094 0.019959876220764585 0.09697123363841983 0.019833605213337727 0.002327627934375115 
0.03222082786293132 0.03448751363152894 0.029902985502483343 0.08207463079193163 0.0780510030098097 0.020179199564898342 0.1922992064368094 0.02690761881184049 0.0 0.0 0.027337234877988087 0.003170911900565178 0.0 0.0 0.0 
0.3103893381950065 0.0 0.008005531362716343 0.0 0.0 0.0 0.018037111247194555 0.0 0.0 0.007814450310186863 0.0 0.12851560553688432 0.0 0.027786733495579172 0.006342981045937355 
0.019139394073597153 0.0 0.18821329215737526 0.02212486286119766 0.029679846391356443 0.15108094367216376 0.029567970004445672 0.018433790581583422 0.02383240445811361 0.0 0.009920708139481059 0.0 0.0 0.0 0.01111305777674596 
0.17198507036062105 0.005690590693336586 0.0 0.21163877876387563 0.0 0.01084118217164259 0.009192914693373149 0.0 0.0 0.0025960704632018005 0.023910489349634585 0.019180784660507738 0.0359308104493578 0.02393037491638701 9.33888821135678E-5 
0.07307231056972997 0.0 0.03735625184437144 0.15202246645308587 0.01441828952375075 0.03341409554296093 0.008276700429737957 0.1848048922743649 0.01404764252766867 0.0 0.0069307726260908345 0.005724907105037771 0.0 0.0 0.0013554900810501978 
0.0 0.018657806920709986 0.0 0.055777076887026496 0.014069546409834583 0.002464569902506262 6.262254957115921E-4 0.0621173881717264 0.0 9.748386538987081E-4 0.01475026393063235 0.09409817619349253 0.020809475899603632 0.22847303576037303 2.469329790164008E-4 
0.013553934645310139 0.0 0.036003207756121314 0.007249506580113577 0.0029879920547330988 0.015472578980880967 0.051438678449498204 0.005071599900108299 0.0 0.021466135536834255 0.18209282428732115 0.01725213301773222 0.03028028423484786 0.0143410017753822 0.12176753575588004 
0.025583621126734516 0.07861328345987345 0.0 0.0 0.06889001345053006 0.0 0.015491115260011287 0.001079863171409145 0.034351886087253404 0.029412398820646918 0.04393325637967923 0.01248519852645684 0.0 0.009083306761027022 0.19808661196691071 
0.0 0.0 0.0 0.0 0.13293656022316686 0.09706315580082185 0.002673336273642858 0.0589179797181716 0.0 0.1715255531729112 0.0319981620237125 0.0 0.010358439965801854 0.0 0.0 
0.0 0.0 0.07918952751326956 0.004170734026103065 0.035541325236670224 0.10348456008076479 0.0018095346932842315 0.0 0.018930351445821666 0.14109365344649097 0.0031304031280560227 0.0363011797629715 0.01862801213561144 0.058394862001764955 6.841880578696268E-4 
0.09084804730152697 0.0 4.3892243903243433E-4 0.1232810804412386 0.01521609814234709 0.03920277366254396 0.0062626815735186995 0.007847688455308836 0.010317395358759793 0.0 0.020464088011921656 0.0 0.09014804149987156 0.01773406194129787 0.08069780336478487 
0.0 0.008477719456181176 0.015043473362949642 0.018416489515183907 0.014688261179173928 0.0 0.11137135741322929 0.04099580275683661 0.006905511137899306 0.05975236005904991 0.0 0.012765302881405928 0.20130365483463725 0.016420758647081007 0.0 
0.21813163229585292 0.0 0.0 0.0501856684990934 0.0 0.0 0.0 0.005064266396200409 0.0 0.0 0.0 0.21773890512834626 0.0 0.023937870394598593 0.0 
0.1346793027256957 0.0 0.009053119875684317 0.0 0.0 0.018036108791837497 0.0 0.0026469297278418485 0.004977201200229248 0.04834174984967699 0.0 0.00559014711356862 0.12575012916102812 0.14586913054988299 0.02420850184910567 
0.004628705990657882 0.10938775916477263 0.0 0.011620165686565136 0.00525426247561965 0.016350616562357367 0.0018044764373101698 0.034090101148018144 0.009004170730103228 0.03907665867839529 0.027220782371776612 0.020889605762463098 0.0 0.207588675388343 0.01878215942342751 
0.11032200380022573 0.0036503015452412956 0.0 0.08112752487180146 0.0 0.05184646191461815 0.08093303984445338 0.00818338888622807 0.11998990751537032 0.0028922657640151725 0.002362761304039838 0.006134466225601808 0.028337287356770068 0.010841177355694205 2.3389201148236833E-5 
0.0 0.1457133515460086 0.0 0.007341486253337833 0.0031349084025026194 0.0 0.1342825686077482 0.08791097332371606 0.03442998007660469 0.0 0.0 0.0 0.0 0.02331862289305138 0.07479467186078405 
0.05273560897852944 0.07238851029124348 0.014107881552776503 0.11391390139721674 0.007538307938133717 0.0 0.020737166831246302 0.0963684544250968 0.030294240563031705 0.0 0.013920243494038257 0.025846624019885397 0.026524762528106767 0.0 0.037297018002766066 
0.05067182970670654 8.368945570949926E-4 0.007749835301721185 0.0245306007747974 0.020584112542743265 0.005078725975817773 0.08112543795065091 0.0 0.0 0.23249030824544362 0.07417519539651145 0.012857139102822239 0.0 0.0 0.0 
0.10703793630018023 0.04969391032426855 0.0 0.10611069905848775 0.026398439924728036 0.0 0.04665881325084563 0.009269411141979468 0.05837993951120402 0.0 0.01424600975720439 0.0 0.0 0.0 0.0857235746750543 
0.1271177068559677 0.06448425019027218 0.0018603962473484983 0.056009166241821354 0.0 0.0 0.032341013840009245 0.005450144101008214 0.030457383938411013 0.06682911270915994 0.0 0.1053336370359237 0.0 0.0 0.011524472989513224 
0.0019737242947462093 0.0013098085646574414 0.10404228589380206 0.1226928111760033 0.10047339477078226 0.006757084657591169 0.021690506868284044 0.10893024671170878 0.0 0.0 0.008275234737548452 0.04388771595168106 0.0 0.01428413713176802 0.0 
0.016685829501524432 0.09174143552117733 0.027757509707555257 0.07483864990458737 0.0 0.09654035212102176 0.02609668031483824 0.02064974364079467 0.0011326026321095968 0.011685732237712059 0.04199975179610667 0.0 0.046808347123334294 0.047016892316771086 0.005615820860767139 
0.08339703486652528 0.0201023667118806 0.00805225167694615 0.0 0.0 0.008334287626763177 0.12489588325768826 0.004005230693329806 0.031642417787410414 0.0 0.11763562180462052 0.023140258663898055 0.0 0.10215933552226478 0.0 
3.5808604041984643E-6 9.950786430480965E-6 0.05939737588917134 0.033778539858978746 0.10709952279213271 0.011431323305465962 0.03415358862344751 0.018260130640591937 0.010992892928925298 0.010979784281105711 0.0 0.004844538162616631 0.14448829474747107 0.05748724851727245 0.02321458944525843 
0.05421401852041332 0.0 0.020171628319009424 0.09806446152979716 0.12968301782031363 0.10026167961695978 0.11649026899826143 0.009464663913014515 0.0 0.0 0.0 0.0 0.0 5.452095907639902E-4 0.0 
0.13689631090899937 0.0 0.14850366774222484 0.0 0.1106387412241671 0.0 0.0 0.007474902194964787 0.0 0.0 0.009430443701834311 0.03294644022415025 0.05054108626299906 0.026167458620683655 0.0 
0.0 0.0 0.08573652941013651 0.004446080054231103 0.197027283454782 0.0 0.0 0.045349896544293646 0.0 0.11964826401866785 0.0 0.02718450342857303 2.872349221505496E-4 0.026183387661923626 0.0 
0.030004958241190895 0.0 2.913389433714837E-4 0.020687734972734705 0.00629449804664239 0.0 0.27524104223477613 0.004821779932649533 0.008610575646315064 0.14901423704462902 0.0 0.0 0.0 0.007917161310894408 0.010702918382244311 
7.637024000979868E-4 0.019211605749497797 0.018879563328592242 0.05596266756215263 0.1378925909709919 0.0 0.00620746049119948 0.0 0.01861464442340837 0.0031882956995180093 0.015313349559675539 0.15502253962324422 0.028194790102378478 0.03121796982027603 0.013751441952493367 
0.012287057254298298 0.0 0.0 0.02997896864146424 0.0 0.04198377550655346 0.26633560487346886 0.00623297163262053 0.0 0.042726784455322936 0.002557332660367098 0.004012744076254444 0.0 0.017825729640964627 0.081114931827914 
0.06565277395106131 0.06958957316402539 0.07526138558585514 0.03634920125315913 0.003722591384422703 0.03782987261703553 0.11648071126978493 0.0 0.0 0.00127982666970805 0.015025392899227065 0.04194873168791166 0.028218405571837243 0.013496517000574805 0.0 
0.0 0.13485672206815708 0.0 0.0 0.03368452703322897 0.00694942355753008 4.5517364881581413E-4 0.0 0.2178633149596713 0.026724762483670114 0.0 0.001456680939581474 0.04316689868042622 0.03871306927893995 0.017562897849122697 
0.12685860358566808 0.004197459624958061 0.0 0.15972785692039906 0.0 0.029619733497913175 0.0 0.007996806881389911 0.11725412679960354 0.002826321843681276 0.0 0.0328621886608707 0.0 0.02346130805013965 2.330535336819737E-5 
0.11507848436925526 0.0153822858556162 0.0 0.0 0.0 0.0178557489806656 0.1276244833183709 0.09233785708092318 0.1427461129380628 0.0 0.0 0.0 0.0011933916585722582 0.0 0.0 
0.02303381484530619 0.0025253438481112438 0.0 0.05696416652135862 0.012780271119733828 0.057787673918232724 0.0 0.0 0.012414032267884921 0.05265849180974508 0.012662875033008556 0.1406491970423522 0.02838047469844099 0.060890893867553315 0.0458060279279391 
0.0 0.0 0.03681524110190007 0.006429518486699925 0.0922148353335376 0.0065664532529992135 0.001155652297390845 0.0 0.07426391994638744 0.12619050552829647 0.0 0.12326162335373732 0.03517003490495694 0.0 0.0 
0.0 0.0 0.0 0.0 0.0 0.0 0.17421257301799417 0.012354160300907805 0.0 0.04625673828934605 0.0 0.18983273302143003 0.04550507644881082 0.01913730908163767 0.022949527930545596 
0.0 0.0 0.0 0.0 0.0 0.1833174863443222 0.013534167445889016 0.0032209756119105605 0.07124704487320103 0.00940774687390481 0.0855300718075127 0.025746524097157327 0.0 0.11173916111108255 0.0011338041166849412 
0.06060937903464103 0.03884491267994149 0.12821152242359238 0.0 0.014910250797551546 0.0 0.017909175751179795 0.008163173760171068 0.04626718740587698 0.0030472968546716604 0.0 0.011270859019172899 0.161047682636989 0.0 0.030246446250586513 
7.61537562704279E-4 0.0 0.0021305182832740076 0.0 0.0 0.0 0.21701100604062476 0.024032422130930906 0.15724624814697552 0.02892361660850566 0.012170859384484263 0.005275973453850991 0.0 0.059775080502725904 0.0 
0.0 0.0 0.22291790524859006 0.019184501417133286 0.0 0.0 0.017874205981158454 0.004253854681328387 0.08561216253489444 0.012130454292501725 0.09634003662642412 0.01040763962053168 0.0 0.061310746282337285 0.001192972789112876 
0.08853026463085276 0.0733068391802911 0.0 0.0 0.040423689785006024 0.15575911789901067 8.295750830108503E-4 0.0 0.027850228132917203 0.0 0.049027814481949726 0.0048918331774357934 0.04507249962596494 0.02839040808062579 0.0 
4.5471514758883385E-4 1.8858573921917089E-4 0.0012360276833945757 0.0 0.0 8.50789319100933E-7 0.1410828960699402 0.13145684116060605 0.0 0.023069330785089482 0.0 0.0 0.0 0.20153856969171238 0.02399213084034042 
0.038099802992412064 0.013981155289262743 0.005457776097324061 0.08660731942775507 0.0 0.18397193465944495 0.031202984667483172 0.0450324299091777 0.016013838077393993 0.03958163535586424 0.003679067038142961 0.023852375000906555 0.0 0.019774380708412524 0.0 
4.6727372050215514E-5 0.0015161338641466648 0.0 0.002028675428263071 0.269067707372917 0.0075927020245503745 0.0 0.0 0.013925232610508423 0.03876616907777466 0.004459795570029335 0.035210698409630196 0.038545783147193174 0.10464151670465056 0.0013190060471326597 
0.05007102984083537 0.022043361617652725 0.028264529608905804 0.0 0.0 0.0 0.0 0.0017317505876781566 0.0 0.0339250812449124 0.0014844683982249889 0.08051775145776761 0.062192227752843915 0.19946961765993174 0.023182916473576096 
0.0 0.0 0.13864753670457047 0.06936727227703114 0.0 0.027285279846593784 0.07212355098800548 0.007672844708666234 0.11250399312222069 0.002711823472159238 0.0 0.04285713885262759 0.0 0.01713130823755921 0.015983678338697092 
0.0 0.0 0.07287456568816435 7.085390326636157E-4 0.028307960540354015 5.640926770631938E-5 0.007347874591884905 0.06189182575664773 0.11035106716339692 0.02757116544709134 0.0021898255542545783 0.013109584806314691 0.0 0.15917711627508305 0.02597242755094952 
0.03672934961813528 0.05175799903561487 0.009495814152873214 0.0 0.02760175683921889 0.034544398096938024 0.012738126235548881 0.0012826039867817498 0.013964757673251869 0.12137033710348462 0.005473877261280627 0.019290388920787705 0.019796511327941867 0.14794647756285412 0.00885626760240632 
0.012717155114422927 0.0 0.0 0.031028356627096566 0.2968223689023581 0.0 0.0 0.006054872510480772 0.0 0.05870697934291866 0.002594357436342839 0.008146936857362968 0.014978574530466993 0.002061324281977996 0.08286946955976764 
0.020912063984529827 0.03462942003840728 0.0 0.0 0.1966595470849685 0.0 0.06829556675769632 0.13769356842572056 0.0 0.0 0.0 0.0363839693132431 0.0 0.014951707312125527 0.0 
0.00887128302588568 0.018872642605685858 0.026222033573765315 0.07772716572685977 0.1915205392774544 4.972246892580984E-4 0.008634873579904698 0.0 0.013359882798453078 0.007834449135116665 0.020765081430717508 0.041058286989960696 0.08695904783374613 0.0 0.0 
0.0255975152482492 0.05427478229992096 0.0841062192972876 4.3539952847647856E-4 0.03337566658845654 0.004317137751399306 0.005459618801796569 0.0012510841645478547 0.017631861554803306 0.09720488459079671 0.02286026533267572 0.018781059078098176 0.0513285942417511 0.008286716636419271 0.07721189901223793 
0.07738836559626404 0.03592866821812949 0.0 0.09135373370021928 0.0 0.024037833477355098 0.10199496042282366 0.02058350579318646 0.001122938758598671 0.07515525032415411 0.048913753360018304 0.0 0.016834636752940668 0.0 0.01075916331716671 
0.013895349389983429 0.0 0.06435547469664125 0.03913858764589131 0.07932446065278087 0.03025540608635614 0.014829312812223123 0.027731767506342504 0.0909095960495913 0.046595591735225025 0.04412546516879008 0.011061126702966568 0.015629165911503907 0.03995063356184106 0.0 
0.010310938377552106 0.017002682033377937 0.028761478242179124 0.0 0.02069563372503259 0.0 0.03494229497891341 0.009959623534389376 0.008730968500651725 0.03685102544383372 0.2980282136696412 0.025218299634832502 0.0 0.0 0.015398753654045423 
0.14647724666560039 0.004846595433621352 0.0 0.03665448510933324 0.0 0.06090342752777478 0.0 0.006211724823939773 0.09108014998405037 0.0021954179733532308 0.09124803950795385 0.01245608721378269 0.02740559066200171 0.023370437963957453 2.32150873240131E-5 
0.0 0.304125051887207 0.0 0.015322754325780553 0.006543011813654672 0.0 0.0 0.01266176088386721 0.030814789950954748 0.04162524224877158 0.0 0.0 0.0 0.023221427969521605 0.07448291835607301 
0.0 0.0 0.0 0.12073971942865534 0.0 0.012382161979484265 0.02700098863955939 0.0 0.228641110725402 0.02360295240182879 0.0 0.011771639715480706 0.007462137653210681 0.008142946693827235 0.06173615368839338 
0.01660501927764422 0.022793187224886838 0.005150230208516662 0.03356005954152454 0.002325954685315376 0.034375738560390785 0.009133035146665372 0.04244246518613425 0.013342148715648636 0.0 0.14200940545774865 0.019705536825352903 0.020222551478259413 0.1511304294468845 0.009046863082492553 
0.0 0.0 0.0 0.034965945880867925 0.05287717497972506 0.03121249601304859 0.11829369403113549 0.0 0.15300065421135495 0.024011285645460716 0.0 0.014687899938402632 0.030403192851507287 0.017209565198903026 0.028676433107446598 
0.073940271612506 0.0 0.08177046820355535 0.0 0.0 0.19176586805828574 0.0 0.03985192987394588 0.028810772182055307 0.003988697594412539 0.032774027348622566 0.0 0.019848946266070065 0.03198567037191882 0.0 
0.006127529892781195 0.18243938393746525 0.0 0.07212599791454867 0.02803711094846324 0.003700387812203048 0.02326254515188488 0.005612627342743673 0.0 0.004866292379249053 0.0 0.07460420676127022 0.0 0.02319196920244078 0.08126495825468824 
0.0 0.0 0.0 0.2635808236590297 0.038888885917121974 0.0077890076062497714 0.0 0.0 0.067326732485382 0.008556915514671025 0.02267996695025679 0.016574869264384666 0.03899607883838078 0.026445249606720664 0.013761797540211668 
0.04066875467034631 0.22360350343836888 0.0676540145908351 0.0021092155789265055 0.0 0.006032132881933286 0.028854620295208334 0.02283204241919367 0.0012522979360058322 0.012920699587944767 0.046438354455397485 0.0 0.0 0.04664864540234088 0.0055718364840448885 
1.815277657309099E-5 5.0444413467578216E-5 0.30110844094336553 0.0 0.0 0.017189424319617678 0.051357179846832766 0.027457987612221815 0.016530151060032437 0.016510439421790212 0.0 0.007284792834962497 0.0 0.05776020107540104 0.016049238622292978 
0.10448750795405413 0.2903583940566112 0.0 0.023231753297816685 0.0 0.0 0.0 0.0 1.116996802165146E-4 0.0 0.0 0.006421994182437654 0.0 0.08550572886541681 0.010856875074761083 
0.0 0.0 0.0013192321145649956 1.2826525104964961E-5 5.124527369737572E-4 1.0211644737027473E-6 0.1384831050152581 0.007857444446905584 0.09552405020723057 0.023866641801842097 0.001895595679921757 0.05508557449601581 0.0 0.15925028783955997 0.02598436672412742 
0.0 0.0 0.0 0.0 0.0 0.19666136242575308 0.015644213661474986 0.08364997104058691 0.023732106571240228 0.0 0.00565432951899437 0.01992631736177688 0.02044912463903153 0.1528236924916314 0.009148223999579427 
0.13521781265221186 0.0 0.05031103639555611 0.0426847276451002 0.17161731942629 0.0 0.11574803643249479 0.009166350918906434 0.0 0.0 0.0 0.0 0.0 5.414901159043496E-4 0.0 
0.005120069971780268 0.009974628676271106 0.009981918879118671 0.03951983918144152 0.014403671951238923 0.07391847709147294 0.08135941127067334 0.03834949268817907 0.032974512159322185 0.04640060830634686 0.12282738820108434 0.019681697914100318 0.01821976385219049 5.643659160433126E-5 0.0 
0.08966838539565819 0.12295065273838372 0.002064465659732057 0.062152888397438266 0.0 0.02350091409937607 0.0 0.0058084059590485316 0.026055931846775307 0.06987516311253784 0.0 0.012598225069604094 0.05128486114942385 0.02632072143720011 0.011580881223086373 
0.0 0.0 0.2438413398834078 0.012644996538948199 0.030723556496793588 0.0 0.0 0.045349896544293646 0.0 0.11964826401866785 0.0 0.02718450342857303 2.872349221505496E-4 0.026183387661923626 0.0 
0.011700594530502881 0.018564709746501328 2.9386682354299085E-4 0.020867237631822362 0.02255108066170354 0.0 0.38751593736917933 0.006691996287306764 0.011950346357896015 0.007271834537890965 0.0 0.0 0.0 0.0077962594152551365 0.01053947556852961 
0.05772681295699075 0.0064522690499649316 0.06758112776610972 3.4985273870492194E-4 0.001219455681723887 0.002910172961325591 0.0036803168976906765 0.11149415195602048 0.0 0.021633881835811483 0.07346639331406779 0.018781059078098176 0.0513285942417511 0.008286716636419271 0.07721189901223793 
0.0 0.0 0.1312084027828767 0.0 0.016156944986567456 0.007143588963160891 0.0012572243612824145 0.0 0.08079109047913613 0.13728158380414807 0.0787622764428981 0.018446840451970675 0.034237667196024654 0.0 0.0 
0.0 0.0 0.06340273975979062 0.0 0.006038431978944143 0.003931151844313049 0.10189767035975074 0.078817016737142 0.004804725967231116 0.0 4.3544425218058024E-4 0.0 0.0 0.0 0.2617568132945189 
0.0 0.08183799710013495 0.0029676757593374643 0.08471371461436443 0.0 0.0 0.08694824656350156 0.0069321463951242555 0.11135407759549262 0.08428429386538695 0.0 0.03395911647304095 0.0 0.010623185546461649 0.0 
0.03167897644319147 0.06895045455826584 0.0 0.01034140971455364 0.004630339176170964 0.04503280116631745 0.0 0.07011508813203747 0.02189913285453138 0.0848264214581435 0.03755804890976173 0.020326745619082594 0.09875359830569529 0.01918026221386707 0.0023657191737134152 
0.006450228986475611 0.03430464660540785 0.002963872661637572 0.0063726574218873925 0.02407554414657961 0.0027979549049907283 0.25686462304917923 0.0 0.03035639956229167 0.0 0.08118459249111404 0.014531200093471648 0.024870208244763502 0.01934874082959408 0.006352225865496634 
0.037995299058964614 0.016727119845347364 0.1161559532537923 0.0 0.0 0.06411554720245943 0.0 0.004054146564100094 0.0 0.03691608584858071 0.0 0.16157633236750085 0.040109251209221236 0.02720014912685414 0.0 
0.4199732795613792 0.0 0.0 0.024710185854180194 0.0 0.0 0.025191376816561164 0.0 0.0 0.010913985043410382 0.0 0.0 0.0 0.028258510572818068 0.006450675354781182 
0.24629199603315796 0.008149236079217772 0.0 0.061632140872739875 0.0 0.0 0.0 0.007888729405809763 0.11566942802997998 0.002788123881097864 0.0 0.012535495006262333 0.02758030182279563 0.02351942494968977 2.336308394646627E-5 
0.112907965760286 0.04262218457114122 0.0 0.008065401107061472 0.04259805524216502 0.0072434066841966065 0.0 0.13437049415903596 0.02240211136715765 0.03225768124601804 0.025130523720206865 0.016387189806018637 0.03722038526252402 0.026266663135719508 0.0 
0.08846047749512082 0.0 0.07779041518130864 0.017739235829915496 0.023796657987666194 0.12113342830734346 0.023706957923821294 0.014779814022688242 0.0 0.0 0.007560973613257173 0.11832126689294535 0.0 0.0 0.011142331937986293 
0.1149915036478267 0.0038048045629717167 0.0 0.14150450006630397 0.0 0.007248558474425775 0.0071367848209902725 0.0 0.0 0.0017420475239184258 0.016044714254726682 0.16242645570075842 0.035920031100419116 0.023923195733445368 2.4785951826490307E-4 
0.0 0.0 0.060508543179887894 2.712812261092197E-4 0.002186506862066058 0.007335640039844312 0.06387168112617221 0.009514828818685192 0.0 0.014526280270026743 0.0 0.1397411033138436 0.17020541624185362 0.01913730908163767 0.022949527930545596 
0.030549675175242583 0.00408350734646406 0.08243803440308184 0.0 0.0 0.016023163581411645 0.11452602606688134 0.0828609648560085 0.12809568059530263 0.06501042151456139 0.0 0.0 0.0012227287452216693 0.0 0.0 
0.0 0.4052240466384359 0.0 0.023842377580489165 0.0 0.0 0.0 0.0 1.1463559883757556E-4 0.0 0.0 0.006590790120510324 0.0 0.057787034884832895 0.010504465318408504 
0.018714677987257376 0.011881461385745256 0.0 0.05534831232617387 0.1872424581197061 0.010074888470058213 0.0 0.08596370023475006 0.025956769918315525 0.0 0.05807235734640853 0.04177783278146881 0.0 0.013597433349586643 0.006159420338886019 
0.003517002645031459 0.11411398879216436 0.0 0.16193775467750524 0.11748115149447172 0.011056590331525395 0.010886096363620671 0.0036917655102156116 0.021002451453765388 0.012565089465552721 0.006111520698226829 0.005048194502320356 0.03918429567140134 0.0 0.0012954664187473813 
0.028890218416266957 0.0 0.004531603922275408 0.08426759834896196 0.0 0.08593051119363143 0.0 0.0078341781015168 0.0 0.0 0.06751308673002866 0.216167800645478 0.010358863625004185 0.0 0.0 
4.571756719997008E-4 0.001334541632958926 0.0 0.003993233272781737 0.15414660735013094 0.09697506782778328 0.0 0.0 0.026707896122647828 0.09023706642626744 0.03329118899198299 0.0 0.0 0.06200048640680788 0.04664073445979395 
0.0379649244641302 0.001256172093169504 2.373466446292809E-5 0.11732150395687209 0.0 0.0043598797989929635 0.0011078070399183526 0.10988706207144242 0.0 0.0017245115872300445 0.026093549903202683 0.16646179809746586 0.03681243267235032 0.0011719734380228111 2.4277597951543966E-4 
0.0 0.0 0.0 0.11883697234993996 0.018902615546161447 0.0066769767437073165 0.0011751037000021613 0.0 0.07551389574761512 0.12831448549553937 0.0 0.12533630573683047 0.026411222948472503 0.0 6.848623531176679E-4 
0.002475376729486786 0.061028611682784596 0.06335296613347317 0.0 0.18448732504605217 0.008017539889534991 0.05920528599915943 0.0 0.02949507419732491 9.490646164530712E-5 0.02397299560689777 0.01751983452760276 0.02088524243432313 0.02679500382621582 0.01394380553140506 
0.14802608525890962 0.00244479478594523 0.022639359734098093 0.0 0.042527227190705424 0.006311223786792484 0.15539160444434513 0.0 0.0130451984158039 0.0 0.06844511454119967 0.011863916958501104 0.04316936808045208 0.0 0.0 
0.007233885748481306 0.02757997371841191 0.028182534104380354 0.024095837700542307 0.009366631929400257 0.018174663757795754 0.0 0.0026307647976655194 0.0 0.1170487461358976 0.01006649788509216 0.0 0.17968211147311625 0.05805692721698502 0.024078177970257342 
0.20727164204434764 0.0 0.0053459298590509225 0.0 0.0 0.0 0.0 0.04771032992702537 0.006826159845705582 0.1502550556091899 0.0 0.022044898037151445 0.039354313829541736 0.03943601065825317 9.147946825086903E-4 
0.15975811017607672 0.13228653657885353 0.0 0.0 0.07294694433959624 0.03056773406217262 0.001025970090755978 0.0 0.030778895776393762 0.0 0.0 0.0047979395113506495 0.044207379725919316 0.039646196652666776 0.0 
0.030284166459533763 0.0011703945184986639 0.031222501040022495 0.00274865384491802 0.0019482803747688706 0.030027057420787432 0.03099590854563385 0.029367214353028397 0.002025255539547353 0.0015462105750655274 0.15134347373965734 0.014329440108040582 0.15995920525754143 0.0 0.023818380003939193 
0.04364793038062361 0.13412124524714442 0.0 0.0 0.11753248283788824 0.0 0.026429218797358444 0.0018423425008046118 0.05860736933806097 0.0 0.06625480734619495 0.018828661729523143 0.0 0.013698341281995118 0.03604815555093915 
7.888572497722757E-4 0.0031344241364240706 0.004659872653414924 0.015615441889078758 0.2756032684150774 0.0036033718427083096 0.0 0.007220739638397614 0.034843305159176774 0.030175365775889425 0.12392924298286784 0.004773092547291464 0.007632433849452708 0.0 0.0 
0.20151819220000855 0.07607209575121582 0.0 0.014395131818366918 0.03497586134864808 0.011485872754499665 0.0 0.05344016272503539 0.0 0.03414653617330466 0.02660204652409921 0.027210223395041262 2.875066825888312E-4 0.026208160446700025 0.0 
0.0 0.0 0.0 0.08374359139120777 0.12664106243573398 0.00497673706485235 0.0017523749294670534 0.0 0.13995637098045305 0.054215189592905305 0.0024692151253937096 0.014666393862205484 0.030358676386604666 0.017184366891313814 0.02863444497040471 
0.0 0.0 0.0 0.0 0.2667956473266948 0.19479989131642358 0.0 0.017759664425714274 0.0 0.01575954414359419 0.0 0.0 0.010358439965801854 0.0 0.0 
6.55506675807715E-4 2.718607719047866E-4 0.0017818284749135226 0.0 0.0 1.2264778979407303E-6 0.20338178903104312 0.1895050943833737 0.0 0.041139047737270486 0.0 0.0 0.0 0.05091187862722019 0.023445026089481222 
0.0 0.0 0.0 0.207250248640951 0.03296593387090146 0.0 0.0019546159789502536 0.0 0.02044811163912571 0.1524059807079157 0.002491666179426051 0.03912828213647248 0.044029304317065775 0.0 6.841880578696268E-4 
0.009129437315187054 0.2718173470586621 0.0027279071227210828 0.1085042958581316 0.042178230725674004 0.0 0.034552680004028336 0.006799540611164547 0.0 0.007204796115417774 0.0 0.0 0.0 0.007724386364559727 0.010442313042054705 
