0.22061858003789164 0.0 0.07612780131475738 0.0 0.0 0.0 0.045199890370468274 0.0 0.0 0.059561559812508484 0.0 0.03501344499170815 0.05784300746033279 0.0038669439633293185 0.004927054764180517 
0.0 0.0 0.0 0.21447451402055812 0.00344218901439491 0.006413214972434519 0.05868436652709085 0.07111103322148724 0.025079957336595293 0.0 0.017878384538102497 0.045324120683103895 0.027209803199497125 0.04176780339647846 0.0011723282437288087 
0.045909101968182674 0.01867739292696805 0.0 0.009322525260212943 0.0 0.17403751615385804 0.1275834905713393 0.016622661655640098 0.02828997734228041 0.041220512218477404 0.005219338906674416 0.00644165475083848 2.377717122785873E-4 0.02889571016216744 0.0 
0.019358852470956818 0.003961157941671044 0.16743494291832275 6.222370691828259E-4 0.021311907653565432 0.18631363020644473 0.016015662376390905 0.0016594648114767714 0.045168098825109824 0.023889332196857568 0.02934640771996644 0.0031425801530920515 0.0 0.0 0.0 
0.0 0.0 0.0 0.22526033704909232 0.05862053201467328 0.026426919719444088 0.0 0.0 0.0 0.06810192958084212 0.03744727909669886 0.04286694648443767 0.04553406933837623 0.0 0.0 
0.0 0.21317108694828127 0.0 0.012520895586463519 0.006389315062292994 0.04032796986775871 0.014516042916551153 0.003358829481598991 0.0 0.08883507159877631 0.0 0.05931558513010616 0.03999451456188 0.0029884223768209795 0.02002115791670622 
0.06987438898644259 0.03859833436193056 0.013024504730264407 0.07271029888566644 0.024208200188004868 0.10682363812790453 0.0 0.05217465390917842 0.0 0.03857766705884058 0.04116637607561984 0.0021861210629702606 0.029810627259219125 0.0 0.013642291028503723 
0.097201829271631 0.017924541996049478 0.036932645318525255 0.08232032576062023 0.019506652800497876 0.060320604665157505 0.0787793841257164 0.03186361743015395 0.0 0.01620626475701939 0.0 0.0030107632808977665 0.002253629612603714 0.004672269767680012 0.053847582983135696 
0.0 0.145856018001304 0.13470293179519688 0.0 0.02243607224784311 0.0 0.0025644900940955846 0.0 0.0 0.0 0.0 0.04177540085509434 0.05321671341121555 0.0 0.10843148099248184 
0.0 0.1679249993291248 0.0 0.0 0.013206062217061004 0.05107404603438712 0.02148066401324498 0.15215078297641912 0.003175533483295427 0.012318879276073917 0.03966636826371534 0.018226071559180317 0.0 0.0018349003584439924 0.023704186037159063 
0.0 0.0 0.09070251192732152 0.07441201551765185 0.014957828420669074 0.05409820823869648 0.11846336672615863 0.028209538732430935 0.038057159736565066 0.0 0.0 0.05607772990174498 0.008758535726157106 0.0060176853403910695 0.015345648763232056 
0.0018210988696672412 0.004133395201597058 0.04413289232864325 0.04888906335726977 0.03238036873915255 0.028509602230877406 0.006216101764590521 0.01401948967745374 0.03031252796834483 0.036650840363526165 0.20496422303313588 0.0 0.0 0.051283195164393 0.0 
0.060051047815073144 0.0 0.03279044276537904 0.026921419707893687 0.09101121582568389 0.0 0.0 4.8482806601316057E-4 0.07381989753750806 0.16824308392181261 0.009251541728019654 0.0 0.0035403081542375522 0.04011847878958031 0.0 
0.1122779811730416 0.0 0.00587998564112242 0.07217147342477775 0.01345102269413137 0.01233176348076271 0.022321602226301106 0.009289598587653164 0.0 0.0728110149041637 0.0 0.018020023387087067 0.0 0.0 0.1739367879949056 
0.0 0.09084205009733615 0.0 0.0 0.07584420098184902 0.04700100130946858 0.0 0.0 0.03571114901216354 0.14718579061212192 0.0 0.05177336189586059 0.0051780610542103 0.0530062457544135 0.001161224675461422 
0.10030008521166398 0.008067444912472814 0.019933866118390473 0.008167074273048504 0.0 0.10823211767651239 0.008195997719279174 0.00932874791072536 0.014060720875975095 0.10494543683995783 0.045664414398603456 0.024062546425173675 0.011810466246658479 0.025151403504164782 0.020694371058545682 
0.04989335295306847 0.01827824230345869 0.08564952737605074 0.0 0.0 0.15789070442861527 0.003470825655649766 0.0 0.0 0.0612075370516688 0.12156891489347935 0.0 0.0 0.0 0.004924363711768868 
0.0024103616816817533 0.10079816390093559 0.06418796944698654 0.028244184056854048 0.0 0.0 0.18448263262445658 0.018128743716955303 0.0 0.009267439400468553 0.018870669460622182 0.007351516719903653 0.02281697452312326 0.03152147481862433 0.014949176872101086 
0.005681125828415288 0.03757114176265504 0.036499983235786 0.012111025492271029 0.0 0.01670643874429455 0.10883642737102367 0.002564489356282221 0.0 8.980656025546951E-4 0.026353269431015038 0.04165198153744941 0.14918439625627045 0.006907059154378448 0.05940532848279194 
0.14488176382166656 0.0 0.04215648571276383 0.00882111013259543 0.04836959476602637 0.0 0.11532382168621637 0.004209027300571909 0.0 0.009887314425788456 0.0 0.058459754579330094 0.03941745665457897 0.030425797309577344 0.0 
0.007928318457642157 0.004859476290713459 0.031421689183124546 0.012148238854083648 0.0 0.05107241608991681 0.0058263182760251485 0.26085049083374784 0.012067122845274041 0.07943974848523189 0.0 0.0 0.01817566603512825 0.01004042573543635 0.010453358488432157 
0.02779644744322702 0.0027166391982770613 0.03140112309058428 0.0 0.0 0.010264785845713508 0.007958889994390999 0.005397923080325788 0.024049121905018473 0.15547571632867593 0.005660562365641283 0.019781828422886137 0.07782765506675286 0.0 0.14653491266248642 
0.0 0.20361001302191095 0.05756127486654051 0.0 0.01971351777218164 0.0 0.06018675081306634 0.04563444186256825 0.03700689047745528 0.0020381708134534424 0.04213215988347282 0.0 0.0 0.017099276812262573 0.030741958569084803 
0.0022182317714055334 0.010357308056902582 0.1981191664220212 0.10529530041865193 0.07648797789380847 0.0 0.0 0.020128639208392647 0.0 0.006077333185220544 3.7677056505849105E-5 0.04193287535316884 0.026196473090405365 0.005820927958142233 0.024928280799015184 
0.02984137557840915 0.0 0.03730197468585878 0.0 0.003194788103455733 0.017694253327957706 0.01886319058805825 0.0013323001014981053 0.004925007103532638 0.18426805665574772 0.12080331139406923 0.020249924424489422 0.0 0.0 0.07122958047441955 
0.005901615454589747 0.09765273199352699 0.0 0.10355434744811673 0.0 0.006382450627516197 0.03479348350762288 0.07251297527647807 0.0 0.03332635884590185 0.032772640660439264 0.0021900593772886216 0.07390288703014875 4.936628207418235E-4 0.047933236580088016 
0.169286910685942 0.01363155972666268 0.0 0.004489882032697539 0.0487701362266131 0.0 0.0 0.04362760853448979 0.051302673563485765 0.03462079792376629 0.04363755469391384 0.04219796391041716 0.042554755113330275 0.008574818138488314 0.0 
0.006478607899910087 0.027205175004130232 0.0 0.2698951300573292 0.06495740803061044 0.0 0.05413855814204517 0.0 0.013633720831944255 0.0 0.020570634007052502 0.0 0.019404734655212155 0.0 0.03388055207435956 
0.054811053059744014 0.07437705963883136 0.0 0.0 0.08473505485634542 0.0 0.015520699828081415 0.00503806778429519 0.013332591459791715 0.0 0.038027059597955735 0.0 0.2177966544801945 0.0 0.0 
0.08122469778107845 0.14556465156601536 0.0 0.05728530434149128 0.053195931449288705 0.0 0.013016193260152228 0.11270959755172948 0.0 0.02908369895819865 0.0 0.008986999431706963 0.0 0.0 0.005794727264635383 
0.03046596991162474 9.556533151599179E-4 0.07480760864836225 0.015333309217921818 0.18851734876896228 0.0 0.15955485925899984 0.0011854301856167313 0.0 0.0 0.005322863499818717 0.0017085295902443765 2.400460263050316E-4 0.0291721009838346 0.0013500980091640659 
0.0 0.0 0.0 0.051784277435998664 0.004691170115446882 0.016966627150095583 0.28516734085177475 0.02868755758710099 0.0 0.0 0.0 0.0 0.0 0.039859244203571266 0.07794401168703054 
0.10841971735178843 0.0 0.0 0.031438667100130095 0.10628233383556693 0.0 0.22861757002950311 0.0010920512256040276 0.0 0.0 0.009711308733299125 0.0 0.003716248221924921 0.014305272293238198 0.0 
0.0 0.09075407332875152 0.11363812565081838 0.012096151234811059 0.020334075948666982 0.0 0.00920838969478595 0.028805924531922742 0.0 0.178886991133978 0.012930014083004834 0.0 0.013624307073720036 0.027387424028303034 0.0 
0.0844880567301766 0.01830345467219993 0.0 0.0 0.11735831437778942 0.2259742386310316 0.016719831369480558 0.0 0.0 0.0 0.0 0.04207972297491419 0.0 0.0 0.0 
0.006895956874329165 0.12986452333288814 0.025156659929543412 0.06593707528764024 0.0 0.0 0.0 0.008404994984136733 0.012668397684971655 0.09455351122027464 0.04114262467447896 0.0 0.010073180183775085 0.10714566909077493 0.0 
0.0 0.0 0.15598360078940357 0.0 0.1755018777171185 0.09958647099463715 0.006719525485249081 0.0 0.0 0.02417642746875632 0.017128335294796466 0.0 0.018701964707203787 0.0038972383275395297 0.00667744625064167 
0.07814818313823692 0.004146523285183576 0.21723776157829597 0.03424353928260468 0.00484691905792445 0.07893538282971815 0.00655999223391427 0.0 0.0 0.022901251472082072 0.022222443575088725 0.027884396988848537 0.0070565401272011455 0.007866953001898772 0.0 
0.013376531275665222 0.027851615063048993 9.372433762340113E-4 0.021388200863897415 0.09674067600246997 0.0097208949114904 7.924557265092232E-4 0.0 0.045855571819136326 0.09344370104649864 0.0 0.0 0.0 0.02352614213900847 0.17629808678803802 
0.034403679051839296 0.0 0.0018017169235954398 0.0 0.0 0.0 4.882891964370095E-4 0.18850294241940094 0.013289059385445418 0.07009585287597526 0.036859855988791455 0.08962213872253971 0.023465614588094152 0.039376214866426555 0.0148188181816514 
0.13342521454922807 0.0 0.006987463949000091 6.385873081567097E-5 0.009927802487564152 0.0 0.0034244539079003084 0.009199884270966435 0.045836902818674814 0.0 0.0 0.05301218066811013 0.04760069097350575 0.02595229727898854 0.1723319380730812 
0.05406058573561019 0.11256091679988199 0.049490002008011645 0.0 0.17767739618411657 0.02388095721029815 0.0019467962022151923 0.0 0.013535075305876056 0.01597028074502129 0.005602481172700038 0.0 0.0 0.03449750186131272 0.021405138407424147 
0.05360863138758225 0.0 0.0 0.06253403504430548 0.018321224863210427 0.21256902438809766 0.032963732332585816 0.00642370832564795 0.033742634981980824 0.0 0.064480196571383 0.014507646600360694 0.0 0.0 0.005660023494913331 
0.0 0.0 0.09899932446623211 0.021979109164964636 0.05639061385891452 0.05554481050544732 0.2334860340623571 9.497534813171889E-4 0.0 0.0 0.0 0.0 0.03582804785021166 0.0 0.0 
0.016789840585417798 0.025196345001834784 0.15311212477829395 0.07174498029495201 0.00615819573443935 0.020532790696845764 0.0 0.009414327490939381 0.07827549857129541 0.0 0.0745386495523812 0.01519246800156434 0.027929548237521466 0.005612906245776284 0.0 
0.026346536094441562 0.07359340661180283 0.10274334831785016 0.014010704111959971 0.0 0.1254557900974852 0.05930815687006787 0.00820197110187308 0.0 0.06764509563178686 0.008389203435790362 0.001574169203329421 0.014294369919462438 7.979955824544148E-5 0.0 
3.3767721652717964E-4 0.0012297052164765342 0.04383370732861321 0.049517825369020135 0.022286962435738696 0.04106524705726717 0.029919507892058005 0.011953169713361939 0.0 0.08482707810424234 0.03413419053755403 0.02567155616223378 0.05195102205501412 0.09968904731397339 0.009502785146408175 
0.13441013108457178 0.0 0.0 0.07017233260703652 0.00973436116317007 0.005826763171313599 0.04717139200341488 0.03576601356405042 0.007913550845123237 0.036005994478109815 0.12165670737311493 0.0 0.0 0.040463615823418425 5.829003241726627E-4 
0.1498432021084254 0.012052350463782795 0.029780177387455718 0.0 0.0 0.15201657996421952 0.05212784952208191 0.014600855413479727 0.02200708546142344 0.0 0.05179681219667395 0.0 0.012681704833622487 0.0 0.00911841041451207 
0.07422069357992284 0.0 0.02561098078559572 0.0 0.0 0.10247287966757766 0.1322615247011964 0.0 0.0 0.05827604848373554 0.0 0.04407591756011666 0.057895582833231554 0.003870458753271562 0.004931533122981226 
0.0213192113263374 0.007642720644565073 0.028961931970902473 0.007415730570351514 0.0010486618210180647 0.20998959676162543 0.0723000274553285 0.0876098688381833 0.030898886898220665 0.0 0.022026440250744052 0.0 0.030088511385941326 0.0 0.001190475782295 
0.01719201657967257 0.00351778562856853 0.14869395378609765 5.52590089000729E-4 0.01892646634268392 0.003657654766666889 0.007728426143342549 0.15222601529634386 0.038210633611273755 0.09159896767824385 0.02913913233730303 0.0031203839268963865 0.0 0.0 0.003660248156943581 
0.0 0.06425343882773005 0.010807176782183726 0.05677567736016128 0.05091732711133342 0.008356960996719029 0.0 0.05304638591437414 0.01761353489621721 0.024297943304669528 0.044344281210215254 0.11841752978759135 0.022442390118160814 0.035763515683271394 5.245183448211771E-4 
0.05414029159161532 0.004359561028431739 0.12984368023226373 0.060942964359550524 0.0648729700135755 0.0 0.0 0.0 0.025510947065969115 0.07454602001927077 0.0024273412908991853 0.04294804834556737 0.043311181644238264 0.0 0.0 
0.03232516652430532 0.1664544550570979 0.011177123412578913 0.0 0.010805470258656006 0.10137406086435252 0.0 0.018301325524313704 0.00849469046471089 0.03260323675239443 0.0 0.0021702363435887754 0.0793579872565934 0.007108662393844824 0.03398014962384195 
0.0 0.0 0.0 0.20309441184975222 0.003259545109808256 0.0 0.00850488074030099 0.0 0.012346620695566225 0.0 0.0 0.07952504904600961 0.028046190138889374 0.0018386033152619702 0.17032937390337016 
0.018480758477662607 0.0 0.0 0.0010854926461654922 5.53918405138013E-4 0.003496212744842474 0.0018623125117599088 2.982608647689145E-4 0.0 0.2888730929672891 0.0 0.04922897911981758 0.0331934535915874 0.08434525220149869 0.02002115791670622 
0.06219475487571329 0.09011701863052729 0.0 5.937709027961055E-4 0.14645172834456827 0.0068224900452342465 0.10264768446554301 0.01153926193875422 0.0 0.0 0.015216488990273462 0.04318383182011453 0.0031842535396730135 0.00227250048267734 0.021556596777461336 
0.12376297009049497 0.026826247786382425 0.01697560700682837 0.1420463176718223 0.09345105503921913 0.0 0.0 0.020671461516406604 0.0 0.006241224643158533 3.8693118573430395E-5 0.04306370689847161 0.026902930682373642 0.0 0.011393186774412029 
0.211784040605692 0.07758628717211319 0.0013080259299901307 0.11697637203054295 0.0 0.0 0.015850878805435654 0.004690908486494968 0.0 0.07458496942762756 0.0 0.0 0.0 1.6639651328907032E-4 0.006453680410708643 
0.06332206608573585 0.08247302326066344 0.0 0.0745183601304288 0.0 0.06212241657792617 0.0 0.15590713088737482 0.022989848295053808 0.02783335446709218 0.0 0.0 0.0 0.015381923708897778 0.0 
0.0012210867862710892 4.1470944611217767E-4 0.060422914131610606 0.06768587270847494 0.03305707978206198 0.0014830353926226284 0.03105631136088997 0.0 0.016942283141918774 0.027696879879869137 0.0 0.14112270139543248 0.08629016018071564 0.009370591704850481 0.02533921692392031 
0.006569386832789142 0.0045370094694952645 0.07974262438126022 0.04664783158587236 0.007360876487908934 0.16173106965101414 0.012306238368600723 0.06858130863719596 0.0038346571480163513 0.0 0.0 4.8057449320032465E-4 0.057228635036872776 0.048484177587484245 0.015237828080864779 
0.013762335338146999 0.03157942658562397 0.004747380531720763 0.030009260070294943 0.02168256832926497 0.01517244880938611 0.04287755233116855 0.005623075888861882 0.0 0.11059082104792455 0.02712444916552165 0.0 0.12082149886737485 0.024777089283433487 0.05522396638567856 
0.04434322122622556 0.06098553976250868 0.07664514601664875 0.0 0.0 0.027695846553341338 0.02411973917877809 0.06984533362231454 0.0 0.0 0.04140554549234931 0.0 0.030977751948682707 0.12068235940984078 0.012053756355410209 
0.09598268702535356 0.10852089070619172 0.06943083007909927 0.011678910718503872 0.028314077428635443 0.0 0.029819127190992147 0.005810912844082831 0.03052372571573962 0.0 0.04426324654874519 0.048788561956727955 0.02740962469099755 0.0 0.00567580509052536 
0.12276227161558495 0.008721810500886804 0.023260482887550886 0.0 0.10149764502660594 0.0 0.03352677440642246 0.007344748631588311 0.0 0.013927949591644003 0.0 0.001103623688939419 0.08727210875672628 0.10471326610703927 0.0 
0.007146449476624212 0.00827020621689274 0.1142635457600322 0.12657764840087113 0.0 0.0 0.009964099186209769 0.0029487751440532423 0.0 0.04688522587923972 0.0 0.18587499354560016 0.0 1.6611502579654303E-4 0.0 
0.0 0.0 0.051355516370912783 0.0019148851809665886 0.0444755599125676 0.027561709697359858 0.016947444634107214 0.0045367046122008915 0.03890500678058453 0.17916889085531443 0.06534582553094274 0.0 0.060992019163365184 0.0 0.012617269169608423 
0.004622472761375202 0.06746105096090739 0.022449077499640833 0.04792020709251901 0.1331858653315854 0.08280870372277958 0.0055874577089454515 0.09886090483310465 0.02049124156912836 0.0 0.0 0.0 0.004787639043526571 0.007828697531632114 0.0066016854593551446 
0.01477327452674044 0.004314820533044849 0.050387870906862815 0.0 0.040015580472760263 0.16413343792508533 0.0470810321085774 0.0 0.05664270067182484 0.02037581928286734 0.0 0.0991779290649461 0.004419307875242668 0.007822309259846689 0.0 
0.0 0.10300173893904008 0.012997355740541406 0.0 0.0 0.0033867600636476422 0.03963424980566405 0.003952990955427762 0.04319361506670124 0.002766995549623257 0.06039839072352248 0.0 0.04895564191268534 0.019544356642712948 0.1741302310809196 
0.061038079971852566 0.0 0.05789416199231685 0.024983665593837807 0.0 0.018117306400249205 0.12093830800825368 8.475916479834355E-4 0.0 0.08267144313377693 0.03601173430467511 0.022796595485810582 0.0 0.024853529987604175 0.05539433986374655 
0.26726856172407637 0.0 0.0 0.0 0.02286507572396446 0.03279408530854818 0.030674044261084867 0.005977512240215665 0.03139884368918241 0.0 0.060001348865427524 0.013499933486103908 0.0 0.0 0.0382827219316236 
0.04761223954705727 0.09913465163922855 0.003336011049765013 0.0 0.0 0.009101636332750757 0.014898338137414532 0.0 0.00561518429365126 0.12289508869194347 0.029944500839582215 0.11563387137197302 0.0 0.03400036330720031 0.02109667202625767 
0.034307303638392614 0.0 0.0 0.019372946580270663 0.03168130935048177 0.0 0.0 0.1514663817315315 0.007639077211100774 0.020108930525499228 0.019025395141450276 0.0191540867483166 0.1986306237990436 0.0 0.005798416200581817 
0.019485823244450806 0.0830210294475629 0.03703047045826471 0.0036865484161255806 0.03611325103339459 0.013119406197970055 0.013963237584623936 0.010759454216513843 0.1197298344661838 0.0 0.0 0.07704414935287476 0.05468858501385305 0.00662628974807942 0.041930954505391464 
0.0037064488465987687 0.0031644006184394042 0.3046758675715781 0.027747950630260945 0.02405395143275652 0.0 0.024427214756430234 0.0 0.009675886748177482 0.018502022868953593 0.0 0.017936811845681067 0.07614228596278919 0.006598795234774579 0.0 
0.0027016149289559705 0.060622824576991224 0.1473141979815805 0.0 0.17073612737941316 7.015507875358244E-4 0.0 0.028674250831753574 0.009135763594441472 0.0 0.0 0.0 0.0683917122189392 0.0 0.017908849572140294 
0.0 0.10880220850508023 0.030973399541686413 0.006107088368920947 0.0 0.021515556745600493 0.04513702098918033 0.0 0.03080284784184675 0.05340438186626559 0.0 0.022514101478251714 0.18620113233821697 0.0019591394872736935 0.0011632306117246418 
0.0 0.0 0.10490511565441642 0.16263043255934082 0.0 0.07543776748539774 0.02156916558382517 0.009061955627992602 0.005603082695009458 0.06502123747074735 0.0010344059542115745 0.036829133999317615 0.0014632751727649228 0.0 0.01805157556824175 
0.01075298324476537 0.0038548352365129135 0.014607818481278284 0.0 4.688936821249658E-4 0.0938937541732047 0.03232789199701503 0.03917346199381985 0.013815982007625672 0.12930379265597777 0.0159450818903905 0.12395546551561636 0.029405011448850066 0.003973232164775794 0.0011725410239058138 
0.01859997595570678 0.09577828035176165 0.00643134279205087 0.0 0.0062174927034014905 0.05833087025836548 0.0 0.010530625246859828 0.007113653485318504 0.018967949563822594 0.0 0.0012626026617968671 0.04616898350311772 0.2007658328012326 0.033979802320194694 
0.0 0.0 0.0 0.29805361319393114 0.0047835840902687304 0.0 0.02638654813788693 0.0 0.01891847108648296 0.0 0.0 0.1218545850014124 0.003620067697354535 0.032712696053865044 7.315253742389471E-4 
0.15704378438885702 0.0 0.14895485404337205 0.01797324888782641 0.009171608296253297 0.0 0.026270632517062072 0.0042074042477224455 0.0 0.009883501755376426 0.0 0.05843721177680752 0.039402256797041076 0.030414064746803568 0.0 
0.20090705312946672 0.0 0.056797138491255894 0.0020171271422934362 0.0 0.0 0.05565193267206145 0.04219607890033171 0.01786853641480702 0.0 0.0790860287553091 0.0 0.0 0.016611046481140136 0.04156630475253408 
0.010055029371769319 0.205197579970106 0.03800020662829631 0.0 0.02443968779881554 0.023871527471677263 0.0 0.0 0.013428884705918291 0.03855775468843813 0.0 0.001987812473388418 0.04687783755249548 0.009337276944323923 0.11318225343665642 
0.0711854560814399 0.02604706813394306 0.0 0.0453446657787619 0.06325655511009885 0.04107380905326988 0.042560446355878315 0.0999822519891705 0.0 0.02553986572279719 0.0 0.012422603119642654 0.06883705371359294 0.01098314476092674 0.0 
0.08895530592178659 0.010714173369961185 0.06198694783653863 0.029189514197388477 0.026744566079007496 0.02887180316128015 8.645111892529295E-4 0.011795447497677488 0.0 0.01603955294329348 0.012741691773626648 0.19297813740706946 0.011726334810162359 0.01988924503467641 0.005106363118144323 
0.0 0.07795595327657252 0.0 0.18043406983018084 0.0 0.0381087362740338 0.07994749331429367 0.0 0.041672693556754875 0.0 0.0 0.002854189836497631 0.019340887318248016 0.0017066443458241451 0.06155379220015442 
0.0 0.0 0.281914731835747 0.047566417522059465 0.0 0.0 0.011824260924496574 0.0028386878345117877 0.0 0.002187161036118831 0.01187027267612391 0.12502101032199261 0.0 0.00533705564675279 0.014371091518846241 
0.0795511562978163 0.017233926779358758 0.0 0.0 0.0 0.09934568597408448 0.25084820009316494 0.0 0.0 0.0 0.024140102588561356 0.0 0.0 0.029822596598680685 0.0 
0.0 0.042540243351888794 0.177081103219013 0.02071722351382534 0.0 0.034847326329681835 0.017126767330785945 0.0345856000243476 0.03282126936629489 0.0 0.04348093837457783 0.05073376219346789 0.0 0.0 0.049856782603702986 
0.02572841565973465 0.0 0.13178202515609075 0.0 0.007494598951465562 0.04150864725433121 0.04425083724633797 0.033551607827442036 0.012938061240397833 0.03441517877158172 0.13471397679938402 0.02258173072931074 0.0 0.0 0.020738682801419762 
0.108621395565184 0.03979303995359491 6.708702012891763E-4 0.10732214152283591 0.0 0.0 0.009969915996183382 0.002950496570581353 0.0 0.04691259638653926 0.0 0.18598350305520014 0.0 1.6621199989533137E-4 0.006446524067999601 
0.017848775411927722 0.0029754878456494274 0.0 0.1668567706977381 0.04015849909770778 0.013817114016164346 0.02512204742391069 0.0 0.008605163032355503 0.1598427970102077 0.020519623544585783 0.0 0.019356615356192645 0.0 0.03379653606253668 
0.0 0.05266895792472087 0.116901684784766 0.0 0.02121320748986256 0.014325848569699347 0.01293395969073945 0.0 0.0 0.02279868763531253 0.028736454336670526 0.027788446706462643 0.19588014370980514 0.0 0.010740091298166981 
0.056237532886559624 0.005298427043923017 0.031805691914921615 0.11725777574541614 0.016644438512940913 0.029176622897342488 0.0313318192697104 0.02479675391693671 0.0797516275374597 0.007342289754157452 0.0 0.002100045645906318 0.061225823569340476 0.03336074137855567 0.014249393566504736 
0.004418231478565115 0.1474758957165555 0.007401500897509556 0.09533083933650335 0.03173949327835238 0.0 0.0068784811095565545 0.010384155432194385 0.07276081540376744 0.038472936106047774 0.041054617275305384 0.003427217352465009 0.029810627259219125 0.0 0.013642291028503723 
5.093202366771838E-4 8.1594735900761E-4 0.00436260535299143 0.0617987562173929 0.33433829023030515 0.024368293998143296 0.0019865243169394854 0.0 0.0 0.015786963679741903 0.00553817232157464 0.0 0.013740484433170734 0.03514393420279017 0.02180623915367492 
0.026169045412713893 0.026311703001612015 0.012810917272403504 0.10051143036834102 0.0 0.0 0.006924244440852805 0.0013868574046675618 0.01887407068746866 0.050506154767050636 0.0 0.02780080186799902 0.019087498947635614 0.2221151265765836 0.0 
0.0011102869730836202 0.022658133708564558 0.029862202728245538 0.0 0.1181975205286149 0.014771015431686688 0.06494619650538443 0.0 0.011201513550754138 0.03216240373549765 0.044772933348005986 0.001909838060483858 0.057654997449952464 0.0029701630308941553 0.11056090317960299 
0.0 0.06115043456475514 0.0011952156542304013 0.09469342003722812 0.0 0.07250089402036602 0.031044514671963442 0.0064777223693229975 0.07078089722044914 0.004534244871721994 0.09897417198075394 0.0 0.014797208675855657 0.028009666285283664 0.018074079325812623 
0.001578446390268882 0.03541951060302827 0.08606983976404091 0.0 0.13041278743440485 0.001618592025699622 0.002923698524054681 0.10490237982526922 0.008072050530660969 0.0 0.0 0.0 0.039889493441502874 0.07739124376068057 0.017908849572140294 
0.0 0.20816568596737273 0.19224800308693946 0.0 0.03202075878585991 0.0 0.003660039859234105 0.0 0.009161578673924862 0.014107000837971607 0.0 0.027297348116659292 0.006907979126406031 0.007199635505445516 0.008215077437417827 
2.0800094941988553E-6 2.401918272960127E-6 0.0039795350704429295 0.14616996329539592 0.01664259685835788 0.01333377745147178 0.004863577696164736 0.04570405335439794 0.0036616209850670964 0.0 0.15874844561867602 0.055194307088181634 0.025494031761746888 0.031179240259118175 0.0 
0.053805514697097434 0.021889923709070194 0.1802133101744994 0.036938306945216735 0.0 0.0 0.15068752362378318 0.01963285147402225 0.0 0.0 0.00523634525266586 0.007762052477483898 2.3919920234915522E-4 0.029069188911776532 0.0013453351919887947 
0.10624973791268716 0.02554184518177383 0.004278689021386247 0.15872487218451134 0.004338012738734006 0.03853606059913531 0.001338904129385512 0.0 0.00608537046458384 0.013163897254526217 0.0 0.011789757661415236 0.022886602162171185 0.058488108213202744 0.05389884395380564 
0.057415012575668736 0.06491512686004447 0.004320715597211658 0.14773719832091706 0.027201268582859726 0.0 0.028647166402402665 0.005582530505607368 0.029324072572594853 0.0 0.0560365829391851 0.04842469993099192 0.027205205434419 0.0 0.005633475293230798 
0.18646371099597664 0.06831027959961843 0.0011516418720097276 0.0 0.0 0.0 0.0099511815448751 0.0029449522977551866 0.0 0.04682444301061462 0.0 0.18563402178740762 0.0 1.6589967122374746E-4 0.0 
0.0 0.0019697652052667815 0.0024664504598913947 0.0016750798833574032 0.24940744182708313 0.0 0.009935360202982807 0.016224037067023543 0.0 0.18333994903128978 0.0 0.0 0.01357655269349531 0.027291428727158795 0.0 
1.3280043027664149E-6 2.7650714434474022E-6 0.0036342706362629037 0.1334882583278649 0.015198685274247213 0.0 0.004112832447620512 0.1956823115327317 0.005588829178876683 0.0 0.035398771784391346 0.055194307088181634 0.025494031761746888 0.031179240259118175 0.0 
0.06295655343869426 0.005931460507071485 0.03560570032002528 0.13126723463687007 0.018633045030811805 0.0326625213503306 0.17257909338084348 0.0 0.0 0.008602528388385565 0.0 0.0024604997746902036 0.0 0.03391773665706466 0.001156810581661442 
0.17374290742129314 0.03763958544765574 0.0 0.0 0.008534812311804463 0.22573556633032876 0.016702172008641495 0.0 0.0 0.0 0.0 0.04203527868623684 0.0 0.0 0.0 
0.010994549101541008 0.007503437603793766 0.005843403325037643 0.007836011149027697 0.16157290234124788 0.0 0.0 0.00373534774970091 0.03933013583851842 0.001071553058990613 0.004696652947418175 0.003976883646183109 0.022908032304301156 0.2008158618737562 0.033988269786849226 
0.0 2.9932701700259904E-4 0.05279239560313116 0.12973547561794582 0.02538935082299597 0.05052725911568457 0.0 0.14055916489599643 0.01287984105748829 0.016482548514440535 0.0 0.0 0.04356459757638896 0.013980682458676614 0.0221080617665575 
0.11280125728845741 0.03830992805491551 0.11850671537679774 0.0 0.0 0.0024560737417646046 0.05143275152365626 0.06171919593093533 0.04247231247950916 0.03370169992790653 0.0 0.005873912193000711 0.006943849435506105 0.005480500055263262 0.025495184586346947 
0.0 0.0 0.0 0.16019374177243192 0.04168795310856075 0.0 0.011481401021345696 0.0 0.004613137148824475 0.022791637621380492 0.028727568193455986 0.02777985371463943 0.1958195719012759 0.008557030956946054 5.092589529392099E-4 
0.11619828431363777 0.11683172610766776 0.005297493414736012 0.032368109101424604 0.0 0.0 0.011304750258842786 0.002264229222165171 0.030814431424564172 0.0824580170519874 0.0 0.045388507698984615 0.03116288145401887 0.03596653975896487 0.0 
0.0 0.3671002457547592 0.0 0.0 0.00847192058650942 0.0 5.41426814412303E-4 0.007933914314667966 0.01814122788395872 0.0 0.046837836087662676 0.031663700384968976 0.02733586563184386 0.0 0.0 
0.0 0.040427186750536005 0.05062108574482107 0.0343791062434693 0.0 0.1287457590009407 0.00988303911996439 0.016138598877271478 0.0 0.18237445361915786 0.0 0.0 0.013505056549815788 0.027147708008538433 0.0 
0.10420351705246923 0.06655958285456916 0.020169709734434858 0.024444264884744476 0.03302524974855846 0.0 0.049474287229467215 0.023550698088292243 0.15331930261250978 0.0 0.0 0.01667567495082474 0.0 0.0 0.019000539376471264 
0.2642997359270773 0.0 0.013841348374518175 0.0 0.0 0.0 0.0037511890946281463 0.0 0.01663472140559625 0.08774322925793959 0.0 0.10021486718677987 0.026239090953657392 0.0 0.0 
0.0 0.16390450070683332 0.020682418812592394 0.0 0.0 0.05204850423999175 0.03200415190425761 0.0066779594685900424 0.0729688516795753 0.004674405871023198 0.10203362713641771 0.0 0.0013810260864349523 0.028023588067186956 0.01808306277416627 
0.0071667549568948585 0.07146487807081661 0.2473015262244631 0.0 0.0 0.005987053480674368 0.05559858670533533 0.026102468970972577 0.0 0.033614622551639106 0.0 3.8541454126125705E-4 0.03939955517989519 0.0 0.024408068647596506 
0.07059232838218367 0.16484461234654665 0.1003056463706997 0.0 0.0 0.0 0.01820851384660954 0.029818881710978892 0.0 0.07894520425177477 0.017013982392588663 0.0 0.0 0.00995615912156421 0.013414238949642561 
0.308021419856162 0.08996361264439577 0.014296975160585649 0.0 0.03296985862358181 0.0 0.003768523960428757 0.0 0.0 0.014226265512896165 0.0 0.027528127811566005 0.006966381184671941 0.00776643969781593 0.0 
0.11066890131949954 0.23042652653970422 0.007754154838742986 0.0 0.0 0.021155654569864075 0.0017246271834626202 0.0 0.011990448089104723 0.014147747087781147 0.004963124190545343 0.0 0.058650658367897686 0.03501014573032984 0.02172322558411721 
0.2092710769166309 0.057144065068687314 0.0 0.012017154405423598 0.0 0.006345600201806595 0.0954726445829743 0.032707601190329366 0.0 0.05036390392250595 0.0 0.02022902014760141 0.003216071906346327 0.0022952082390548475 0.021771999129048095 
0.13253495495867745 0.0 0.0 0.15460095330658227 0.024564745824211344 0.03523182603317066 0.03295419222620064 0.006421849226071611 0.033732869451664156 0.0 0.06446153521565963 0.014503447910401389 0.0 0.0 0.00565838541504606 
0.0 0.27000032095237475 0.0 0.09928926432045464 0.008522446051279576 0.02841572573237062 0.0 0.013028669696533057 0.0 0.0 0.033894779612412745 0.015105414300961881 0.027769510347036473 0.00558074397564485 0.0 
0.020624541180110166 0.057610239152840366 0.08042933654610349 0.01096783056731398 0.09228219706989588 0.1516361628635072 0.006968752514234071 1.8751005003299706E-4 0.04083732632418816 0.009722508313445677 0.008283067781166019 0.0034538990764552357 0.014169252769452167 0.004643477794836898 0.0 
0.0 0.0 0.02886945310094172 0.0 0.032481896829155345 0.018431469329584022 0.3097877409700082 0.1057956392344174 0.0 0.0 0.0 0.0 0.0 0.0038781982923797955 0.006644823454521905 
0.06913493448926376 0.14394760069877136 0.004844025560969834 0.0 0.0 0.013215951141889051 0.021633001113318007 0.0 0.008153479062942254 0.009620437769364363 0.026773466739545868 0.10338858629595506 0.05834203812929648 0.034825922060392804 0.02160891779543214 
7.602399747806851E-4 0.002768534615324127 0.09868636355383657 0.11148347731866638 0.0 0.07487326251875169 0.05455150837665512 0.021793922550415054 0.0 0.0 0.0 0.029357086569160674 9.522133227104625E-4 0.09931186846945562 0.009466830850346601 
