0.0031316201326718938 0.0029361500173006537 0.0 0.2501209817757318 0.07177817010783807 0.0 0.027203984752200466 0.0 0.011703382994862586 0.0894255995791824 0.011283789630609506 0.020674823852050855 0.024510471671117962 0.0 0.0 
0.0 0.09010808059663901 0.003059704943815153 0.0 0.06377234043995836 0.0 0.13101385741426136 0.0 0.07376749619587325 0.011837028860950208 0.010827108252236319 0.026878079767633747 0.0 0.04627882841996732 0.04288398777922467 
0.064013759123682 0.08785394121495392 0.0010224497380139416 0.01549449773355222 0.07971517960374018 0.0 0.022943219449852635 0.005672607178223605 0.07973940997719686 0.06197890473550865 0.0 0.0 0.014744883193088747 0.02644680231612053 0.05209829196226096 
7.934105392597097E-4 0.06474650022367129 0.1032053998044952 0.0030817860845286215 0.02772509603640773 0.0 0.0 0.0 0.00303134087704978 0.0 0.012754416070179861 0.0 0.05927083315940159 0.0735090366601598 0.16081362776216607 
0.005510992905541896 2.0021384419826487E-4 0.0035757589348716957 0.01361843159319334 0.04423773424627709 0.002370659313583524 0.04657107828881623 0.046246328615260575 0.020635062620703002 0.0688129684386374 0.00899403839365238 0.0 0.24426363000423804 0.0 0.0 
0.030920266639602758 0.06028911343369922 0.020755338986401462 0.23090730163551954 0.005846273193910431 0.03144964848998835 0.0 0.02064517252638236 0.003077567008644682 0.0 0.012051056644483998 0.03265206433941382 0.0 0.02665220629852586 0.028924429097731675 
0.06706309873557949 0.0032682875875170033 0.0 0.008410849587936035 0.05858363636109882 0.06730209767975057 0.1257977568787538 0.01613444590582471 0.012648759380232149 0.020158739682277334 0.0 0.06237963075762627 0.07339218706762018 0.0 0.0 
0.0016519859252667494 0.0010739169668406968 0.1763928466516197 0.018132240129834533 0.041192243441744596 0.0 0.2349016065618493 1.9532945075366714E-4 0.0 0.0 0.0 0.0 0.012220425969059553 0.029657067453141325 0.0 
0.022107669590549387 0.02471552327924974 0.007316850985930629 0.010044649400855376 0.07425944082379915 0.0554414948408313 0.0 0.0 0.02852736366628979 0.04380967740805505 0.015892870954419182 0.09619933226423918 0.023445023392101635 0.10583557481949378 0.0 
0.0 0.0 0.13020238255073197 0.06817963769864203 0.003975657449870163 6.177236560350011E-4 0.18742813569384265 0.09329486609990635 0.0 0.0 0.0 9.564343633358856E-4 0.0 0.0 0.024942456881417635 
0.03621200360249506 0.03244164338812633 0.032429127440740925 0.05378178553973044 0.04181562876164672 0.060980921265006774 0.012353471292201025 0.0 0.012694228861615343 0.0 0.009685725735212149 0.038220838694929926 0.06205854182750247 0.02928372594046576 0.0851314402537113 
0.11713841117003701 0.14651916680050847 0.0 0.011295747540071469 0.0 0.08567668329125083 0.0026142332334706114 0.0 0.03593110704465005 0.0 0.01303807061684278 0.007623903792533532 0.0458892123920916 0.017282747101929598 0.0460959411107311 
0.1553924989888147 9.721135788110158E-4 0.08308125960299352 1.453178614603241E-4 5.501220216884885E-4 0.08059331504660862 0.03202494120011624 0.0024710811014446903 0.05616674181459139 0.0 0.0020162588846950364 0.011582050537993134 0.04350071888498668 0.003701209910219079 0.03583565478554302 
0.0024238770289141706 0.006120677225304257 0.006752390554578809 0.005263827396405562 0.1697045890892338 0.05914068686774338 0.016128260380250788 0.053700216012215765 0.0 0.05094757557709144 0.11801338952925972 0.010559646713595196 0.0035862239171631097 0.0 0.002871515420090322 
0.12342359020026862 0.017409244161118987 0.0 0.02612883818599206 0.04261971554884106 0.016070845948713056 0.0030191200650062475 0.12043000448789318 0.016313549361031777 0.05804586292404967 0.03605793750177084 0.0 0.0 0.05795600984886001 0.0 
0.015981919005563915 0.07137877367201116 0.0011842854446560186 0.009382403156827928 0.07446922674045572 0.16945061411600226 0.0 0.015016662834283252 0.00214882201908936 0.041905601060012274 0.0 0.00741500024787681 0.02659047268458383 0.012472523059237007 0.06682924636770933 
0.08346452391987857 0.08478391391856763 0.00964192912277508 0.0 0.0 0.04067411810633576 0.0410609547989083 0.0 0.0076596608851302005 0.003578394856963361 0.0 0.0 0.0010850304250115486 0.05309018762439592 0.1795708523717121 
0.03567085621462351 0.03344434530836158 0.0 6.281511304407173E-4 0.0 0.0037457565637427654 0.2329170981742511 0.0 0.0858938270126203 0.020468506215815304 0.002926770378552541 0.01838051180394618 0.008079849934175659 0.006698901277126179 0.06383476988403138 
0.04486605792198238 0.0 6.08216552863217E-4 0.0050429785672471 9.641878396531158E-5 0.03756730541821924 0.09224000490417116 0.12309796734584552 0.028957861712864075 0.02438541619500993 0.0 0.014433126124760208 0.024178578517270975 0.09987398792834115 0.006584876084528929 
0.12199841886879986 0.0 0.016567731198377733 0.1242564770352893 0.056548751670560005 0.0 0.0 0.018344335913398947 0.030266804011635336 0.04247806585018257 0.05699430431285629 0.012031636162997683 0.023459773603817187 0.0 0.0 
0.010122716039363265 0.0 0.004781550039603692 7.338738423870304E-4 0.0 0.013249834338337317 0.10199410111719265 0.10467462543067452 0.003129819445155272 0.0 0.0017788892410476342 0.0 0.04513683821273172 0.017809071982030363 0.2136755285140398 
0.0644955773588489 0.0 0.025223074162206864 0.03249001803664385 2.3325122803003197E-4 0.09705284626157608 0.02801149953573661 0.05479607223476858 0.0074150871162722625 0.0 0.0 0.015624648750690907 0.0 0.0 0.18079850425562044 
0.00519861932105196 0.051719746913709994 0.0 0.0555367991216791 0.0026579110487107227 0.0 0.019169593229728023 0.0 0.0 0.12609748427080816 0.015122521152946232 0.02431054635416902 0.09259685795622913 0.11313386372068185 0.0 
0.017352630630555525 0.16841541389863193 0.09364393625071124 0.0 0.04224585653019618 0.0010537235195375047 0.0544814948217929 0.01988496566212936 0.005298386670668084 0.0 0.0 0.0 0.04027050383968111 0.053743487945473595 0.00659873422343699 
0.04038085403809194 0.19390554794660203 0.12193902121298911 0.0738942559217229 0.0 0.006760593301223639 0.0 0.03787820092187407 0.0 0.03237817181664127 0.004995436700916309 0.0 0.0 0.0 0.0 
0.0 0.0 0.10193107288648694 0.0018615614321153542 0.03237175266826512 0.027969249661950902 0.010075031113642186 0.163555292036335 0.07540362785641191 0.02155728420707714 0.0 0.0 0.0010892382087224278 0.031985478105046115 0.03536966562196568 
0.11796455990504219 0.0042856411580560055 0.010959594256708722 0.19533920407523253 0.0 0.011600259441355325 0.0657277125805666 0.0 0.04858894723150102 0.0 0.0044766154270310015 0.006623289876823134 0.0 0.0 0.04411734855683965 
0.04999620385895714 0.0 0.01871274957682263 0.03212381168015063 0.09694274189176363 0.006982968131570204 0.054746857183767414 0.0 0.038227810213196295 0.0 0.0010100447732228066 0.12358218005769685 0.07016541399534641 0.010406018501311249 0.0 
0.0380377337543556 0.011041538106323169 0.03286901671791739 0.06253224088805039 0.0 0.043338464144981284 0.042054908080385596 0.04187168092343428 0.027938497783054992 0.01714056290201766 0.0016372568536739956 0.0 0.0037583566642529487 0.17292205106166175 0.022521643595490373 
0.1996429072184512 0.0 0.02783063859307304 0.0020673854926017716 0.0 0.027083984358134035 0.012202626081546247 0.02242586189502387 0.02820588437600345 0.016667993497285854 1.1425412156395337E-4 0.13810668289774544 0.0 0.006060048977243774 0.026372520507741172 
0.0209794102984855 0.02275435161914779 0.022762106878684744 0.009182067464740535 0.142139270872693 0.09451892823699377 0.09523366661901457 0.0 0.03175337838194154 0.01783654122592975 0.0 0.051181885751495924 0.0 0.0 0.0 
0.01187132401921143 0.013989197965518745 0.0 0.10586281822865322 0.04130414781428672 0.05689622983928096 0.0 0.0 0.005019559190164112 0.022440256521854902 0.011697333845514496 0.0 0.2528364370241598 0.009505614819209555 0.0 
0.016787483230435617 0.2009611207694314 0.009135569291748797 0.042094017902721145 0.01943765296367963 0.0 0.050035071694956475 0.0 0.13127329234389354 2.861876383204538E-4 0.0 0.034242629183138425 0.0 0.007167605569218676 0.0 
6.379311366833005E-4 0.0012620903592220484 0.015013627925371911 0.009532279474574972 0.1977959080823616 0.23455584082083772 0.0 0.0 0.0 0.014263228647997173 0.0 0.01845815424913427 0.016659143711449925 0.0 0.0036808850657764473 
0.11680870737305121 0.07567545383166624 0.0012959001799379216 0.0056508135374387794 0.06930924237957203 0.015361048906296955 0.024186062486371823 0.0 0.0049969219752340754 0.0 0.0 0.0 0.13517626849701153 0.0 0.06164107435302915 
0.10338992477254212 0.0 0.11282957168131826 0.050228201390989845 0.08269983045147493 0.052515832121748644 0.028794632111218074 0.0 0.010709530506811159 0.02218975738793294 0.0 0.009882846857377444 0.02890844185958938 0.0 0.0 
0.002164020483845172 0.02414387883324419 8.933095574659484E-4 0.1694547600530268 0.008663715097725323 0.0 0.03453920570683122 0.0441622980032484 0.0054936819604867945 0.014014436571981344 0.058051231347843235 0.14461256240062892 0.0 0.0 0.0 
0.05300713814930171 0.044582118827189855 0.0 0.001782267093161489 0.029195707602935335 0.0021412087599899407 0.18014898637709528 0.0 0.0 0.008621857578925545 0.01170044780382231 0.0 0.0015211648391947265 0.09222155247501337 0.08671748017264515 
0.010770444235967862 0.004898896324412967 0.28389756142415545 0.0 0.0 0.09334638356603271 0.00284825706094458 0.0 0.0 0.03109170163288678 0.013942100268250096 0.005260813977334139 0.008612277566219188 0.019628449277188535 0.045264474339478195 
0.04417140305275276 0.0 0.0 0.11343735684002704 0.015632864700026387 0.0 0.08362610445505651 0.03367669933237201 0.01084348527253533 0.027862262569356488 0.02016767120959755 0.02661473187954299 0.10799957881293348 0.020767861295203704 0.0 
3.2277201348347674E-4 0.0010082292628069698 2.0094967761140074E-4 0.34986300664303815 0.01481969518814098 0.0 0.0 0.011845480659437089 0.009273328270113443 0.012799836472402437 0.037029506629873365 0.012873259452230819 0.008376932492545976 0.0 0.0464088826167186 
0.057015154094293787 0.0 0.02027726317560249 0.0192116093766232 0.0 0.2386905522735504 0.0021713914726098475 0.0 0.020412002659697708 0.058353886962437394 0.08206483567098918 0.0 0.01756753342972998 0.0 0.0010696558857987283 
0.010021923025369549 0.18291691400488738 0.0 0.002920866680850573 0.03079532109210171 0.0 0.0 0.07533733950354218 0.029939896656616383 0.10976810873226105 0.0 0.006162230803884042 0.027417391294184842 0.020543676503871733 0.01347232104063994 
0.03176643505610342 0.1341090380611612 0.0 8.14595555654718E-4 0.05876065601672098 0.005012688376904387 0.0 0.0013877343724230413 0.0 0.21771868623737928 0.0 0.03967035266971129 0.0 0.0 0.013974240635154579 
0.0 0.0 0.0952983603192872 0.0 1.8188938357787508E-4 0.07086890898416633 0.004104886905617985 0.11629770710962546 0.0 0.0 0.00950072964895175 0.011981793292260819 0.020072070831394614 0.00769426797447246 0.1649606036131684 
0.01878170193496895 0.20954660049901916 0.04965339810905899 0.0 0.009974971119128572 0.0 0.01511359621688169 0.0021305884576642282 0.010898178570854513 0.023079913887745218 0.01717565880351847 0.0 0.164859618141778 0.0 0.0 
0.14599330632190374 0.0026390083907243665 0.0 0.08773144846785857 0.01654008193551859 0.007125974227119555 0.01768875534234962 0.09060586024864771 0.04528698049140137 0.0 0.0 0.04841986195305075 2.688464191740348E-4 0.03447611252444072 0.01246245238662339 
0.18632839222503933 0.12071433680300847 0.0054562760854125454 0.05613065278993073 0.03665967493759477 0.00674984643069531 0.04148567046416079 0.024628848790361077 0.0 0.018940136559052273 0.0 0.0 0.017145596019867697 0.0 0.0 
0.0 0.2083436986579701 0.047389569552143906 0.03241818986935003 0.0 0.015475958272564963 0.015936085608404257 0.05965985031462833 0.009722984619034432 0.0 0.04904523780808122 0.0 0.009153638461279028 1.452903161595302E-4 0.05814673254895568 
0.0 0.0 0.0 0.20006863675352085 3.818571577773385E-4 0.148781636548283 0.0 0.05015077631683962 0.009796348444005893 0.04776126944116992 0.0 0.01103875321203819 0.030474590126274844 0.006368011378493067 0.0 
0.004975034075338178 0.0046645013659151816 0.0 0.05702671224181986 0.22868123282125144 0.0 0.024498288749432908 0.0 0.010539369822656405 0.017238056792607162 6.937398990653267E-4 0.015401288828644494 0.1008972412491229 0.0 0.05074204344148534 
0.005951637798735888 0.004955443312620306 0.13861527673004287 0.0 0.00690410295896298 0.010493604236208223 0.11183585995988397 0.04439345941532212 0.1336617227555827 0.0051275507622332885 0.025362000841663394 0.0 0.0021308036622613917 0.0038666006902927114 0.019703031286926274 
0.12300690170958714 0.016557211211877174 0.0 0.11226003476142149 0.017109791983205107 0.11702673989629475 0.0649269229564491 0.0 0.0012978510296327074 0.038940327338619116 0.0 0.0 0.0020830871570311307 0.04541172709603088 0.0 
0.31447885535859044 0.0 0.00426316137885735 0.0 6.083608233184842E-4 0.0 0.03526430110910851 0.007801809970098404 0.046811139550372916 0.007947548591033072 0.0 0.0 0.04175158937015239 0.0 0.05352146587528666 
0.0 0.037528735229032724 0.12821088522770074 0.0 0.11344697567773461 0.0 0.009841237236510066 0.0 0.07404259301206627 0.011881172001503409 0.010867485154833887 0.02697831462106871 0.0 0.04645141335251905 0.0430439125308036 
1.9653841152306425E-4 2.4532824130832603E-4 0.006781321845649095 4.997279891511473E-4 0.022755750761296236 0.1433838465370715 0.0 0.08545095736339109 4.800603596039672E-4 0.020379878424388764 0.10376082593478984 0.08529886805055624 0.03829521861943464 0.0 0.0 
0.013741273962733188 0.019369505672509998 0.0 0.02762837620566058 0.00759354194702645 0.21956075500295408 0.0 0.05842063144329419 0.02901419469695269 0.0 0.013745833146384986 0.011009664891982419 0.07712131296183496 0.0 0.03284228693946962 
0.042147598222885635 0.0 0.0846400194690421 0.043309447565811655 0.05579178412628897 0.0037620408932570446 0.021237140014994195 0.14550366320104471 0.002004507433638484 0.015780863921835368 0.0 0.06810335801948958 0.0 0.029444593029368974 0.0 
0.0012604681377521175 0.10286087280746853 0.1639594026806253 0.004895943492936962 0.004654495532266247 0.004623777867852614 0.0 0.0 0.004287655214629552 0.0 0.018040379089957287 0.0 0.09816146154369 0.10780921391677635 0.0033710996305091156 
0.0 0.0 0.007128139736709082 1.3018081376778743E-4 5.946894497257885E-5 0.0015031322499293983 0.17975871789995243 0.009899252128962734 0.04797131448460417 0.01285869777289847 0.006179778584718514 0.021545449952249825 7.191871563779321E-4 0.02111892959643574 0.193778602921335 
0.04705953859087558 0.0017096685277894284 0.004372105056629618 0.0779265638755323 0.0 0.0046276852750017855 0.09090985448783553 0.09027592144070215 0.04654569834966334 0.1366836327158202 0.0049262288791234515 0.0 0.0 0.0 0.0 
0.02444297150995957 0.0 3.31355607380818E-4 0.03836391140740352 0.0 0.024601661084923298 0.009481033802465188 0.10690871595215722 0.04726007271671484 0.02429984396670872 0.0 0.011150135745700052 0.17170711353992965 0.04854489652423358 0.0 
0.0 0.0 0.03020552874054622 0.03317067350802124 0.0010806206688617334 0.005813128989955013 0.028545733727388323 0.005366225425204814 7.999409212229293E-4 0.0 0.00313238780075941 0.14642314412487298 0.19364995410603966 0.026628057088477073 0.028898221056791323 
0.2081509090655446 0.01881405126389679 0.0 0.1029551260783748 0.0 0.008776529065118945 0.07936028862397185 0.0 0.07077295703963786 0.0018357344422211732 0.0 0.0 0.002081135302449427 0.006836564850944399 0.018263956250612345 
0.08627044325912368 0.06766288390581508 0.024158855964350665 0.0 0.06051800680118989 0.05378132847505952 0.0 0.013858914358967907 0.06001246400077665 0.0 0.04767762800131946 0.05584073433609605 0.03834703187106453 0.0 0.0 
0.055059520078298424 0.026177047365820567 0.0 0.0 0.03838741010939063 0.006424731276236775 0.015135688013117732 0.06672860362871127 0.04813599372574034 0.038184562401698686 0.1700642323211696 0.020529533925453015 0.0 0.024046518954964388 0.012773358927923624 
0.015026716684866385 0.010263922897009638 0.022671051690414806 0.027472099017476048 0.00997577983492511 0.0 0.004094931798686429 0.008717121342512608 0.0014920568779770813 8.814359847551336E-4 0.024239674491440263 0.016317987548346 0.32972636268739747 0.0351158942208266 0.0 
0.0017017938571158406 0.0011025207397757286 0.01265226273113098 0.030286623934054 0.00994546674360187 0.2355051431604814 0.11829154241585738 1.689773342863524E-4 0.0 0.0162268094829696 0.046808501316595225 0.0 0.03151926111679027 0.0 0.0 
0.0 0.0 0.06998905180564911 0.036649315484848004 0.03350344238139543 4.278014652972375E-4 0.12980242913541928 0.21248780794379893 0.0 0.0 0.0 9.547762583103547E-4 0.0 0.0 0.024899215845033372 
0.0 0.0 0.0 0.0 0.37252963857061455 0.0 0.0 0.024486401182930804 0.004810152695842066 0.0 0.05066935794683188 0.0 0.005033681364385982 1.4866438190052857E-4 0.0433093473816695 
0.0 0.2794511035540516 0.0 0.011972381525455633 0.0 0.09080885851597163 0.0027708301337830417 0.0 0.0 0.0052447533123066055 0.01274647856530066 0.0074533977557927275 0.04486291563559326 0.01965617721506567 0.045328416758708676 
0.0 0.0 0.0 0.0 0.20166922094678572 0.04591671245385711 0.13135627582390036 0.0 0.0 0.01097153835509924 0.03394585752792884 0.0 0.013896226370458595 0.05263019707590987 0.020426077690333673 
0.01730409722287511 0.10570477098947921 0.005310886884990901 0.018959065690535657 0.03504528512625089 0.009792212310901058 7.476478999090877E-5 0.2150513959334267 0.010441372703654644 0.0 0.052668972271233044 0.0 0.005232330444787973 1.5453126949536397E-4 0.025907099930111147 
0.0 0.0 0.0 0.12619319289887612 0.06688122626547079 0.1522894995205329 0.012442743048782642 0.0 0.04528793166830226 0.0020173611220637264 3.5704516132359474E-4 0.0 0.033694801048439985 0.0 0.07424551062243522 
0.027730225193891556 0.01548237184549282 0.0014673245276231987 0.017366395676601292 0.18692719926155787 0.02560813978762494 0.06836999814125408 0.06314351400832839 0.05783045993398737 0.024205617576667206 0.0 0.007359737221791262 0.0 0.008693480276164607 0.0 
0.0 0.0 0.0 0.07945836228278273 0.06266745496361902 0.02766346706163651 0.006319475323943361 0.13840545145189784 0.0 0.0 0.18629163670289528 0.005308324294047574 0.0 0.0 0.026046848059941737 
0.033832453175330776 0.004553980835664253 0.0 0.046501385463034194 0.004674042476499278 0.0 0.0 0.016709245367994174 3.058945628202122E-4 0.17909175030561045 0.014847841157509947 0.0 0.15202057485750803 0.05177922820104335 0.0 
0.01856159886975816 0.0 0.08240185075564982 0.0 0.11962762638495794 0.08874309821397099 0.03256740044481418 0.06295017560191682 0.06993408714324892 0.0 0.0 0.0 0.008368431549894388 0.021421497549303788 0.0 
0.004873021257237524 0.05833440307551717 0.06877190738454958 0.0028437949926834885 0.0012032110839202727 0.0 0.023598175002451167 0.0 0.06191277479854977 0.0932546694211626 8.313989576105035E-5 0.0 8.684430757817314E-4 0.16944626971386073 0.02869739765108356 
0.02618337302242046 9.942169475931526E-4 0.014145117650011611 0.005663813044738904 0.011869619449089297 0.17418330410202262 0.027302941573297462 0.006378078224054167 0.013717674368971925 0.0 0.002762393493318681 0.13628703400188305 0.023409253071724763 0.0 0.06634979691892653 
0.004884264528372515 0.0 0.15986600965708955 0.0014973271970508532 0.0 0.008928779882141934 0.009538415410865468 0.0 0.042765148276717936 0.011868912207213058 0.1632564200319992 0.045737369612723816 0.05065414783027585 1.6213838350658783E-4 0.019328789181721453 
0.23322867252242296 0.0 0.003161711676945664 0.0 4.5118196285543204E-4 0.14994463273420952 0.0 0.00850960945600308 0.05105796184357831 0.00866856984488254 0.0018393611320229879 0.0 0.04572348310244056 0.0 0.0 
1.7840937040055295E-4 1.2329689526391344E-4 0.04504395057747227 0.0011093811972180286 0.20345893461634448 0.0 0.0 0.0061225945289575985 0.0 0.0 0.03251036143104452 0.005806410697218188 0.11729569882165736 0.09435213218587081 3.884995526039732E-4 
0.013845730608409223 0.007348807241628731 0.0 0.017685197137511027 0.05565027631888041 0.3037357125470238 0.0 0.0 0.03336670317223692 0.0 0.01580788780254152 0.012661258543052304 0.01389739313510159 0.0 0.03262163458745751 
0.04556175336163775 0.00222042995007551 0.014853344709587645 0.04041519078407716 0.01736644132037578 0.004251634615299524 0.1453528082855301 0.0 0.039662620056033965 0.0 0.003050475544310534 0.0 0.19093914602285952 0.0 0.0 
0.29501548115008264 0.0 0.04006393883113384 0.0 0.032083796003803906 0.0 0.0 0.021089445757316284 0.0 0.044817950022055034 0.06013380861653355 0.012694393151953327 0.0 0.0 0.0 
0.07852970813187063 0.036543343765326274 0.23108755335083964 0.00632191159966571 0.0 0.005870381146104421 0.03313895565692978 0.0 0.001979729504258713 0.015585794986073303 0.0 0.06726152517456509 0.006484902768885198 0.029476547064966503 0.0 
0.013695773170789776 9.022791385340598E-4 0.0 0.002264686109538237 0.0024584601632385242 0.13409160403576134 0.13339297915877035 0.0 0.16349028822863965 4.863264501352656E-4 0.026910655112538262 0.0 0.01215521764776486 0.006962851997516637 0.007449490720876843 
0.0 0.005297925176966767 0.09598796021776855 0.08945295049992838 0.13987236276716783 0.10301992495521498 0.00314342363851839 0.0 0.0 0.0 0.014266154971449561 0.008342015946071243 0.008869581559918516 0.0 0.044687609936058754 
0.0 0.0 0.17249455461012542 0.0 0.016495814013140098 0.0 0.09122823885216046 0.0 0.01045811258605036 0.026872050040078806 0.019450921065262177 0.025668856041036085 0.0 0.015560639842060032 0.12456212804643757 
0.23383412011644064 0.0 0.11787359603704442 0.0 0.010972061727178998 0.0011881078826164822 0.0017192468100321937 0.019273121466092894 0.005135359628636064 0.0 0.012380794316181136 0.0 0.04027050383968111 0.053743487945473595 0.00659873422343699 
0.008407618871797893 0.025519065672294988 0.13513741614604308 0.12571488264800948 0.05006092234052154 0.0 0.026506638989254133 0.0 0.0 0.0 0.04513490164457276 0.0 0.09950327489971574 0.0 3.961647622555556E-4 
8.303057764061104E-8 2.4151834916415324E-7 2.5643432322478925E-6 3.3172158311164755E-7 0.12208864091622723 0.0 0.2040181047344125 0.10337806945609478 0.010534788492600157 0.058543599915495216 0.006043425841894895 4.983989109799544E-4 0.0 0.0 0.0 
0.08597670092833262 0.0 0.032179652648268504 0.05524218113226965 0.16670899955352245 0.012008362961591702 0.0 0.0 0.060824496434800826 0.0 0.0 0.0 0.0686061882976625 0.021350217907356982 0.0 
0.0 0.0 0.05347534313254423 0.06108743852347657 0.0019533974164977395 0.06821411858060493 0.07504291300977992 0.014107088352335626 0.0 0.0 0.0 0.0 0.20836588528097053 0.028651587934353667 6.528275118860042E-4 
0.05796933570224818 0.07431513819548353 0.0 0.07166083946648467 0.00544308973921206 0.032162848090309996 0.002139734656812923 0.0036912891390516274 0.04688322194847544 0.06319961953954961 0.0 0.015777545223738053 0.09815748602691624 0.03393308263834384 3.879867190596363E-4 
0.0 0.033059492007400826 0.05156986701927252 0.032521930330287385 0.03076863099734784 0.0 0.022898361133705875 0.002305898139911925 0.023066002576151618 0.004721606589616593 0.0 0.0 0.0 0.32417469647546 0.0 
0.010503803765578827 0.0 0.019194281285254605 2.6991002392435593E-4 0.001939015452363227 0.0017136528366406602 0.10655765776449612 0.0 0.04625842788566298 0.009727457102686752 0.0013909189564984617 0.008735158209061917 0.05722594874850786 0.23690078523976058 0.009978563892566657 
0.0017602134620308828 0.0011403683473217427 0.18769629827203985 0.005557988899691893 0.19025952473956692 0.0 0.035733963727926595 1.742028218861198E-4 0.0 0.0 0.0 0.0 0.0010581632173044726 0.025848598675094297 0.061746760395182385 
0.1447826926378137 0.0 0.0201830100025841 0.0014992851111495624 0.0 0.008940455208717146 0.035226941998304624 0.017571163821458426 0.0220999405695013 0.01305974529259009 8.952065685031781E-5 0.04714315794934154 0.18451566864311908 0.00632531190852129 0.009480152445988434 
1.3715571279033776E-4 0.025431128621159253 0.0 0.004743706019158061 0.056411308909495195 0.03472931071139334 0.10560347764061546 0.0 0.03340789938927864 2.813049782695125E-4 0.015565884293452254 0.0 0.10096631421168144 0.09938617669275517 0.02819310407880567 
0.0 0.0 0.0 0.23825506559508192 0.12627298339085907 0.0 0.012416053456915115 0.0 0.03455197720458984 0.0 3.62671805907013E-4 0.0 0.034225794576277585 0.009368851649721701 0.07699944762962015 
0.004665151610875217 0.12186758573796726 0.01985850778831189 0.0 0.04974562169532944 0.04420809213663589 0.024403747748600907 0.01254868702435965 0.05433886152987811 0.0 0.04317016588426046 0.01890826343531544 0.03213791368982038 0.08374365718073078 0.0 
0.0013802996176393177 0.001626548527496842 0.019916024580677073 0.04342849765546505 0.020805627958334707 0.028659634756065085 0.3041632549485751 0.0 0.009168753559980787 0.04098949212010634 0.02136641232331764 0.0 0.023372875837759537 0.0 0.0 
0.006470938870894321 0.021723689605474612 0.01738199347265593 0.02602697363097484 0.00223378400446826 2.4188493008539693E-4 0.04305837524537849 0.2759376059808923 0.010631816758424138 0.0028020862062667724 0.0016432536650254849 0.0 0.0408485750175552 0.05451495982731007 0.0066934571025001905 
1.1409074373351208E-7 3.318657880557835E-7 3.523615454315022E-6 2.289669664079087E-6 0.23727847156349538 0.0 0.038560680386072584 0.0030693988015672293 0.006841421148783969 0.03801893344789509 0.07987053624506567 0.11060570356867931 0.0 0.0 0.0 
0.13317262653194498 0.018784373125998212 0.006375304705706568 0.029375530067917942 0.013564667559268885 0.0 0.17500715849754805 0.009946923086663435 0.05682745167106316 4.7850494492839674E-4 0.026477855644147376 0.034242629183138425 0.0 0.007167605569218676 0.0 
0.0 0.15169080798439882 0.04529497238850352 0.16168196201479915 0.03366729624262037 0.0 0.0 0.1233396682975025 0.0 0.0 7.590169857253997E-4 0.0 0.0 0.0 0.001932373527952506 
0.023914170454433965 0.029850762171471663 0.0 0.007744066982609911 0.18123767969130075 0.0 0.0 0.11930654682978442 6.70259825535335E-4 0.028454367214220753 0.03125000411632199 0.0 0.03447533221887993 0.05237096355530961 0.0 
3.377116790814442E-4 0.0037678339559087106 0.0 0.002308457457330267 6.813705465003571E-4 0.0 0.08497864896937007 0.0 0.0 0.006722768115115238 0.002016988771699571 0.0 0.22335949520051185 0.01409356757820852 0.16938950248592846 
0.06115374372933122 0.0 0.0 0.0386279205633278 0.0 0.13280357795128567 0.0 0.01568692744106878 0.006107078778421447 0.0 0.16924776981011866 0.020013841965308567 0.031778109195776866 0.0 0.03060329845506574 
0.10596814886741854 0.06865231143798758 0.0011756327612324733 0.005126383671423851 0.1985112905401482 0.006319237769706989 0.035672801309482596 1.7390465552631022E-4 0.0 0.0 0.0 0.0 0.0010563520602223312 0.02580435609343181 0.06164107435302915 
0.0 0.12928984907074031 0.03860603171403285 0.06595421506056336 0.0 0.029405173594509622 0.09800819246416746 0.08207217603558829 0.014166393578043428 0.01717144411991782 0.021685671197427352 0.016316675674687375 0.0 0.0 0.0 
0.0032298212514961675 0.0 0.0010101077709076846 0.042108733212034635 0.036268123866553384 0.14338356608103198 0.00841162417662181 0.18422647164995473 0.03145760755711907 0.002844423451453839 0.0 0.026804748367892695 0.0 0.0 0.024689786879126412 
0.10113583100020261 0.0 0.022885577848966384 0.041002731381331634 0.08061551702899873 0.0 0.06028344832729039 0.056325897989816284 0.0 0.0 0.04208818490151763 0.06789617920929333 0.010861928575982952 0.0 0.019658316947870434 
0.0 0.15149128697569234 0.002053657321830891 0.05433185433006139 0.0 0.06373049503251496 0.0278346395899578 0.03194960799943141 0.0060706926143617515 0.04394116468869643 0.0 0.05177937404949656 0.00775804228738048 0.0 0.06447636432853512 
0.0 0.0 0.14233029235514325 0.0020159622058977832 0.11384342877189148 7.881582599301297E-4 0.009639030437427474 0.21110840550260385 0.0 0.0 0.0 9.485781582205051E-4 0.0 0.0 0.024737578151780088 
0.0 0.008822434871789507 0.159845127896282 0.15113714662860875 0.0 0.0996525746729762 0.003040676441983715 0.0 0.0 0.0 0.013799845750292037 0.008069345491664924 0.008579666885819157 0.01955412548987386 0.04509307887587284 
0.14622377486481053 0.004188668271185344 0.004152236722186028 0.0722643326652885 0.0 0.09125260051409546 0.0 0.0 0.0 0.08155717348954171 0.0 0.0 0.09881502144871525 0.0220998296235403 0.0 
0.02343638053796983 0.0029297711544018007 0.0 0.03193999689246007 0.0032104183711534574 0.028905220941788455 0.03569808253669235 0.023529745976397606 0.007617811427982112 0.2642718261964049 0.021909809307650574 0.0 0.04532094836116783 0.0 0.019889234854926233 
0.04071029920917705 0.01367544093004096 0.016239616827590266 0.07548198616048918 0.1453668696134695 0.03665104259625303 0.0 0.1485659617786679 0.007250832649494759 0.0 7.123099716619449E-4 0.0 0.0 0.0 0.033711737704657664 
0.16212495986848255 0.05830311357657915 0.07839456242009678 0.07427460488249318 0.0 0.009757085930055804 0.0 0.0 0.023164231784628467 0.010113301552478984 0.08206483567098918 0.0 0.01756753342972998 0.0 0.0010696558857987283 
0.1974138904406115 0.02708328187960458 0.028501395317400282 9.90005620493687E-4 0.04313367967169035 0.0 0.022838749704980253 0.04861904567755456 0.0 0.0 0.04680062195263308 0.0 0.0992402840206988 0.0 3.9511768396425183E-4 
0.007748328620700527 0.007249054776093908 0.1838798253927923 9.766633207218328E-4 0.03167853923248768 0.0 0.0 0.0 0.0 0.21741937866490696 0.0 0.039615816069468596 0.0 0.0 0.013955029624313315 
0.0 0.0 0.09165907179922646 0.0012982564815776873 0.07331385918632137 5.075648573518764E-4 0.00620742477458396 0.1359513858729466 0.0 0.0 0.18298850168557304 0.005214202452781372 0.0 0.0 0.02558501167565531 
0.045671528812451824 0.0022257798034236876 0.024929107630147034 0.10679285371617406 0.0 0.006341915927502233 0.2168143251670842 0.03196086417324673 0.06385705248031043 0.0 0.004911283638038602 0.0 0.0 0.0 0.0 
0.009325586281043791 0.05606685735676086 0.0 0.013892654544442941 0.009979261680547044 0.18283080009662658 0.0 0.018538036484627388 0.10428860107826028 0.09863482330605601 0.0010566260563155243 0.010275179942074263 0.0 0.0 0.0 
0.037016792832340134 0.016124291203412626 0.15636783732169618 0.06926576712944325 0.0 0.0 0.018146831621131593 0.054668545615431 0.04531469038342522 0.0 0.04611469071932302 0.0 0.01018997368348377 0.03296446690258862 0.019783592273516545 
0.0 0.0 0.0 0.27160471221779064 0.0 0.0315036227651059 0.0 0.0 0.0 0.0 0.004329126803244161 0.0 0.18868950548323812 0.0024952542394694114 0.027555022664926952 
0.05853492259470018 0.05160674262786065 0.0 0.030847733382478763 0.009866047881401156 0.004250595807232186 0.0 0.22775387294998456 0.047074176644512446 0.0 0.0 0.07011975088408838 2.9097096150350733E-4 0.0069746811816967305 0.0 
5.200532939048439E-4 0.04148201585879829 0.0024070415094678494 0.13601821330990332 0.0 0.005762464057885685 0.0 0.03513361207999871 0.025588614238665257 0.0033056413536821697 0.0 0.019642469690974045 0.001081011104472685 0.05289352357091688 0.17890566105681308 
9.011702566114047E-4 0.007896497823653054 0.013177790055290935 0.09078751894838064 0.027569534474839806 0.037546388062539064 0.017760980012087063 0.03956514641963413 0.0016747003956078333 0.030249919440181683 0.02557634272291243 0.21207226884258265 0.003842838803445231 0.0 0.0 
0.04243194345258135 0.0 0.0 0.14147109042591027 0.0 0.007246944236005918 0.056110585322837234 0.016676718093794868 9.03179347507228E-4 0.0 0.17620799507014948 0.020836900659396466 0.033084967174399633 0.0 0.006597401714926318 
0.0 0.0 0.16898412132405363 0.0030861474719007234 0.0029339512681466396 0.0029145884543172753 0.07227588457374848 0.013586923115473975 0.0 0.010448648307310845 0.0 0.0 0.20863213616293466 0.028688199064562953 0.0 
0.044747458331292615 0.1551670649477147 0.002710095957783642 0.0 3.8673558461238826E-4 0.15068240052118986 0.0 0.050791478967031414 0.009921501968462289 0.048371444879216074 0.0 0.011179779113473563 0.030863919107626165 0.0 0.0 
