0.14126660904765062 0.026490224445948604 0.04620811111897675 0.002615065148752171 0.2847262839521374 
0.17719382885843524 0.0 0.02324493584763579 0.04373859577032384 0.2615655190916766 
0.05856754718778669 0.007850867153349218 0.11412427881522949 0.016008836957011156 0.30393071825470674 
0.05291293277290707 0.06129440563895386 0.06345316295521658 0.014200545886513786 0.3085594858238363 
0.0263108562112188 0.10520071287384787 0.14712014638800863 0.16822255519999507 0.05422495984477158 
0.07545150570345366 0.08219574600227006 0.2270481103889144 0.0 0.11658533465974179 
0.43384354007381276 0.014346635786055332 0.02754073837359442 0.024993555383723415 0.0 
0.038720062836410434 0.007858463768213862 0.06113389135709135 0.225660289285199 0.16876913201667726 
0.3549988589192383 0.08386497835692718 0.0 0.0047039415248008 0.057680293367758394 
0.008231225065910537 0.00908518050844062 0.042363515641229324 0.0 0.44086498272816393 
0.02478179992959769 4.820675845367603E-4 0.21306779839082954 0.04915165044473472 0.2127650265538762 
0.05762109920652913 0.07087935163610039 0.19244966587094098 0.17942622804516414 0.0 
0.001247902435442709 0.0032356208128215434 0.297210732161732 0.10391970371685515 0.09456279475650052 
0.15919516916459367 0.015028560571949783 0.006453070169920389 0.21040287886724746 0.11085792350864229 
0.06839137013810208 0.12979467221420346 0.1780966255869178 0.06181350321505883 0.06232385190751572 
0.09446208114112177 0.08461585392338176 0.01748840432978116 0.11867597995107393 0.18515630280748316 
0.01798125977015702 0.004326278877117571 0.34146894848838977 0.11451992186256546 0.023296524794774506 
0.0 0.2570908128628056 0.01287467711892175 0.014808386667569952 0.21869276132720408 
0.20319287951300077 0.15668359383598127 0.08112540304464205 0.060427539852099935 0.0 
0.20728152899099714 0.02182393036216812 0.0693840103027866 0.13824262540812934 0.06354254013081564 
0.11251872347638828 0.20555908786902896 0.12633313038691588 0.057616362757726775 0.0 
0.18183917730806068 0.02889255619383513 0.17780931564382088 0.0 0.11179225165430948 
0.27466531031202196 0.051505063841571615 0.08984264055736685 0.005084483059446058 0.0799227790926776 
0.02303268195541222 0.07867784871083446 0.14263683801104615 0.031829906309887586 0.2240352417715437 
0.011821234638185246 0.018576837313862116 0.40908560167786456 0.0 0.06123722509697945 
0.02912008410329474 0.23527839687004343 0.20246738500309594 0.0 0.03372943747978479 
0.0319213035489474 0.3243239843891421 0.0177838937525558 0.06225838388049428 0.06429107180864932 
0.29282008411350274 0.12558420695603978 0.012502196253869469 0.0661299768183908 0.005013662931724592 
0.16628388835027524 0.015820571729865635 0.1723018999043389 0.12665887756787136 0.019606644492715725 
0.006494844947431468 0.22853174217679353 0.16585123461528015 0.09392725786361567 0.0059926992328939045 
0.11232368268814712 0.134135936249519 0.22004614873248124 8.741582182256968E-4 0.03344178696907314 
2.3846804712166923E-4 0.2118733893283249 0.12434687466398534 0.052708149097747264 0.11197231800157631 
0.028923668538151707 0.08799827499561814 0.013741406162165083 0.31804792190102615 0.05237281261477217 
0.006646445114471872 0.16260155311447602 0.015857304994537073 0.014795614849870367 0.3004083737764651 
0.10343133330231828 0.0024071003097087826 0.15745001855840096 0.21043008984799966 0.028535312174141063 
0.030635419203962854 0.01538488372453759 0.28250589445267316 0.04587212677602279 0.12723824499819797 
0.06771605662058866 0.004901150762086162 0.0791669912649284 0.11981272061583176 0.22983543107778895 
0.1829602641759614 0.08697662702040687 0.07632228402949177 0.14798369437869988 0.006620185824519053 
0.07734362971690589 0.22680411216229499 0.0 0.0 0.19697115759058662 
0.0 0.1600278536731921 0.020321943275258516 0.13586195497860173 0.18430669028775065 
0.1735471563458076 0.024246178477744816 0.0 0.13122368598621703 0.1758150781804123 
0.047822444874381094 0.259121305733953 0.039370269392590626 0.13414689378184622 0.020074867796376458 
0.03839480591720909 0.06109952885168358 0.07583301491591474 0.16676110830036384 0.15874445771142015 
0.11033601455288623 0.11859574764187407 0.04598805375246795 0.014264723743856388 0.2114892236626466 
0.0739760783195504 0.042190124364418644 0.2600178130512131 0.06179729721129822 0.06230751210268579 
0.03647310965673563 0.18608451389434075 0.0342860214195483 0.026047999613233185 0.2196739322874028 
0.2481175977494113 0.0 0.09735733862136162 0.14494094395243806 0.013051793642851183 
0.011258859724928152 0.0016804850326400396 0.22803303269739006 0.007491599760397828 0.25270265605068043 
0.0 0.07087624789814331 0.1733940517829093 0.0 0.25682087810627424 
0.0 0.16226538901449644 0.16128722149639435 0.08847697659075483 0.08988873625332018 
0.02157026619734002 0.05614956862594867 0.3000169038948134 0.12245947649277712 0.0 
0.13107571532402898 0.06582526669358975 0.20696668602600435 0.0974360700554113 0.0 
0.09098463749720301 0.008589256463742763 0.022428763057921366 0.26888694673105906 0.11080404363814185 
0.03513034368283408 0.05659680148615177 0.0036293596533686846 0.02383108425156216 0.3821964989878454 
0.0412177713600466 0.07822400855947663 0.10733438997660523 0.21183707853939157 0.062397411664533685 
0.009102667406564893 0.37998294115034725 0.08529908703155724 0.0 0.025866386199113946 
0.14017365060114198 0.08897917637796406 0.0693983554687882 0.13827120711450985 0.06355567757101782 
0.0900180980038034 0.0489084733253563 0.06731238599231723 0.1275259172387894 0.1688706967666481 
0.02217731908873934 0.04902832987321486 0.11880081107817445 0.10109298829706166 0.20963952591988483 
0.002983964707765523 0.09359624096727108 0.0875827568984551 0.0 0.31625681154250884 
0.20515629975510946 0.0910088548542659 0.0 0.20333375821014846 0.0015090428550018468 
0.28170893230255223 0.0 0.06166682279826382 0.00768180351610417 0.15032852657019594 
0.05740431714317361 0.12690613260243908 0.05729038249906593 0.25620217177501453 0.00477436606530638 
0.033345461853842885 0.013500912355675576 0.03587336375065683 0.40055230813933257 0.01784588127143379 
0.20917292447540237 0.11881493344823879 0.07276007899397124 0.007074252100150474 0.0924864810502759 
0.10900536951368302 0.0 0.16639788508246084 0.06009691610440995 0.16984615527821845 
0.0 0.3595228851793736 0.010222995308566822 0.004402995153001011 0.1275572109607413 
0.2401447949302841 0.07535623760400398 0.15713109213624596 0.0 0.028078590770898006 
0.05422986607542204 0.007269409335804344 0.0599605470010231 0.07510353747880197 0.3039490108257361 
0.006132515742637311 0.16848635815520066 0.32152506000875547 0.004252197857997218 0.0 
0.2981689681678893 0.04589280684488739 0.0 0.15053687721934764 0.006230784097317111 
0.1134943491537137 0.13147199201021698 0.13610236768116268 0.030459126503805424 0.08956066518716287 
0.09355471932892266 0.005401303159731552 0.21667264719883395 0.06505934640236319 0.1202080648694937 
0.038696130927205113 0.05111470049422777 0.1774285923608922 0.08805767600819076 0.1458446226113048 
0.02757734903006196 0.020664338142563417 0.016185455967132265 0.1668037009795432 0.26973008363535544 
0.0 0.0 0.1086170065477111 0.3923219757798885 8.582459825301696E-4 
0.1286146250724509 0.07055514406570718 0.2681379460539488 0.0 0.033761359551158235 
0.0 0.07058270484057796 0.20727976927730382 0.043528716362034654 0.17977743429276857 
0.1069095643295459 0.10163721049632676 0.009710570156715632 0.055841747910877045 0.22937416784173303 
0.031648878545207794 0.052163167654729996 0.037166720967343414 0.24300503820172728 0.1369255142731532 
0.09226116475523655 0.005309266201339984 0.14052374360369782 0.14667467324981162 0.11660760515627584 
0.0 0.0 0.36111783098014527 0.0 0.14055067660896906 
0.3424495534089253 0.04176853675212628 0.022687248657321822 0.09557232120828288 0.0 
0.0195712647196064 0.004623518219535703 0.16213676021278667 0.2593658638644628 0.0555506651523331 
0.1662204167967889 0.0 0.04093522177697486 0.28236567774372634 0.01302798596191863 
0.0671816990648413 0.11873705183608468 0.15687284166316726 0.1578243885986505 0.0 
0.07413637071872618 0.013902004962012427 0.3277012773909284 0.005085148872066778 0.07987102241297742 
0.1842864811253502 0.07964393642664194 0.04530839109030757 0.10197385341797083 0.0894920741297564 
0.06903496068300606 0.003985675484291553 0.1575202837864197 0.0 0.269957807978435 
0.07179616443247762 0.07331936737916987 0.3550161767286044 0.0 0.0 
0.005204837589208313 0.1522417420447666 0.08823246508513338 0.25475083102540375 0.0 
0.0802737522489416 0.2970828402877523 0.035355871776854654 0.08894653890982682 0.0 
0.023502135432787223 0.0519571569545002 0.1152028956539741 0.30055226080066205 0.009490547487835415 
0.10648260076218537 0.12716056850784416 0.018707885436553513 0.24831220921711175 0.0 
0.12982353737284583 0.19477969280063764 0.014288660867316234 0.12810915843580944 0.034508792045331436 
0.33614285302193836 0.0 0.00822970209408394 0.15755740184781974 0.0 
0.27371114849328115 0.06881201621831971 0.0073031778550120535 0.0404035082813846 0.11116803088961055 
0.19134843065612797 0.11372093138699348 0.18918938494771603 0.006932336160026843 0.0 
0.26777362661571913 0.020587326273400833 0.0 0.19130971812758168 0.020972950344172424 
0.09557529183484155 0.28782747226521127 0.0 0.0 0.11731443835808086 
0.08272954324777133 0.2758510641737169 0.0 0.08285016009260368 0.059111097679911795 
0.13396934092257712 0.08450783595330688 0.10082582860405179 0.013865904128193671 0.1677362737410352 
0.009249464652283674 0.34337989993320933 0.13214773414792516 0.01376480552319107 0.0022881060270052585 
0.0071430015938942475 0.0023559679973599174 0.45065833775325054 0.031591035984479175 0.01042485833688323 
0.31785960045370054 0.0 0.12624646208107435 0.05757683620967347 0.0 
0.1004459929258958 0.0 0.022625201102772708 0.19725745869667236 0.17977620206124592 
0.0 0.16872578565598267 0.12932483499717146 0.005723448104356769 0.19672916063580073 
0.12728757632216464 0.007348841331737404 0.29043798890275335 0.041369271305179846 0.03403831647869353 
0.3453797936554723 0.03550515237449549 0.0 0.04426275454555989 0.07553225214793148 
0.06437502024377657 0.1423165584387222 0.0 0.08425933610080262 0.2095325573083044 
0.01951667516215402 0.03067007046993929 0.2633536398335372 0.1255319291863256 0.06117990673946076 
0.2135279612475569 0.12703699128649149 0.0 0.009670032581765643 0.1499762872881131 
0.021267102485907186 0.02616052897527499 0.26784548345762305 0.17625251672494238 0.00864091634596296 
0.0 0.015821404335614086 0.046462614995219954 0.33057669153667835 0.10821514944017421 
0.1836066404518464 0.005498295976321712 0.11684579177334818 0.0 0.1961178612984876 
0.008423364111051938 0.1837332949679477 0.0 0.056870453081572396 0.2532753978137558 
0.03639675888217095 0.15303937092657752 0.050530359485160124 0.16400284018105235 0.09970228490055019 
0.15369494994418875 0.026282854900214557 0.07328188190312131 0.1082997941089853 0.1399061868422091 
0.11727293642843047 0.1842921089065103 0.011647356457385257 0.18890870141297322 0.0 
0.1329929813227268 0.0 0.20301523605344135 0.0 0.17010335268701496 
0.014897170829146992 0.4118946398241832 0.02130560170788498 0.03936784705750052 0.013231780329249886 
0.14786038854753958 0.211662496631834 0.010222995308566822 0.004402995153001011 0.1275572109607413 
0.10817078793770384 0.13615193871348757 0.0 0.2013746803652002 0.0555506651523331 
0.08525832620582846 0.14370875567799765 0.11403400917790926 0.1296625333333608 0.028080462137293153 
0.20065198611605523 0.13549086690588313 0.00822970209408394 0.15755740184781974 0.0 
0.08747298203685702 0.06591331825848179 0.009076677916720262 0.19294046584999391 0.14588827548704839 
0.07422494087628544 0.20413947785731895 0.010952128145699746 0.05590431357832796 0.15590080507495643 
0.23490932053493438 0.09277430405790983 0.06673465414943777 0.10652164716562373 0.0 
0.2726966975418372 0.0280333070321505 0.0 0.124732936840608 0.0755882582147915 
0.009082356482115876 0.26565935036586186 0.12368390643903518 0.0113129335042489 0.09128043443702281 
0.12493679458083921 0.05568099080771087 0.12745657019788761 0.07218303899370583 0.11988342628016246 
0.11975938607842132 0.014246273244819644 0.3548549260921858 0.0 0.011977415105459644 
0.008790936886122496 0.052693003191592244 0.059945595361680155 0.07508480981433048 0.3038732187221645 
0.03587654148829813 0.02691539592527722 0.009808283330358094 0.07096151233063633 0.35702630852697603 
0.08293048825856629 0.04267812420379517 0.015951042513867406 0.1066403832806313 0.25243421441743175 
3.742653896625865E-4 0.187510312728654 0.007482239877585649 0.17617272128464936 0.1295923287646494 
0.0 0.19583134148091771 0.020511483619585436 0.2209666124785936 0.0639338852691799 
0.10478162993162835 0.3560251964822798 0.014806831918975485 0.00407624328543752 0.0209737911761791 
0.21057115396635526 0.025049011147379365 0.03154592195028628 0.23502113166846475 0.0 
0.09889012961738115 0.30086642740162994 0.046981918448869814 0.005453697908167113 0.04873530425504834 
0.0292484453333397 0.20151912840264982 0.1701417518649934 0.011383456260102415 0.09106879577370085 
0.13831888351336777 0.1864114618234943 0.05574578944662503 0.030411761585389423 0.08942139548094385 
0.09929351291468747 0.07142148462002432 0.23940733855098864 0.061730861479936026 0.02842294970243813 
0.09544874173598682 0.1260806630917156 0.01310906549562884 0.12065862946718456 0.1458446226113048 
0.15986975539625395 0.09511341093029711 0.0 0.07711962836528746 0.16806778822692964 
0.0738232237459947 0.026500469566595346 0.03365936839564808 0.3468859470149821 0.020091919031436117 
0.07998794325478122 0.0767896710005505 0.11967790268914097 0.0 0.22458406969194722 
0.17145681408580127 0.17095770392524057 0.007300861322119421 0.04039069248286925 0.11113276892484979 
0.09606889773359696 0.0 0.10180399905336772 0.3008090890811812 0.0015401209771697792 
0.0664904697513526 0.1366930254974132 0.2971511944857296 1.202966817364266E-4 0.0 
0.03152361780466848 0.019885092393126195 0.0926461284662959 0.3413380316173806 0.015581610918218093 
0.3173571604153953 0.03906505236911928 0.13102784031812575 0.012173860100205493 8.559929081381047E-4 
0.03634242847521125 0.017149943294388254 0.11000153974489986 0.2462652995235017 0.09050917102639347 
0.029808189642519408 0.0036357018200318435 0.26727149138699746 0.005774619372204134 0.19430383556575218 
0.03876430912283379 0.0476837327833638 0.39434016495981483 0.010737474122673679 0.008640917213436511 
0.0 0.08546170895475742 0.25097484368440015 0.05270467457018939 0.11196493677284271 
0.25236331011162894 0.13931442999428065 0.09649632074903257 0.01648669877103188 0.0 
0.0 0.27429510649918426 0.07755453111038901 0.15037293728118012 0.0 
0.07974699857712193 0.03236099392121755 0.24183961849640767 0.11880189620591668 0.02740745687165375 
0.10955722889162162 0.09110253804504587 0.0 0.24300019908249743 0.05697813990635623 
0.09181217100898541 0.005300698595750436 0.20949210500445423 0.11423120729327867 0.08038451900788501 
0.0 0.12557742125663765 0.01594708154145631 0.10661390227691532 0.25237152980242583 
0.34012166495780166 0.1366563443539584 0.0 0.004086222346754165 0.021025137166477893 
0.0 0.0 0.16603291050610658 0.08525474001125322 0.2502465305128563 
0.04948510689632244 0.0075596047638959 0.2126943417213645 0.2285615852829024 0.0033890713671418326 
0.05214730355185542 0.43074144444105295 0.0 0.0 0.017447802755428225 
0.002526419817771438 8.332861417325206E-4 0.15939407832653532 0.1983501586608203 0.1410692587190075 
0.018920806798337953 0.001992104033451525 0.20723828724300253 0.17253529464939893 0.10043708269229307 
0.0646208992429629 0.37373543966976364 0.0 0.0 0.06236086354540718 
0.04281611729244812 0.19813949864334007 0.10685254147877436 0.0 0.1531011622275991 
0.004487239439165368 0.20024163794278604 0.11070308106265367 0.18659729917072115 9.176630207669956E-4 
0.24918891995030384 0.19215149475462862 0.04135074203250902 0.017870158300164564 0.0 
0.08996698381084711 0.08636970531598023 0.13460853593215108 0.10661202587603733 0.08312535660920664 
0.10505253187346114 0.06626711805033503 0.30874344511996216 0.02084699716921067 0.0 
0.07118699764436415 0.11328334425795483 0.14060038917307427 0.016927122511780326 0.1587024131884593 
0.23302821954780023 0.02772044679034936 0.22851898742071758 0.0 0.011987388555296135 
0.2031135082195377 0.05521497545532571 0.05189329815635806 0.01609643161553221 0.1743729308217295 
0.33755163368146435 0.026141860516852418 0.010341586135999826 0.0 0.12751841514207524 
0.079950909961337 0.040161681016166066 0.19085128901605602 0.0 0.1903496423136745 
0.006559229595225943 0.25815230737642986 0.0 0.1684878917110086 0.06888106334155017 
0.0 0.09556648206500583 0.19652260364212124 0.11767012533087401 0.09050917102639347 
0.25481782022806526 0.031080103283368018 0.016881655100094442 0.005814257999008634 0.19563759225658223 
0.04922741394505588 0.22646991928982596 0.018848986162944406 0.18212994304449784 0.0242032925348382 
0.1507243923540017 0.035607150797927055 0.0 0.2593658638644628 0.0555506651523331 
0.0034404574754960384 0.001134762130737159 0.21706152891567507 0.2701115948070756 0.01042485833688323 
0.17195802621375567 0.2115244862471052 0.0835961282899039 0.010431297495848512 0.02266422372369892 
0.13609014085778617 0.3008601847576653 0.009356612278210302 0.04663326611122522 0.00785065793744769 
0.20624091828576188 0.11137437151812765 0.12614942755657566 0.05753258197211585 0.0 
0.0 0.09725329475709973 0.37011327624266793 0.0 0.033084198287728954 
0.23968136525958336 0.1366953593356817 0.0 0.061828954289227286 0.06233943054985438 
0.014315743735210537 0.07303841759241515 0.013457308712133608 0.18152529924540547 0.21924305480789166 
0.06109109188265862 0.11594004082833698 0.26110515418437147 0.0 0.062329558799452144 
0.1618283742829232 0.0586226692807376 0.1555657093719993 0.046723393277798765 0.08094049738590972 
0.3931535908976525 0.0 0.09682221802803442 0.0 0.013040081703456358 
0.11453787061961679 0.10459039293621841 0.16011439155197582 0.11470189598604032 0.006222543955634565 
0.01434655711021547 0.3129320037165699 0.017086145455931023 0.1575538108480004 0.0 
0.032775685277706676 0.12959237515760896 0.014978940148810063 0.20774362542325317 0.1153120594273961 
0.1726589700160874 0.27133016938916377 0.041598910403563914 0.014865324634594763 0.0 
0.10146409518238145 0.18986740907147742 0.1661073861109473 0.0 0.043246063662601704 
0.0 0.15203841089467063 0.22424311538133268 0.06181331566934085 0.062323662813370505 
0.06281966475564235 0.13887806879814707 0.24460920433987235 0.04663326611122522 0.00785065793744769 
0.0 0.173462293488511 0.06460650869830926 0.0 0.26195160316569854 
0.0 0.12642583803422572 0.30929244926040306 0.0 0.06537289049269805 
0.28757147725499826 0.0 0.09849826599945899 0.08780620713344924 0.028797828716261086 
0.004405709770474259 0.1288672161051374 0.07468564135499352 0.21563751145898402 0.07676114443984322 
0.029027754171966264 0.061059706878799025 0.3477588598283581 0.062426420318547726 0.0 
0.0 0.32643096719969045 0.07352773429711937 0.0 0.10023395292760374 
0.00556056275260452 0.23212086027243925 0.00946532940239183 0.2532247776121423 0.0 
0.06617074619364098 0.3376008038622373 0.0 0.09536135795846166 0.002446916078716523 
0.0017464059564441727 0.12447812261769499 0.006039341359066082 0.35500545560730956 0.01322646189068361 
