0.03737598824156336 0.14347389692369328 0.019101543825624588 0.08147827612088863 0.2213164873270596 
0.2176065765287217 0.06103757459347307 0.014133179369771386 0.14779107732950067 0.05982814996509708 
0.038463652950481736 0.01279136878125046 0.2694606505475996 0.16899749616221238 0.010947058548157413 
0.12162140467142758 0.06063301057218888 0.18423147814267313 0.09296361343696662 0.04104236833490325 
0.05363841152960974 0.015463127419042186 0.04313491396129681 0.07063528782515328 0.31798576293945413 
0.11651772822689131 0.2214102550848341 0.018486350339305246 0.14102018393600707 0.002853494435104965 
0.3852938306971982 0.0 0.028747670346426484 0.029947752651563044 0.05747960843545031 
0.1430185642398136 0.0 0.07072094745704104 0.046178393960064984 0.24300437238432004 
0.0 0.20450838919447104 0.19644788378210823 0.06889443352751329 0.03166943183720074 
0.10052901593522713 0.20570756193347692 0.17081487627679295 0.012892217329784806 0.01095221121785973 
0.34560003799892197 0.01305791056054788 0.0 0.02153078045213105 0.12169486572880299 
0.0 0.2565155349254099 0.12082443638033077 0.004933863425042009 0.11817915235838959 
0.2097765033290595 0.10963094392564987 0.09491850531947138 0.08725619470869397 0.0 
0.2192815640317435 0.07983969455878723 0.20173060341356128 0.0 0.0 
0.25969395161672826 0.0 0.08265411160788504 0.0 0.15827395008056044 
0.002418060097579141 0.05083774182750237 0.032535423315038 0.23150035600312568 0.18367213964469134 
0.13540014160842165 0.07261175952570106 0.12542089224752612 0.007234958508311439 0.161372853135839 
0.13063098368857004 0.026093658263276146 0.07292748355665857 0.22787373762036925 0.04495690916434793 
0.0 0.2614709064257606 0.24024358190128198 0.0 0.0 
4.0138196172827177E-5 0.0019503152691617627 0.3021631348832685 0.13564117115133859 0.06143017263840224 
0.0 0.0 0.0 3.667450809535469 0.08198227313804493 
0.08809156043489058 0.0 0.2346798360655219 0.14394402010240195 0.03492568511197439 
0.04264998025996976 0.2552778171653027 0.02664334862805245 0.17585618958226398 0.0 
0.3734542857128012 0.029007992920674044 0.0 0.09866942202535442 0.0 
0.16239944490214175 0.0 0.009343344903445454 0.0305228081440407 0.2982875667420688 
0.0 0.15354790284914668 0.18959782027345648 0.13577027751915083 0.021622136826121928 
0.0 0.3011820694743512 0.0 0.20075455772203485 0.0 
0.08364390280947487 0.0 0.4204245210600994 0.0 0.0 
0.14657335000032518 0.016307797114702666 0.14593942651213618 0.13276214437805903 0.058864135634556454 
0.062411502536086266 0.10513002934107474 0.16490382800926776 0.07809769501168215 0.09194615453824062 
0.04361446130906358 0.17762228364312985 0.0 0.0 0.27964978469070273 
0.2071918480035485 0.13259660274797358 0.05633415152356124 0.0 0.10449829197044547 
0.0 0.3063225332401671 0.12367067974411325 0.08754925643166278 0.0 
0.0 0.15839090127607358 0.1163500001033546 0.12192714900055145 0.10388068561555176 
0.05544821158604799 0.27176274656369775 0.06441918194529024 0.0837789670884742 0.02644605825300486 
0.18907485033980836 0.06242516649677721 0.09298972604036466 0.1558588624631556 0.0 
0.0 0.49341382576345905 0.0 0.0 0.006905887600279906 
0.30516669178006794 0.04414605728565874 0.023516165075888464 0.029345660175886964 0.10123813434811563 
0.1498788657716855 0.13487112850512636 0.06960328936569585 0.11606523856290714 0.030366039506982113 
0.0 0.06272963569879639 0.04951198675104943 0.1378231024865907 0.2505567867853402 
0.10183506245344273 0.038306937347488135 0.012843606253504612 0.19589079753652858 0.1524164084667986 
0.2123039740544583 0.03248373428310164 0.0 0.12313701899058661 0.1332707631570819 
0.01604502248151776 0.04504548603704211 0.207124235268648 0.050470120279000864 0.18210571439617532 
0.38034076347399415 0.11400811457634004 0.0 0.005637087103834036 8.188123102344586E-4 
0.0 0.08824152153568979 0.22077880559739307 0.005059855827360235 0.1878992600725081 
0.07461097536273037 0.19067977130721203 0.12967042491511466 0.0 0.10721139354336505 
0.045725303026127505 0.06466370792206065 0.0 0.37145520032851465 0.019228020401231557 
0.07219519366041645 0.12993244004416343 0.2027860173211544 0.07130625612521677 0.024938471065286173 
0.0 0.09039992954210795 0.032194261613563924 0.3074289470055848 0.0703043712998055 
0.02397311879286646 0.011951534099965022 0.036314357023186666 0.38757576464352766 0.04107499749817585 
0.011102210927654949 0.03957112729061238 0.016646645877088567 0.3317375111254775 0.102203082980412 
0.0 0.04155165899399207 0.06602779459893499 0.3941083371730203 0.0 
0.20597170721596525 0.035960611389112274 0.1916123277121325 0.004943733147184759 0.06178938890777521 
0.09466935468825921 0.06138413156903266 0.02070401671983866 0.09009550119629442 0.23345679974700362 
0.1118077771330166 0.09017973546552532 0.0 0.2003232647089479 0.09984406719676428 
0.08968956546172732 0.029612008402542793 0.03386163049095065 0.2567617029177617 0.0906185410560665 
0.13202333092191315 0.05735535890749369 0.25714547056486936 0.0 0.05412096541050067 
0.20215457996834507 0.0 0.08942841698837471 0.06299646891970505 0.14863368670806656 
0.28263829753123365 0.10033084009951458 0.006119084542830176 0.059791265285608505 0.05270573279889546 
0.390849365156523 0.05654109353683467 0.04100203294654382 0.0 0.012215155696946227 
0.45248900852855967 0.0170965288001946 0.0 0.02818993179526578 0.004589753010039737 
0.0 0.3353447871984618 0.1579547410963549 0.006450078669964757 0.004111396704888063 
0.2873013065236283 0.08835071861573522 0.047115133195403246 0.07851782749342041 0.0 
0.028819330301575376 0.0 0.008564257909591847 0.00787290690239643 0.4563256521693111 
0.10594690591665304 0.16067374692362082 0.02845189327228173 0.1375011161407835 0.06904188792491868 
0.28999985428528885 0.013443156896488178 0.15748887034829126 0.0 0.041413633386578 
0.17116903369403028 0.005558529842209899 0.05624797832131357 0.10937252136705958 0.15827395008056044 
0.018069642584684353 0.05072949157162822 0.3120410064421429 0.10465111478610006 0.015511876692892895 
0.14636181647829086 0.2148746931113296 0.07432676814942828 0.005695155267785999 0.05978653151709826 
0.16114718123332517 0.33506364712168873 0.004353639127608282 0.0 0.0 
0.11369345877357753 0.13039393809271344 0.2521916007112113 0.0 0.004575954751163791 
7.481554615309682E-4 0.015729358521000283 0.07473437143978603 0.24612754845128668 0.1639499214925147 
0.03737734937264382 0.3067752990230234 0.021573205710772703 0.0 0.1345046618066734 
0.11315453028404909 0.0 0.030718221582813204 0.07516844130569406 0.28162132814556134 
0.07028060896315524 0.026531689910317534 0.22487013526955557 0.03166649536216988 0.14699062699456392 
0.03587640246028609 0.20719776150145158 0.009215415474795626 0.04084164958913694 0.20882481933952238 
0.06010244223547668 0.001951762018781819 0.204617801476659 0.13001692740154783 0.10582801739459968 
0.04386909587750413 0.19107320962367508 0.09004711236234461 0.17608281381441054 0.0 
0.016878538559672175 0.04740559198106203 0.3690386428589404 0.0 0.0684678529053792 
0.21593802086527641 0.01807510867974845 0.0 0.18747416745253795 0.07924243516451192 
0.2028023337593766 0.14555915890668894 0.0 0.06580325264284284 0.08735698233431945 
0.06501245343519965 0.011350527725561124 0.008629118807747804 0.1952692710706103 0.22039770871809597 
0.006001895734718791 0.0023049114671519697 0.17230993708127665 0.14004780073279727 0.1800937897927368 
0.005831792520689405 0.005102860269877033 0.012693831233355796 0.2229234239589486 0.2545282905116921 
0.3460338582036097 0.07645410992542359 0.0214291174284127 0.0 0.056277804736412654 
0.0 0.0 0.42630245004787065 0.07786048815917121 0.0 
0.11207234158239016 0.0 0.06757408110255037 0.0 0.3205844858045442 
0.26540206176728964 0.017749384034137533 0.19941980014351662 0.017588589079072417 0.0 
0.029643214629918722 0.0 0.1809711567178126 0.22531132425915776 0.06741600772191836 
0.07898032589905975 0.35567051009920764 0.0 0.04871088761126102 0.017589980337143755 
0.18113738483332553 0.07102911872880946 0.04180714791634902 0.04843187463075117 0.1583076087448671 
0.27472022533757967 0.06484960251270717 0.0 0.1460274080057663 0.01564762938346046 
0.009545544667219632 0.03849238069748489 0.0015203367315648098 0.4409332583986652 0.009822445175460891 
0.007107720818793183 0.15400346565692166 0.08205774280374202 0.05337198557852561 0.20399058623058064 
0.0 0.21871602528254339 0.02709981610193721 0.2439122843672658 0.012680967358987027 
0.0 0.1609048274215039 0.1478418865539268 0.0 0.19296777435161186 
0.13363513028069252 0.0 0.21331685156281052 0.15472766047590458 0.0 
0.08206244514487396 0.23456720774691084 0.04333163196396915 0.005729471813560584 0.13726392871997467 
0.3275298974129343 0.005067670177954573 0.011563947475622767 0.11272701621319045 0.043512731426338 
0.09449356641660321 0.0 0.07346823764585818 0.1647115356663489 0.16824894000928114 
0.24532245456537516 0.0 0.1295737222534059 0.019608660404066513 0.10862309857383977 
0.09446945303846761 0.00973330171274986 0.1374869082424208 0.03023915942442772 0.22822071221980614 
0.1115932139365758 0.0345716397670915 0.24892318245061437 0.09459459888365414 0.010946376003805913 
0.2834738666018203 0.1696369971867544 0.0 0.05000214224464272 0.0 
0.08999329520439021 0.06512194472204809 0.14279168791853905 0.07526090167568619 0.12850351053564485 
0.043972551556429616 0.05229132609348341 0.11314967427748072 0.21996666268208773 0.07185005333732422 
0.09364082724248243 0.2180630126163241 0.07813821561725591 0.07625201988118593 0.03447917306055271 
0.1606425603781782 0.031208653337319568 0.04929607953457203 0.26008297664424473 0.0 
0.20789471049472705 0.0 0.06829527611579371 0.12317044637719664 0.10228066872707142 
0.0 0.36004377223049544 0.005752782835263656 0.056212030120873994 0.0793404408359015 
0.057560907660609985 0.04309123258632807 0.07320632236602456 0.13966588357725546 0.1868877739515281 
0.0 0.2539494937586031 0.04082485829776439 0.0503066719687524 0.15532123309622595 
0.09102182683833626 0.038705840691749545 0.17974975465650483 0.19085571075992666 0.0 
0.3444535513804873 0.02303613741605196 0.11496743446909223 0.017584429575314385 0.0 
0.010811582719069384 0.03036574980930452 0.23638846454014514 0.0 0.22411944944768417 
0.02055887007847124 0.049669124748569764 0.14747577083923524 0.1648426329410576 0.11822301727531716 
0.0 0.09562617386747185 0.011953279725455205 0.3941083371730203 0.0 
0.0398517435768601 0.1622984094913335 0.11224681406100738 0.14020933653742168 0.047436938381288436 
0.09614844522711162 0.29751389706207687 0.0 0.09651199093417523 0.010957367435465862 
0.30108116403122864 0.011789763494459973 0.10770709905004168 0.0 0.079980906953241 
0.09344369393813265 0.08424904241031833 0.05424192057841518 0.2684703180700487 0.0 
0.29411189252228415 0.0 0.0 0.01791825695659293 0.18947284586002075 
0.1842284365333865 0.055256604857729694 0.08686627035564758 0.08053474180141458 0.09511008109664332 
0.14595401908865457 0.13917193978395997 0.06301933241758756 0.06576241358899453 0.08730276652640276 
0.21438715642242182 0.0374298651165715 0.02845565958325549 0.0 0.22040660297418987 
0.2542659690105976 0.0 0.15330980836970792 0.09328354754628869 0.0 
0.09745916980720304 0.03301025296581619 0.09000198829936007 0.18584909181701584 0.09469813910007466 
0.1754749996013191 0.15610803692710032 0.10553461541125853 0.06352070455904983 0.0 
0.2774189967502775 0.22375520184332345 0.0 0.0 0.0 
0.12920590287706207 0.1821922860699557 0.0 0.1880313970525486 8.179011444564245E-4 
0.05080834413534185 0.08676816148266249 0.30135440104503947 0.007186993575769039 0.05572683860882112 
0.025586140214621463 0.003211484762781601 0.4599132260606781 0.006892160709381253 0.005949009641943652 
0.0 0.34000225323024863 0.018599823275273174 0.14188579418401437 0.0 
0.0 0.07625427359686256 0.10354090570755814 0.0 0.32084994650035614 
0.2698808436583745 0.0046823513593545925 0.017019801938990744 0.06299646891970505 0.14863368670806656 
0.10435353718829263 0.13696726493386385 0.009148942108946937 0.009635153454242516 0.24052965857805544 
0.0968886140008679 0.02174236804181493 0.10078749979323111 0.09435794803649473 0.18784237895511063 
0.0 0.0836595862914842 0.42050335191555765 0.0 0.0 
0.0 0.4388966468381695 0.0 0.04674437546153968 0.01564904033474222 
0.08839492817680591 0.0661741894686124 0.11242122250377774 0.21448160304133052 0.020896727783546773 
0.10104228166216372 0.10916505784970598 0.08348109714543776 0.04459539405959539 0.16212998371111015 
0.01534396267443055 0.09553664758804657 0.13033035071072588 0.056208088178730985 0.20392295401799004 
0.02175958149583065 0.018629100642206107 0.19520722432948273 0.2652665050257214 0.0 
0.18342840331754262 0.0069305307333098354 0.26232331744126197 0.0438753315577114 0.004578523456512812 
0.07215692402096872 0.3628907618676717 0.0 0.0049608723890458475 0.060900880156385 
0.0060978820538554225 0.11854610427227935 0.09838047568473261 0.27385494448350034 0.004581490838826542 
0.004201912692746615 0.015601325959405509 0.2728925742525888 0.06208547053979088 0.14582681915219023 
0.255383417585085 0.0 0.05446573130233321 0.19108495579884943 0.0 
0.0052877087477495675 0.014851224383219173 0.11561243014044151 0.1417722830291997 0.2240854149701032 
0.1450432579183594 0.07176328949218234 0.017295368617661754 0.003978800409753979 0.2635224324827239 
0.1868491468191545 0.020788894961978437 0.14286664637282276 0.15068216947897312 0.0 
0.05731189887769175 0.021880751166011816 0.2559241191943792 0.09611674924001143 0.07111377190565871 
0.0 0.1841624318625428 0.2728660208244717 0.04391206965095206 0.0 
0.14565705258191802 0.0 0.14384300396687677 0.07313705474604584 0.13767186415189833 
0.012719535332854914 0.051801004641358825 0.03582596868555554 0.0 0.4009403535292179 
0.24251852911325408 0.10198002128239257 0.020564898106287876 0.012914128298108578 0.1244236248373489 
0.0 0.3178892377273354 0.11063498662019385 0.005603116971511268 0.06977175623272223 
0.19048662461251115 0.0 0.11485401695702106 0.006625403729045279 0.18943392012962845 
0.0 0.13967642047528947 0.05639114328837287 0.3214749056522808 0.0 
0.007166873112995967 0.020129104268926078 0.15669917853442583 0.09313353268392406 0.22376650787387684 
0.02737919577423334 0.10165650479067449 0.0 0.0035160272267702125 0.3690004502374958 
0.3353266497133762 0.16320747304835276 0.0 0.001093132498892475 8.182248615916783E-4 
0.3018151541935472 0.11010311110194966 0.060460778031135684 0.0 0.02891705985312728 
0.0 0.15698299909948132 0.03487707395318129 0.19037434053711044 0.12059393928928538 
0.0 0.20378417561959536 0.16015405553022757 0.03272981923015669 0.10388068561555176 
0.0783218683091051 0.1303720710515086 0.17180599619944312 0.0 0.12030616825715115 
0.0 0.1356945353240337 0.021881608628005547 0.1494944883655493 0.19464385600945402 
0.03008843465544171 0.0 0.4146246244152578 0.0 0.05604549407497487 
0.06810520494087431 0.33379719598878216 0.07912395121525255 0.00628960223089156 0.014536820886478223 
0.23370734819877356 0.07716108248457551 0.08823447663043682 0.010874949198206975 0.0906302460847291 
0.17619634672191006 0.24845316267774276 0.0 0.00484230141783087 0.07082655072271328 
0.0 0.38363384712202536 0.10966264628218234 0.0 0.006904245400482177 
0.0 0.11930419328010718 0.06191964202544349 0.0024160351858616195 0.3173008281882955 
0.27814573197932563 0.06339838919824092 0.14896000929055025 0.013761685870094655 0.0 
0.002179276088841764 0.024743892734641334 0.15529575087489017 0.31830682237843355 0.0 
0.05398745259159359 0.0 0.13733701177445928 0.20013838087936137 0.10902713637737232 
0.0 0.38188008567470255 0.0 0.09091352331401883 0.029165011027896374 
0.07531346395770251 0.010895004546086868 0.3163056170761402 0.0 0.10132359844503587 
0.0 0.09639287749396602 0.0760821072880605 0.21178451438198242 0.11619711230058537 
0.0 0.2315113414682647 0.06551125363547804 0.1156152073338841 0.08949690257646281 
0.048316854802683266 0.08542277690945438 0.15992402114048077 0.044591630739701064 0.16211630187230072 
0.16100280282785873 0.024634358773487783 0.18249489595203552 0.0 0.13334586291333722 
0.030746846647815514 0.007938882211325136 0.3499806966542331 0.041220925694894 0.0726665880619768 
0.04174662141398687 0.007993063519782986 0.07982351684647483 0.3484573427080987 0.02445879997441457 
0.04798332415974672 0.09818590716858284 0.2489306376782898 0.09459743198366756 0.010946703846815654 
0.05290216717256026 0.17798142683084603 0.04685239373382611 0.0594873247516352 0.164532253190539 
0.0 0.11512099060358989 0.33787354040489026 0.04390559863196507 0.004581681917190155 
0.007998743304960865 0.1495254545352669 0.12433255684577003 0.2152427205297862 0.00458351998879312 
0.0 0.28818217962526615 0.07581347963988218 0.0327349838753422 0.10389707760595837 
0.16607138642692848 0.12017441546335034 0.011002933280378319 0.07509462097015172 0.12821959612697084 
0.13475978338610192 0.2801979169669673 0.08585672248951853 0.0 0.0 
0.0 0.13576266999567757 0.2821130063468596 0.08366816281992838 0.0 
0.08191120022773964 0.4119468541577776 0.0 0.005631490214928152 8.179993368936641E-4 
0.03982617439345992 0.09281742205655458 0.1936068458501996 0.17409604209669285 0.0 
0.12395227384882385 0.13312083036052186 0.04711361559577894 0.0 0.19641142240805712 
0.0590448346262658 0.13749872675403801 0.0492697272650671 0.22021454963539208 0.0344742731921701 
0.032685510587083154 0.26826694381414296 0.03191303303250655 0.12981487864765245 0.038158347272671526 
0.31989776169459505 0.010388757568154298 0.07300084507481265 0.07101986317495174 0.02925838094681904 
0.0 0.34843647825717194 0.037806491325302144 0.004757239800364715 0.1101778613504377 
0.2131167143903677 0.1738007629732564 0.0 0.11472971499781841 0.0 
0.059932774972531744 0.2937424863639348 0.07277099200024861 0.005575946711405836 0.06943342369843916 
0.004958104843616243 0.018408999772815807 0.32200335731017926 0.009410821517920418 0.14582681915219023 
0.0 0.10716878031809408 0.029093261509787815 0.08277915134467445 0.28162132814556134 
0.0 0.29678389697403057 0.0632952293469149 0.14015978424691694 0.0 
0.14009447636958688 0.0 1.875683174295115E-4 0.35495619307550513 0.006316843800820904 
0.10627441623045653 0.04011974139701452 0.340036074046603 0.013916252722832948 0.0 
0.24409236629020067 0.0 0.012915234877140275 0.24326737382139332 0.0 
0.0 0.25120662633226376 0.013742258502603374 0.0 0.23527463354902342 
0.07538434404640937 0.0 0.11481646444829507 0.31185569806704944 0.0 
0.14315823509666986 0.18789963850070393 0.01255104944794711 0.0 0.15785969025174112 
