0.02040157172168361 0.028542895114589517 0.0 0.0016423596983539087 0.007673618631788366 0.0183642280073515 0.05575330299052769 0.29763709236489033 0.05397433893113591 0.023902804227722306 
0.0 0.0 0.0 0.0 0.35501872666274886 0.0 6.2612753202249E-4 0.01610867264251063 0.038583389092180544 0.09377907679372335 
0.4223048126035698 0.015841143049829486 0.0 0.003994881793496574 0.0 0.005699272132759579 0.018640924020847986 0.0 0.017468321326476317 0.026125180778426987 
0.0 0.024970171626837758 0.005530686109707282 0.21920510827925477 0.0 0.15463632163213 0.0757097537309396 0.022350635728846237 0.0 0.0 
0.10768930386242756 0.08800665383325484 0.12790634402206716 0.019762321405635372 0.08240496912565999 0.030035857438870467 0.004717069860016907 0.0 0.021854243657636566 0.023061238663371484 
0.028062215280666176 0.24687134006436526 0.0 0.07390805397450258 0.006813648125798856 0.0 0.007101233882362146 0.0 0.07290859791121568 0.06899921041346861 
0.0 5.374286987105363E-4 0.0011623514061006024 0.10922962422807198 0.12714689353368286 0.0 0.10556609565361894 0.07790109155149955 0.08496124261413429 0.0 
0.0 0.005575095257711554 0.1544996211345372 0.22544715246193753 0.0310353748403555 0.0639484787029297 0.007018853113234139 0.0 0.025155914759950052 0.0 
0.0 0.008558736166216037 0.011918960086034163 0.004262468145574178 0.02484044124319057 0.04201143307732402 0.001915571602268339 0.006967727530979172 0.20791081554457605 0.19681464419016187 
0.0 0.005552154223164187 0.08037424429432816 7.518942846558263E-4 0.13365931854421872 0.020128563894927638 0.037699070336151 0.03125843749290133 0.17436699201940642 0.02049939515600719 
0.008022523638088258 0.007522400354591462 0.051446704253516745 0.017052164477596624 0.09190234518678177 0.12557107046807214 0.15563084322250864 0.0 0.05118241887703497 0.0 
0.003589095954068238 0.00825278751645469 0.01312256250655044 0.0 0.3026027143442322 0.0 0.0 0.009266849543576214 0.15880675811210437 0.024320121510449752 
0.08931981577628875 0.13756573895512073 0.05321666166980236 0.02697390159882801 0.10848338718607622 0.0 0.0 0.006471275798719312 0.0 0.08395006996277131 
0.2513169529639604 0.0 0.038576160660368355 0.002238924149563359 0.0 0.17322564387321618 0.0 0.02811894975065929 0.014672663559659361 0.0 
0.04297358336436496 0.11038013997278877 0.0 0.005582800796989552 0.0 0.001760947241131995 0.2747513894374015 0.02622677839075152 0.017288373660049983 0.025584092285282314 
0.044767191316390884 0.09282981331264846 0.08010243019840448 0.13277538903004876 0.033220066420740414 0.008471510760222243 0.0 0.09093050743865537 0.03196660582405064 0.0 
0.012222024906874279 0.009902837106278387 0.0 0.0692787737616402 0.0022642881191436053 0.05800607585387107 0.1922624745215761 0.12206161204707554 0.0 0.036415700209219824 
0.018062596497566426 0.1309561126038251 0.061684136605683615 0.004083857719548764 0.02587564475027532 0.1467240979122348 0.0 0.036286686104524714 0.0012089964605764682 0.07948499173627853 
0.025384403452371848 0.050900188531438025 0.011229367354207143 0.02855401000146044 0.06115548576486495 0.025526100218187922 0.10326751129836145 0.07569922021880447 0.11658546393830897 0.015282379499871922 
0.010676331630887662 0.13504302755867362 0.08407885935757767 0.0345896933022486 0.0038441323493157743 0.0 0.1042142074756333 0.027062665235951 0.0012649021062931679 0.10487536838155706 
0.02122320355175532 0.13779843367354064 0.0 0.023192140447311653 0.14934970601250244 0.0 0.09464878388685793 0.01667499053799928 0.06228574571861738 0.0 
0.014945711239916924 0.05743951807747575 0.0 0.051849860958841046 0.2607470785618699 0.025062698547752303 0.0022195151464301593 0.016008835203377817 0.006272947186966109 0.07246457330074868 
0.04579828445892823 0.09832780235734802 0.07277407339894407 0.03431303988191556 0.12865098008394366 0.06246007816249001 0.008033216223302496 0.0020988670146157512 0.056791107380469816 0.0 
0.08078904758447539 0.04726350542890423 0.0498469201042 0.0057301503988931085 0.003732336491997242 0.27288717077252456 0.048451181009260616 0.0 0.0 0.0 
0.033590045585965234 0.05013938280975465 0.00252258160976759 0.09584592782539876 0.07503777619277903 0.028997097163473384 0.012756712781628607 0.0 0.1689481961562825 0.033275781227984205 
0.0 0.0 0.06632607659105032 0.13283058836747338 0.042869703218726574 0.20222543303351959 0.04120119437610002 0.017252919268513283 0.0 0.0 
0.060643714236614334 0.049039752275518496 0.07116732734824889 0.012558512642389117 0.008300262667420786 0.019966672405889323 0.08871269290442106 0.0999518336758077 0.0 0.09282689768820712 
6.432534533728442E-4 0.02428186444352401 0.0 0.03312880097091183 0.1970828940071648 0.0 0.02291655242684395 0.07960662073914807 0.0 0.14891441840299427 
0.11762471497111884 0.04897592833587591 0.0 0.05262118199820251 0.10279598177397634 0.03958075392425568 0.062318883849652604 0.022155007844622085 0.03624561303588949 0.026186987746252385 
0.008849603945829712 0.012452048981328472 0.2060119226367835 0.002377387907901632 0.06922881692911936 0.0 0.0 0.001946034651566176 0.1791001370580669 0.030059094744326567 
0.03610263475587827 0.022634645498050908 0.009260908490578847 0.025364949955351258 0.14417365112159736 0.0 0.1997013144604557 0.013994065156072676 0.03583368720636285 0.018957820549674632 
0.0 0.1779883324707886 0.057013579753345686 0.0 0.06405751509014619 0.03479086344949388 0.005381525160372466 0.040858057822829356 0.1203790872397341 0.0 
0.03526260043831908 0.2556583199057992 0.0 0.0 0.18246232039143367 0.027763318641338196 0.0 0.0020704402517511375 0.0 0.0 
0.0016665963555859658 0.06843624596306354 0.06422908140891327 0.146304714422433 0.02508494054284764 0.0 0.003751748388746548 0.04735572369259631 0.061208926284512695 0.0929742032049708 
0.0 0.05861943545021464 0.14309827744560302 0.01856394222307513 0.018431641887498993 0.0052704956866414104 0.003279877396791843 0.22481072820753786 0.00653780720120973 0.028027456764002652 
0.0 0.04675456563808107 0.10112082819811834 0.0 0.013288052157519405 0.007366018077371247 0.016747462347116472 0.002428196593848157 0.2418165853961598 0.07416392023735219 
0.01708192358397978 0.05774824272285491 0.020182941435208396 0.17462211525197857 7.565079024565718E-5 0.004303774611542571 0.018279908348646866 0.02786305165585731 0.16259058465498974 0.022093567011172485 
0.07341905503922695 0.018811137224618642 0.1284404565079667 0.0255920315700119 0.008714704192511325 0.21605152232618174 0.009851179321427692 0.026360145603274585 0.0 0.0021163760637786006 
0.11640197967990466 0.0058553541928638994 0.0 0.03848601662420646 0.19714232849745467 0.0011011052795615258 0.043417444660762784 0.07114040168077486 0.028774230131801228 0.0 
0.0 0.006638183758418969 0.07746804969071355 0.01201670013830446 0.024817076582700295 0.2531586641528854 0.0 0.09240890429590701 0.0 0.04328319746489928 
0.038124654038961515 0.09659140135044432 0.03605571149639329 0.14167673849713064 0.05482240975797305 0.065107053483516 0.0 0.0 0.0158840730800217 0.05645640949629539 
0.008951019761261819 0.06517957293700867 0.012114410794758324 0.05881206907328973 0.09006452277003454 0.27388177679841147 2.77429029215449E-4 0.0 0.0 0.0 
0.018761259192890303 0.06469061328731053 0.015204403127523119 0.13401486095053106 0.0 0.09129130022272446 0.0 0.017381127867371837 0.0 0.16658870214310367 
0.051335251183463965 0.011582421009513883 0.07024447623386691 0.10458159311411203 0.005421388157634977 0.0 0.012145252457961655 0.151845245422802 0.03761228219083093 0.05883777875698877 
2.8826585053841374E-4 0.006753176468541009 0.02589244925328342 0.1988546243672494 0.04874863224196424 0.05949600466703134 0.03188939253980298 0.03474811232068848 0.05509644909750724 0.04239203611146331 
0.033313373959593696 0.10627123873258178 0.057181457339495215 0.03511256599068402 0.1447082947400196 0.0030019042292163114 0.04106115434555437 0.06995053412992748 0.0 0.011748173367103265 
0.0 0.0 0.0 0.0 0.0 0.4448139386391157 0.0 0.04657876217136119 0.01624226747365452 0.0 
0.08374731209580868 0.12415762206306796 0.09645765415796545 0.0 0.05197821913026705 0.0 0.004307808989900223 0.11658898550194104 0.0 0.023417114205282325 
0.10260061046165402 0.007907240724040782 0.024476573357206134 0.010298974431544773 0.08167921756476229 0.0936887456705918 0.06950300842463768 0.02718640285386968 0.019452249763681456 0.06732432031148136 
0.07878271594556197 0.006381382656003106 0.005431616033558299 0.06661595590073682 0.04690751903665956 0.17055204279032724 0.04941592779679978 0.015071987614788849 0.06330548758443195 0.0 
0.0 0.16256464683092806 0.016567102564868156 0.024994710199520265 0.0 0.10387709217522237 0.03064417741925902 0.0977179134574742 0.0 0.07788771280654726 
0.051802199687219684 0.0327375821786119 0.0 0.16672307663296956 0.004942976338555052 0.17933659987169157 0.0 0.0 0.0 0.0762741952078243 
0.020235026697255493 0.052093447146724335 0.11421574031135757 0.0 0.0 0.06152163860808111 0.2153682016737634 0.009004176576325818 0.015137754216228849 0.015338844701063607 
0.034452612467453084 0.0013917983436942149 0.001910178250804136 0.11939625630229225 0.1296770840464706 0.006410797651075498 0.01987260947197959 0.0 0.0013651406221743 0.1927934269679529 
0.060931185671493054 0.07644651807367642 0.06451657645150878 0.0 0.003660699954649996 0.13601613714280095 0.01221286156847279 0.1350426302900946 0.009232453633711075 0.0030161033307072316 
0.030179789517010332 0.06779737042306029 0.0 0.09068086094080492 0.016863354934428195 0.017261437679795696 0.07160397416839497 0.0 0.039050319953953305 0.1723340528893701 
0.0015708556460116096 0.08936345650879148 0.047967379766710665 0.08530329299933251 0.029668350745510476 0.0 0.02692761178556476 0.10989893750320771 0.11537987623927048 0.0 
0.03475998872057951 0.1393227854688855 0.12007535327640743 0.0 0.07640258297192558 0.10900974947938666 0.007123483385987159 0.0 0.011368889952224407 0.0037653315401513705 
0.01578772040538294 0.09443556844644084 0.0 0.0 0.2663796646249545 0.04858753219482333 0.06111634841766612 0.0 0.022608488126406846 0.0 
0.21753671603072117 0.03923082833653769 0.0 0.02507016924439247 0.005728450362146884 0.04721157846816765 0.035242602130292 0.0 0.08467882122467621 0.04980189343399842 
0.0 0.0 0.0326972566727814 0.006798349777911559 0.0 0.1636413446974936 0.18944044700080379 0.005730089459826388 0.1040138552917963 0.0 
0.006738161579442173 0.005459563126848873 0.009064666107402058 0.15280962656361613 0.3321846017915781 0.0 0.0 0.0 0.0 0.0 
0.052962218685409436 0.0070910686240064835 0.0 0.011562102516758333 0.0 0.02928105510598038 0.001388860169229488 0.05256003762563097 0.08778861611023331 0.2622924770814689 
0.0 0.27066705539859504 0.05995050999326907 0.0 0.07280307655291669 0.0022225497801513635 0.009673505966200391 0.014611305664551436 0.020038940436549402 0.05431164927880537 
0.04292560015806117 0.006300104266572839 0.06953592350587981 0.027469430249274715 0.22106997379539117 0.0 0.12309886669758889 0.0 0.0 0.01497025058983819 
0.13718608306827637 0.008514356957438391 0.03200275448253195 0.17681182140789622 0.09134696987030023 0.05736501921419572 0.0 0.0 0.0 0.0 
0.35515094391393875 0.0 0.0 0.0 0.1049165328895629 0.0 0.022840911518318775 8.117310371877396E-5 0.022920424325503865 0.014681919565359738 
0.005096794254653622 0.0448379579122389 0.0 0.03837395568856369 2.385537284285605E-4 0.0 0.27279255540609293 0.0015134018902860041 0.07292803869423614 0.06901760877411002 
0.032065743145173395 0.004091057975552228 0.12923131400566343 0.0 0.0 0.0 0.05719836765142952 0.2375735014513384 0.046477435391834805 0.0 
0.005203701028084279 0.007321993219417416 0.12113812778342807 0.023671310488148696 0.047420781910809603 0.0 0.0 0.09402530442828984 0.17785921354519194 0.0323165264437362 
0.08328646555981575 0.0975793055184642 0.06050584965063982 0.05214698915989763 0.0 0.0 0.040099332516570496 0.15156345134746038 0.013001657347094022 0.008605899764957625 
5.447940628943192E-4 8.132063412070207E-4 0.0015048657784126676 0.1891330367976889 0.19862888455233746 0.04405060946726269 0.04217440712190413 0.0 0.0 0.023398085726097015 
0.2840220698074757 0.0 0.0 0.04493155099091644 0.04989964396807754 0.06229385597280606 0.008011837787185777 0.002093281394467835 0.05663997176711371 0.0 
0.31974967186787756 0.01016094290725242 0.0 0.012097097601818783 0.019691462721941444 0.0 8.314864003799973E-4 0.1097921460542946 0.03024470485578125 0.0 
0.005849438302373283 0.02869229349867973 0.0382773598281155 0.0 0.3101839298586275 0.08157174703030258 0.01538901420024666 0.02173960726516423 0.0 0.0 
0.09827709406782807 0.16086928647267748 0.0 0.07506959428203684 0.0 0.0 0.0 0.0 0.11754655788683732 0.05063548919087202 
0.02547706343587902 0.013098594527911032 0.0 0.17721068576768384 0.0 0.0310804449250972 0.0 0.04475393460726538 0.0 0.21034421687103222 
0.19670230768432667 0.007378531575447769 0.023912447182954703 0.0020787735623195216 0.0 0.0029656687848266293 0.009699976628802582 0.2354858507798691 0.0 0.025816083296720953 
0.10051952795499473 0.13865205424023683 0.052974523653740654 0.022290018160263186 0.0 0.0806242897398328 0.00926390291070392 0.029928039796072187 0.03714850817823487 0.03077955901875205 
0.06062668043724749 0.39363810381906417 0.0 0.01592242353714936 0.0 0.0 0.0 0.0 0.0061923109019924255 0.0271472891897923 
0.11088472039479245 0.006275451185102099 0.006077368048040385 0.0 0.0 0.03642791623381349 0.14911458613934844 0.014821521943101108 0.18125645186152192 0.0 
0.14100174090419368 0.0 0.056238865206729216 0.0 0.0 0.013596319450767216 0.06793458809131682 0.016476389142586652 0.05813727457948446 0.15043392877962297 
0.035982483255065804 0.31654820445133447 0.0 0.0 0.006885703985435635 0.0 0.007176331025981583 0.0 0.07367962271326164 0.06972889256447028 
0.030862944430156764 0.08100290706140453 0.12489270299731907 0.09938434024299711 0.0 0.0 0.0 0.0 0.0 0.16693776728591841 
0.013971191072067308 0.002956196768836743 0.005459606037459329 0.135009163900238 0.0 0.02563627035150674 0.0378491861843492 0.04204748246747927 0.2391030898491702 0.0 
0.01671534340532417 0.07050604833602117 0.07846018571327933 0.0 0.049936398980449936 0.009854876845267178 0.09961209437036356 0.0 0.1490551135994949 0.03479130849056088 
0.0046671274571980234 0.03383726525162502 0.053913666580354874 0.0 0.02752289946265811 0.1262180900987371 0.0 0.0010169831430284456 0.10195971663944023 0.1540812509955995 
0.0 0.06609465119867662 0.14294958743520572 0.0 0.018784671838459496 0.010412980826635285 0.1056395219135288 0.07795527548015681 0.0850203372149512 0.0 
0.019576400968005166 0.0050618146664320966 0.03431136362131766 0.012270457607996051 0.07150870594891634 0.12093920494437548 0.0055143966683060056 0.02005814527475606 0.019378316841100404 0.1969631253896484 
0.0 0.005681451005477609 0.11458802057322831 0.0010524114807418138 0.18708029069332682 0.028173550678821293 0.012121337447971968 0.050834157708755226 0.08941314932878658 0.02071776977899977 
0.01857886194294966 0.017022053484788458 0.11782301206669148 0.039052790847525214 0.08173080396028956 5.161852642057464E-4 0.14180113464067343 0.0 0.09098271047058663 0.0 
0.05126368046721786 0.008337131709541994 0.03265294241482055 0.0 0.0029789605575298106 0.12662592332619466 0.08181352373957938 0.16544180812611134 0.034660603076385445 0.0 
0.007045900210213155 0.01849267496765952 0.004795434162420135 0.021573529299235825 0.07306835512578341 0.0 0.0062421112057495015 0.051153189312462065 0.28675378682553115 0.03510028208675699 
0.01889242135299321 0.1369724479199223 0.0417019180297607 0.11221726357341297 0.011260942505561746 0.005122912815090954 0.0 0.011150581968477864 0.17326351865447293 0.0 
0.012129856505359972 0.07661334000429756 0.0 0.09468454009339372 0.06826959982069067 0.0 0.20074090770041292 0.050014016120090765 0.0 0.0 
0.005153070303550707 0.011848998972666672 0.018840813403816662 0.0 0.4344640213069806 0.0 0.0 0.013304945814097652 0.011013893288041372 0.024270316227666063 
0.06987878959489702 0.22291664423994972 0.0 0.052248840415637994 0.0 0.015507393834342 0.03388462381095084 0.07702509633141737 0.02612114603721593 0.007240388988045706 
0.0 0.0 0.0 0.17406498087202665 0.0 0.0 0.18959417360659625 0.13650753207836838 0.0 0.006133733908619005 
0.090339624625864 0.13913639555316124 0.05382426281680477 0.0272818760759245 0.10972199608067303 0.0 0.06727743755867574 0.007592835493918568 0.011045972579484972 0.0 
0.03740735606500855 0.061447717972846476 0.0 0.0367766975033663 0.2134311589735929 0.0 0.03421802486104939 0.012843839584530423 0.10875670296837181 0.0 
0.028314722395443054 0.008178539074847627 0.03923930609877496 0.0 0.015012732500206108 0.11604971584409043 0.02135554012665509 0.2543187833051406 0.0 0.022535000678637434 
0.12603060465160995 0.18684373013444625 0.0 0.0 0.05343183215677188 0.0 0.004428280359796912 0.13207577751467064 0.0 0.0 
0.08243668492697392 0.0 0.16324720670528778 0.001897484183936181 0.0 0.14680842116321435 0.0 0.02383075926497006 0.09707413062733178 0.0 
0.0 0.0 0.22857398257788586 0.061221931137294024 0.07481968262528337 0.0 0.0 0.09006641846030022 0.04052428354174098 0.014624426082359657 
0.18944335793164654 0.0 0.011860954074143008 0.0 0.0 0.07521944074926604 0.014222618522113307 0.12283757985596701 0.08961989818693 0.0 
0.026757246517087083 0.054322073924412476 0.03660573387342679 0.01642089600161866 0.02359022256480329 0.08024937050567192 0.03149138078090289 0.0777469085680269 0.0 0.15616969367781297 
0.08070001134588935 0.16734056274878834 0.012564436488467693 0.1589435989614939 0.03510491929684845 0.010038190133209023 0.0 0.012635705241583563 0.03158483805460783 0.0 
0.07594888129463535 0.16551608311500285 0.0 0.0 0.010362596639323018 0.0032461009691726068 0.003962232060350486 0.05508555498515698 0.18778769825848668 0.009521495451474217 
0.0 0.0 0.14669191854281463 0.010186476233985848 0.035089610053907865 0.019002381893111313 0.0844283130943186 0.04535709155263832 0.07383869525301086 0.09378916982789515 
0.0 0.0 0.08851704031444524 0.08817030260589737 0.004012078233872093 0.033786182393452456 0.12968151237339887 0.0781671308829477 0.01120287322329643 0.07229630577549354 
0.0 0.0 0.0 0.0 0.25676457406944825 0.17972770101176483 0.0 0.0 0.0 0.07644053562425517 
0.059803105022658176 0.15744509481896204 0.037544203644254086 0.0 0.033357749406942 0.0 0.11959204549337063 0.0 0.02157503693099575 0.07538385356259442 
0.0 0.016673921497794134 0.027912530804135374 0.011141723314797444 0.022267805269932384 0.19303252800605294 0.013455717916796672 0.10648080913614603 0.11925330651336798 0.0 
0.13598150858693397 0.04706018134220329 0.024265849404683484 0.0 0.28252675678594935 0.0 0.015656775229003144 0.0 0.0 0.0 
0.044878696447410625 0.0848619551018362 0.007449461401010287 0.023957893807228025 0.05480220913878049 0.007609532635470568 0.023262520111788674 0.2688729385619324 0.0 0.0 
0.11290933617204388 0.03648762690694657 0.006326395106013551 0.08699195208084923 0.008110945190682157 0.0 0.04767651238570409 0.01683746167138041 0.17386821435974298 0.01797012634289685 
0.07357709317401996 0.014503646209646446 0.17967241247836024 0.026142777699736698 0.09690349033443704 0.06416004311072206 0.04789432900529155 0.0 0.0 0.0 
0.02214231808232078 0.08309894798573139 0.0034882698201165268 0.022606832847022452 0.0 0.011381611683300761 0.08329018332549892 0.003298832288894696 0.27383814428951697 0.0 
0.03119721407583483 0.0607622044685022 0.044243715385030795 0.0 0.2783073343129366 0.0 0.0 0.04440287101424095 0.0448809746601598 0.0 
0.01720595137868442 0.1247453269803438 0.03797931247728951 0.0 0.16541138632709027 0.0055106196230138285 0.0 0.032864541795602505 0.001094977772147575 0.11955500403634196 
0.02516387837857181 0.04048924870151042 0.29576425666410117 0.0 0.0 0.0 0.0 0.0035452181506640044 0.06907639281821376 0.06874167488649469 
0.058946627408411334 0.11819834387718182 0.026076379328850336 0.0 0.0 0.029270666003016466 0.11841639758286773 0.08680396036894945 0.052193964231705144 0.015024901231552944 
0.0017199172457996357 0.021754928570333964 0.013544790965268725 0.005572270710038934 0.21134716325889175 0.0 0.0986610644690179 0.0256206080171161 0.01951591623321682 0.10408059783717374 
0.26271251823830566 0.0 0.0 0.011303002701142643 0.0 0.0018570436449429069 0.0 0.0034445449378082103 0.0444814390567342 0.18516525914275112 
0.0205107478710579 0.028860143199340205 0.03184698713371384 0.032837461108979005 0.0343762596740663 0.0 0.0 0.15392944584010554 0.17999022108951923 0.0271517945637937 
0.003728263343787235 0.0 0.02162574434368027 0.13123573765682192 0.1381946937594663 0.14788367310082512 0.0 0.006893422977032598 0.08176586774558135 0.0 
0.15422205424715557 0.018283343307328677 0.15003435136321308 0.04020654015919463 0.10823323995193254 0.0 0.03661245950776825 0.0 0.0 0.0 
0.02906351490472791 0.11169721286374754 0.0 0.10082753390555423 0.14645394091969913 0.025261909601590575 0.002237156979790119 0.016136081554185246 0.006322807756345993 0.07304055852379551 
0.011449113149854704 0.023741025627115105 0.05996489768768564 0.05803527691643964 0.026077821599803097 0.003958019699856834 0.0 0.06773518505798459 0.2571648556808014 6.37971776477053E-4 
0.0 0.2840220698074757 0.0 0.04493155099091644 0.04989964396807754 0.06229385597280606 0.008011837787185777 0.002093281394467835 0.05663997176711371 0.0 
0.015356243867151464 0.04779889421030951 0.05804319242933644 0.0 0.003299191702202176 0.008885792372126274 0.06734405542667701 0.18685425632736408 0.08994759721387607 0.02753497221937971 
0.0027347655587310962 0.011535360536485562 0.036338632253554416 5.292981285160414E-4 0.01541300143665014 0.11820076353957795 0.09092197876530896 0.057224608169794994 0.15263767343904275 0.022080815445559683 
0.021712634011083677 0.04658560290778107 0.22949307546710626 0.0 0.0 0.0 0.0 0.0 0.02637181395087274 0.20090334056339276 
0.06635595803901058 0.011462374646099989 0.010091878901964321 0.0 0.04826309005277286 0.0782097655636225 0.2421007463798793 0.029150499852480735 0.0 0.019101981210826374 
0.09165958238727524 0.01720741632655792 0.0 0.0038963255768461992 0.21207627548454253 0.0 0.0 0.0 0.0 0.17943796127992187 
0.0018652671199400578 0.009643958583865667 0.31837627854461775 0.009515372626627888 0.0 0.04378789619113982 0.08958772010778183 0.0038361764799135353 0.0 0.03236656263115807 
4.944729715519695E-5 0.0038866936237795693 0.011040137885856696 0.0016714330957071034 0.007416299556759687 0.0042813981937062685 0.010533710502758425 0.004595524162631671 0.45409971868429644 0.004730161093523934 
0.0548508971328843 0.006998066415169238 0.06320529553165447 0.06209768114877596 0.07802656717744844 0.10379585453701662 0.11256263360021787 0.0 0.0 0.027088415980921175 
0.09288388769272157 0.053745300493974475 0.0 0.14950074927221776 0.023449658027333876 0.0 0.10655567094883162 0.05036932177498444 0.01624719946225299 0.01137370161147375 
0.02181385309401275 0.0011166921058352061 0.08254066849235504 0.05589157056571183 0.09642083365934279 0.0 0.006147450312939751 0.17556911357001076 0.0 0.06462119520541995 
0.10064677207156461 0.006481245537426142 0.0 0.026372207281132584 0.1010692360094092 0.0 0.044586456021237494 0.045803673275741634 0.1791720129514938 0.0 
0.0 0.0 0.001122944774110541 0.0 0.18382491325028782 0.1473125457950933 0.06499552157030768 0.04144877289922797 0.014056872327959954 0.05450810872524934 
0.0 0.0 0.18006098182928176 0.021919110185256146 0.04347746334554061 0.2050923657528435 0.03502432637993801 0.017257228541221907 0.0 0.0 
0.2205514288276792 0.004207370540557174 0.13775011267056395 0.0598862178860543 0.03775614185518471 0.038647427643963984 0.0 0.0 0.0 0.010969066894088374 
0.005024523390930475 0.01041891516196899 0.14051208784470767 0.09511763641114397 0.02100806180140114 0.0060072184444988136 0.0 0.036645693855583965 0.19932352327812466 7.579691051699968E-4 
0.07039506731436465 0.04500535173921888 0.008640193080563302 0.0016664076471563938 0.0 0.00865743545490948 0.17595211741434452 0.043616588922390113 0.036621928209377076 0.11904756313690278 
7.462489630362092E-5 0.009155403504670983 0.0 0.02543529368671763 0.11768270139160647 0.0 0.01368399733401179 0.18841067136709558 0.0 0.14757487396756547 
0.0 0.11462327924193869 0.021796970891657 0.13588586664356014 0.0061833146959734755 0.05207041985137298 0.016961397851528212 0.07892892060954027 0.011312052537330686 0.07300088047829077 
0.09919725636397494 0.0 0.03956505142246102 0.0 0.0 0.1511100011286067 0.003871219415854802 0.017361288524338034 0.04381734658905561 0.15108821443639192 
0.06752315688865873 0.012165562531277608 0.15406255955064135 0.13276993183412658 0.0 0.031755597810867724 0.0 0.023299785671709226 0.05844850904107143 0.02567939101427612 
0.1447732956965787 0.0 0.025848018850653423 0.14709201593670418 0.0 0.040989871510831506 0.08386310957111832 0.003591046720265748 0.030016416088931474 0.03233675744041436 
0.0 0.03811625257964699 0.0638074897023086 7.871850598861247E-4 0.0026509883062825076 0.26076057640293926 0.12347856898861197 0.007521046727705892 0.01592059362681338 0.0 
0.0041377031412288415 0.0 0.005844893688805074 0.011406463711646192 0.03233566871713172 0.32765920632425394 0.022699767873480627 0.017436824750905137 0.03467251516450072 0.04796609954611762 
0.0 0.1762616890528492 0.0 0.0 0.00983150101737626 0.22619115064717055 1.503899445120294E-4 0.018376935794844146 0.02958356159554745 0.05298019561136446 
0.03003285864589273 0.05715334404363079 0.13588889058067832 0.09922569417386044 0.0 0.0032217650503424482 0.10784945256533221 0.0 0.04289280562235054 0.030939336789374945 
0.0 0.0 0.22972842892666365 0.06654779402515645 0.0 0.0 0.11467467563943257 0.0 0.0025511041773514146 0.08949031556366921 
0.1624300144651574 0.06763171115861252 0.0 0.04443450070304755 0.0 0.03373964839375255 0.14126659474741526 0.020789050858812334 0.03821353315304826 0.0 
0.030466460956809906 0.003929691778982436 0.0028093161000138796 0.023185933825662145 0.01631001722650878 0.03126544751546996 0.3621593284872415 0.007823040487755633 0.013557535825420316 0.010607015779717373 
0.01560111196405589 0.19733570160116734 0.042062487662006084 0.038383011310978606 0.006881032398121168 0.012984031562816665 0.12170368079324954 0.0316043853431486 0.02407392270109834 0.014897756182313426 
0.0 0.0 0.056797498179230174 0.0022700490881284916 0.02026345729704571 0.06692524581222113 0.269632426299149 0.07844470325857193 0.0072761218702870655 0.0 
0.1272419113432676 0.0 0.0 0.007770635545189294 0.03988458586093173 0.1988940944389137 0.011683170698100882 0.08881275287968636 0.02250744864052082 0.023750519712964498 
0.06117971565344105 0.19728584650870512 0.1213829664255299 0.06778331510281349 0.0 0.020118007487531255 0.03380105831887672 0.0 0.0 0.0030372489563583486 
0.09419676430830913 0.05905691874288701 0.02416299032651177 0.06618066046404689 0.003184981556891272 0.0 0.20747418876775886 0.014538749149767185 0.03722842387785046 0.0 
0.025961506359357 0.0054932554295322135 0.010145133376957756 0.25087633896691547 0.0 0.04763775631781948 0.013941249777914414 0.11154769591719862 0.036429250485411964 0.0 
0.01130032690453438 0.02909178184686613 0.06378421054106158 5.734204432622343E-4 0.01786485973644524 0.021783070153257495 0.12536455980005184 0.028146372828233252 0.009545517072448854 0.20071787759610726 
0.09806415188692828 0.0 0.015236622252387142 0.0025401492464720834 0.0 0.1261489690017701 0.14086973987710574 0.06411314057215019 0.031414656347657804 0.03394224917746177 
0.0 0.0 6.527783019602696E-5 0.2275906294258227 0.05877633852838571 0.0 0.06170114984852389 0.08599502710740445 0.004543719681954645 0.06383866230033446 
8.806431132432084E-4 0.011139098739402024 0.002330785800580779 0.002160070488747943 0.08192795971194584 0.06173550853966346 0.0765937157162654 0.017204005133874017 0.0 0.2500207118552477 
0.0 0.02924646358774232 0.01813079046128121 0.39222488910419817 0.03269206952368921 0.0 0.0 0.01909848813356601 0.01624226747365452 0.0 
0.03683889345855958 0.006363576246183126 0.17773535330958457 0.04830543823669479 0.0 0.023579366769948065 0.12931847280315986 0.06497977472332868 0.01305363064625416 0.006984690950200616 
0.04062228030674237 0.2945166778647039 0.0 0.0 0.0 0.019655469150919577 0.0 0.001465800073213262 0.14695677223306217 0.0 
0.020527436934131907 0.1929492108372706 0.0 0.0 0.0349166285104026 0.1514373962773903 0.0 0.08809933795140139 0.0 0.01889268022426773 
0.0 0.0 0.0 0.0 0.0 0.2380945220908205 0.08868192133350339 0.10268420618134187 0.06297730172361195 0.012744254618817777 
0.0 0.10820490213974827 0.23402568647874988 0.0 0.030752769568265646 0.01704730338832178 0.03875894256801468 0.005619617490348555 0.0 0.07500782901751281 
0.001029647332521766 0.005323567935485176 0.17574709940322497 0.15698802027624056 0.0 0.0437475735095775 0.08950522203356445 0.0038326438844688677 0.0 0.03233675744041436 
0.012392670737358655 0.08984843263050918 0.027576127428121062 0.23858770622781045 1.0336232895236363E-4 0.005880284471458395 0.02497599686422789 0.03806952844137345 0.04491394256939177 0.02207525404803326 
0.03785817207246632 0.009788880548263882 0.06635364233393966 0.013221103035320753 0.12773745343831788 0.21603615749228164 0.009850478739768445 0.0263582709612706 0.0 0.0021162255544633223 
0.03039888291239549 0.034097593562974156 0.030289426463953665 0.029863782733877933 0.019205629307280495 0.0 0.16273621567442206 0.11702883453742803 0.06501171511110992 0.015700517275262765 
0.08224703828394048 0.010493360481736142 0.09477417203853125 0.09311334227431148 0.11699816034477682 0.0 0.07023339292334516 0.013677529196525541 0.0 0.027088415980921175 
0.01979475710996148 0.006396846679191914 0.0 0.006447710128212819 0.10763118322490797 0.08791298401080547 0.043185018691048606 0.045201294337613496 0.17454615581242702 0.0180401948922443 
0.0 0.0 0.1235025582664949 0.025678410820974634 0.0 0.004422566376220484 0.08964299095811648 0.0035504447371674523 0.25861390580413385 0.0 
0.00943828273571645 0.052039266657391545 0.0011098092821891386 0.07732366430433271 0.08481587868338089 0.18940845349118424 0.0 0.004802461860953197 0.004197283774910917 0.08643550349648717 
0.0024491312784259327 0.005736690246760069 0.027091386183466203 0.04909030077512696 0.11727261935544323 3.795798955086418E-4 0.10427430537509416 0.0 0.06690467575950189 0.13326268248103654 
0.0 0.3394790173924094 0.0 0.012315632910001132 0.053364446201743805 0.0 0.006306090983922901 0.04729219681525589 0.0 0.04637452185207587 
0.1578752670693577 0.07428159913892546 0.019631798575094925 0.1166874697026604 0.0 0.0 0.04123069125262434 0.005115599569350689 0.031853776055808226 0.05738644256265056 
0.008260623735641083 0.004247057795068328 0.0 0.057458380191502456 0.0767003718278046 0.021124867920206725 0.0 0.32467202585641264 0.0 0.014543420697327416 
0.2044213449192221 0.0 0.017286409544758862 0.13839670502446166 0.0 0.08084753935617271 0.0 0.0055057268116706715 1.099559841201715E-4 0.057372500559795495 
0.005407620510931358 0.0015344420802678536 0.01038652033715303 0.00534306267807861 0.02400581824844044 0.0 0.3083720224635338 0.12760347564106542 0.0019993551370653113 0.018733583470008024 
0.005463057688670032 0.010520611072514901 0.008762736958917008 0.0 0.01939764629541494 0.010668019922393343 0.021766141535065533 0.1801384032218294 0.015109600367334887 0.23660695823572167 
0.0739071997950475 0.012019699977819143 0.047075971076473426 0.0 0.004294787871263246 0.1900902288916659 0.13000732952965008 0.011718753199076356 0.034660603076385445 0.0 
0.11646389085326755 0.04147089829139256 0.1750151610314863 0.03360191487690021 0.0 0.04133591510908264 0.01672075036384781 0.054249607890347405 0.0 0.02349663075555061 
0.00988952249841063 0.0 0.0018018084236542343 0.015881524801089272 0.0 0.21758998171157448 0.04660002213164104 0.015653566566118826 0.16949929020775653 0.031016550451210007 
0.07567239102435193 0.0611927444854599 0.12344506993026651 0.019620858330932783 0.03286315835002954 0.0 0.0388515746265471 0.05677256946952035 0.08850056269776996 0.00507909693504722 
0.0264813634921269 0.03952835425775019 0.07314855355304915 0.1546370180446689 0.12106532029501298 0.04678367395513703 0.015291942045000737 0.0 0.0 0.023402326260832197 
0.002596864470266303 0.06083649519996005 0.08960556882437373 0.09326908433982771 0.022133186843676406 0.06986270282070801 0.03361864288959863 0.03474811232068848 0.05509644909750724 0.04239203611146331 
0.25378340065978544 0.2052228372991118 0.0 0.016830750548045167 0.02739682756211689 0.0 0.0 0.0 0.0 0.0 
0.07648259737073082 0.12563521102373754 0.0 0.07519316101589557 2.0328585846281151E-4 0.1691915211106243 0.02844516138387833 0.0 0.00996108955327214 0.02380349683234325 
0.05825492626430589 0.1339517066132224 0.21299344486773414 0.0 0.06173619506492189 0.0 0.0 0.013209590919693906 0.010934958082582474 0.02409637388521906 
0.05527680242704844 0.0 0.17834630630462037 0.022497953879500498 0.16349284556437915 0.0 0.06716695079018256 0.007580366115061923 0.011027832265890132 0.0 
0.0 0.0 0.16807495695108288 0.08906670349101027 0.1536526119228643 0.0 0.009796345472249474 0.0 0.0 0.08410180078592432 
0.08212888057109767 0.0038311059329710303 0.10687734849005513 1.1065143045310419E-4 0.0 0.06659542336153416 0.04226313399400396 0.09140189135399505 0.0 0.11985634608853904 
0.07009610270615303 0.11514434601039446 0.0 0.06891433762143105 0.06337840663449787 0.0 0.03582984545301894 0.06282252360744835 0.07579620198168786 0.011227447999456531 
3.7146809438836536E-4 9.704720622853389E-5 0.047535267863667456 0.02023416516926318 0.008118310587852711 0.03112475113591584 0.01593849964432941 0.0071448536281398705 0.009898599607323292 0.3691403541973792 
0.0 0.0 0.0 0.15804501296358897 0.027990906623166854 0.12061268814246887 0.0 0.2002206962938025 0.0 0.0 
0.1325987219130596 0.03830035178502562 0.07298161518876152 0.0 0.04834532436636613 0.0 0.0 0.053816073817125075 0.13642725227482 0.022535000678637434 
0.0 0.05895309131961802 0.1405374540311695 0.026664641308110318 0.07391752294427306 0.006331025657506641 0.10413202860773979 0.03943218080837525 0.031478115838904606 0.028193406875711927 
0.03898318689595628 0.08364048617444522 0.13588520936341314 0.0 0.0 0.0 0.07113362224062712 0.0 0.0 0.2042992401053112 
0.09116403878094449 0.00981345604452112 0.09161764804452102 0.05945253040332117 1.3103623812245503E-4 0.0 0.09904878938110795 0.011241244658168167 0.02878471983647976 0.11439867227747164 
0.0 0.017543045128917897 0.0 0.01356939842780586 0.01989385957291515 0.1261634504836297 9.539615372900773E-4 0.006916807084190424 0.24819681169586655 0.07224631368413005 
0.0 0.0 0.389032034702389 0.022334519184975504 0.0 0.0 0.04852787111806836 0.036906446595772344 0.0021660124429294146 0.006308284547765894 
0.18471371960752822 0.014235547326646496 0.04406561411002334 0.0185414284265341 0.147048560658014 0.013460331633725918 0.010065127014737224 0.014624918815727441 0.02082325814172249 0.03653920303343296 
0.0 0.0 0.25335972269674134 0.002510238304808429 0.06606065982798844 0.0 0.06934795145789129 0.0966526390529981 0.0 0.014409578305865865 
0.040860032923904235 0.2652968258553796 0.0 0.01953582620781989 0.0 0.0 0.0 0.0 0.0 0.1799091965336411 
0.1026959578366464 0.08304544659577559 0.016776221236629068 0.007425876507419952 0.0 0.0784475636180227 0.014832997430112354 0.11035988790852982 0.08961989818693 0.0 
0.0 0.1032064725114947 0.010517860117731832 0.015868246395678142 0.022796287373739264 0.0775485566778173 0.1532005431492024 0.1105557173393265 0.0 0.015743530342502594 
0.06195900875803609 0.015715914613373055 0.2870441751600419 0.060251339143689825 0.03798633789167277 0.038883057775300565 0.0 0.0 0.0 0.0024768739386684647 
0.0 0.028392785835415796 0.04713289788796509 0.032673600989227544 0.10980154667992742 0.0 0.0 0.2239261051646128 0.04024886791228612 0.020730149842014798 
0.007452838817881374 0.015454300700340743 0.2084205527952901 0.14108729480485557 0.031161104506857256 0.008910463207608387 0.0 0.03961955532918036 0.029915939350041755 0.028227136702294934 
0.14804789530785553 0.08220373519090199 0.0 0.0 0.009881370484693935 0.0030953560602175545 0.012439719608483429 0.05436936816989667 0.18534620386677095 0.009397703115974569 
0.02329653526965673 0.037095985008916865 0.0 0.18821446291676894 0.061994954728797555 0.0 0.011820622744465124 0.08246331882124715 0.07373829056308534 0.023485150386309814 
0.0555970982913779 0.014720769177782287 0.221496768829895 0.0 0.11650493562538147 0.009077097435384787 0.0 0.0787291400447852 0.007302504744272307 0.0 
0.04497405405769683 0.014189296667822619 0.0 0.0 0.10793862657365022 0.08708830651214462 0.008102175320420919 0.08666128961683106 0.034127106395565064 0.1281628508627824 
0.00923230900574074 0.00748043412571144 0.0 0.12011198830595016 0.0 0.08473194900135149 0.2808459966689619 0.0 0.0 0.0 
0.0 0.0 0.11800885925023016 0.03418483857317889 0.03208144506198146 0.13563473534701861 0.08562939298824959 0.0 0.058242090071132804 0.03921095704048183 
0.0 0.11458767817796282 0.16186584057315778 0.0 0.024842055740279572 0.0 0.029940973923818125 0.004341109679272057 0.04546464567082061 0.12311683915275888 
0.04399211251900749 0.055194130685642134 0.046580752685464286 0.0 0.18121758986442216 0.014695733641920134 0.012216766085251816 0.13508580413701782 0.00923540529822658 0.0030170675949786306 
0.004115887540759415 0.23414623627422246 0.07724396212058462 0.0 0.013340074596093425 0.0 0.03487976287359081 0.14235383778914895 0.0 0.0 
0.17447045578378798 0.0 0.11267793620406107 0.0 0.07458192310750258 0.10641206667878222 0.021265890460955977 0.0 0.011432295111351059 0.0037863310789340633 
0.0 0.17997088741691714 0.02385875290474456 0.0 0.2777869410923575 0.0 0.015394109031345646 0.0 0.0 0.008230932066000127 
0.19838145665373227 0.16042186091038932 0.0 0.013156529550854456 0.02141598916766783 0.0 0.020232744563615266 0.0 0.08962523522280007 0.0 
0.020272757233884553 7.015564749718454E-5 0.11799880872460913 0.01332233651542185 0.13384764130195245 0.14323184409718742 0.06754426918430691 0.007728412589474806 0.0 0.0 
6.327204249631067E-5 0.004973356650052495 0.014126799919652188 0.0 5.199468221684387E-4 0.0028336687989168313 0.008367775531740713 0.0015432612065825922 0.33871657094759666 0.1296817878554531 
0.03381278204401224 0.021368759194340604 0.0 0.09250199343823631 0.07125116125046736 0.15324789143239387 0.0 0.1047190957312836 0.0 0.028949843317395384 
0.12933957882599345 0.009967963936290706 0.1269041821483852 0.0 0.019797474499043618 0.0 0.1417514425971708 0.05858143252428858 0.0 0.01675147727328378 
0.056007311158258945 0.0740945248128289 0.21597304982356502 0.029319497053025174 0.0036608341762019627 0.0 0.04638565823364818 0.0464388104565209 0.03298123900806755 0.0 
0.08250731600010401 0.24007670017110225 0.0 0.012848365036548865 0.0 0.0169985632757624 0.07709518805960289 0.0 0.028637991140322613 0.05121979732702109 
0.0 0.0 0.2668683253121212 0.006504423461873445 0.15369183527510738 0.0 0.010184348920499728 0.029914376226018224 0.03752910942751119 0.0 
0.20757182862981258 0.0 0.0 0.012676365929299637 0.06506438274855737 0.026951829821096736 0.16297459395124184 7.988394001589747E-5 0.02255640991997692 0.023802185090567564 
0.06016105448950503 0.011506489073500973 0.09716033772757089 0.06615049009057714 0.01696930772787754 0.0 0.006516268352839718 0.002368300418719718 0.05364955501491376 0.19490324350602853 
0.12136843946003341 0.015484603615308241 0.13985419537811203 0.13740337987280174 0.0 0.0 0.051825779435562706 0.013621309693431526 0.0 0.026977072969755222 
0.08221831434757909 0.026569558200761963 0.0 0.026780821567984503 0.004530370360013374 0.08780554048186431 0.04331961461240108 0.04450224689740638 0.17408117269266252 0.01799213662328323 
0.11422134591817254 0.024168359876673144 0.0446349596512469 0.14512610110530233 0.0 0.05344832990903832 0.0 0.12022558950624498 0.0 0.0 
0.17103581548446323 0.03371488122122413 0.07970314827617131 0.027773393453938058 0.006346128110995718 0.05230222945827046 0.03904268239130967 0.0 0.09380942729832796 0.0 
0.03526557145664883 0.04078507978637369 0.11918564190599754 0.08394358676003089 0.12222587279204661 0.011009651108962855 0.018083690480672876 0.0 0.06117161427403672 0.012269775900222612 
0.003595137317198901 0.10842261357057012 0.0550591548796987 0.0 0.05200427463678267 0.198315488955571 0.0 0.0787291400447852 0.007302504744272307 0.0 
0.0 0.0 0.011785222144998107 0.0024503603820311215 0.0 0.12890255490484331 0.08353538687005126 0.003308543942031051 0.2746443147280069 0.0 
0.0 0.16188316116777185 0.009055873700481607 0.15643067139398298 0.0 0.09910068535987879 0.025524571137818548 0.05294160309379979 0.0021307280633288605 0.0 
0.015064313554965077 0.01220578786161814 0.0 0.19598614522391158 0.0 0.0 0.2830003725283925 0.0 0.0 0.0 
0.0 0.0680709718144923 0.012944499590484737 0.08069811873692469 0.09803287797364231 0.0560094901969114 0.09283821090933685 0.015866315396820586 0.01125927398373627 0.07266028085058852 
0.002432366006576565 0.0904560719842411 0.0 0.017883877649158938 0.0 0.04529096729549254 0.0021482429603343657 0.08129812728866168 0.003983039219724456 0.2632207863564996 
0.015268545155933962 0.25143910694797117 0.0 0.00967563050827138 0.04192514241856788 0.08685067147340998 0.006306090983922901 0.04729219681525589 0.0 0.04637452185207587 
0.02974471485907843 0.21565295050348665 0.06565657401428693 0.021636749090042626 0.012093631297831852 0.005501725874725729 0.0 0.03339113342239358 0.001094864599477702 0.11954264729326676 
2.9518665621799695E-4 4.1963893684935705E-4 0.038536369899518606 0.1178186091359984 0.07023939749933351 0.12555484515928747 0.09273504355506254 0.030600690608395983 0.027561745209661984 0.004695881659480565 
0.05669074864035278 0.06047519597875971 0.06072411679083716 0.01594923753327627 0.0 0.013535137583041566 0.010560311545938646 0.0 0.023776885605722563 0.2612954239407138 
0.036766719815899296 0.018902977425237964 0.0 0.0 0.06102796660028374 0.016808363546973463 0.0 0.25833086695453045 0.10068275499408308 0.014545083998218893 
0.2726106253437027 0.021009600516261877 0.06503444705792259 0.0 0.07897693995040467 0.002411026962524252 0.010493840864639701 0.030823443514285353 0.02243618181298311 0.0 
0.02787448573870809 0.025180937934939602 0.07494576106658203 7.344798760898694E-5 0.19362135550018902 0.0 0.0 0.01388166986646263 0.04546464567082061 0.12311683915275888 
0.13266182243072036 0.017111277667920376 0.01223276291066886 0.10095981415205685 0.07101962424229195 0.13614089448703023 0.0 0.007823040487755633 0.013557535825420316 0.010607015779717373 
0.1471428274055834 0.0 0.030921212018897484 0.0 0.0 0.02564717245202435 0.11858654567742916 0.07972656294796501 0.087690844776831 0.015019038144953674 
0.0 0.24328937519617042 0.0 0.0 0.010286642819995171 0.0 0.006258761704535258 0.05027816969534145 0.1935319652810451 0.0 
0.1448039215123109 0.0 0.012245002555569966 0.00675690836833513 0.0 0.1932833545055603 0.0 0.004458615712944798 0.08549825204905857 0.057433959236664736 
0.02012720079542019 0.1770647464005908 0.0 0.15153845198932162 0.006811475945926307 0.0 0.007098970020621014 0.0 0.0728853547695103 0.06897721357810013 
0.06627708205383623 0.008455858450094559 0.26710980511199106 0.0 0.0 0.0 0.11822401523695565 0.0 0.046468019572127456 0.0 
0.3319677774203305 0.0 0.014921427654485285 0.085190254782392 0.0 0.010143573931291228 0.04405461979919133 0.016457468342355057 0.0 0.0065338368767951915 
0.0015590872540233523 0.014949492318226796 0.011010569665231654 0.018470433255608334 0.2622830088065776 0.0 0.0031348996458167434 0.18049701232219434 0.0 0.023516736324649266 
0.020747023947080598 0.0 0.12034284984708478 0.01358698414175924 0.1365065187834224 0.14607713835261835 0.0 0.006809213490745318 0.08076702265198564 0.0 
0.0013161234342906915 0.16786243757347866 0.02026703290781177 0.16199718800665672 0.1452883195473432 0.0 0.0 0.010903205124691994 0.0 0.0 
0.1318781332075391 0.01563442528329265 0.08810520757025221 0.029371186668133813 0.07906521381194133 0.004785743431181467 0.027117711686730637 0.051439135822772944 0.0 0.07504663667960015 
0.07470315965154263 0.0019843815949528803 0.09477173022708513 0.04241890323153721 0.12680711001188563 0.0 0.0 0.014169505164627226 0.0 0.15745647187188633 
9.219899259368615E-4 0.0013762412356653918 0.0025467808518551322 0.3200819657668358 0.0 0.03664189232329578 0.11649551887970319 0.0 0.0 0.023457683025849142 
0.12237552834022765 0.09895940032589766 0.0 0.00811586567649765 0.01321087683057214 0.0 0.012480968975175151 0.08216135273765163 0.07309072176922851 0.09283910141380891 
0.0017738894335345863 0.028706291043680304 0.06364464317791717 0.28800654664079933 0.013890835820321922 0.006319323697914732 0.004590071089728684 0.08271632815263323 0.0 0.013840417016180924 
0.0 0.0 0.29354597262541765 0.0 0.0 0.0 0.040103070703644605 0.15157758057353915 0.013002869402866192 0.008606702034253483 
0.22627314096999837 0.024357428133481872 0.0035469117513244885 0.0948142766843932 0.004562990463563479 0.0 0.10021054385680393 0.0145230276082088 0.03718816675482567 0.0 
8.34682761211489E-4 0.0012459190739107558 0.0023056152934284478 0.289772037073819 0.12121488857603167 0.04684147212290429 0.01531083423873165 0.0 0.0 0.023431238303538913 
