0.007123408313835515 0.0032820381804156006 0.10799695667326895 0.0 0.010461068268123562 0.0019349201366622608 0.0 0.0 0.022487021183064098 0.24327580417675884 0.06702675505708033 0.04844618300595553 0.013612813832887781 0.0 0.0 
0.0798018322385425 0.009526857157721627 0.032038726249574316 0.004609588116497173 0.044626339834066046 0.004446690307951135 0.03073512524636032 0.017732823951554653 0.2334455379921695 0.003016014353137913 0.0 0.032694732753791964 0.0 0.0 0.014240216063962958 
0.004580813135729165 0.003338598196145905 0.02110178741619804 0.0030700674836337005 0.06729887171306381 0.008574787709044695 0.024413718622312237 0.009136064682444113 0.006656232064928271 0.02411779292157852 0.024916628217746973 0.00348263157719623 0.014646928873981582 0.268919274899196 0.019836086343395634 
0.07613339308169921 0.15756156290779372 0.02965803463799125 0.007935359658890846 0.0 0.1225017133150708 0.0 0.025021257656665172 0.01111588732443464 0.005900784822438977 7.258275091930538E-4 0.009217155103614046 0.017668809062042823 0.030063557342294857 0.020512539830852904 
0.10561269077616472 0.032288704121808 0.031284822261278364 0.03006106203015309 0.0 0.0 0.0 1.9949510923600636E-4 0.03993886549050492 0.0 0.05256663084240873 0.019974125941145643 0.03792913359828719 0.0 0.15407379890859052 
0.0 0.0 0.27612934086746793 0.028542435842189542 0.0 0.0 0.0 0.03198867699698439 0.04584769417987891 0.011079035575777404 0.016604216323771733 0.008140168571119315 0.031402003478013016 0.060704394374739595 0.0 
0.007562358967267571 0.03298592622177011 0.00114792267017922 0.044218640516390205 0.0 0.008753222369912286 0.17809181936834803 0.009098256563828667 0.0 0.005087083698909589 0.13113294374101683 0.013400484357495072 0.017102311368605027 0.05824484479121382 0.0 
0.0 0.03501389610489521 0.043097822238613505 0.1718805912996056 0.0 0.0 0.10358241582212178 0.04689427427925901 0.06884912552947378 0.004531877605039573 0.011572985363031179 0.0 0.023897083144658465 0.0 0.0 
0.0 0.08591863235977937 0.008880518617019073 0.05441612207949106 0.03412180341922008 0.0 0.004273029373225672 0.0 0.09730434458876798 0.0 0.02096290508808064 0.10422770323672015 0.0049619266920627745 0.06550610610342354 0.0283147806965136 
0.0 0.0 0.08820615728070094 0.0778347323586118 0.04553134195566457 0.007677422469292748 0.013048173770943092 0.03344938367306207 0.0 0.03358418665547305 0.0 0.019467843302137158 0.02755570239188192 0.028955862521122137 0.1315354437037366 
0.001140603191867171 0.10098085496319158 0.07030187468190978 0.06546560466603064 0.030782202891473234 0.06438488085150018 0.024703475924232728 0.0189088561209788 0.0 0.03981462969404179 0.0 0.004591849173312544 0.03006881793647089 0.059659657811516775 0.0 
0.11356042700737475 0.006248723257744019 0.0 0.0 0.05262771514199709 0.007045454177104079 0.08917198914869062 0.03357569413522756 0.0 0.1238013533615853 0.0 0.0 0.036876479811356395 0.0036272829463572013 0.05594494668165782 
0.1288734222239942 0.0 0.03729883082538849 0.05003809430963227 0.009754072873439839 0.0 0.0 0.02852481758597084 0.0 0.022371318308693138 0.012378162075086227 0.0 0.13124908743027286 0.04279174819277961 0.04333536352510962 
0.02016319172707948 0.0 0.019902393022923712 0.10497956433875646 8.55218774259803E-4 0.06928786366851186 0.0 0.08442724218378171 0.0 0.0 0.015526111635692721 0.11109682108628728 0.034363675438878756 0.012128799531686274 0.03517259219034504 
0.0 0.0 0.06203122225928572 0.07219498803342907 0.01758943146650511 0.12709432382071742 0.008888416808567222 0.005411664465371725 0.1418415143939649 0.0 0.02693263775422481 0.0038191671740159506 0.0 0.03809223867324253 0.0 
0.0 0.1686333249936481 0.08804267107202667 0.0 0.08921783055184014 0.03585445686579519 0.0 0.0 0.03979401078817989 0.0 0.01690388404329476 0.0 0.0 0.025499629077859538 0.03782502303116418 
0.0 0.0 0.04934054936325684 0.0 0.28350708155570703 0.012078200722295438 0.01998047843472184 0.01822653536634273 0.0 0.012637038776074512 0.0 0.03433534817338497 0.036668774898845916 0.03902310107948418 0.0028654364997505503 
0.10987713013392035 0.036224357202796306 0.0 0.08022433657002746 0.0 0.0 0.0 0.03813767285014239 0.0 0.010707484599652945 0.186032991100119 0.013191653412051122 0.00915429304982427 0.014268886803460699 0.012622946842910132 
0.030904578476009616 6.708668429366375E-4 0.013752870280542983 0.004425064191071127 0.0 0.31095920735146637 0.005100843071050146 0.010970485362331233 0.04749293625476294 0.004096945461084441 0.07302347864276755 0.0 0.0 0.0 0.0 
0.011147701563262497 0.03184093557877904 0.027912209114875897 0.0026005199572003935 0.011134605484469005 0.006106458240346713 0.02306064710770247 0.09666602698885857 0.08925206953861166 0.009633195698164352 0.0 0.023531905428662108 0.1686630735919529 0.009396845063468015 0.0 
7.941055739867094E-4 0.028735483154703135 5.558048707095222E-4 0.04103736971644181 0.001666043476130135 0.02278933230978187 0.133455454126554 0.17731892312613112 0.0 0.00629342212709799 0.003969684214952784 0.030428491260469797 2.4717880436503446E-4 0.037625835608577546 0.01868483937643462 
0.0 0.10299153331864004 0.1016594000536251 0.05660483202772455 0.09771864629933757 0.0 0.030003144192660328 0.08121000914494501 0.03060321222684517 0.0 0.0 0.0 0.0 0.0 4.3986341562828263E-4 
0.00464178412605664 0.004688901268695905 0.0 0.30047730883512175 0.018730461380069358 0.051960161384555864 0.0 0.012621880501541968 0.024051609225413623 0.01362175209701338 0.0 0.009314633980646784 0.0033164831613733906 0.06776521398866198 0.0 
0.0029984524155099476 0.005722731697588422 0.1795347939990247 0.0524728418344909 0.039354286057861856 0.012515396089342575 0.0 0.0 0.028297444983141656 0.0 0.003087042563514122 0.1630393268125919 0.03213120220837766 0.0 0.00528774523502479 
0.03991333286024386 0.0 0.07016991161178009 0.021660164889611092 0.030126424888957226 0.17555785663384255 0.00786441271022179 0.022481364155129135 0.0 0.0 0.09302071071817598 0.032252013913021405 0.005965444732085297 0.0 0.012653192882370698 
0.0 0.09077168709766814 0.0 0.0 0.011342795903124654 0.08048654675849695 0.01700050517297807 0.08555046292470317 0.0 0.0035992229353948905 0.04097748895714439 2.847248653401027E-4 6.230325243122438E-6 0.17412205901356587 0.008939893303734056 
0.049691716294336635 0.0 0.005971328016089383 0.06776907403418775 0.06456009072673562 0.11407653282672675 0.03616665587069528 0.0 0.05235099452689745 0.048595478416543644 0.014850436026259366 0.0 0.023053766159877923 0.023878362521653894 0.007170628888586095 
0.0 0.11106381690415036 0.018243621789906725 0.0 0.066089874125483 0.036250972730441894 0.10427697172445796 0.0 0.03677694226382003 0.048661882958490645 0.05974125682749625 0.0039409314968255425 0.0 0.011918992494382006 0.0075911442497494 
0.017879311472357506 0.02462840820088383 0.1209189849277862 0.00993769710866751 0.0 0.0020883220053632997 0.004089269101806806 0.006314185903390062 0.0 0.017490765952091078 0.046554298397677864 0.0 6.390002067132506E-4 0.22022140852791283 0.04558556864988764 
0.0 0.0 0.1375197923140228 0.11484245252790597 0.04704922506882637 0.0 0.0 0.004634687060798095 0.12347042816761596 0.03579279202826967 0.0 0.031170799246521802 0.0012643912093529986 0.0 0.02055626178795064 
4.3634697559755364E-4 1.4116639398314546E-5 9.823714647718411E-4 0.0 0.19864699381193146 0.00276511216080359 0.018885252039494947 0.14901489364750248 0.002215318396844663 0.0 0.05292784855069512 3.677598343592648E-4 8.047289360127184E-6 0.03552108846853083 0.04675404707752577 
0.24278635164556797 0.005270329552076037 0.10804254142019028 0.020096120895995852 0.0 0.0 0.006200987880980732 0.011467794809316905 0.031227516164048483 0.0041048133246787315 0.0731637145269401 0.0 0.0 0.0 0.0 
0.06274513760900143 0.0551679566025084 0.0 0.003552960643551395 0.06436125009400022 0.031951756717087144 0.05937281661179194 0.01761011563623311 0.045622319934377376 0.044978386156039815 0.04168474047365581 0.02819797668538945 7.91139392883811E-4 0.04936596410649163 0.0 
0.0 0.0 0.0 0.08091614325812936 0.001686530786098301 0.04606668686592936 0.022519885703049098 0.0 0.01660497186885533 0.015400764676272011 0.15336615710595244 0.0 0.03562947929491546 0.10873262542084067 0.032973098022575295 
0.0 0.0 0.18684406345176985 0.0020570195371430807 0.0 0.03605539686927396 0.02930733916400116 0.07818836080286067 0.0 0.005401161807907228 0.0 0.008594934213375307 0.01293242510852628 0.0 0.14888722855097658 
0.06620099578510105 0.070904396307333 0.17289670826281883 0.0 0.0 0.06018935463200916 0.020618859709916268 0.02914872414156073 0.0 0.0 0.0 0.018468518292841553 0.01641207331626733 0.018516820250834454 0.035183655273938505 
0.07611255538444323 0.035068088445183554 0.01730713616097926 0.0 0.011352129704662 0.002099734348019156 0.0 0.0 0.02440243908162692 0.2639977497743542 1.047119938671468E-4 0.04498260622752629 0.012639589051177437 0.0 0.02883618354756927 
0.04227810816974652 0.003833506028452248 0.001519650556107906 0.037892860248832434 0.1400097813106268 0.06363977610295268 0.01418959228995153 0.1020607891677071 0.0028931507318177814 0.010585961749062034 0.0 0.06509914365748137 0.011983520624696754 0.006031416285651554 0.0035673186301545643 
0.0 0.0 0.0 0.0 0.0 0.3957422505267982 0.011844708279986708 0.04810983459977262 0.0 0.035694938571023134 0.0 0.008610786688400937 0.015731448810601702 0.0 0.0 
0.0 0.0 0.029990726468241847 0.05311921994337259 0.155779460675552 0.12132999108669035 0.0 0.0 0.0 0.025643941411825442 0.012009499072086623 0.022351689942895017 0.0010745187072421255 0.04470862087094291 0.04512522306714179 
0.0 0.004659328217661659 0.018657236844405345 5.079298775174306E-4 0.22026547175153022 0.13099722791426727 0.060148651237013795 0.0 0.0 0.04001479176676173 0.013245328207139338 0.0 0.00913007724533653 0.0028470778811183787 0.012374290532273699 
0.005609113360461372 0.02446614876106256 8.514312020823355E-4 0.03279761888789842 0.18307036531806695 0.025144066863539646 0.03780262328964186 0.01033182126020222 0.0 0.0 0.14627230229119834 0.014947576427927711 0.019076781066757392 0.006455965906097618 0.0 
0.07144437531108588 0.0011137476139185581 0.12289645420302843 0.035726548257815606 0.0 0.04102253448312635 0.06155243028938162 0.02303405692451462 0.02947302948392581 0.025785431254132858 0.05959102335726238 0.008329119728712869 0.008020382321045363 0.019611275759791793 0.007979875629824672 
0.0 0.0 0.02463065543936568 0.0 0.0 0.11674915984525454 0.0 0.02119090089299268 0.0 0.010456398640175824 0.1273052133076896 0.1881381323970658 0.0 0.019420981877841813 0.0042812686191342104 
0.029055822169403084 0.0758939558739195 0.0 0.1940503458506351 0.0 0.015070306961490898 0.02305965425635271 0.01961787827588073 0.018514805101197185 0.005997909498177153 0.10278372123628948 0.014129219637927532 0.017964456448417297 0.0 0.0 
0.03514502331417209 0.093192537638858 0.023986292798032913 0.0 0.0 0.0022871841696746774 0.04401581139003373 0.06242043089807028 0.044879571142068954 0.04022858114321805 8.422791188118804E-5 0.03618297058047894 0.01704287219800597 0.09601561534410764 0.01247344489534839 
0.19805094650085922 0.020142840856615534 0.004839927189005348 0.0 0.03646149474232548 0.009323612111162926 0.0 0.0 0.02599769224573655 0.03224904950464016 0.0191164270690452 0.04487865949331711 0.025800149987314707 0.07653118285247446 0.018476037043021146 
0.0 0.17675216407846764 0.0468914474401438 0.027451716958687086 0.0 0.012171102654142611 0.006047775418667519 0.0591084094968751 0.01837677946598636 0.0020720386188010655 0.0922780006771438 0.004117142346974109 0.02132715712609612 0.03463085832555515 0.0 
0.02618094866865995 0.0 9.50926752764694E-4 0.16934372666665154 0.03662998333591942 0.0 0.0 0.0036083168119323593 0.09612740102823181 0.0016806180895753207 0.08802470608987317 0.0125798149427174 0.07159919540453549 0.0 0.021011596586994735 
0.0 0.03716293447080428 0.05746577993990713 0.007807869757779745 0.05031275825573442 0.0024326336067448727 0.010593320849827408 0.005641645868734407 0.18871731840608894 0.061820557256035365 0.0 0.027977634911006938 0.042292015115052185 0.011570396497191705 0.008675246381046752 
0.0 0.2199251937824554 2.89373982148689E-4 0.05352969893744853 0.044751642868856835 0.0 0.031147744478500217 0.0 0.0 0.0 0.0 0.02615572785178132 0.05542706652166701 0.0 0.07294119493463086 
0.04546757553420143 0.04536322542682017 0.06513831736106261 0.007564008925994298 0.028244120627894245 0.034586961137670666 0.01215342373533243 0.10990885577645258 0.0 0.0 0.0011098344373420299 0.10012203915574477 0.010442425463113797 0.0 0.05285253724761676 
0.16267545267092334 0.1774184773711884 0.0 0.014316036815978173 0.038501205998799054 0.0 0.0 0.02879609587878464 0.04903994946989547 0.007524059001870655 0.0 8.40352156637331E-4 0.0 2.3501501492377943E-4 0.02338217664392288 
0.0 0.05322222442844319 0.005501029775436835 0.011554486561611454 0.016070762771331015 0.076546776943554 0.0037965933112578194 0.04993702759191807 0.11235499906975568 0.0 0.02420536504947131 0.12034923568619595 0.005729418056583486 0.0013051723122315705 0.0283147806965136 
0.029403214419834223 0.07595291977067643 0.0 0.005945673215073251 0.043606160708318575 0.0031977116458457174 0.13877881065745856 0.0 0.003916223929149801 0.073672566899596 6.887475054252552E-4 0.02847860460225278 0.06194285068317261 0.04064625239017519 0.0034274378488338 
7.991122065047935E-4 0.0875507484418877 0.01359361952573413 0.021999525588193458 0.0 0.1162108566204184 2.7774336705747236E-4 0.0 0.020000121155071614 0.11196289528880943 0.07909383877745108 0.026368483992248767 0.0 0.029108949638030453 0.0 
0.02862555177209338 0.0 0.13067388044977923 0.024736896598350804 0.09625859334664366 0.0715815411842942 0.0 0.0 0.0 0.06300707240936403 0.059692787986185415 0.0 0.02409690110217907 0.019889762598099988 2.6675126531064213E-4 
6.884132192218947E-4 0.10630418898398396 0.0 0.025028260002563515 0.18245217285443013 0.0 0.009592112302301559 0.06880115538709748 0.0 0.036119413065061126 0.034798165348768846 0.005113355691153214 0.0 0.023680740281942093 0.0202344543429792 
0.04696393908881634 6.653447867623886E-4 0.026912046094558023 0.009156264811651651 0.007790382001405158 0.15878792043498968 0.016546406861639357 6.496072068814431E-4 0.0 0.17873240762991852 0.0 0.0 0.05325339592884128 0.006390394594811589 0.0044433215854575644 
4.430705892239747E-4 0.039226303440059465 0.02730896534479557 0.025430302352388877 0.011957435214967622 0.23288812219575813 0.025014863738431207 0.01914720263523307 0.0 0.03506671747436802 0.0 0.004591849173312544 0.03006881793647089 0.059659657811516775 0.0 
0.026475877049413777 0.001456849300831698 0.0 0.06464425999268741 0.0 0.0037825259325701467 0.21215605189019754 0.038557446806792225 0.0 0.14217022819015684 0.008620614554231519 0.0 0.020553960355535646 0.004062251596678047 0.0 
1.5317957970934653E-4 0.047460902718189465 0.017316218929805182 0.0 0.01905035061808695 0.0878045948478033 0.0 0.0 0.0 0.2674238781242588 0.0 0.04682874422408439 0.009129419281589949 0.012254130589558408 0.002621405275663753 
0.0 0.0 0.0 0.0792403961534523 0.0065212154242461915 0.04782839479932526 0.023381103732852165 0.0 0.005658896795079459 0.014926774523589887 0.07033717223177217 0.0020898176822770954 0.12258853068620802 0.10884413101720954 0.03300691202223644 
0.0 0.0 0.10841175529399465 0.0011935359067658375 0.0 0.02092027324929474 0.017004875740063038 0.04536690800661347 0.13854144650791492 0.005384697915229798 0.0 0.00856873502151784 0.012893004319700077 0.0 0.1484333885367199 
0.0 0.12912340588074725 0.09477324204740885 0.019666996310569253 0.009943425684262446 0.002365116201495953 0.0 0.01765892720577759 0.1610431424317841 0.0 0.0 0.03463243767623282 0.0 0.026888476639466485 0.01226604488695799 
0.009644008901758703 0.007358383619251604 0.0016455368258378397 0.0015386513966630395 0.009914842096721797 0.06350790251965671 0.2559945491073451 0.012084042450318019 0.0 0.01869673638667107 0.0 0.042681738753937715 0.03201391764753002 0.019301822242198806 0.035558935790704294 
0.0 0.17384935582367658 0.014554867590406657 0.052111120354720875 0.0899610149131977 0.0 0.027621271930954223 0.004805888479978611 0.02362038947541642 0.05799823559275042 0.06953394792032556 0.0 0.0 0.0 0.0 
2.6457060898825365E-4 0.0010625962251361927 0.027968534064185632 0.036178367648024005 0.14375623168107984 0.039511060676259424 0.0357977087422399 0.0 0.0 0.11771965719018919 0.0 0.03552807029029113 0.033352714590785336 0.01873192477024366 0.013017920971601309 
0.274013823378059 0.0 0.02557910282429049 0.0 0.05585469024002243 0.0 0.0 0.005502088711591506 0.03419419783932846 0.012836517265077342 0.0 0.04032998277398338 0.05820129968459661 0.0 0.021002725677110555 
0.02044928831333353 0.022302575688634044 0.0 0.019000976726174297 0.00670849881272448 0.0381802057565659 0.014580917326796693 0.028468549382710616 0.01740742977214148 0.0026707720968781727 0.10517029396412343 4.8308568665729983E-4 0.016002174325579464 0.07960267875609783 0.14459527490403654 
0.08611186280992304 0.033409599671861905 0.0037502828246612236 0.019866522387601164 0.0 0.0 0.23074128212162928 0.027885937115535286 0.007982983986431465 8.863857679846358E-4 0.0 0.011745242954977248 0.015811353665785764 0.05180502466922299 0.01743966807122125 
0.06497090036649139 0.0010128325000007667 0.0 0.006980225540671024 0.0030696966158269296 0.144740389086045 0.049922837063496484 0.018682048220478135 0.023904454166572244 0.009073996909436388 0.04661975753419704 0.006516107969784824 0.02674633032003249 0.08302609971272365 0.019877518663065523 
0.0 0.0 0.0 0.07058685840712996 0.0 0.013329625978834336 0.14050454750041552 0.017117855049968034 0.035062153482739354 0.01374696910136398 9.248384677733568E-4 6.165800489015339E-4 0.005069990603329568 0.0432959467148577 0.16342751881263035 
4.7574202378561787E-4 0.07346368226527056 0.1498603855373087 0.0017106687155793922 0.12026765870147414 0.0 0.0 0.02386375419468316 0.05235322745869941 0.054045914129101875 0.0 0.005248494448188254 0.034368729905234006 0.0 0.0 
0.0022527360941867677 0.0 0.0027732066114923926 0.03993667050162327 0.300421867137099 0.0 0.045437342814288954 0.004969443414827676 0.038277303234727306 0.0 0.035829762471240666 4.057630877318964E-4 0.0018043011609548318 0.0 0.04779923787376613 
0.06510318155242276 0.050062547491919726 0.0 0.061528377482702915 0.0 0.018828103175615306 0.0828394754959411 7.7645535438001E-4 0.026995682200935445 6.267430555053145E-4 0.0664708442043489 0.01534306457124469 0.1244145097025046 0.0 0.0 
0.06161352884701919 0.0 0.0102548319343429 0.0676659177238411 0.057867409812726166 0.0036281008482678206 0.06435985346768906 0.0 0.030061045121347465 0.0105044077254692 0.018439727907432747 0.10604550720227084 0.01505890375761905 0.027536073814017025 0.031410402855099995 
0.0 0.0 0.09210394356320797 0.021189421355268873 0.07329952552321754 0.0 0.0 0.021439146951972046 0.0 0.026030651257323838 0.24621401681130548 0.0 0.010859017534210797 0.007776756217588617 0.01233570337672215 
0.03621862011546241 0.030545522248302367 0.1353175279751596 0.024172739222852548 0.0 0.0 0.10397263948576181 0.0 0.0 0.0 0.0 0.0036408517613507672 0.04013466429011193 0.05048233138631104 0.08207464682538995 
0.020701450156780918 0.05276454287275692 0.12441226345555353 0.0 0.06878036523704893 0.11753732225453159 0.0 0.0 0.04004915857087555 0.0 0.01701226689908552 0.0 0.0 0.02566312538521618 0.03806754622914453 
0.046322485034015565 0.03299523237009086 9.322765725425727E-4 0.040556283747322876 0.16695367305540287 0.04705997697313202 0.004737696648370837 0.0 0.0 0.047274637562230354 0.0037047582954000268 0.008369012271171474 0.04901218270876382 0.0 0.06171220986369289 
0.18888336766014233 0.07162520365937089 0.012319330346931948 0.11461657820769301 0.002001403067740068 0.0 0.03746567297787631 0.0013073354780599067 0.0 0.012947942104970939 0.017388608144122922 0.014574816716772408 0.007287832100219884 0.013260658002150106 0.012129496242743126 
0.09975541336655083 0.001555088880386864 0.0046038195263536094 0.008739051724830643 0.05631315716782558 0.0 0.01942560564734828 0.019990012258653655 0.028650636872952967 0.006923389079039702 0.14775569345347775 0.007813135466657602 0.0 0.10887405408514263 0.0 
0.0 0.0 0.1427672521954317 0.0 0.1887153423393941 0.012028666996021538 0.01989853679686016 0.018151786797866682 0.0 0.012585213207511865 0.0 0.034194535996385785 0.03651839314080096 0.038863064029953966 0.0028536851014672048 
0.051277953678490425 0.22366708644262948 0.007783698944035645 0.0 0.0 0.028805120071711064 0.04330680111508836 0.011836166105298303 0.022278260651012984 0.0 0.04610310729323467 0.013944737822398497 0.017796912546585164 0.03757216315233949 0.012470691231906885 
0.006215906908960993 0.17940755993706456 0.05648693967208574 0.0 0.027526284863855114 0.02366080473450797 0.07453657633001931 0.0 0.0 0.04159753708922644 0.0 0.015527879056511889 5.862055550086874E-4 0.03540001970824781 0.046250686975755684 
0.0019221855128227167 0.027990105254844452 0.2329627182831232 0.0 0.0015499700916324802 0.0 0.03989446252683787 0.11263949886823796 0.0 0.04513125920805447 0.0 0.0011045873320947718 0.0 0.0389636266016771 7.53393896175809E-4 
0.07667653936600492 0.0016644701344724635 0.034121885864911904 0.24746848955058448 0.0 0.0 0.005932902132709443 0.01097201052276689 0.04749953891134163 0.004097515034710212 0.07303363065672333 0.0 0.0 0.0 0.0 
0.0 0.0 0.13982429698198565 0.0 0.0 0.0044724793351032304 0.0 0.021628113461302556 0.0 0.010672135994988091 0.12993178588950446 0.19201981522299721 0.0 0.01982167731824749 0.004369600137366881 
0.1806330331570207 0.0 0.0024136483452333463 0.04539231797843842 0.05762494513730397 0.0 0.006667280080343077 0.05916081544932744 0.0 0.002681566394072797 0.08146043977761631 0.04300030901614898 0.0179321459905807 0.0 0.012601335379140832 
0.07977783869678468 0.060870530857625386 0.05387781991046748 0.016050467992483126 0.10342684253827004 0.0 0.03594832567567361 0.012096069368289174 0.0 0.01871534473861747 0.0 0.04272421872477283 0.032045780226883334 0.019321032819599137 0.03559432662995818 
0.0 0.22440433118553327 0.029359973530118655 0.0 0.0 0.003810340181667638 0.0 0.07188897364803067 0.05664179261090307 0.050771852140296496 1.0630270734364543E-4 0.04566595142315824 0.012831601101550785 0.0 0.01247344489534839 
0.0 0.052778991451523906 0.023656590143751443 3.527440517649347E-4 0.0 0.2523866307213088 0.005425930837146187 0.010189233207698786 0.02244143829685427 0.0 0.0 0.12484953807744886 0.0 0.0 0.010933443275365185 
2.771720444568891E-4 6.796453729214308E-4 0.1460356664998526 0.05706791327462411 0.0 0.004643269178563543 0.0 0.02704237119793169 0.0 0.015162967874013654 0.1846070455043874 0.007631662419278002 0.05654893779705799 0.00418831550191962 8.859404725232203E-4 
0.0 0.20541285376007123 0.0 0.056815573190051975 0.09808245518922348 0.0 0.030114846626076996 0.08151235597836454 0.030717148728104982 0.0 0.0 0.0 0.0 0.0 0.0 
0.09318563374150682 0.0 0.09198033386365664 0.08283256137501216 0.001580179515811314 0.0 0.009171592078869945 0.10936527043295562 0.0 0.013089331978620429 0.0 9.590462071196315E-4 0.03242277376836548 0.03655713594353573 0.035054512967113996 
1.9178855857149144E-4 7.702813216543882E-4 0.020274530319299263 0.02147373455408805 0.09377570256951244 0.025774030321013983 0.0 0.01098930151505972 0.0 0.07167682234716413 0.0 0.0073056620721763665 0.21890765813863905 0.01873192477024366 0.013017920971601309 
0.0028755426071544535 0.00133537575975699 6.06590002937127E-5 0.004741727595718715 0.08736793076837832 0.10076982219496498 0.07747570085923307 0.00965815507453932 0.0 0.0 0.17456205471896977 0.045250047803766506 0.0 0.0 0.0 
0.05807373779409116 0.005265751793683875 0.023711662182217052 0.032240772489975214 0.0 0.11854143013810602 0.014553229520643064 0.08491065358848318 0.0 0.011375466090522934 0.0 8.334724511650623E-4 0.0 0.004250156092052669 0.17049343406711076 
0.02466792249695582 0.0 0.043540793839727615 0.020539134050133166 0.0 0.0 0.0 0.0 0.0 0.007801533877170507 0.14615980587818406 0.0 0.11013518492648919 0.14771973684476566 0.012376540300862302 
0.13937688201861925 0.0 0.005062353068477151 0.12062086278300375 0.04941655281782274 0.0 0.0 0.004867885870574272 0.12968296345069608 0.014586962402050213 0.0 0.03855494653292891 0.013230951066050671 0.0 0.02137129767607343 
0.0036514617904534774 0.003688526514135227 0.0 0.23637062437925796 0.16815302832858744 0.0 0.028163645437863528 0.014596562454979232 0.027814462049344835 0.01575286307028574 0.0 0.010771900163939332 0.003835343995687463 0.0 0.0 
0.0 0.07759182757604546 0.03516121580611331 0.1633684332125052 0.04514026853550594 0.0 0.013864576047634818 0.0 0.0 0.0 0.00708904596315127 0.02560004137347044 0.05424950145549622 0.009181347735905811 0.07294454563998752 
0.013701506121931615 0.03539304854079186 0.013679413175568448 0.20224108421297063 0.0 0.005470614123901067 0.0 0.0 0.021445455299604333 0.07150021276930665 0.01624865607931698 0.028821563727529333 0.06268880948923562 0.0411357427763861 0.003468713434593461 
0.0 0.0 0.10628881670854963 0.09379120297573136 0.08231327443308069 0.012362954758134296 0.01985957302419988 0.045178336071043164 0.0 0.05121081667285844 0.05774255749258342 0.005168081424369193 8.947055181926485E-6 0.03962089950189288 0.0029093323812073866 
0.011750708202099497 0.02517409091549882 0.023975003233755534 0.0 0.0 0.07368587630875588 0.03420266399544368 0.01831076645503727 0.016460453886797493 0.006542511105248337 0.0 0.0 0.10645215582418131 0.012765788379459188 0.18185156881257525 
0.23782878461929116 0.0 0.0 0.010680134346941116 0.0 0.0837086990960577 0.0 0.04304645099136849 0.0 0.031312277753148675 0.02427385904883143 0.007549901587366962 0.06392306477474015 0.005208503349916767 0.0 
0.036737754582519135 0.0 0.03626257392072709 0.1912749490784927 0.001558226389372845 0.0 0.00904417293532655 0.107845880018279 0.0 0.0 0.019832782989268084 9.622767021855766E-4 0.03253198812102689 0.0366802766706602 0.03517259219034504 
0.020164694489938944 0.02011841561954365 0.11271545820599367 0.007419946646186479 0.0 0.1952846239548876 0.019097590516087705 0.10515000069041093 0.0 0.019768885822126672 0.0015917447641206354 0.0 0.011641964119949428 0.0 0.0 
0.01785381017452949 0.0 0.03138801478360382 0.009688904548317447 0.013475984906798303 0.06418757002595935 0.003183597125273498 0.10330774451749332 0.12607683055159033 0.0 0.09337202679853214 0.03237382174510563 0.005987974732605364 0.0 0.012700980843708605 
0.07305705525438944 0.13631569745538696 0.0 0.0946222900329918 0.0 0.0 0.029729612310686163 0.020232290055545374 0.04242421985757094 0.004172536278128043 0.0 0.009017432449905601 0.035401653455947486 0.057995164762300655 7.546084554607801E-4 
0.07068030534227415 0.002286639850575931 0.0 0.0 0.02120189002791518 0.07422379408345509 0.015677675910982285 0.07889368098895447 0.025431466254648892 0.0036401622108710252 0.0414435864284178 2.8796346153330714E-4 6.301191929074506E-6 0.176102606222889 0.0 
0.138113547852918 0.0059376234584484575 0.0 0.004340553911753812 0.04322538743780919 0.03294727525780446 0.1400856752794153 0.023169714091705765 0.0 0.021652589142369144 6.819348740977119E-4 0.02708252135335535 7.598435072243369E-4 0.047413145700477353 0.020176131029522967 
0.03759749996198009 0.04100490323952919 0.0 0.0 0.008538945291213365 0.048597860305826295 0.0 0.2859680599371246 0.04903994946989547 0.007524059001870655 0.0 8.40352156637331E-4 0.0 2.3501501492377943E-4 0.02338217664392288 
0.0 0.058559121329865814 0.009619068492966669 0.0 0.002090319869990034 0.013036524361191555 0.03749993944453826 0.0 0.013225672792769242 0.035352139787890556 0.024015194805772522 0.045138283948158296 0.04923932019735291 0.2094877444115965 0.007595697209745392 
0.05550559875682685 0.14337929958966697 0.06296142642288799 0.014777048262149596 0.0 0.005710240681781078 0.0 0.0 0.022384819787617118 0.07463210061325858 6.977179605005777E-4 0.028849518531058445 0.06274961303790191 0.04117564143067874 0.0034720778322881725 
0.0 0.024372836543035663 0.0023680403415541514 0.027039473671311598 0.004066084275372377 0.13329149001775062 0.028974101907645485 0.014907410456803797 0.0 0.013780892110241852 0.0 0.007421219912440575 0.22237024591533608 0.019028218350353936 0.006784223832852422 
0.0 0.18001569212109417 0.023552379438307562 0.0 0.0 0.0030566300632255132 0.0 0.01223396030198753 0.03762645172953265 0.0018995839953639703 2.3739785676156792E-4 0.027026700702606352 0.05183015874643898 0.0 0.1713082396635128 
0.005523264417788714 0.08042759211998168 0.018973050210901437 0.0 0.0024578318133173043 0.0 0.23642383777619702 0.0023972370270320337 0.0 0.050044379740515135 0.0038119270808273315 9.563073107596398E-4 0.002058786355267118 0.03390632537210313 0.06784968642480858 
0.08816474800247687 0.0 0.013565137863629496 0.021953431679718312 0.0 0.11596736897940516 2.7716143281123585E-4 0.014545793182443593 0.021168197241415422 0.11850191470427482 0.08371319187720193 0.0 0.0 0.029108949638030453 0.0 
0.0 0.2262521296281252 0.1014106892262137 0.001512137514010146 0.0 0.0 0.005425930837146187 0.010189233207698786 0.02244143829685427 0.0 0.0 0.12484953807744886 0.0 0.0 0.010933443275365185 
0.19286684229340198 0.019615589723107476 0.0 0.0 0.03473657376670706 0.014526030750537081 0.0 0.0 0.025313580616176272 0.0 0.01677808897528321 0.1505200914096376 0.029976100977602924 0.0 0.037695696775827875 
5.832453357235033E-4 0.0 9.096877605611015E-5 5.737696127098016E-4 0.17301936468238258 0.03814418622992258 0.1693415344266106 0.015546230242761213 0.048785872837347304 0.0 0.0 4.0541716034523924E-4 0.0011416813112079705 0.04650479374703374 0.01033467980689835 
0.012536717125356775 0.05796316176167533 0.0719186007576845 0.0 0.018328888572585297 0.09416952816839218 0.0 0.01759299822688691 0.08376020518436457 0.0 0.0 0.0 0.008849649890141335 0.1317278051775359 0.01275530008046716 
0.2683575897008362 0.10176209400525361 0.017502789364596042 0.0 0.00200232251852105 0.0 0.037482884824322826 0.0013079360720360442 0.0 0.012953890429759893 0.017396596524672556 0.014581512432807283 0.007291180152905635 0.013266749989592791 0.012135068570962804 
0.0 0.0 0.04895021936077748 0.04319457212852722 0.12180059224571001 0.007763538172783799 0.013194531831614172 0.154205958387569 0.0 0.012376051349767462 0.0 0.02683132361529792 0.037021951056989855 0.0389031101375855 0.002856625656556525 
0.00295250352569515 5.463040236365897E-4 0.0032485545240874196 0.004501116225497145 0.0 0.2522312394322566 0.02015661817410344 0.05072284216944292 0.02532856586004746 0.0 0.012193887635396975 3.4928542229798013E-4 0.10172061608654857 0.014021422528317552 0.012782777162902204 
0.013808171908960332 0.019020491634010976 0.09338559449122334 0.22354920077069415 0.0 0.004213199021776926 0.00825011877252032 0.012738898408941787 0.0 0.026693725685236754 0.0 0.06792260414642676 0.0012007263128233797 0.0 0.04558760984007389 
0.0 0.0613556547912865 0.016277342214174945 0.0 0.0 0.16731033371970896 0.0546500547294945 0.0 0.016763649349839545 0.015009338021931743 0.08764783637891974 0.003910559571385347 0.04469412438804435 0.00936588769080787 0.024240988206258727 
0.007886420169403191 0.03439943475148303 0.03673395942418655 0.03508323288722815 0.0 0.061236367420694285 0.02437420182528943 0.09054106366370226 0.0 0.05333302614400466 0.038477459118031986 0.0 0.08146867644032404 0.04210000899082164 8.318230745786576E-5 
0.0 0.10944051586586703 0.00397502457570605 0.09471304893586589 0.03880251125127704 0.0 0.0 0.0038223264370388535 0.1018287266403519 0.011453870018294137 0.0 0.02449182851292575 0.107216715385987 0.0 0.02055626178795064 
0.06807626906558192 0.0937737533088169 0.024902445892303334 0.18675246826670217 0.0 0.004499185359752613 0.008810125846342927 0.01360359786581223 0.0 0.027767452357600086 0.0 0.07240826542251808 0.001280023206579169 0.0 0.012725761929028892 
0.051977898074613976 0.0011283198187241879 0.023130724472762695 0.16775524864443486 0.0 0.0 0.004021827078927269 0.0074377645279961185 0.032199238678988835 0.0027776451649276185 0.04950842385014066 0.1624230799082789 0.0 0.0 0.0 
0.1450187315620385 0.006234483407479908 0.0 0.004557566092136871 0.16087880494909704 0.054452646826171985 0.006098354552894254 0.023969710787790706 0.0 0.022400203019131693 0.0034369392815056465 0.02819797668538945 7.91139392883811E-4 0.04936596410649163 0.0 
0.0024397864438445685 0.26730304888126155 0.0 0.0 0.0 0.11921007267205111 0.0 0.0 0.037615959877858304 0.0 0.009751901929179707 0.0 0.033837586227488316 0.03844837889258225 0.0 
