0.0 0.0 0.0 0.0 0.0 0.0 0.0 0.0 0.0 0.500191157323659 
0.006383349572804128 0.00971844654988523 0.006927763221047944 0.009725829771936992 0.007136822137034279 0.0075208355666310095 0.00783513050557128 0.009588944054739815 0.15178282902364962 0.2865397637750021 
0.007162762860388485 0.00920831600353073 0.009006436039802024 0.0076182967924460195 0.005981096830406333 0.014134360461662051 0.009163932178972546 0.008974909300994123 0.2864436030787758 0.14436057288514018 
0.006521417538160211 0.003499735019125056 0.007543421723892452 0.0014522076950973751 0.007008795407336056 0.008314881516086359 0.0012371365996340451 3.437971605132371E-4 0.4641778063833965 7.499645059245424E-4 
0.015865923301431665 0.010014275131653415 0.02182781871005728 0.018002422217531757 0.02662150728771213 6.744893185122717E-4 0.019196454895464173 0.1250825839055726 0.006799639165332925 0.25654255091260764 
0.015302463047166565 0.014804366207407382 0.015540644240959264 0.0024689988164489796 0.01705989090469331 0.017860783264151133 0.015018687798628404 0.1302945808125155 0.13919409598149834 0.13338672099141355 
0.012698561188829527 0.01164937817611141 0.005469558238635336 0.0 0.006105713552263301 0.010658449084790599 0.006339005124300381 0.13956473295593694 0.29530061187567586 0.016298687814754118 
0.0010937034788735449 0.006452723729317843 0.016546912869023375 0.007562029169993546 0.0102295425142212 0.0014924249194405014 0.011831104032066097 0.28905075103895134 0.007359482608422004 0.15144931022766941 
0.013503594665798027 0.015011941226113738 0.010557263611990695 0.013983056600631507 0.013784136462415653 0.013250389486943282 0.023931254492905767 0.25638853862433897 0.13017800780612782 0.011238536564276752 
0.01993939368202326 0.01829195718713277 0.014407145217023042 0.0203948831472289 0.014955007267260446 0.026106233474002823 0.015526419130155959 0.34184237071449386 0.01632260037722223 0.016298687814754118 
0.012385262984758906 0.014471434999769201 0.012251081444234663 0.008176858816890314 0.008852183916618656 0.013808736734630662 0.1375113177764946 0.010192050584655792 0.008450500788160611 0.27491503897612873 
0.01819978304126823 0.011256322987037172 0.012732055868832482 0.02186303229340081 0.03095227733039026 0.020441554781933546 0.1326525544402342 0.0 0.13649886297678226 0.11772483984712938 
0.020107204682611252 0.01015974646964259 0.02156243782415005 0.014657244162692746 0.01060850721361058 0.014216183642184233 0.12510890904248456 0.010438699467131449 0.25675267406121166 0.020705779621017172 
0.010681965731924828 0.006714767987756591 0.009821120440537545 0.0032689142643791964 0.009456984324865336 0.009286227994001223 0.16421221031452535 0.13351964028366264 0.007811221552137071 0.14667381667765222 
0.01718635546221914 0.010607603688515183 0.02019600467277448 0.0037146825129097264 0.016038762230098872 0.02176341228816636 0.1405824626102159 0.14393329739110663 0.12898219421466342 0.0 
0.020679995866909162 0.01780110208809072 0.01800324652879751 0.010854986677092074 0.022283952635931352 0.014213188150207098 0.1331811487150895 0.25870970885291944 0.006972814307494747 0.0 
0.0 0.0 0.0 0.0 0.0 0.0 0.3321534372457694 0.009915726784763238 0.005652928681005664 0.155104263408229 
0.009567141047349004 0.01154919608367097 0.011341413978714406 0.01596751383471525 0.012846171943527223 0.01292292194621211 0.27158722781229505 0.02179535018673156 0.11600645284870403 0.016932000089563047 
6.776163926684446E-5 1.482842372175088E-4 2.283885640926841E-4 1.7060811366780246E-4 1.1186220025921434E-5 1.630254393515035E-4 0.33669979818413015 0.16607212983681585 0.0 0.0 
1.4515997092958568E-4 3.6970882532626616E-4 3.589587903913877E-4 0.0 1.091235859795753E-4 1.8389100913415892E-4 0.4977807154282477 0.0 0.0 0.004005341324030153 
0.0032729278564005977 0.0036022652141535433 0.00821315345782686 0.004756540433905643 0.005284704696216626 0.1533704758164645 0.012608321550942696 0.014616275861813976 0.00986418319772921 0.2854445265445903 
0.006579924288525463 0.002816611017158601 0.0061636475483727825 0.004326159689051859 0.002928437499493111 0.16073203846469544 0.0018875129951471984 0.008805568604111335 0.15454070788400381 0.1528726414337786 
0.013641493122594215 0.01627564598614302 0.010057315980727557 0.0058846224151659875 0.013966434031924501 0.14814336400711495 0.02242971831795818 0.019270532885342365 0.24599150234079561 0.005680390385300382 
0.005938701629809968 0.01012421968322253 0.008577128230461825 0.011542504885343998 0.004416866668761744 0.14172557220950213 0.0067532885671507635 0.16387184779463176 0.011695318579790745 0.13767574193982793 
0.002879818134942185 0.0035560697123496656 0.0036761044141156232 0.004035623873931989 0.003775004341999612 0.16047329370197977 0.00354408677254169 0.1672276040413843 0.15702329425533668 0.0 
0.008885788900673791 0.0032530555022742954 0.012720734356736062 0.010437173767624833 0.008473830361011053 0.15279555072664075 0.004638316668723325 0.2926342355413183 0.003563135011162116 0.004310421642348609 
0.005775656930131579 0.0 0.0036704117381653896 0.0041769366834974574 0.001969715626156895 0.15395403803717445 0.1644886630993575 0.00220445934528776 0.011842516399485855 0.15323703664577468 
0.015155952081027638 0.012745724878906293 0.018958949169486712 0.0 0.0068407655576069116 0.15087718796093125 0.14930130009145287 0.0023574048262453838 0.1462999074396349 0.0 
0.004416313073058285 0.0033363991997053585 0.003931389866491221 0.006009343220897378 0.0 0.15935159161151374 0.16508708764872523 0.15254193464451735 0.0013823350840097607 0.004832020149937977 
0.017712052709274107 0.01725728453000765 0.01564931069436431 0.01588376266946656 0.027981718115590106 0.12407870430200907 0.25577301882637465 0.016956749966774324 0.0019730224759375204 0.007658274790864301 
0.007670466694677934 0.00285767674086379 0.001045820230951372 0.005117865972570537 0.006368555553890364 0.31231954584382315 0.0 0.012493993551538103 0.003102490202213762 0.14978167106804746 
0.001571707399027077 4.581200799076608E-4 9.54784532985648E-4 9.207414744649366E-4 8.632291991033739E-5 0.3337566808259171 0.0 0.001150453789179641 0.16352681665692279 0.0 
0.001378826363019425 0.002868520949520715 0.002034283900197951 1.7200389598906536E-4 6.890559418517569E-5 0.329773921623906 0.0040343913286068345 0.16026379853056244 9.470695642324464E-4 0.0 
0.004707888810434781 0.005262144465568533 0.0031016651285106327 0.007125782685882099 0.005655157418204647 0.31089634955961665 0.15288786063848198 0.004970300074767312 0.004187138119369095 0.0013964933583103742 
0.001297778904298295 0.0011325511567641354 0.002651305300389728 0.0023668607611514315 0.0020855282851206416 0.4820318892589541 0.0029671388031981415 5.282269373419567E-4 0.0 0.005359328496665262 
0.018191760886972906 0.020508535313744226 0.01625437804425009 0.034306006488795324 0.11906890747424526 0.005749236098783322 0.014221698344472664 0.0 0.01622426600834228 0.2568714246141905 
0.011085626301435813 0.011439767147337984 0.014965340826090625 0.015193000937640125 0.13320589071894465 0.007525984716641399 0.015398403069407667 0.010192290193221164 0.15406150999758642 0.12927092263012613 
0.01904355499309935 0.019002451310452508 0.008270394738289468 0.018498345330055153 0.1338499486297061 0.01625034210690842 0.009220016094665634 0.022323634959873523 0.2512263740676051 0.004917495005331377 
0.002994828932592616 0.0026108814522657086 0.004744791763695578 0.001986416112168126 0.1608542243314272 0.011318739671952745 0.00900615951564529 0.15417159467689348 0.01061462501900637 0.14264919740190454 
0.015820784898984294 0.02000075547722239 0.016577253909638302 0.014822987621893031 0.14141648798147793 0.0019175784059589469 0.01195178280976779 0.13297338616246715 0.1384805165568081 0.009225103980168618 
0.01034791394229578 0.018402829693096343 0.0166077663883649 0.018724890265406725 0.13481418001151751 0.026296165467804007 0.020026910789905872 0.21069899878390655 0.026269287954714785 0.020584231753339895 
0.010163231409916387 0.009754329503285461 0.008274433418893758 0.01584182390188884 0.15202101240911822 0.017028894556945617 0.13177477837231918 0.013038025020899945 0.015105919577920332 0.127106464240879 
0.008745606109421884 0.005604598495928219 0.005468434977235836 0.01004147738534224 0.1538060739417531 0.00962210339718165 0.1491600280080582 0.010820820461855531 0.14361489834704771 0.0035253147614980962 
0.014192751447035872 0.01551863735451914 0.017093547215263866 0.008397160302449717 0.1309986109407766 0.006889650792450002 0.14802780154574163 0.1588653545672016 0.0031038957042609483 7.286773887575885E-4 
0.002739651875768636 0.004624165557653877 0.006984690792627872 0.007334416547084356 0.14770506625038113 0.0077281931931472096 0.2984356174913555 0.008557415753336323 0.008842102636079634 0.008771480230606508 
0.023981127585906356 0.008642637857362632 0.020922132131529738 0.02967640038619326 0.1456738041195448 0.11561690522101611 0.0016434745626444855 0.010864503535496872 0.022432571448372643 0.12133962335442941 
0.0027556290413970216 0.005799996278652908 0.007087171180536976 0.004942264990491531 0.14823826730918666 0.15896955671725202 0.005552491249963961 0.005904139096050604 0.15840604144819564 0.0037808623686288903 
0.001006536476743344 7.951513586157602E-4 0.0035830327817807715 0.0010754588879819424 0.15201643292197892 0.17686278072882314 0.002806983813794019 0.15860527923367165 0.0025790894581365384 0.001984123173929758 
0.010408134349372308 0.019081595376495755 0.0047281086914790545 0.008012368156700877 0.15113674238800795 0.16153897185865432 0.15012271826276347 0.0 0.0 3.5748142226115637E-4 
0.006810268964906921 0.00533224329358236 0.007898141181699984 0.010854827564127706 0.14841762861729302 0.3045361189324154 0.0013473593352166756 0.008187602560269153 0.008197331328332993 0.001104464251216494 
0.0 0.0 0.0 0.0 0.3359952768694271 0.0 0.0 0.0 0.0015722032312154974 0.16635875442356715 
0.0013176806227200642 0.0020098637228169558 0.0021957687844532895 0.003426923564042699 0.32060380789139625 0.003729246674804682 0.0023891469557520677 0.005186015753419662 0.15568333900897946 0.004527344988572973 
0.0031590224657165526 0.0035341281679444948 0.004766644776255382 0.0022887981948069088 0.32352230395872916 2.434105157139095E-4 0.0 0.15830881158028673 0.0025742685807784963 0.0019804144175488625 
6.661724893832142E-4 0.004829973895275723 0.0019284567880339183 0.003086114415202454 0.3255108162443652 0.0015573692945033463 0.16125049895158708 0.0 0.00735052442622823 0.0 
0.0 0.0 0.0 0.0 0.3311941047496149 0.16814673854997494 0.0 0.0 0.0031064766467072667 0.0 
0.0 0.0 0.0 0.0 0.4993834342759423 0.0 0.0 0.0 0.0023367359693250776 0.0 
3.312465061469559E-5 0.005291323159517832 2.1341747106868583E-4 0.16121299972784606 0.014618830250947725 0.0 0.0 0.0016378283232357676 0.0022560685799892484 0.31597754989142207 
0.010516172399461437 0.015708637430267663 0.010504088505405585 0.1459664954730392 0.022397554772273846 0.012798360355883307 0.01435302369401954 0.011147185508496908 0.13078794442093777 0.12965611760396162 
3.221760681110718E-4 7.140998964676504E-4 7.672949596014303E-4 0.16469080560684177 0.0012615017779886585 0.007900786351992104 0.006348508886203499 0.007093985244964744 0.3168814646281499 0.0 
0.007718863261391557 0.0034540330063586276 0.002722188100868253 0.1551602440220141 0.007268951942517597 0.007233085176527642 0.0 0.1587997696675783 0.002425836187742448 0.15690223548733243 
0.01054162023498321 0.01598293584157666 0.016790702427930935 0.14643070863013657 0.01478550016130389 0.014885805440392846 0.009730119368170675 0.14055304937047516 0.13278938137434645 0.0 
0.022319864568310026 0.018401662536106977 0.021174766973059523 0.12706356498613142 0.017634332467235517 0.028103345117673102 0.01748685753780744 0.22278139698331856 0.01621940606255892 0.010029604635253707 
0.006029175837723011 0.0033353599728579474 0.003974338190531231 0.1496497418639379 0.0 0.010608352219761486 0.16511767628125068 0.009260514949131136 0.0 0.15385014545928974 
0.008215502725767232 0.011168844217686413 0.021010951111280766 0.14644654101762078 0.0078838924805095 0.0 0.15325057644673298 0.003218576544115632 0.1503732169606166 2.5593260382558356E-4 
0.02141228264270662 0.018502393251887645 0.019066146135250834 0.1380170508182611 0.00488604999777773 0.007402884071152929 0.14504369719237528 0.13389733380376379 0.008535399366846146 0.004618610606583594 
0.001599462610873871 0.009562176491604018 0.0063098743143537896 0.16075193612913213 0.0017846015124305655 0.0 0.30481858799371836 0.008812826859402057 0.0019165086988665577 0.004854483689767198 
0.019831739776092 0.017925416626379084 0.02779159300474684 0.1284272411768243 0.017722330365703625 0.12731395638216692 0.007627339399183476 0.00432535172294294 0.01705851711556948 0.13336519695176624 
0.004888607694619565 0.007364817057574651 0.007879535136537448 0.1620570612175524 0.0 0.1606983196560325 0.0011706803818094004 0.0013129699213684832 0.15670794415385125 0.0 
0.009670318452241925 0.0026708067720393426 0.007935930712898834 0.16321693946067578 0.0 0.1618484730851713 7.164873725741704E-6 0.15673030186259274 0.0 0.0 
0.0 0.0 0.0 0.16087461149680296 0.0 0.173222551065756 0.1694694780727629 0.0 0.0 0.0 
0.019257878602122174 0.015442507207190365 0.02554162154692856 0.15172236479853551 0.011265786361350491 0.27300336253498525 0.0029703038178166166 0.0 0.0015389740596589857 0.0 
0.0022626436999093427 0.002553107807887889 0.002704760994090717 0.1525050437110038 0.16841892851281973 0.0048767267901073125 0.010803117160665782 0.006099873619660067 0.001852581291852486 0.14950906405138767 
0.00771844707562861 0.014936225007989733 0.03380129377438029 0.12992959933205858 0.13537231305558522 0.00703797212982854 0.010910018999214111 0.017002587646271244 0.13861665421521643 0.005806740549145925 
0.014444008815428743 0.02173920650135078 0.017583505951088336 0.1506434409291585 0.1285321380239584 0.014271077683033474 0.01215688267304392 0.13580179855125907 0.0 0.007444216215293062 
0.004159731474203262 0.004547110064075178 0.010944155501022847 0.16004486898434475 0.1629769654941555 0.009071362647608543 0.1517788292618886 0.0 0.0 0.0 
0.0076546342106292575 0.019176117646380258 0.016121102541257263 0.14715808644099979 0.1437993941920341 0.15582972785856772 0.0 0.0 0.003863458286657643 0.00957956288714266 
0.005500886129016401 0.00504947874036069 0.006506387772408508 0.1554672861458184 0.31658905551725836 0.004196004248924967 0.0028861436987927614 0.0 0.0011580755184601712 0.00342742049926056 
0.004644608032890635 0.005240853888673243 0.005552157699732551 0.3130524488256133 0.0 0.004877403614851518 0.01080461648948275 0.006100720200897853 0.0018528384054684304 0.14952981391874504 
8.260601366907577E-4 0.008761262206367913 3.8143283330764247E-4 0.3187295020950597 0.002217299083833705 0.004983474024473589 0.005182178417568178 0.0 0.15985469741567174 0.0 
0.0 0.0 0.0 0.3356180301865733 0.0 0.0013052410921790658 3.0820639972669635E-4 0.16594538207442788 0.0 0.0 
0.0012996988809921613 0.0011784195330532946 0.0 0.3246978828633968 0.0 0.0 0.16059621901816734 0.012560666143026901 0.0 0.0 
0.008150503455890183 0.007720801366817164 0.0024857384112175374 0.3196042880077038 0.005690665925670413 0.1502331312798615 0.0023932688347676626 0.006202985974964106 0.0036660328130314794 0.0 
0.0030604556929891584 0.0035847481419810567 0.003706757224985323 0.3175762644702186 0.16151558072690772 0.012020864193941829 0.0 0.0016252841654430278 0.0 2.5592072569777805E-4 
0.0 0.0 0.0 0.5000504470251681 0.0 0.0019447298205550096 4.592087852779425E-4 0.0 0.0 0.0 
0.020759763493598433 0.014084354870805199 0.1402962005293635 0.012963371642851636 0.012554043480066916 0.020266060350606664 0.0 0.016360350239618703 0.018272572686053323 0.24644370941136504 
0.015375455727003488 0.005836520175313101 0.14579417310130657 0.0035759093490561446 0.01872949785863577 0.010263602923041343 0.010093178663317059 0.011255288443253885 0.13039368454060093 0.148995030447619 
0.01832147703517945 0.014798311786714032 0.13803593615527296 0.006478671855192472 0.011853926935078595 0.0219198780034537 0.016401361479571996 0.018295192568593764 0.243312634146248 0.013903264031713743 
0.0026032912380723324 0.005483959195504169 0.14682130743593985 0.02508250478950035 0.017594459055208685 0.012702188118797078 0.0143307343904052 0.12379160338982244 0.009810296263571156 0.14861708557353573 
0.01527942711881486 0.01850711377002717 0.14081481093130616 0.006609097440746794 0.02406988389157545 0.020902387112871956 0.017547590511767852 0.13170724079761553 0.11450070428673148 0.013918060678150504 
0.004223526796734213 0.006466673782775127 0.15250437659949212 0.010441629032716598 0.0 0.011523445259134015 0.01541841701641404 0.2945463225016859 0.00722027301391038 0.0 
0.0 0.0 0.1536871694699835 0.011375472576281917 0.011016283515076141 0.0177836461145295 0.15646376199621642 0.004376807241175852 0.005118660366143174 0.14458655473300214 
0.010561173675118506 0.005664223887227939 0.15510611243878086 0.01139557881501927 0.012833667382425694 0.012923560561605473 0.14310675337699175 0.0042158172910471865 0.15076634810051176 0.0 
0.006122688359714442 0.003754449092434595 0.15879808495840878 0.011879191254474716 0.005938028635188428 0.0069004453408720206 0.14825972814401586 0.15911426119746738 0.003108758817571895 7.298190639446087E-4 
0.004648475175292584 0.004925078208108931 0.1539172610380634 0.013383960237883973 0.005570593866560953 0.0170073587419916 0.2752073905035077 0.008640554937009675 0.008473180037913699 0.009961846217779095 
0.007980579151299098 0.008291694979987873 0.14974724830290953 0.02469720567421485 0.016775688837635982 0.13051909398159245 0.0 0.01466530423581692 0.015183192851281245 0.1335960768804527 
6.104340639785258E-4 0.0011675079164613308 0.1475597728394363 9.728827658635732E-4 9.172621901696168E-4 0.18414828374997913 0.0 0.002851535955844604 0.15407585386684514 0.009702138342285237 
0.004833101534798981 0.012687897141579542 0.1377555604079602 0.007733095736647659 0.015601567866194602 0.15337829340934053 0.012150677159808485 0.15141095650632394 0.007493744576725937 2.2589629531093337E-4 
0.01347360585123042 0.007552331488960741 0.16299744195641275 0.016711757066466243 0.010389772400633412 0.13997931722938825 0.139691011399063 0.004838740057645002 0.006954539907194063 0.0 
0.02403334874545665 0.01744260424097563 0.11182071475040041 0.034297701845831044 0.012046232206748254 0.24225467210856813 0.023018252236184478 0.014746982643863172 0.007725549018974559 0.012941674192055943 
0.009665287339496068 0.0 0.1638190390595377 0.0 0.15725355019884824 0.0062402821995633 0.010877418742958046 0.0030179862367104805 0.0061187750865349545 0.1546498584966466 
0.0 0.009000377980931009 0.1506241155883053 0.018868241991765566 0.15497176150997188 0.009793329793113108 0.0 0.008577802747170774 0.1508934162898266 0.0 
0.020258351517392616 0.014953046772751272 0.14000426997638665 0.022499936572102096 0.12736246186427233 0.013999539387784355 0.016832384312347085 0.13270881342654015 0.0056909780836690025 0.011924981461178577 
0.005797328985712508 0.003588351656515239 0.14946468590088674 0.015375403016928942 0.16314468138145488 0.008911237819237689 0.14523720471493703 0.015947388947490048 0.0 0.0 
0.005953799769236689 2.708390705577214E-4 0.1626307432078215 0.0 0.1754322841829229 0.1513761160549095 0.0 0.0058556918724677895 0.0 0.0018390299279435996 
0.0011174347410635717 0.012829454077054717 0.15280711609854936 0.0 0.30616035229876504 0.0 0.0034832206682322074 0.017363655415457275 0.0037061772528853574 0.0042889198341414594 
0.004938118377885948 0.006990162399643965 0.16438677198152077 0.14912801859000363 0.004971713661380683 0.008379112519860923 0.0 0.00702769833106935 0.0 0.15618887642577423 
0.008631086816499997 0.006959435200948339 0.15618929200596685 0.15713343868252727 0.0 0.01514208504679837 0.00515941016361469 0.005080356831765065 0.14505413044042134 0.003213159560286478 
0.0011403099229172085 0.00358280255567324 0.16459553732564386 0.15587326812109628 0.0014606613456441026 0.0012703738505757214 0.004809407129252956 0.1637314494793064 0.0 0.008777876103047469 
8.268431950358027E-4 5.379793636409134E-4 0.17290459978354242 0.15931005559869332 0.004998277480153295 0.012356977042466443 0.14725834851529293 0.0035304044881393415 0.0 0.0 
5.3132521378412E-4 0.015999134144587587 0.16803957485645993 0.1469795279954287 0.016126185907468536 0.15207039264105413 0.0027137589904467313 0.0 0.0 0.0 
0.008649736110172801 0.008796781980487297 0.16885245679073763 0.15539122684360274 0.15768105753924908 0.0027918546098933063 2.825666195479677E-5 0.0 0.0 0.0 
0.005216963406672911 0.010152710515911012 0.1616950736286497 0.3248020595048629 0.0 0.0 0.0 0.0011042722901846264 0.0 0.0 
0.0016360620541015882 0.0015566654176187974 0.3270825303467977 0.0 0.003020060859308269 0.002290587489337745 0.0052663381020218005 0.0024213173203687026 0.0018339014040496251 0.1576494415295115 
0.0013577556765650553 0.002596825102908702 0.3282092711203003 0.0021639308418903154 0.005374609911268923 0.0032361707087565908 0.0 0.0019622324336433065 0.15711571771106445 0.0 
0.0 0.0 0.3289260021382593 0.003173379951245812 0.0011724162392768335 0.0 0.0 0.16399689699497697 0.0 0.00516351595084664 
0.0 0.0 0.3228378111688776 0.006410590404084857 0.005400981552442054 0.0 0.16012547768255314 0.0046758112829317 0.003913969935482915 0.002308986081221915 
0.0 0.0 0.33175346724269666 0.0018604566983461395 0.004684580984164884 0.16366759160348662 0.0032726470236883526 0.002659786178149679 0.0 0.0 
0.0 0.0 0.3193329765782877 0.0 0.16969030314343977 0.006869290500111549 0.004630548403993881 0.0 0.009984315417194857 0.0 
0.0 0.0 0.3311950762710803 0.15834719127963356 0.007335187723734404 0.0 0.0 0.004532664889565445 0.0 0.0 
0.0023744138028153946 0.00225918561260755 0.47469426527448716 0.0 0.004383008683385071 0.003324325344264779 0.007643026649499415 0.00351405330382563 0.0026615376818143487 0.002750790680647926 
0.0 0.14882444739130377 0.022497047813542413 0.012650841832904111 0.016128614180676633 5.57945698268509E-4 0.00906983809595798 0.010371974135594137 0.004396337987839314 0.2806077916293927 
0.010507713256357682 0.14684488455038552 0.008663709018520682 0.007603407513596575 0.01138936881856239 0.00903906338967394 0.012780557575490134 0.015757963371227077 0.15160445287303392 0.12982265305193935 
0.0030198441727907763 0.14305194410145056 0.013614384406764327 0.020562493909268183 0.021493334217601714 0.016728992292182315 0.0017815100898121669 0.018268486297418174 0.2662012001393277 0.0 
0.016702430709107673 0.146001756174639 0.013788975720561468 0.018009999236649955 0.01071457632035753 0.01816930449712699 0.0 0.12709701007599308 0.003731771935468693 0.1474982958688495 
0.022132474800889798 0.14372741685162266 0.02197081005658734 0.011798435585363733 0.017646109273610933 0.01862759455076759 0.01584839491820024 0.13904009615326587 0.1109391545447106 0.0 
0.0 0.15413584921543233 0.012207117291997705 0.002783048458349085 0.01055188438211306 0.011924404953233167 0.006282740446234626 0.29059165165964684 0.0 0.012804876806678323 
0.011703486192615067 0.16562117241798072 0.0 0.0036438695700190243 0.0176715935438066 0.0054762759741232864 0.13989107325440067 0.005553852802052308 0.005468601608317273 0.14699522747482166 
0.015010655063331897 0.14185952366364402 0.01982403062268427 0.022752587419158022 0.013477382678866275 0.022697958608379597 0.1279849027295113 0.019699220140754998 0.11862976500111001 0.0 
0.024405884092343903 0.13001257040733916 0.018548830059729512 0.0049857093648158265 0.016276913192086514 0.0 0.13213317527987176 0.13593024226731557 0.010961787374534921 0.02765040470834847 
0.005362830300314406 0.16065770647018826 0.0069344125603219495 9.49122698636523E-4 0.007746380945548932 0.0 0.3075997671143043 0.0047738103704575985 0.007540130111427132 0.0 
1.4825413762607228E-4 0.15692248628032748 0.019430313627305164 0.0 0.008003085602452706 0.15577374561482338 0.0 0.0 0.006767710453860921 0.15765857297289995 
0.0 0.15028367417323388 0.01625984114854871 0.0 0.02191305407927699 0.1499181675613022 0.005926056631925767 0.002119711572815994 0.15835771474294752 0.0 
0.0 0.14992415668430467 0.015764855278777603 0.00825165755589123 0.006448455694655748 0.15490502645137558 0.009939479701724483 0.15189203518710653 0.0036478090693589224 0.0 
0.0 0.16413652513791596 0.0021618599363297138 0.01811458360691399 0.008016516281489895 0.15436896998258648 0.1388811525333544 0.013447443164642983 0.0 0.0024445157743907316 
0.01647451814277803 0.1340142385270642 0.005001498159061478 0.015342838539869145 0.013631053802549496 0.28344100155024177 0.0 0.018984392928652557 0.0069001320363351396 0.007166636778931226 
0.0 0.1588516288418971 0.020872634440610726 0.015002120507160413 0.13817507170385795 0.0031778536472686614 0.0 0.004710766090028117 0.01009362119166719 0.15113274029031384 
0.014583733622987267 0.15215745951614584 0.015512472761997565 0.006733554776725481 0.147474668821667 0.007124975049889786 0.0033362941430253234 0.0 0.155371578469185 0.0 
0.0 0.17638483428382662 0.0014297823686629963 0.0028702199944582647 0.14619241218374612 0.0 0.0032226465423086338 0.1624360621300844 0.00828714806106458 0.0 
0.01059762596624514 0.14997165874252807 0.0 0.012316645711476245 0.15680062619146867 0.01380112115960474 0.14817286535337545 0.0 0.011224934661609048 0.0 
0.0010725545744281896 0.1680085250785804 0.015192280984851692 0.009984684050384952 0.14693702506970133 0.15001636579817898 0.006447093476644114 0.0 0.0 0.004706979462358265 
0.012089081198600311 0.1509270762233041 0.021089329957077477 0.006250494575875202 0.2883287139554314 0.0 0.0 0.010709949409387166 0.007755028871903559 0.007483198528898812 
0.0034680202579426616 0.16172681004749692 0.009327785046810276 0.1583556347182621 0.015093695303518385 0.0 0.0 0.0 0.006653446290113271 0.14737690099988365 
0.014446750141054648 0.15481498562776427 0.019904757536411008 0.13565573870393852 0.0 0.020016326284536947 0.00889600180128016 0.0021777912066675994 0.13658336512718391 0.011301931152679042 
0.0 0.14659158650873005 0.0032273594059318515 0.1719546897690373 0.0 0.0 0.005140793797038626 0.16086855319463167 0.006085919487258302 0.008159008930022433 
0.0 0.15453859436330133 0.0 0.17295186185581415 0.0 0.0 0.16075057103202878 0.012572738432938022 0.0 0.0 
0.00263326458817118 0.1612176957100885 0.008275903313110337 0.1582222724843787 0.005562490138881238 0.14684930062539742 0.0097629174867041 0.006156057800522422 0.003638297746717732 0.0011996231708753062 
0.018904392983574263 0.15871971737755738 0.022056183254775256 0.135091380346704 0.14792778098636183 0.0 0.006538188001852818 0.002619885770892689 0.007774171191094417 0.0023403747746936084 
0.0 0.15402919740585408 0.01243479519760435 0.31993754185281364 0.0 0.007134947347542434 0.005389343285213996 0.004551350732202973 0.0 0.0 
0.0 0.1681014298417627 0.16548431352999468 0.0 0.0031608229591233885 0.0 0.0 0.016922343742993545 0.0 0.15321014190861468 
0.0031664198286763825 0.1584909941269995 0.16220995280639125 0.009203297711831886 0.0043458607794507765 0.003961207950224954 0.0019483961185640204 0.018989345476179496 0.14075269748738467 0.0 
0.0 0.1606556119402717 0.1610767268877564 0.005193288432371951 0.0 0.0 0.00322312349988146 0.16246010296388852 0.00828837457410998 0.0 
0.0015841253834341302 0.15892080919507015 0.16260459195951898 0.0067478991192502814 0.0 0.006323993042238396 0.15618032983887764 0.0 0.010635506786120982 0.0 
0.008591599529599763 0.15378404645814356 0.1644997752208445 0.005579728663173653 0.0 0.1594618325039517 0.0 0.003331516689642905 0.009427105060824838 0.0 
0.0 0.16183352572932716 0.15657941257337213 0.0 0.16920140414039592 0.0 0.013360378526955805 0.0 0.008683536883477705 0.0 
0.005597721150496938 0.14519107133085568 0.16063013334140974 0.1479403862527697 0.0039649435498247615 0.010868230967100295 0.0 0.007829466401635586 0.009422046583328434 0.009801559718327245 
0.0 0.13353391562005215 0.30621302658947297 0.0 0.012257528265255115 0.0074722312330201416 0.002036444846233813 0.014623656438577952 0.014533534561852355 0.011353965344974869 
0.011397893532162721 0.287258241732573 0.008570658313539273 0.008326194059641311 0.005804427848161922 0.00937356158314798 0.012937999017730155 0.012821693911317324 0.007479793033012385 0.1375529387801236 
0.0 0.2977378233072022 0.009855297810522624 0.004072778205187923 0.00406657431178795 0.013019187759320022 0.010001426483258859 0.01810173201765208 0.13907358988007823 0.006553613593112215 
0.0 0.3204602077068967 0.002597662983315882 0.0052146846939715745 0.0 0.0 0.0032364027148662246 0.1631294358745833 0.008322522538917382 0.0 
0.001078155300808326 0.3196313927019653 0.0 0.0018244847770682883 0.0073843891485025695 0.009666652590892739 0.15776157157031864 0.0044703837941654405 0.0068248247755312115 0.0 
0.0 0.3288323057410548 0.012407529078444241 0.0 0.004092176369429928 0.15361760723846854 0.001463486540234434 6.418590837428043E-4 0.0032216800356675403 0.0 
0.017232999191932892 0.29527948911433266 0.0013347030318483035 0.010942528208708802 0.14244396345482843 0.0018319389410800387 0.0045547168668230685 0.007336885717420283 0.00994505100571887 0.01085416886034849 
0.005248268303207537 0.30027717664706965 0.011944307366675873 0.15081484741897552 6.155901641711703E-5 0.0 0.0037069922389267136 0.01664642459335521 0.005500106673028988 0.010471581448589649 
0.011664055483586738 0.3025368120693469 0.1421396872757358 0.004540604358052987 0.003978079318990016 0.010904237172844333 0.0 0.007855405248443012 0.00945326161260378 0.00983403206611769 
0.0023368460928926155 0.4712056312666449 0.010425508071867134 0.0078120382599236385 0.0 0.0 0.004848404710314303 0.0 0.008356005799784528 0.0 
0.15357341412812484 0.008256415802958342 0.008313125019320196 0.012275632554077947 0.01599239899115953 0.0 0.009930580484656795 0.010454472731386567 0.004370278245334473 0.28156053380405344 
0.1470948722649627 0.0031892790635725124 0.014681164808098892 0.01711177828287998 0.011080914579403009 0.016966393076753385 0.004755229718017753 0.014845838409724784 0.1270459527928211 0.14545903026758428 
0.1506711265130101 0.0 0.019733243914051905 0.010262603020970934 0.004852767500032437 0.0041288413495132745 0.0 0.0016493158721034033 0.3104986649452155 0.0 
0.13110985582679782 0.032502422021168875 0.013865935290548675 0.00623628664446067 0.01690330139345216 0.01776204118502325 0.009981674926527337 0.12992725861945773 0.003814872569217571 0.14245008964672654 
0.14128447779118064 0.007912721350874674 0.005659746839117157 0.033044065885081894 0.010805789388266712 0.030961480534265402 0.022092701998601867 0.12681673510405425 0.11649399819622976 0.0069219312143731825 
0.14727510438451946 0.008769996410373994 0.0 0.006419199065210397 0.011594385426356456 0.015089277354608082 0.008265023162753198 0.28989843915205865 0.004190859367533083 0.011560242581637696 
0.1731451745339971 0.0 0.004669723692732177 0.012300415294220176 0.0017779010795131243 0.0 0.1619083387979585 0.0 0.005669384009302183 0.14960973257827143 
0.15348709529775845 0.011873303232663482 0.0 0.0020836433457044378 7.976460346260501E-4 0.0 0.16672329330812002 0.007477195218271337 0.15406659729158795 0.00629749128563393 
0.14298419983139868 0.0 0.0032620543917868537 0.01866670089178307 0.011197818049569597 0.0 0.14859203222408124 0.151724245710374 0.011444031849425971 0.015251752767110474 
0.1637406885505186 0.0 0.006156634004560969 0.0 0.0 0.00808190345052726 0.31803334598185357 0.00828572656966566 0.0 0.0 
0.1628057587017349 0.005870016862130589 0.01583369990591996 0.005312063797858927 0.0035556861038683334 0.14690690746277452 0.0024512478951960884 0.0 0.006373593849102253 0.15633326731060085 
0.13531751391604918 0.03528025900015 0.01840963334052912 0.012634028137124968 0.007812052725842168 0.1185921755026855 0.011321588988529191 0.0 0.15439987451397894 0.008095748038438407 
0.15681009783671254 0.006163557729569259 0.0 0.0081164271573082 0.0 0.15905625285126507 0.012083217525150911 0.1505703344015036 0.007452139877274679 2.2464213627504186E-4 
0.14845986419082033 0.0 0.02380267234530429 0.0071338813729855625 0.0064338710815402406 0.15909086189544785 0.1381293552064898 0.0 0.013778343292066226 0.005986913254309233 
0.15458809422917208 0.0 0.005137739760826725 0.015760779891004138 0.014002365866404397 0.29116197931111276 0.0015617487803863178 0.008403408974556402 0.0035653194981175103 0.007172322641934756 
0.1466727040194934 0.011666941437853073 0.02063961804759855 0.0050669945805645895 0.15383933193013305 0.0012435349628231187 0.00930232372660354 0.013877553685268627 0.004656775593048702 0.14930306426753492 
0.1406391039292945 0.018872299095338597 0.0207041175208237 0.013483360697148453 0.14068399322314784 0.012118275587084351 0.01231491242233506 0.01795907018725974 0.11848597527302027 0.00580599023273123 
0.1561560776706416 0.013027417668624636 0.014588592578768671 0.009516333954368005 0.1395876205218539 0.0 0.0 0.15613326431963714 0.0 0.012666258176497028 
0.15117419986253292 0.019408491574160396 0.0 0.013084735220353316 0.14619673236663405 0.011164082009671271 0.15033449895892778 0.0 0.01121813561956639 0.0 
0.1654654401895513 0.009334313905948641 0.00925934489282418 0.006294235760172448 0.14398349764576618 0.1470009416720009 0.006317502807587697 0.0 0.011984458096393851 0.004725718206124044 
0.1501458850426083 0.011444446529352349 0.020904871482001475 0.006195824432239375 0.28580683796387124 0.0 0.0 0.01061627450647572 0.007687199272632595 0.007417746502108912 
0.12680419674758048 0.034447514927857886 0.01769127961982659 0.14097914102211676 0.011037102991446161 4.0596404128649856E-4 0.01746268306135153 0.010284928648051054 0.006816349653085171 0.1369934293193819 
0.1601043138738877 0.011192944557216533 0.006815083115309383 0.15312323219588195 0.0 0.0 0.0051102316057227435 0.0 0.15763535355854313 0.008133707168325635 
0.16248132493608183 0.005427477151240993 0.012270152485462732 0.15143090728131117 0.008095480427762659 0.004908444975066485 0.008649789311329956 0.14287897832594407 0.0 0.006118032251452791 
0.16170283684961043 0.0 0.0014984722095758725 0.17159392326170306 0.0 0.0 0.15183713095201717 0.001574401531790455 0.007570000707009068 0.006049741770870208 
0.15789364077873327 0.014273970083331497 0.012997368674893104 0.14404661642019795 0.009135452418103344 0.1479139855310315 0.004055234776072455 0.00612846530211881 0.005096098182575459 0.0 
0.133665256533469 0.01821589648568799 0.019447466155436157 0.1451778386258162 0.13357949257940419 0.009887849924896797 0.015412126492313633 0.009283391244628866 0.009933870337894527 0.010965504119222392 
0.1728149171763626 0.0 0.00160144593523598 0.3198292836976704 0.0 0.0 0.0 0.0015990327856203242 0.004710796494118339 0.006108054235272531 
0.16443246996109678 0.002286374975294981 0.1458538026622893 0.0 0.0 0.008306479771431122 0.012034243818431338 0.009938412978871299 0.005665862018129613 0.1554591264962352 
0.16320574067748006 0.0 0.15107168633915646 0.004415098884398545 0.01493031862493804 0.011080665222341806 0.02087014761951361 0.002141037789475922 0.12368935481159832 0.009722344891015493 
0.15649288259736177 0.03187494512712864 0.13995189124324992 7.830467861528435E-4 0.0035715943488461273 0.0 0.004422247189127559 0.15653534562909754 0.002002412273466935 0.0078684729289502 
0.1562365341856763 0.00792161251455044 0.15630813676014307 0.006363498978467338 0.005361306591946005 0.0 0.1589492151940072 0.00464146333596391 0.00388521838336869 0.0022920245473472094 
0.15850617040599807 0.007484182379817964 0.16517044233428246 0.0018571330229989757 0.005280576782110218 0.16366759160348662 0.0032726470236883526 0.002659786178149679 0.0 0.0 
0.1658047460251325 0.0073824892668146605 0.15983940455686285 0.0 0.16956745181370766 0.0014994095187248237 0.0015616616854300324 0.0 0.0 0.0016422253249568166 
0.15272872646223268 0.0 0.15835965745471375 0.14778336144417806 0.007786480111441693 0.001511202974737361 0.004224420561836236 0.008264844511996371 0.017775043606123673 0.009713516456163937 
0.15315169224317474 0.0021295197758187195 0.3337149227573888 0.0 0.0031179003593605407 0.0043848658521226415 0.0016642959101665934 0.0 0.0 0.004575863381933919 
0.15147747433762582 0.15349250170074594 0.03099292433048562 0.011298193909876537 0.0033663840406281892 0.0031241833126632065 0.0070446492102008975 0.0 0.001288549306998228 0.14929904742204744 
0.14125082525484328 0.16624395457237756 0.0061470228172021985 0.0 9.363520595111145E-4 0.015014510128139615 0.002133419158351099 0.01422769508876814 0.15081936981783625 0.00490315400341489 
0.1717937499112208 0.16856358185053097 0.0 0.0 0.0 0.0 0.0 0.1674835571396042 0.0 0.0 
0.1395369793912141 0.16337478909673683 0.0 0.0071021222429465585 0.013937602698651751 0.0 0.14855944250957384 0.006548374952561128 0.0215116096871484 0.0020916748955349157 
0.173327265691218 0.14462217973530325 0.014703905201678243 0.0018655031989485414 0.0053043765617889396 0.16440524826135525 0.0 0.0 0.0 0.0 
0.15752620444154253 0.15385128035762763 0.001329855569174767 0.011553303990036923 0.14221192542446137 0.0018289547535207272 0.0072870339276055645 0.007367375545427928 0.009986379562053291 0.009552691393757706 
0.15630954611424333 0.16309119039492434 0.005396286892480451 0.15429568697162838 0.0033559029445505355 0.0017874998743055575 0.0038327623273205344 0.006374588157967077 0.005564751699967076 0.0026808680147505704 
0.15286273737797934 0.17102090100681736 0.16639874886743494 0.0 0.0 0.0043685453863685905 0.0 0.0051185716556908815 0.0 0.0029893608884147874 
0.1683078951744277 0.2871971817055675 0.0 0.00664926272747189 7.234877453375126E-4 0.010857759066444476 0.006433453479961196 0.004410913501785503 0.007322276625100045 0.00963214213243328 
0.31446918533687906 0.0 0.006894869601647685 0.0 0.0 0.011489710170110601 0.008642995385128374 0.004743741491249728 0.008822165954818904 0.14777503622985488 
0.3224365864442075 0.0 0.0064457193552587095 0.0 9.818513405281568E-4 0.0 0.004786378777631271 0.014353124508792808 0.15214897281865336 0.0 
0.31933848281527294 4.75780309482116E-4 0.0 0.0 0.0 0.011653576536078658 0.0 0.16310920225052444 0.005438069165039311 7.182419268152774E-4 
0.319284134975593 0.0 4.6601607149969406E-4 0.006349278737164169 0.005349325907467903 0.0 0.15859401812355015 0.0046310912546827536 0.007817702347174611 0.002304981196984341 
0.3299711643773044 0.0 0.0 0.0 0.004342145587417908 0.16173956871317796 0.0014394517812728153 0.0031398481206436953 0.0 0.002085198831892722 
0.3062134452236714 0.0 0.0038712381685401 0.0 0.15788607672091462 0.0013961163170013485 0.00145407997844305 0.020400490814903294 0.0049259481073485436 0.005187784277785676 
0.3208664040057697 0.010937549524431454 0.0 0.1576243477038739 7.294852582810115E-4 0.0 0.0038796327810547257 0.006452542336655062 0.0037690468632161837 4.122552329642097E-4 
0.3269544187852703 0.0 0.165482394875364 0.0 0.006931752843758497 0.0029287694956529964 0.0 0.0 6.998700043610806E-4 0.0 
0.3317179534801261 0.16502117287714124 0.0 0.003059024632726796 0.0 0.0 0.0015483548607963908 0.002128700525389507 0.0 0.0 
0.4794938707970812 0.0 0.0 0.006269284402508024 0.006837811550718813 0.0028890778909985452 0.0 0.0 6.903851461078656E-4 0.005112101884633529 
0.02279409070938544 0.031478501303269756 0.020586858160399645 0.02890492990275254 0.0283503729328039 0.025882567480679276 0.03049566104302267 0.022591750152278607 0.019625607037556808 0.27038310033470536 
0.022128619069258684 0.020368699116081614 0.023261818537860406 0.025976592194044423 0.029349013946134643 0.01984449376136047 0.024035590496372185 0.027005969398560373 0.15224019161116303 0.15637026619570124 
0.022584237383745567 0.027683427495699176 0.026037025098815617 0.019211067782351463 0.03055835866438329 0.022314351366483257 0.025280630342034146 0.03059315520587857 0.27052863302105307 0.03118067237567335 
0.01880959212036551 0.01820700532490928 0.019081028015412695 0.023963828338156138 0.029710223861032833 0.023129906898779983 0.023218572050936893 0.15722387486587552 0.029744894113113856 0.15938598293162864 
0.027160579189438542 0.027614910153175663 0.023056014127668802 0.028422436621313787 0.03119877931449034 0.02322255738413323 0.023271754989796067 0.14752623572637658 0.149066017800939 0.020632627820496737 
0.03351566908784607 0.01838647389324495 0.020455898104643617 0.02225376950287712 0.02419885710864691 0.021413188597020957 0.03279126271575915 0.27267715212278987 0.03007211901885904 0.025869091923603958 
0.02722129366994448 0.0322638637366216 0.029807630522266232 0.0332374671318395 0.028544510365664744 0.03506749354424873 0.13439614033685676 0.032298849772976285 0.02858333665200129 0.11969103247120008 
0.028031882655002165 0.027221210466783205 0.02898372666436024 0.027218360402839127 0.020104483237874657 0.029966954632547203 0.14766192987263943 0.01612247811296147 0.14396241249574787 0.03109200328719881 
0.02654629470694205 0.02625410655518997 0.027415377822512937 0.027945184411983067 0.029653148351601637 0.024047123362955072 0.1539929387410064 0.1370568818927338 0.024762390486700852 0.023813550736563886 
0.025426726948259083 0.029452216240776066 0.018417390824208874 0.021975168486197273 0.030953928126130924 0.02076079449076063 0.2668651896714279 0.03013865452286727 0.028360421662037016 0.028736291787741574 
0.031723996004002 0.016907248271894163 0.03380161369310988 0.03491622844796006 0.029468391344006285 0.11677583777925507 0.05097312539315199 0.027812661090639193 0.029297326177720375 0.1315100352653918 
0.02447538417588118 0.03212690891369652 0.019973699260264825 0.02247187450564352 0.03191857303697556 0.13829410845454349 0.034111244655853926 0.029028773546624507 0.15087760006183198 0.020801970001034426 
0.023686559695289346 0.018735347365590255 0.023080577423113615 0.022778178211768602 0.032936649407862256 0.15425702893067472 0.028389469733047637 0.14615425486087233 0.020581175743764432 0.033345661343041955 
0.015679877115503733 0.029379596909909753 0.023136053133823935 0.01882282501858854 0.026610706429306213 0.14922026116158899 0.16056382439663364 0.022863240419490918 0.02434150264611008 0.03173713503553124 
0.017897439557854097 0.031072447446328567 0.03015943148402547 0.028109056311101544 0.0270404971687098 0.24709863278151756 0.04015294067648225 0.026763286605699127 0.032651152849545714 0.020929070798567866 
0.029560332600364822 0.01446001022113641 0.028881612027197426 0.03180933917812031 0.14205801875317758 0.03266118726408451 0.025806504415546994 0.02187122030434279 0.026858599763478597 0.15193199856720271 
0.02098441806301972 0.027949266641578575 0.024826684283721416 0.0254687782650024 0.1512601572850092 0.029787340800721835 0.022738354476592403 0.029149317916468277 0.15095612999323368 0.020920205423703583 
0.015729883614991294 0.02114915502792139 0.021303047537699703 0.024018716191819146 0.16422573498482138 0.03257994889735777 0.02481258078885843 0.1584253863502742 0.021859700419860024 0.02689131223387757 
0.02408996504183168 0.020008064749472382 0.031247389162955788 0.02066286447143613 0.14792716024156868 0.027925032528802726 0.15164129338034057 0.024955724742953534 0.024108492508561476 0.02956777097145995 
0.0256416110938295 0.026756628913073552 0.021414567605818512 0.03168259919874896 0.1323137169003025 0.13346901826751148 0.025441282945691594 0.040721127924567085 0.023914302682173486 0.03955142434049816 
0.028718904492298174 0.023272677021425315 0.029398310034997877 0.033599357367888424 0.24997035929217393 0.030184724856049696 0.022735563776920473 0.028415607723923136 0.0257147613290074 0.029867708788988347 
0.025951075228582574 0.026872654563152337 0.02946563207555546 0.13884033096353898 0.022065865907304166 0.03502081839191604 0.02487430109928669 0.02997189453455823 0.02962400865038894 0.13893396121993412 
0.0202066577811019 0.025364882484698602 0.03532025387716373 0.15986048971009595 0.03541391621068564 0.02494800850908479 0.029390769441872577 0.017082475861114825 0.136971839889063 0.01664785376518798 
0.019173742994679537 0.023971209626129895 0.024935417667395654 0.15808763102976472 0.022556393810810507 0.026992064142409143 0.02487834020401385 0.14880347722988957 0.029681877099826885 0.027656903610265002 
0.01694566550881136 0.015157675942509843 0.0438040107780623 0.15040346237688956 0.033168986046767705 0.03254340075728082 0.14353576858331987 0.026754631254536445 0.016063406653279537 0.028917043869832015 
0.01987948373061141 0.02312447505865059 0.03165356277163544 0.146273721678503 0.020185057279539367 0.14500573282574544 0.012562436563732515 0.03151969026967625 0.031130287536767276 0.03968504671721384 
0.016842559908319957 0.01904320846333527 0.03737465854698702 0.15567393477291258 0.14502958467257152 0.02664383150707116 0.035517518539138114 0.03154777796243788 0.01979263939868213 0.018078103601932335 
0.03283645651862199 0.008698635251821586 0.03358783270605137 0.25948616872630015 0.028681690950028257 0.029555175501789065 0.02382454927761387 0.030537980170877214 0.021266519513989186 0.03537967384528599 
0.023524560292752506 0.02794887100908727 0.1557240737108712 0.022297495734106595 0.024251100986737585 0.02465331562785552 0.024700918008324493 0.017572482554270567 0.022341082990243413 0.15838603345484603 
0.02803776690275498 0.027392779710434502 0.14501912971879447 0.03016474730784381 0.03047313618197905 0.02656353538396784 0.02776393725200842 0.0252225925030375 0.1308274892030645 0.030674736239208356 
0.021333338284307318 0.0169814568236711 0.1596875704663659 0.024664663142157806 0.02957649268874084 0.029179355785269978 0.02183320372037873 0.14528462996685965 0.01437481007501134 0.03753962847858161 
0.02155432099615257 0.021362431811779065 0.16116440258667866 0.02915050032192661 0.015428845673507517 0.03613817304416435 0.14991970473057453 0.016890525481709162 0.027237216255678404 0.0329822069562943 
0.01899273614054498 0.015135772187535352 0.15067673479241725 0.02029702966647133 0.02816774409638481 0.13860006985873385 0.032720184124547316 0.03394784303133763 0.03332548040419074 0.03115507852349766 
0.01108553656887759 0.033991030450469376 0.15426634937023223 0.0361419961932108 0.12765970110220223 0.02694221843737492 0.03269578396205507 0.030634256698741803 0.0254137130527391 0.022420321445765966 
0.03264207797223506 0.036858585792683744 0.12900752894152556 0.13521393521644354 0.015102022141380688 0.037044762304044555 0.023401419033304317 0.03242063284912012 0.029543924824882 0.0318468012846985 
0.037959517803724266 0.026194993608772792 0.25368779762109667 0.03504350631821041 0.023188509936407878 0.0315339984389207 0.01657458389080805 0.03158966120920455 0.024146589626625824 0.021581244768161263 
0.025496369740551552 0.15169493227417583 0.02702711082499521 0.018441772193082816 0.02954964594913072 0.02812629930135329 0.02209040415580306 0.03259674386432833 0.024637957093958246 0.14594970505710222 
0.0022913423105181165 0.13609260682809088 0.023263830082648023 0.04209044366872126 0.026311339756701087 0.0248658418867779 0.03714207640274272 0.03559782365904851 0.14683022282290747 0.030589398508229025 
0.031637128337097906 0.14785803801756264 0.00966926629661917 0.026170898858057668 0.0402891281314685 0.03193490680427741 0.016866894536331212 0.14646008777073738 0.026782337094651942 0.025151070651136507 
0.028759687920146274 0.14114426924860293 0.01946107043752884 0.03133638595058339 0.04766684894693083 0.017772845200154496 0.14911918140143746 0.023497799065026956 0.021325766425237973 0.030038153094900395 
0.0178637689356387 0.1577351535431094 0.013044197903854186 0.0195334631016581 0.03682404002645893 0.14928083690039542 0.02345133180195642 0.028394473409080877 0.03373332457391384 0.025610483531237505 
0.02081634544206561 0.14234604861446867 0.027135389456791885 0.02475895994175353 0.15619626321399677 0.02872506033351951 0.022131115041186207 0.0275355894508937 0.022633574346060715 0.03053056835152834 
0.03732952222775733 0.14465234203300775 0.003350086788534311 0.14753334006882404 0.024461002938262644 0.031895493351315356 0.016835421393365364 0.034684579692127494 0.030870963348339782 0.02878244562539503 
0.029998539317549817 0.15790239392166988 0.15369537126252322 0.026457447686186464 0.02978995638350473 0.01962353691236158 0.02221912534804947 0.009903567358991734 0.029719963454779532 0.024753043723104894 
0.025112471814664868 0.26152613544150843 0.022479130060841217 0.030053498182547437 0.02331965901010634 0.02768722108824317 0.023266780122836974 0.026033390834309583 0.03231968603108033 0.03480468843156884 
0.14808116123271187 0.04022759611223754 0.014699517418871245 0.02807598745177244 0.031027034533970776 0.02132381473562538 0.02123063750744781 0.03034402022325887 0.020449027118666942 0.14801587918834472 
0.13877231766929948 0.0 0.030446311822911794 0.03360360460505077 0.02619304633096771 0.02475404728993369 0.03697508895561312 0.03543777903387092 0.14617008729885103 0.03045187131371434 
0.1459393299004766 0.02391753276994722 0.026579973107779032 0.026222432093145842 0.0481526147306283 0.03540428555289303 0.01838353893334916 0.12954300303386954 0.02411233336107275 0.023952942527221445 
0.13914787205381024 0.03359718173065733 0.016010116993296443 0.04094736682760064 0.022396020727060255 0.03093650351476771 0.1363862509392353 0.020513528914714793 0.03262494316251769 0.03043451516248859 
0.14878329083264233 0.023245804286489404 0.03085422621109154 0.03936516319263874 0.016366696189781826 0.1389723793741955 0.028700200321713366 0.02897597867146457 0.022479021917037274 0.026315683898117403 
0.13648671536680038 0.020940641663331046 0.03500170046044363 0.019591078752145663 0.15399076762339597 0.020025724388435577 0.028451245045133553 0.027457076648885678 0.021616958473026464 0.03701745221719913 
0.1592792297305123 0.015481097165334013 0.025541795015834794 0.14956739278432457 0.023618010878514197 0.021296429995487136 0.03870498392852391 0.021427524049724835 0.027192904627612195 0.027760296483322136 
0.15007680552610161 0.01375571887797063 0.1659757119018188 0.02318140817549131 0.02187506990432007 0.022426992476470214 0.024354632553470357 0.027248687085030365 0.028559945064340092 0.029293675689837064 
0.14582476553130008 0.1369028330076411 0.02946345312640341 0.02519661832545239 0.030614147602622023 0.026743223542549842 0.03460525721833048 0.023956987104807943 0.022801401449449848 0.026044942807204922 
0.2594395102306728 0.03110986829848621 0.030278572164296275 0.02589369355283609 0.031461101095571466 0.02934705768782825 0.022804718015272174 0.02401190498980505 0.022853670323540548 0.02448069439662318 
