0.0018003737774895466 7.637931280949512E-4 0.0016842043173029848 0.0013043981421054132 0.49488897974700835 
8.324118615470374E-4 0.0015246859945563691 0.0032382094138796724 0.08570569519713722 0.4088140398261269 
0.0 0.0 0.0 0.16528407807756543 0.334797760814631 
0.0 0.0 0.0 0.2495479133456991 0.2505339255464973 
0.0 0.0 0.0 0.33511113715555224 0.16523545688187366 
0.0 0.0 0.0 0.41617233258676645 0.08426674651040335 
0.0 0.0 0.0 0.5000739455453314 0.0 
0.0014264431619736666 0.0016568397182090892 0.08231499372558337 0.0021379147636839658 0.412747013281658 
0.0 0.0 0.07862862294498649 0.08676347375410862 0.33501656224447857 
0.0034685391188184257 0.005890307745837393 0.08551825088243986 0.16183666848280154 0.24366142899179402 
0.0011212230271835184 0.004561391389155963 0.08082617180416556 0.24625773427184292 0.16828486359757497 
0.0 2.348961049386442E-4 0.0864274278488944 0.3337336534155898 0.08182572149896475 
0.001009126755392148 1.6513293152959697E-5 0.083918649515529 0.4153831636876398 0.0 
3.135530203962085E-5 3.592081376528067E-5 0.16684925102581616 0.0 0.3334283150082809 
0.0 0.0 0.16505492262503627 0.08376944616003061 0.2514373068393909 
0.00699098156034594 0.006711903463484227 0.163606034000086 0.15732076590455762 0.1657966676669325 
0.0 0.0 0.16901364290519952 0.24760137194843365 0.08392871929309642 
0.0 0.0 0.16579592405653634 0.33412495238727646 3.92159792941466E-4 
0.0 0.0 0.24880605359027708 0.0 0.25141879931428524 
0.0 0.0 0.2537141092700706 0.07961881077885212 0.16707224428222928 
1.101847065281868E-4 1.162485570847896E-4 0.24821303260049546 0.17190191625652917 0.07980117495368541 
0.0 0.0 0.2500762604468907 0.2500762604468907 0.0 
0.0 0.0 0.33363177735533645 0.0 0.16722203675065797 
0.0 0.0 0.3344214807519752 0.08274799351285982 0.08361288767057909 
0.0 0.0 0.33156715095071865 0.16846606765079528 0.0 
0.0 0.0 0.4168279966782258 2.2078407574413201E-4 0.08358869718304565 
0.0 0.0 0.41730505684723873 0.08296987044538184 0.0 
0.0 0.0 0.5000634838280167 0.0 0.0 
0.0 0.08373438976665365 0.003240572618043242 0.006849538954251025 0.4063343873131097 
0.0 0.08578575061056128 0.003319961550105902 0.08520549759417817 0.3258509507837961 
0.0016344906319177691 0.09321313960521464 0.0 0.1617864042593569 0.24358575113320666 
0.0 0.08338983788710704 0.0 0.2522141525985108 0.1649181223729741 
0.0 0.08281303571032242 0.0 0.33417383273385587 0.08319791063461512 
0.0 0.08458924830613575 0.0018085213853821236 0.41425542426496126 0.0 
5.185227473527331E-5 0.08460724983285435 0.0848214158207245 0.0 0.33317564633186997 
0.0030700611567721567 0.08600601542534134 0.08485438128446195 0.08362466540143097 0.24537407923414903 
0.0 0.08393761461411196 0.08404279997102171 0.16776540637861392 0.1649856618938268 
0.0 0.08348747647692287 0.08444211579604494 0.2503998087715141 0.08204235101643069 
0.0 0.08207334023506631 0.0844652871595551 0.3356217064171942 8.550946531106364E-5 
0.0 0.08269260466646723 0.1674518296197814 0.0 0.251497367838226 
0.0 0.08804276326689768 0.16535645488035414 0.08061177456885875 0.16645899458025928 
2.7820251608751677E-5 0.08020426887926785 0.16703530094723962 0.16725331163205612 0.08564743487541533 
0.004401439152619958 0.08455268146698669 0.161259054219108 0.25021317483871464 0.0 
0.0 0.08461847211603622 0.24954378793468393 0.0 0.1665980501789437 
0.0 0.08258466658332184 0.24654805084489606 0.09067331967727074 0.0805629720759004 
0.006256991387517033 0.0834235581927972 0.24597841870699888 0.16525679106974323 0.0 
0.001250488288597979 0.08378565743330248 0.3307243890383593 0.00122392454393512 0.08357580529500824 
0.0 0.0833021648271527 0.33242844065653476 0.08458017003954667 2.455830144059282E-4 
0.0 0.08795696358254777 0.4102810568561428 0.001466723488529747 8.426019507788876E-4 
0.0 0.16705357752655417 0.0 0.0 0.33330770363851914 
0.003447175569134706 0.16855248660240016 0.0 0.08337051104766693 0.24673468974769894 
0.0 0.1650591278019136 0.011235900659831516 0.16100757574753866 0.1638488031333418 
0.0 0.16800085234299375 0.0 0.25050606465927056 0.08207716527161582 
0.0 0.16661534840512277 0.0 0.3357763206161061 0.0 
0.008184212538267385 0.16997136377908012 0.08175422300664142 0.0 0.24046698288633173 
0.0 0.16584464885842745 0.08900628655852913 0.07964950388592804 0.16670291705141102 
0.0 0.162831303244254 0.07878324541012129 0.17371553184521316 0.08581466709535045 
0.0 0.1661891503826394 0.08470217189082038 0.2500208265686429 0.0 
0.0 0.16725173527129378 0.16757240073436042 0.0 0.16784808008923577 
0.0 0.16310796006409045 0.17098849315360828 0.08444023890000436 0.08208300473799396 
0.0 0.171256584741666 0.16540394462775737 0.16574989504171336 0.0 
0.0037222793493950418 0.16663465254744042 0.24945235141563446 0.0 0.08207628326436146 
0.0 0.1673760624315791 0.24945823796479097 0.08472136520037185 0.0 
0.0 0.16476954355038953 0.3348244654673986 0.0 6.918431574754609E-4 
0.001752431885052865 0.24891494414895293 4.894399635907172E-4 0.001861766950137273 0.247624422795006 
0.0 0.2512235746956799 5.102442903071568E-4 0.08370992212928297 0.17069428440422757 
0.0 0.24953518174922903 0.0 0.16661982424376595 0.08411739177206043 
0.0 0.25090375365142653 0.0 0.2500332148145434 0.0 
0.0 0.2482815766159698 0.0848385013008188 0.0 0.16699383199951084 
0.0 0.2486415321540165 0.08103198166036682 0.08808374693131142 0.08273483732082322 
0.0 0.25247112408839867 0.0841192403065669 0.1657132227867523 0.0 
0.0 0.2491411821452419 0.16772996579955218 0.0 0.08328627566792923 
0.0 0.25146333270063764 0.16734597896246453 0.08199225786920278 0.0 
0.0 0.2496074921330777 0.250568736476583 0.0 0.0 
0.0 0.32854140384515007 0.0 0.0 0.17165023489368336 
0.0 0.3332962331166631 0.0 0.0827031247726416 0.0840859306281882 
0.0 0.33517397204432464 0.0 0.1650158916507968 0.0 
0.0 0.3342078124182169 0.08259834719292808 0.0 0.0832732917128194 
9.480431761824665E-5 0.33481208892986597 0.08277112269040654 0.08250717504656778 0.0 
0.0 0.33401710882688695 0.16647313307711842 0.0 0.0 
0.0 0.41680636168165464 0.0 0.0 0.08327333208428732 
1.7581436611329625E-4 0.41604906947329245 0.0 0.0838908093372775 0.0 
0.0 0.4163458176878997 0.08386623708362038 0.0 0.0 
0.0 0.5000057690149102 0.0 0.0 0.0 
0.08567226437402312 0.005646682954954024 0.005290772224486374 8.306505691573862E-4 0.40275316583832527 
0.08408675383168306 0.0011986682414481108 0.0 0.08645573951042473 0.32843986679970566 
0.08456092663030229 4.356872587215021E-4 0.0 0.16642302015633464 0.24900439105656097 
0.0879529291171477 0.007309059873018527 0.001046689085988302 0.2424987516451139 0.16186976076646162 
0.08292207317716202 0.002616412081179843 9.159080221075913E-4 0.3293690944555551 0.08475128001725406 
0.0837990874541438 0.0 0.0011740200146221848 0.4155240851372533 0.0 
0.08495426208448772 7.425184960852649E-4 0.08337881698588855 0.0016357307140914506 0.32937299406632975 
0.08340187938032526 0.005096198073379148 0.08430377600068635 0.08308203952959016 0.2442915689898583 
0.08344246729388734 4.085493283647233E-4 0.08395609345998689 0.16759232369854563 0.16481544706140192 
0.08379029715602683 0.0 0.0833487392043918 0.2494748393850886 0.08388333116355974 
0.08181072871725244 0.0 0.08419502208687714 0.3345478117093504 8.523585916309312E-5 
0.08286570236052887 4.5444226368221793E-4 0.16666433842996486 0.0 0.2502186942507157 
0.08491073325683748 0.0038688116370785073 0.16674023241463481 0.07985853951201449 0.16531848296743723 
0.08156330440429795 7.61934190015183E-4 0.16811088096688032 0.16727068660295014 0.08304947132138163 
0.0803512469951902 0.0018159484678811472 0.16825872018021598 0.2504259156432873 0.0 
0.08445948769665919 0.0 0.2490749355287986 0.0 0.16789602756524924 
0.07533543075372981 0.0 0.2595283127116594 0.08572351604832722 0.08113108299607692 
0.08073683055000226 0.009332453924385782 0.24511441359710634 0.16502279871983527 2.455318280502221E-4 
0.08496504092455216 0.0 0.33044784674612493 0.0012229011331734102 0.08350592159263352 
0.08213300081736487 0.00429262832986037 0.327937337018177 0.08585662282036588 6.265380294401122E-4 
0.08795923368047122 0.0 0.41029164587760586 0.0014667613434739147 8.426236976521406E-4 
0.08257503140294416 0.08496950522031495 0.0 0.0 0.33428727229862254 
0.08624106300378316 0.08518722517070855 0.0 0.08309355851455481 0.24591504984776855 
0.09045233122498275 0.08684149857765355 0.0 0.15730737770129227 0.1657825581533239 
0.08821636781558864 0.0806218059426135 0.0 0.24980022526870654 0.08210295139707412 
0.08317621322528607 0.08243300272660548 4.83270244182274E-4 0.3347226076753464 0.0 
0.08218847241031321 0.08132423314177797 0.0854628050621464 0.0 0.251590035829172 
0.08241620451156659 0.08484920783126956 0.07622858905609799 0.09063415542974135 0.1661567742379765 
0.08612947015962734 0.0866201434562835 0.08726716339220676 0.16438237085307358 0.0773713059612894 
0.09166089130950487 0.07646396007858224 0.08568874700065855 0.2477066409224023 0.0 
0.08129923841500274 0.08245028838209822 0.16591796661629277 0.0 0.17039808833494927 
0.09213425902190772 0.07045259183470043 0.17044220664422605 0.08417046306591566 0.08525796333438049 
0.08278165935395208 0.08411997296534042 0.16911181364004652 0.16508375620698346 0.0 
0.08394431939034273 0.08672491025622141 0.24655058660095466 2.209916134387068E-4 0.08366727080955114 
0.08560672455338524 0.08190069146555497 0.24655379883919243 0.0861954947651149 0.0 
0.08552620705097165 0.08552620705097165 0.3304495592010764 0.0 0.0 
0.08272981061387101 0.1688372034511368 0.0024024962604699304 0.0011345139237409303 0.2453340894608919 
0.07857993943904693 0.163968729701581 0.0 0.08790937770718733 0.1710957307117334 
0.07935256609947908 0.17293548078342788 0.0 0.16845796947653377 0.07984528192080956 
0.08636411255537761 0.16398256752926235 0.0 0.2494780740772495 6.358083967346224E-4 
0.08021245306780722 0.1714882891896731 0.08674461983949464 0.0 0.17056617630003304 
0.0812015455403574 0.16353988937404113 0.08323862613814274 0.08672759957523725 0.08545080495936261 
0.08451739861255582 0.1635469978904641 0.08456461659030849 0.1690877619288585 0.0 
0.08558633108098107 0.16506872905856568 0.16979193132049708 0.0 0.08152153698935927 
0.08255040149084995 0.16854731266530495 0.1651872019185664 0.08618195096316561 0.0 
0.08800112251059372 0.16075364845364304 0.2505185647983425 0.0016187981564267217 0.0 
0.07624260763651046 0.2500496896893351 0.006077562170751988 7.407146665868914E-4 0.16704279474807537 
0.08413825527326678 0.2508112353068543 3.398022720349308E-4 0.08392168620558937 0.08095999825447399 
0.08920549652565761 0.24725388791246394 0.003576576014163067 0.16021406691146164 0.0 
0.08281474274301812 0.25163922763750235 0.08295050737214361 0.0 0.08266822894044645 
0.08469817817522361 0.25047773097073867 0.08283760907330145 0.08257344941199159 0.0 
0.08480350674357998 0.25078921890798467 0.16725841581384512 0.0 0.0 
0.07721692608917893 0.33749207488423916 0.0 0.0 0.08561829041226415 
0.08459200966691949 0.3349189915120551 0.0 0.08097734677163664 0.0 
0.0764253365922101 0.3340322740954841 0.08962918556382528 0.0 0.0 
0.07674740671270497 0.424417956377122 0.0 0.0 2.116642160441398E-4 
0.1676350364676689 0.0014651662213884394 0.0 0.0016359687576372561 0.32942092684323776 
0.16642437287299466 0.004933867256392424 0.0 0.08305960530066746 0.24581456544879865 
0.1692938683335524 3.9082080524531645E-4 0.0018644069272921804 0.1617062574301011 0.1673352790556535 
0.1671432839768373 0.0 0.0 0.249481179456486 0.08388546294690888 
0.16583318339866687 0.0 0.0 0.3342000403364296 0.0 
0.1634392191867251 0.0 0.08542439611467774 0.0 0.25147696548865633 
0.16195666120854793 0.0 0.0829737319847623 0.08496717128711 0.17029034312940747 
0.17193474083186167 4.972968274733747E-4 0.08218156791714373 0.1630973319786177 0.08305029273446228 
0.16784023228975248 0.0 0.08554368424695265 0.2472872975581777 0.0 
0.16752827589330177 0.0 0.16850494152447443 0.0021848067207930213 0.16322905396846163 
0.16618055504267998 0.0 0.1671493636561152 0.08547009833389912 0.0826470610743365 
0.16751214177030485 0.0 0.16973040771291678 0.1634135240316714 0.0 
0.16553180236770673 0.00501593641586699 0.24637507960652472 2.208343005951092E-4 0.08360771227661726 
0.16495874926561352 0.0 0.24673570015532406 0.08858063682484474 0.0 
0.16768154049785583 0.0 0.33243817233264866 2.649017566925626E-4 1.2277949572994803E-4 
0.16711128001870773 0.08343868253780536 6.918816870998733E-4 0.0022547303543993956 0.2473943713305321 
0.16127784288689964 0.0802374144252777 0.0 0.08799132485357641 0.17159305935968341 
0.168487989460867 0.0836059943992005 1.9091481984132505E-4 0.16845586735599688 0.07984428556303902 
0.16729054351838454 0.08577380699473237 0.0 0.247292022959837 0.0 
0.17006547936107688 0.0849137146305147 0.08174587666848238 0.0 0.1657502720130732 
0.17155705545969338 0.08106072264430476 0.08452605163678598 0.0796336289955779 0.08391626786344772 
0.16753431527330875 0.08191992318858718 0.08503841071002224 0.16583130594601309 0.0 
0.16858474385383412 0.07803806323226352 0.1711218037716066 0.0 0.08311065441254557 
0.1651642731714701 0.08178909802177038 0.16175945388772245 0.09113457695270065 5.173166608707853E-4 
0.1644920608198917 0.08600348595117153 0.24917548580600946 0.0 7.487627127461332E-4 
0.16619779266477377 0.166589503271809 0.0 0.0 0.16780176850202252 
0.16541129272044533 0.16487120866128366 0.0 0.08399908479275296 0.08672446444624016 
0.17241842716824424 0.16281059618405835 5.081334565928878E-4 0.1652931638850427 0.0010173488622884396 
0.16802359673254774 0.16802359673254774 0.08334565491089803 0.0 0.08306203180234402 
0.1678350648959839 0.1702113054327014 0.08196147170054979 0.08250362817517833 5.955490176682538E-4 
0.1651872952871115 0.1616603599403556 0.17218261257506653 0.0 0.0011210480257781027 
0.1627105339206481 0.25094002681460764 9.340845968667426E-4 0.0 0.0855926167051928 
0.16531126942283733 0.2532035758579092 9.99332523364384E-4 0.08097795994906105 0.0 
0.164042815192336 0.2465363516855395 0.08965572906562062 0.0 0.0 
0.16141993886259973 0.3383769268640918 0.0 0.0 2.9599051285041035E-4 
0.24879196265322936 0.0 0.0 0.0 0.25140456040641856 
0.2517957879493249 0.0011413796351006293 0.001293091013961544 0.08294857874523123 0.1652650208561005 
0.25071278793082025 0.004157740421858714 0.0 0.17023250618604227 0.07603296418618923 
0.25038804231581546 0.0 0.0 0.2500608684201222 2.737995822751258E-4 
0.2503202277080057 0.003807553374436367 0.08147291520219276 0.0 0.16519680755553154 
0.2512063798489516 0.0 0.08405379698122875 0.08319045185841939 0.08460842242568503 
0.24536477987526942 0.0021641291219147035 0.08438207005699591 0.16872275838470202 0.0 
0.2563758907381976 0.0 0.16363282452918995 0.0 0.08044441478960013 
0.24867415980690766 0.0 0.1677094256254254 0.08402229440203118 0.0 
0.24947526087837868 0.0010202858926845395 0.24917548580600946 0.0 7.487627127461332E-4 
0.24877272728166108 0.08401456865492171 0.0 0.0 0.16780176850202252 
0.2440614399146793 0.08990637005673525 8.514954859715077E-4 0.09236931546804611 0.07382331986333213 
0.24530514207306717 0.08845844162067353 2.014452634300695E-4 0.16671700018733668 8.408827162144663E-5 
0.2521307426640838 0.08207306649121507 0.08369311334585854 0.0 0.0831202427659235 
0.24835466971934167 0.08910063719388524 0.08181816465260776 0.0806997704465031 8.893382708185299E-4 
0.2503739399866429 0.07534554984205089 0.17124193106484709 0.0036020552684001717 2.9826493391784444E-4 
0.24834571661914542 0.16630123306559783 1.2906514534640775E-4 0.0 0.08550054766437153 
0.2501032375717051 0.16865448082008325 0.0011792167003954511 0.08105956391992312 0.0 
0.24140082646153826 0.16904365345304478 0.08852630851400177 0.0 0.0012163253597454236 
0.250682949520292 0.250682949520292 0.0 0.0 0.0 
0.3340887989862576 3.241739362149625E-4 0.0017096198805732214 0.0 0.16579272917366294 
0.3333814509181171 0.0 0.0 0.08272427046157002 0.08410742987549243 
0.3337123689767487 5.174251194161592E-5 2.0144558198427332E-4 0.16671726382421923 8.408840459390754E-5 
0.334080578093427 0.0 0.08328667612741997 0.0 0.08301489105435475 
0.3385950463804498 0.0 0.08301259968977166 0.07791404762035423 5.920056986169704E-4 
0.3339112138456088 0.0 0.16669257363471565 0.0 0.0 
0.3299717920771181 0.08126851471597533 0.0 0.0 0.0888924412045675 
0.332269750555237 0.08189154030853589 0.0 0.08638693095998669 0.0 
0.33318434685346576 0.08212187857860416 0.08464083969581954 0.0 6.95095407968064E-4 
0.33192922666162517 0.16829783610669583 0.0 0.0 0.0 
0.416963228501054 0.0 0.0 0.0 0.0834671842221862 
0.41810026073111745 2.3130494070715206E-4 1.262053338006581E-4 0.08355562640197116 0.0 
0.4164349400253396 4.3344348148621444E-4 0.0832579165718364 0.0 0.0 
0.41041365828873233 0.08954875162685597 0.0 0.0 7.127166297914687E-4 
0.5004291195571327 0.0 0.0 0.0 0.0 
