0.013704725104220154 0.017360031970739705 0.010389922965129425 0.0142281198437046 0.02638778240346076 0.01854693270176108 0.007862325858734047 0.39166403816957274 
0.013555725856680844 0.011848497053625536 0.009325609419402766 0.012850396617473541 0.012772190746982963 0.006431106152675 0.14196993834085966 0.29298369882555975 
0.004616841295179263 0.004924309577546946 0.004862514299190918 0.003940375056616679 0.004627552945285759 0.006101863624627297 0.31766559242405495 0.15432287335550327 
0.005746756482996928 0.0064641617328903824 0.005896573468816225 0.00649069752717557 0.011203329442102518 0.011949332434585489 0.45080888728761437 0.0016481826237468985 
0.010653375725476324 0.011038316095102954 0.012381927377152775 0.012819460200264319 0.012587735873433417 0.1432963852892301 0.005384727234304758 0.2921534825653984 
0.00602389839097054 0.004424670327970294 0.0016225791487540228 0.00507717628972515 0.005761984164139675 0.16284381769373393 0.15652725901033854 0.1603456836908443 
0.008273082915429117 0.008824046319033324 0.008713313151281758 0.0070608988867166015 0.005925260665216191 0.16045460883841803 0.29852514851568757 0.0033635819755092793 
3.0603731623112126E-4 2.593736207472222E-4 0.0010921682520645191 5.291914673958021E-4 5.44908588456862E-4 0.32942021516526676 0.007898059186271495 0.1599704608066231 
0.0022204410170587334 0.0016324635830856013 0.001556805963691854 0.0017270804860406688 0.0018821739050534038 0.32936728280654465 0.16283077034495036 0.0 
0.0 0.0 0.0 0.0 0.0 0.5029447294514817 0.0 0.0 
0.018562981397916355 0.022043531582321797 0.017851021981732187 0.007873770679573818 0.14650491064873075 0.0 0.017315349044227824 0.27012112168579466 
0.002885031243907095 7.907874975611166E-4 0.0045335213298487 0.0019621201974831704 0.16071061389010197 0.0015460163677506098 0.16499180039264233 0.1628288737262546 
7.078496532388161E-4 6.245823051974609E-4 4.3843461488758835E-4 6.129534534081299E-4 0.16348671036471105 0.014826442264789214 0.31660379248966014 0.0029621222775820543 
0.008944827941646775 0.010529298011402335 0.010106595827001524 0.010629040476990035 0.1519347201279551 0.14933464584160921 0.0029374611695553105 0.15578700575648777 
0.007616286813056843 0.007036504224300196 0.006918093079388583 0.0072548062186953794 0.15767348682682306 0.15958928839905678 0.15463533414929048 0.0 
0.02355036306067573 0.030391622740541486 0.025264004099245743 0.014007644187052916 0.14922660889789327 0.24872584249193527 0.0044510299623253405 0.006582497254184179 
0.0 0.0 0.0 0.0 0.33461577907166834 0.0 0.0 0.1656928071577011 
0.0 0.0 0.0 0.0 0.33215044291849316 0.0 0.16791864914202326 3.3189191403828242E-6 
0.0 0.0 0.0 0.0 0.33238818664392084 0.16831345468850148 0.0 5.014734884055965E-6 
0.0 0.0 0.0 0.0 0.5000724109796568 0.0 0.0 0.0 
0.019471885415875405 0.010391824368918293 0.014116698781345383 0.14680869477427777 0.01519360330283046 0.0052620614731707935 0.00895140136472788 0.2800950504027951 
0.0024016604656794194 0.00222683453435447 0.0017062953860967794 0.16174626655131152 0.0 0.0033448197967131887 0.17390652629049902 0.15501892235386816 
0.01604812425505149 0.017486094787680345 0.013882951782567411 0.1428164009900005 0.01035218232355081 0.008243821273321105 0.28091428021891485 0.011281310458265813 
0.012762924756327915 0.012287937338037357 0.008740483271980013 0.15232015100787888 0.012442639224468574 0.15138540418073165 0.0 0.15136479699982655 
0.0155992874449155 0.016849303765070902 0.015186667208972476 0.15313772147095653 0.023584220310906734 0.13104255835795442 0.14163198140094108 0.0031356412478876676 
0.007039483097596177 0.006161706113626524 0.009234579918155964 0.15518550980601548 0.00450142667193848 0.3049233250385875 0.013400563667965286 0.0 
0.011821407234722818 0.011846496388720441 0.00823633922697719 0.1606323128580823 0.14803580727064802 0.0013118393468432121 0.0 0.15888329595329204 
7.019741256051451E-5 7.815600064373503E-5 4.29734251246299E-5 0.16565275638797944 0.16532708017937683 0.0 0.16908827878608937 0.0 
0.00649275665030827 0.005977896889172775 2.8830064722758637E-5 0.16946639130467075 0.14473019301544693 0.16833472451102413 0.002973236245155765 0.0052136036861352075 
0.01769597600303505 0.01579419055080693 0.01763968613167791 0.15610975219369538 0.269665706964979 0.00590920543058487 0.01076471982965389 0.0066485968216033935 
0.006285208324519333 0.005976501258755876 0.004520281103781674 0.31938521109654316 0.0 0.006689740843014558 0.002354797196851419 0.15496475692006537 
1.3662197115271867E-4 1.5058383138069254E-4 9.483055894303998E-5 0.33077103490428683 0.0 0.0 0.1690790413610446 0.0 
0.0027591683349314517 0.0037309855914073836 8.368507256440982E-4 0.32130859333723133 0.0 0.16933409454087772 0.002632381481221303 0.0 
0.0 0.0 0.0 0.3397089862721132 0.16079641278457857 0.0 0.0 2.01534991230888E-4 
0.0 0.0 0.0 0.500468546569099 0.0 0.0 0.0 0.0 
0.016750758827697488 0.01680559856499692 0.14695049801557247 0.02785499565292118 0.0037348464518768736 0.013912391981397465 0.01405332823446967 0.2604985074399145 
0.005606716120632309 0.005402507576248565 0.1614615416731565 0.0 0.0 0.0056930169060442105 0.16692369879684596 0.15507547540871433 
0.012310559238176193 0.014344781628560989 0.1544568964797918 0.01033121766040867 0.0064286993347341835 0.0 0.2985883201901112 0.004177730845784681 
0.012270173485076986 0.013205433320969144 0.1585175937577756 0.0058206992085619415 0.0 0.15920728356843256 0.0 0.15281108503425203 
0.0 0.0 0.1843367528548842 0.0 0.010075854249884948 0.15002305737997607 0.15521609369293038 9.203895695486483E-4 
0.01200734724243124 0.010628589677149122 0.15420869039569937 0.005382919880365787 0.01263212572546272 0.2974690068468604 0.0079031243084096 0.0 
0.0026579808845608043 0.004318950048662516 0.15988904248668892 0.0 0.16900449803695025 1.7200199805314067E-4 0.004170764114917973 0.1601297185375462 
0.0045015107530373775 0.004334407392024007 0.1618321545221124 0.0029782065480560495 0.165401764043362 0.00903516315678645 0.15228407939678568 0.0 
0.013099599422181904 0.01585059316087125 0.16169713401318184 0.0 0.15624905578919981 0.15303128297572174 0.0 7.992382159963325E-4 
0.0 0.0 0.16950405663787538 7.088637480647641E-4 0.3305813134475164 0.0 0.0 0.0 
7.862146102953154E-4 9.055916882618516E-4 0.16732689131745176 0.16716032510197357 0.0 0.0 0.0029491713225713373 0.1636989027563774 
0.013548400924810751 0.02875554644829341 0.1456482925094996 0.13823096880821914 0.00830310869913675 0.009502818396056142 0.14712326404338502 0.010120990926171995 
0.0 0.0 0.16469312491617152 0.16538698839278113 0.0 0.17007840129040502 0.0 0.0 
0.00656903991103829 0.006183180699157987 0.16427623934624136 0.16306204379781086 0.1592792098815401 0.0 0.0 0.0021441284839161493 
0.0 0.0 0.1662525377958968 0.33401180455029333 0.0 0.0 0.0 0.0 
0.0 0.0 0.33647770444135683 9.5069536625896E-5 0.0 1.7236165288182052E-4 0.0037881777443025304 0.16028037007887025 
0.0 0.0 0.3328170291961779 0.0010523798221942573 0.0 0.0 0.16675341571892313 0.0 
0.0 0.0 0.3302014002341156 0.0 0.0 0.1701408960772686 0.0 0.0 
0.005279706340481449 0.0052681122022391474 0.31784671126165254 0.0031852338856876218 0.16378091979869042 0.004374574391744716 0.0011369945860658438 0.0010595995743977226 
0.0 0.0 0.3352778934796368 0.1644150718593809 4.5473735061692995E-4 0.0 0.0 0.0 
0.0 0.0 0.5002748708777922 0.0 0.0 0.0 0.0 0.0 
0.0 0.14864945869475915 0.02569599476218464 0.012145268146057289 0.01569896871009076 0.013313828407193829 0.012342613434175325 0.2725230443628953 
0.0 0.16522352465827003 0.010303562973172094 0.0059756929661624585 0.007322384175154119 0.0 0.16011349605401679 0.1561028245214362 
0.0 0.16147784922123595 0.010069977575315659 0.005840221904103308 0.0 0.010955008646906185 0.3142977454304922 0.0 
0.01214796592392233 0.1638034710279037 0.0030080224414850685 0.011026778756499185 0.0 0.15063698172876977 0.0 0.16241623368008187 
0.009730811397812116 0.16368334596448558 0.011073699600418123 0.0 0.010084113606434799 0.1501460339426446 0.15534332707962806 9.21144029213421E-4 
0.016672208289604598 0.1511345761399681 0.01693256766669437 0.009756938704011377 0.012966166841011406 0.287148863849079 0.007306206687161916 0.0 
0.0 0.17059953723952315 9.082754400552309E-4 0.0021133921864685003 0.16004854822391257 0.005755607528046903 9.442689008830289E-4 0.16025103150808387 
0.014947403620767357 0.16608720138335864 0.011186053047691278 0.0 0.15727065854991878 4.316613450501655E-4 0.15030887262224277 1.2669851321765258E-4 
0.005363251788098735 0.16348715497007502 0.009260952515555377 0.019357680889474045 0.1571510785037158 0.14584697226496932 0.0 0.0 
0.0 0.1707406957922426 0.005120372946580857 0.0066930434364072845 0.3155743246498287 3.074326514679274E-4 0.0018842240313060189 6.641214111560197E-6 
0.0 0.16569601304767087 0.004359771964193537 0.1673288925731483 0.003717929203501456 0.0 0.0 0.16060989250008334 
0.0 0.17066163893368935 0.00449042686725574 0.17234345306351437 0.0038293491776801914 0.0 0.1502133945385074 0.0 
0.0 0.14816202857224 0.0 0.16144904403440863 0.0 0.18630524660068384 0.001055603293340561 0.0037917491631884338 
0.006014067109739049 0.16467482876363296 0.004310696643487665 0.1653837343655672 0.16111560231301378 0.0 0.0 2.019350490288213E-4 
0.01503009806172352 0.1568677604253816 0.021000504107228785 0.30352789046741624 0.0 0.0050505272739277424 0.0 1.2701382850658388E-4 
0.0 0.1638140992121797 0.14909007024567988 0.002722783098190047 0.0 0.0 0.0 0.18508017813821667 
0.016073624503969805 0.1610358692366998 0.15323993206328893 8.521220233925617E-4 0.0 0.007211861948053663 0.16304325583637172 0.0 
0.0016254876462062167 0.16332729550090236 0.1703790445611928 0.0 0.0029147995759432562 0.16041315487916796 0.0 0.0018950840511178953 
0.0022073478612902294 0.16656239843336895 0.16167850328870476 0.0 0.16255237531495587 0.00609471444276171 0.0029599389904437757 0.0 
0.011907169366911843 0.16905982599590275 0.159632669476976 0.1571122080014517 0.002199063623457859 1.2342567892781743E-4 3.003360749345869E-4 0.0 
0.0030883235208859954 0.16707466859425313 0.3265132832538925 0.0 9.04807528404383E-4 0.0022269963535754226 0.0011371602688002925 0.0 
0.0 0.33593614880965267 0.0012568364940288535 0.0 0.0 0.0 0.003406997078073025 0.1603732292488182 
0.0023647464974162137 0.3338772659581161 7.163708598557436E-4 0.0010654749379163826 0.0 0.0 0.16882838449905987 0.0 
0.0 0.3391271147423804 0.0 0.0 0.0 0.1630286333266522 0.0 0.0 
0.009293361731862524 0.3236455508951369 0.0 0.0 0.16377756925791848 0.006140651681174191 0.0 0.0 
0.0 0.3333651997322914 0.007434883580673292 0.15470924987229617 0.002277809813259465 0.0 0.005979741044390273 0.0 
0.005757769833654544 0.3170720785849191 0.17415280873567363 0.0 9.053656717254488E-4 0.0022283701077737087 0.0011378617421955587 0.0 
0.0 0.4938977013841587 0.001847817383202493 0.0 0.0 0.0 0.005009011478655322 0.0 
0.1570792662691622 0.013040305116932868 0.014860261873080738 0.01188832837808683 0.015840365640502826 0.0 0.006368994571680531 0.2819338121154383 
0.1548231683708896 0.012708952976850693 0.02952793029116651 0.02689966029749747 0.017190713986135978 0.0020996542609949633 0.11823009416994211 0.14030123234174535 
0.14151890623353786 0.013948806096108254 0.019910679673535644 0.028007344810598248 0.007978164257089408 0.014479591309647733 0.26661613134753037 0.00842054299923205 
0.16467055319643426 0.010936899092952248 0.007762299237708292 0.009684603770220825 0.0057001853554358465 0.15521331458794493 0.00866020055115162 0.14005633255931152 
0.15704780481987018 0.008864976647672704 0.010594684596615483 0.007852357380983032 0.010077115289266894 0.15004183345383187 0.15523551969910357 9.205047605255272E-4 
0.1478564153797873 0.024174170965424097 0.017358771005196942 0.010002526965110968 0.0128973468965305 0.28437541679724265 0.007336537630453473 0.0 
0.16262853259034388 0.008445606303065704 9.108022290079432E-4 0.00211927156599812 0.16049379741343733 0.005771619417036363 0.0 0.16025103150808387 
0.1815427804895973 0.0 0.011217452999860027 0.0 0.1577121271479096 4.328730455069652E-4 0.1507307990506939 1.2705416388710005E-4 
0.15940161180377335 0.00779143257758213 0.00510053110285365 0.0 0.16458754625899885 0.16374317960927062 0.0011001632212816453 0.0 
0.1616496865104226 0.0 0.0 2.9390379793979186E-4 0.3325799498094948 0.0 0.0 0.007381026261283401 
0.1683169128263481 0.005549176018678764 0.00699452780370508 0.1636661276131594 4.666068783160207E-4 0.009000588289258689 0.0020605893585986575 0.1451689690787777 
0.1642447233375178 0.006416915596171565 0.00449042686725574 0.17234345306351437 0.0038293491776801914 0.0 0.1502133945385074 0.0 
0.15550960264797453 0.0051269367005246005 0.014949857440894046 0.15889332988332017 0.020876420921899067 0.13599744324628457 0.0042453419313624565 0.006928638717004225 
0.16094826100814133 0.006505632819402991 0.010760732893751906 0.1499137716898496 0.16730291611255557 0.004835341053428806 0.0 0.0 
0.1623140278176044 0.0 0.0 0.3250450116531276 0.0 0.0 0.0 0.013109542247983568 
0.15369458187055818 0.0010183744259563681 0.15967597271364653 0.0031695470248280667 0.018786609456584502 0.012579035062697958 0.008411492735392365 0.14430795136337815 
0.15712851463604213 0.009755360767618505 0.15832660641474097 8.646980019910378E-4 0.0016724259087650055 0.003133597294773203 0.16586883080561976 0.004113453558219395 
0.1649105840796368 0.009167438364102437 0.1592789667157802 0.016508904424452717 0.0032033385916402203 0.1451345206719078 0.005215955290476951 0.0 
0.14669152043794018 0.0 0.15182736986032588 0.004125853231204555 0.14862974292597977 0.030342777908303815 0.01576974505931934 0.0037791289384456013 
0.17554741074373456 0.0032554451402898436 0.150257113780988 0.1594090155637899 0.0 0.0 0.008598412920101165 0.003100863198485103 
0.1610074840912116 0.01814712982109091 0.27435285228617395 0.004113092995960927 0.012306233977140228 0.013254729985137966 0.005889229112056901 0.011096084781669069 
0.1473001644218639 0.15246659677216773 0.014682008312040643 0.023978445842024125 0.012326379600955756 0.013949772658780005 0.00843213900744355 0.12874870535153152 
0.17916654096670298 0.15099620321121848 0.010186002085457412 0.005833905773437424 0.0 0.004025423504772508 0.14650709982471288 0.0041131649046513615 
0.15524703222799563 0.1646245051220941 0.0 0.0029078484595058966 0.0038370878261248676 0.16776503054938352 0.0 0.007411398490330842 
0.1624296360214012 0.17527265901278638 0.0 0.0 0.15984657405300548 0.0 0.0027760482652968844 0.0 
0.17104428121511542 0.17438812200020412 0.004412070102224319 0.14217147937285224 0.004186691447258778 0.0 0.0 0.005294327122273936 
0.16146681429079943 0.15987698325247704 0.17325927162338384 0.0013259520073165812 0.0 0.004442366031778398 2.4798181586035432E-5 0.0 
0.1755394677887902 0.31735865854356266 0.0 0.0 0.0 0.0 0.007333304202827431 0.0 
0.32616022302810405 0.0 0.0 0.0 0.0029862917439054154 0.0 2.156193758947729E-4 0.17273929607015576 
0.3319548230220543 0.0 0.0 0.0015230152364740332 5.379369892763636E-4 0.0 0.1660361529607753 4.060304095585914E-4 
0.33184726654974156 0.0 0.0017910659849544662 0.0 0.0030547605978699655 0.16006046230405313 0.0023847643094746947 0.004445089517847015 
0.32985507877396275 0.0 0.0027228578965482614 0.0 0.16585232431902547 0.0017244263431158617 0.0 0.0015717664611853825 
0.33279937716582725 0.0025640741135966026 0.0 0.1658348628710616 0.0 0.0 0.0 0.0011636033727671247 
0.30844303401966033 0.007687850373765259 0.1626455078166281 0.0 0.0027335301120803065 0.017942048039475085 0.0019459536007560968 0.0 
0.33862583583009687 0.16039224084583903 0.0 4.001216197861269E-4 0.0 0.0 0.0010971669963643768 0.0 
0.5006277184140036 0.0 0.0 0.0 0.0 0.0 0.0 0.0 
0.023695187622875393 0.03394151813886494 0.03515198337266111 0.033682173971125155 0.03394918484550506 0.030992679122522324 0.023099724838972345 0.28598899840207864 
0.03193663714452515 0.03280799220740346 0.027837800726684958 0.03880251975624235 0.0351112500183546 0.02837151861101151 0.14937386367857908 0.15686955438283223 
0.036077507633730466 0.035536312646078747 0.03273816907320436 0.03696011682155204 0.03768081182194972 0.021303375233764858 0.27786536716205396 0.02264727046929464 
0.023909891938283842 0.0329920467683283 0.0250998413950055 0.034490298537507166 0.02940144173713263 0.16350151054225007 0.03504599761537827 0.15693044438139342 
0.03152232830856808 0.031566225417200895 0.03980336818303949 0.03392672786882148 0.03485142376774168 0.15168125195789062 0.1459664105176451 0.03332573646653292 
0.03277625557081124 0.02662650538502183 0.0322483094425482 0.03482201520670563 0.024681606468543196 0.28313011188795134 0.03439885039033906 0.031789384227542176 
0.03751315269823865 0.03317848010811678 0.03360004563535273 0.04530430635756347 0.14754109256592937 0.026694967757040063 0.02634544529465942 0.15037277601791732 
0.02521955724523183 0.028243083791162686 0.02881231785369244 0.026969501667043927 0.1673717525412416 0.030915246151374382 0.16490525896364153 0.036878736178034756 
0.035279395540265185 0.03476319937937991 0.03530805848932154 0.03801210517066157 0.15368205093760973 0.1485037348383923 0.0283659180557103 0.02680652592831251 
0.036384821683464595 0.03724809988464103 0.034486354269406286 0.03956076140798198 0.26467188867042324 0.027500147548176875 0.02829251399779524 0.03252999198623407 
0.030717332969027046 0.027826813949398628 0.030659134003934455 0.1530132090287986 0.02580028225544055 0.03006960516064527 0.029433041934119268 0.1729035273032197 
0.030966579880961704 0.030783263512282968 0.03270722541596252 0.15978798165527572 0.03512378401660583 0.029260884425261147 0.15055124696944117 0.0315354813938975 
0.033667973781939184 0.03473709721126879 0.03342858090094736 0.1557300186502183 0.03589809925513893 0.14665612502376532 0.02736835189334501 0.03307216812889666 
0.033015296847145624 0.03170374458933634 0.030311493058040883 0.1550282015383837 0.16317945303183057 0.0275592532921477 0.027610845501346272 0.032109664684180375 
0.041887127074440506 0.04136682771123151 0.03955953891045114 0.24891954991574816 0.022937716519847728 0.030996204201650796 0.03803379508936017 0.03674910188192222 
0.04122299113788334 0.040548490158598356 0.1406165490587037 0.029480966233420836 0.03255767940439315 0.032741015373071496 0.030268685826489797 0.15347787964691864 
0.030537234955150285 0.02805733265652347 0.15541605656093246 0.03211720748796687 0.03026306930316046 0.03284888889581133 0.1556425235046551 0.03784224954850379 
0.030884853197620177 0.029489691553437062 0.14381915186103025 0.0315266725862372 0.034101995928107996 0.16074069072069544 0.03458436582872555 0.039740925090586965 
0.03946329377354928 0.04015692110254031 0.15074922106665548 0.022432110516000865 0.1439976001838997 0.03324539190701976 0.04411592044581029 0.030542675182543395 
0.022878112725149932 0.02332391954127737 0.15104759575555704 0.15643383033178318 0.043162684902311226 0.0407519551293508 0.027583269755830635 0.03490639172371491 
0.039932996288150883 0.032686833647530535 0.27620063742551476 0.021041600551093755 0.02911654557895634 0.02698546770834069 0.039945383634527945 0.0349610268190006 
0.03680688197358195 0.15043935166440536 0.033309296434560993 0.0281624952638872 0.032011552934193 0.028007605466805204 0.039911163310335146 0.15304201861487438 
0.037187342090830355 0.1599544608090322 0.03378281029861739 0.022710133590223985 0.025867174256206372 0.024610781984763 0.15451786043357046 0.04185378598330626 
0.03048767450140525 0.15744700359706745 0.035643803377165016 0.029577319237529348 0.0345083894548284 0.15809112878465012 0.024946140466051137 0.0314941826989782 
0.035699822882536036 0.14466293136274355 0.03357371737827134 0.03979798314228065 0.14545763025704536 0.03205984419717202 0.03549717301960454 0.034581978933230506 
0.030778039363858044 0.15410704743164494 0.038363620391798636 0.15351087191418475 0.029427613372856796 0.03990769118646181 0.027124960055707695 0.027634519380467678 
0.033164267651962426 0.15022759065818161 0.15499167379409684 0.026366133700659995 0.030339273784265167 0.0450136844586633 0.029333585746015734 0.030789835796889257 
0.022648790444993197 0.2778439026696744 0.034863278482644824 0.0329803688301878 0.036100418493469975 0.03158923718244964 0.03467256013405057 0.031001895777193166 
0.1533113055244039 0.02679237554285088 0.03460955302184388 0.03536508575611791 0.03398392138412922 0.03415269509077269 0.028811609104829262 0.15451921798325838 
0.14309829140938377 0.04404939645102354 0.03584206214580255 0.03909227371131563 0.04107764708512412 0.035777515607465726 0.12563265073014643 0.03753616120385339 
0.14021826336544574 0.03712903787937111 0.04591408743328713 0.03279437966789744 0.03116761367230017 0.14625753366657437 0.035128029990497786 0.03246806460625106 
0.14736766363960108 0.03173620867847399 0.03927826949495984 0.03110136845967479 0.14731391527776824 0.03663387937441608 0.03296792901413351 0.03519641205244262 
0.15543612194196027 0.02732743910654436 0.03279454442027697 0.1482226398333412 0.031651601163975446 0.03461707202414969 0.039033007390740435 0.032224260256659205 
0.1600515061583454 0.038185210141681816 0.1522071522749674 0.029898084892026198 0.02440637498771103 0.033370407480401966 0.033518562457178054 0.02891862887644088 
0.15486121295031846 0.1561520208074878 0.036025884095989995 0.04050388632531168 0.03775510110677061 0.029167927136473825 0.043575903324175956 0.03460747088091024 
0.26591895332652293 0.03389943484138694 0.0251341575402797 0.03792610197340951 0.03535225738812484 0.025977863524710657 0.03586843741426265 0.0422240852059153 
