0.019661668662037595 0.01795950611602345 0.018323682687455912 0.01306317015989403 0.01557019038650948 0.02322195966515019 0.016901458029938022 0.016327874329514668 0.01820015869446237 0.3415372316769923 
0.00810935426164643 0.009404565846972152 0.008174812630422886 0.01424291486149512 0.01202261633435651 0.005073259361711781 0.012225679230101984 0.006039101678555902 0.14402953003678748 0.28121882673753634 
0.014942597643647146 0.018080574357955452 0.015927501596667126 0.019042906705115242 0.02132523746769192 0.01732335687975061 0.019038859693411722 0.022273936331479765 0.22354813568849521 0.1292830469532527 
0.0023847716962369673 7.658914263317548E-4 4.794127773957694E-4 4.2450552344016766E-4 0.001266279886245358 9.611391912458903E-4 0.0 4.3061149616911384E-4 0.49641195914644404 0.0 
0.018234918207142053 0.017756705697060452 0.021184638071034594 0.0015172836964814206 0.005916311594140837 0.015138385952114442 0.013040333286194609 0.13323886052232228 0.018284795107447713 0.2573511044849461 
0.01236683678253737 0.015180983604815748 0.00467170785586962 0.011174243588467154 0.011112556686796475 0.013960941089878338 0.012041094200502814 0.1493060264939222 0.13085636338204576 0.14147723825650152 
0.011929117803634374 0.011005933143284751 0.012853927169262118 0.010011530058169085 0.012582460941333468 0.011982351950810967 0.012501069814073206 0.13572173882030217 0.2792047432125716 0.004357548544083496 
0.003906333697686995 0.005913529951530133 0.005970141023008131 0.003831897675648115 0.003495356335995055 0.0020274996487093665 0.0038740313608786256 0.3149020933558214 0.011424575864091202 0.14507354293504837 
0.01533124795965162 0.0166341862440482 0.013271982724465807 0.01386269026135825 0.02209404582041671 0.017441057118427875 0.01635788294017073 0.2544117494512927 0.12038773926489656 0.010465554785657319 
5.991670791145709E-4 7.106250492795083E-4 1.222657803608236E-4 3.163118791918658E-4 0.0013779870889665553 3.4303401481941786E-4 0.001235056316508792 0.4957424970649482 2.718347810751304E-4 1.0752443391483714E-5 
0.01569700105394399 0.01446478355634083 0.015599798116003016 0.01559160192492996 0.014921078295947698 0.0216909228759116 0.11756929161833239 0.009187337565263881 0.009767582010499919 0.26623426874338696 
0.011428897238506139 0.012673744298631523 0.010393074205426671 0.006236719542382308 0.015302636489816357 0.01534485324537439 0.14277656532580138 0.012658119773219526 0.13791851649395392 0.13971488172964897 
0.00992311680094266 0.009760557379337046 0.014101461412589214 0.014364320754675019 0.013843469797909444 0.006195237272226766 0.15453755681084097 0.0 0.2672527979216928 0.012526000225142964 
0.0040430598017643345 0.003946592141129382 0.005989223512889702 0.006375042616557097 0.00551814197054621 0.0043799859028629375 0.15480357819528284 0.16006959120922856 0.0 0.15509716645240038 
0.009851559016292654 0.010769781354503365 0.011137111928190191 0.014781147446315078 0.014513416565850007 0.010189337660348652 0.13650870862603937 0.14417756322880873 0.1339549012640689 0.015441959530223329 
0.005850705435607505 0.010249337732255222 0.0015028982836957636 4.832336268495939E-6 0.010928911509900203 0.003043154680248805 0.15953289349333075 0.29331629008022947 0.010837424243912923 0.005240756514480587 
0.007067522617102984 0.007596177543740854 0.00831288061080474 0.009002727696393802 0.01037537937520219 0.009486131559094786 0.2963736848965348 2.5698126549099E-4 0.006174182334035048 0.14564105073763314 
0.002688565889326306 0.002824378545813602 0.002554809985306044 0.0012806297118903606 0.004288984342409145 0.00800141005070611 0.29726461025952977 0.00402446978238261 0.16200930832528182 0.015411883071442135 
0.005159699024953562 0.005755141356072847 0.005450487128607627 0.008367978371043281 0.0069403429070956256 0.007801851526755868 0.300550699579351 0.15533713583443165 0.0023482632544442467 0.004172631983431308 
8.786992729269448E-4 8.969810274747368E-4 3.5858723042715907E-4 6.181602362339673E-4 8.971109634297271E-4 7.784817223638241E-4 0.4906412537342718 0.001266144260879139 0.0014985248700811868 0.0029519890247176653 
0.015548884482245975 0.01861374396661274 0.01603865615922082 0.020469287705430987 0.01771219731832661 0.12239050468891752 0.014348719075683513 0.014611230071904568 0.009470777887762545 0.2530617211493737 
0.0068088544229119976 0.003067792651680634 0.009111903962101939 3.9202059991999604E-4 0.006122650229120467 0.16553397326677055 0.0 0.01084559546521069 0.15739599988645145 0.1411699371273007 
0.005637602923822825 0.003797808411900551 0.0023993975971697535 0.0050317688119106444 0.004849316634417054 0.15878101326843316 0.014608137832298784 0.013746109789706596 0.2910386430261767 0.002463633725470899 
0.014661151393741296 0.008648532152001278 0.013615328823703416 0.007114230003991719 0.009476740792339613 0.15714756025113824 0.004390918689383881 0.15429278434559782 5.920470988389766E-4 0.14580672796539135 
0.012892317987644323 0.012932685331692813 0.011937182947028621 0.015639831924138956 0.016477621913873978 0.14802720467182895 0.0 0.13366531081049604 0.13709080514371616 0.015237885024613904 
0.01618276423767478 0.01370076559033148 0.014454267387376542 0.021301301063346698 0.013273345963668264 0.13935324710695196 0.01632729360952829 0.2532314824462971 0.01263938451890827 1.5937421012755804E-4 
0.014272546047260531 0.021524715819665963 0.018801955291927963 0.022783425814896736 0.023309387308592333 0.12775180314235077 0.13422920754422393 0.005830923665739709 0.012122200389813 0.12133961503888005 
0.006273602863421883 0.005597362510543029 0.00783157635986563 0.007929337129911111 0.004302398525530318 0.166113297627394 0.14872964115084872 0.004607845315298972 0.15200316075282347 0.0028765702274250425 
0.011447046702584179 0.013773506000664631 0.02055318810359279 0.01805599908756693 0.011550802816318867 0.13311618333804334 0.1440604829197184 0.13604635868290033 0.004217234845990543 0.012683312160759127 
0.01593994643355443 0.01470688684385449 0.02522812668387177 0.012201729962265253 0.0172128793078013 0.13958416692210432 0.2631963496815891 0.0012537769306073076 0.011898486965474644 0.0 
0.009998609820076184 0.011246440153016088 1.5190457332505767E-5 0.009312583122879704 0.014475628732865328 0.2923963621422741 0.014277534439888736 0.009679812486211801 0.005411994712131687 0.13379653681283415 
0.008104360028921443 0.0045232713713333475 0.00877851288810327 0.007961767642353075 0.013419143491879658 0.29955889891580567 0.0 0.004417544546623194 0.14908134942254317 0.005143332373275833 
0.009601828947469492 0.016474218478712967 0.00952620646627848 0.008716360117040443 0.008883402186550246 0.3002238331828095 0.004633995405069385 0.14372471318725363 7.12731113196584E-5 1.440635159996114E-4 
0.006062305963310487 0.005677768701245065 0.00397593500969346 0.006386406414054332 0.010597006346991298 0.3030403088674355 0.1639105976943813 0.004020284063324365 0.0 0.0 
8.454217278318667E-4 4.892197146285789E-4 0.0012263818453523518 0.0020942699319272877 9.148564624128255E-4 0.4951197559209949 1.2327905230236517E-4 3.0885798375105783E-4 0.0 0.0 
0.01073293991682109 0.006167642293942027 0.008045111235396363 0.013738749730063695 0.1415215950111515 0.02068373199906653 0.012032131248055352 0.00401095606893196 0.01038936995328923 0.2743713546152865 
0.011480069016876584 0.008998655335481805 0.00998885578904048 0.009142702652733443 0.1440549181229435 0.006563711050495357 0.016378074205022505 0.007868184404607783 0.1475148569761285 0.13940548889484713 
0.005198094119525077 0.01840514796999679 0.014174430777999543 0.012649890371154698 0.13891203332845345 0.02075290972492972 0.009311903234347914 0.0057632563049310175 0.26913334525979243 0.009473032085821079 
0.011109677140350134 0.013710124644634404 0.009371610344528285 0.014002587856881854 0.14364358254576579 0.012339436838941646 0.009698486599673466 0.14562907433633568 0.0037680233620592794 0.13691997932318273 
0.016281944020909496 0.013904285570899788 0.019058313128300156 0.020649758376310823 0.1427572611370497 0.010960464830415491 0.012784517325501243 0.12749152326815225 0.13824068669908815 2.0617850074587305E-4 
0.007388219043159547 0.009308643264222106 0.003128369106398022 0.012564716084210606 0.15772062346258076 0.0019494484193862298 0.008395497405277268 0.29037035947763273 0.005772242319290492 0.004662644179587823 
0.018704690964260907 0.023458435699391707 0.01619536665536021 0.024352114780958004 0.12593534105807125 0.0156627073279479 0.1317994570221097 0.015673680207383058 0.007251610783605382 0.12344161451256146 
0.012095562701300109 0.00891372918062647 0.013656601138550854 0.01083717503984478 0.1550985218175329 0.005092980498731025 0.14176619856583114 7.804656345848185E-4 0.14430443249132915 0.008708866539288464 
0.012862749020496778 0.012018455291981926 0.015735843603153412 0.016483415256256243 0.14762785125140246 0.016668434203559495 0.12092245937079951 0.14148348691753976 0.009738261181765389 0.0072369954302427516 
0.012224703420350353 0.012905562804750746 0.0139525479213348 0.01771780352465871 0.14802724325462202 0.010945149505113404 0.25835272289219463 0.005440806022829753 0.011328717578989808 0.01118357953595064 
0.007953217909072026 0.009963372995108842 0.010534375121444004 0.008970444693436056 0.16432672021246644 0.1516629412324575 0.0074916636407294564 0.004425161642467529 0.0 0.13602594159888806 
0.008761029556484822 0.007623811849774538 0.009816456140833771 0.010281482400200421 0.16020495908023674 0.14785882212411444 0.0012033954983306579 0.001437344084207387 0.15416137816044448 0.0030373651299241203 
0.021259534839918756 0.013711489897723908 0.018584380334775896 0.015098597250016891 0.14147143390246472 0.1333693035178125 0.011365614246084788 0.13763985307595009 0.007698531462798366 0.0 
0.010971447415887845 0.005518740642186523 0.007709843194822301 0.009146336219065718 0.16314031211502597 0.15232827591538423 0.14461145215243515 0.003883231122149243 6.585846187827998E-4 0.004215052092126149 
0.01962111380809823 0.029699090831619826 0.02640687882948872 0.022623874501217955 0.10906160625221689 0.24793469736571921 0.01505547039414659 0.013257087020085588 0.014964806065311215 0.0025727399691269095 
0.007852087701170088 0.0053663320065759764 0.005453718174942329 0.006604393100750342 0.3163535306446864 0.005489722965492778 0.0 0.0 0.0 0.15511420163447723 
0.013222397244920294 0.0061937454194228 0.011416062984947338 0.008783139117855238 0.2977822997156879 0.010869202511799481 0.0052236035906420095 0.004518994533309691 0.14193207795300786 0.00547394322145356 
0.01080353027184974 0.012393266979909659 0.005177759822963939 0.01798305634966397 0.28630853078513596 0.006046081311331077 0.01480608832424587 0.13711931533166782 0.005770028483693358 0.004660855909607014 
0.0 0.0 0.0 0.0 0.3284634964890362 0.002022700328301697 0.16996228568727767 0.0 0.0 0.004171006657023497 
0.012091164099930243 0.007615143326733756 0.01381893452445094 0.002822500973486883 0.2991270580749667 0.15338410335564376 0.0 0.007493613803301284 0.0027993929379504555 0.0030436580542451907 
0.0 0.0 0.0 0.0 0.499269922372786 0.003074537800057504 0.0 0.0 0.0 0.004186808754046888 
0.025813172348296554 0.022148809317669535 0.022013737577437353 0.11633302582943449 0.016086736295760132 0.013221027001313657 0.007496939859677939 0.012182059891962223 0.014866359164767329 0.2511813960128502 
0.005586594762830664 0.006190947499291722 0.0026387798391933684 0.1600872874479825 0.010509098444491152 0.0026411656832776155 0.0 0.02078135108827493 0.14211097514535806 0.15001305575436685 
0.010683941301407044 0.013425412264832261 0.01191658224365671 0.144859389691597 0.009882670726772236 0.012927449956703288 0.008304976647150547 0.0110973684772888 0.2783066191196253 0.003862083695634018 
0.01588959844143823 0.015743271699150053 0.013250227157864756 0.1351239888549425 0.015011322361153264 0.010140769616768467 0.008951809615786554 0.1385983076388473 0.015214633548446752 0.1323741934318178 
0.016282020094449127 0.019860696184978103 0.015748406880419733 0.13740370339645847 0.021166304220958398 0.011669548721323298 0.015310798212074365 0.1312765635696681 0.1310049762001785 0.0023869106461952613 
0.0 0.0 0.0 0.1621553812084375 0.0 0.0015490038590418838 0.008708462057243972 0.3086912372642735 0.008423184182868948 0.011389778823844026 
0.009995678633299842 0.010747022968950694 0.010786815261110881 0.1428895143611098 0.01278781308379155 0.014496485403773096 0.14507835370041927 7.82281155866931E-4 0.020559274876011748 0.13427402880553144 
0.002853511807130338 0.0050715920679697 0.005335974252062831 0.17295605657195018 0.0 0.005799233199080658 0.15336162367078654 0.0 0.15022041700046743 0.0064287819684755755 
0.02066508791073524 0.02053345324646957 0.016529119789277485 0.14042599722265234 0.0018193561095709685 0.016281270328345282 0.13147396792870675 0.1347761074957634 0.0028206040168724526 0.016505156576963356 
0.009654405973798855 0.012029436419706021 0.012383593678075316 0.15223179425352734 0.01177203929381757 0.011733342718747179 0.2766043447436003 0.0035226243882366414 0.005807237029494369 0.0055788014653324796 
0.0029844082459526636 0.0023352844346540133 3.0700943903131674E-4 0.16662949744997793 0.0024152467901276784 0.16634640299181644 0.0 0.008140523681631647 0.0 0.15111696613978093 
0.010499061471230078 0.011589247134797061 0.011673301278149384 0.15268456639629835 0.005813615860313999 0.1566584577980789 0.012673963873824941 0.0045362779004915225 0.13520897149811625 0.0048067697353027326 
0.0020282308983652626 0.0068182995213094755 0.002687229974894625 0.16848385450837722 0.0014228668624409967 0.1650724031643226 0.0 0.1505600823692969 0.0033663449702665427 0.0 
0.012207933106878798 0.012330545755226399 0.011881870088102127 0.14118783775469046 0.0 0.14101277787535524 0.17069487965926836 0.009173600961968219 0.002368275878604849 5.451185763447188E-4 
0.026957063529752235 0.0241637210295168 0.019448637881761988 0.12177166791326129 0.008522264347268113 0.2717946269437822 0.008959534085687811 0.00833062223584353 0.004268939877916735 0.0095879062276957 
0.004238359268604938 0.004586546437491333 0.005929837485612557 0.16469657924200648 0.13572061754995057 0.015626009038630255 0.012485120992146012 0.0079202475722297 0.009459816989605484 0.13974913371584977 
0.010350902871336184 0.00930034523063907 0.01334644648880014 0.1585139807863423 0.14267247987674778 0.006135387358831412 0.01228598268733226 7.958529550144974E-4 0.1455815219992026 0.0023047239857410372 
0.018855122672449126 0.017334853248602247 0.017923567707659807 0.12966638048797863 0.14743069387689667 8.87793203128371E-4 0.011797186423514221 0.13803920449150803 0.008792070207747506 0.01504474779399702 
0.004285550888331649 0.0014852113942650162 0.0027610852348943587 0.18083747243421666 0.14158487623085536 3.5065728322282143E-4 0.1582291781456595 0.0 2.9653382594225245E-4 0.011289364747513138 
0.019559180727358252 0.025377590402550828 0.02065961326940605 0.1377999371145364 0.14719578501852557 0.13656410133140245 0.003246101839506705 0.009140181361719995 0.002535975836294493 0.0 
0.013405016489669299 0.009102749705885033 0.01659985518937512 0.13549896882541773 0.2739818938760461 0.012517615535588687 0.01563312022309479 0.006419053491126801 0.010687663300112962 0.007529489567192781 
0.01044379239078987 0.010492697355002816 0.006359686808835573 0.30877418328303224 0.0 0.006509771492338024 0.0 0.007904029328758921 0.0 0.1499865066211485 
0.008124937436140619 0.014440580953937044 0.0010598896287908567 0.308131613935453 0.0 0.010331682628745743 0.0034053899889519845 0.0 0.15027091541657175 0.006430943081547755 
0.0 0.0 0.0 0.3136869460167315 0.0 0.0 0.0035210597413442763 0.17872860628721896 0.0022808350260216273 0.0042698349361520015 
0.004746895610152105 0.005329816132848197 0.004821314524389903 0.31577233523339826 0.0 6.662272574667964E-4 0.158244334727862 0.0 0.002551939799822331 0.008987066898961171 
0.002573998001533668 0.002112237599882105 0.0037282422165671792 0.33160686034023545 1.058074966460494E-4 0.15975605295172254 0.0 0.0 0.0 2.0953019325157705E-4 
0.001916966942935075 0.001565174934426261 0.0018928823828219944 0.3374893163292 0.15275265188828915 0.0 0.004933717839631639 0.0 0.0 0.0 
0.0027867213921637436 0.0022753164775840746 0.002751709333591042 0.49061289288656834 3.102963547854503E-4 0.0 0.0 0.0 0.0016179350354200387 0.0 
0.005972393504413684 0.004464578810874651 0.15852482844537108 0.008657503105410524 0.007794819858913463 0.007020785816810482 4.653830827734515E-4 0.014304947875410081 0.001781810716941093 0.29697783154120644 
0.011816795766010059 0.012698444249887518 0.13979231966220923 0.01687046181084965 0.028873002809699386 0.0028518356248902438 0.01296678211521607 0.010561129751323608 0.13681052050958872 0.12860344437050125 
0.024028559184716216 0.018241281628272484 0.13587997491700415 0.025655574979563302 0.011134908612070268 0.01618091762723368 0.014151227569830158 0.009777589494556826 0.23405573439909258 0.011607804035768119 
0.012335868500179991 0.01513856340861077 0.14923815124437828 0.0 0.0 0.0025831049402533597 0.0 0.1618013631835078 0.007225918353617674 0.1521852921614837 
0.009041435668697334 0.013242756326549109 0.1375053087440858 0.03107669026486193 0.012169939121559637 0.015743631296834426 0.007262758139712753 0.1219074721113508 0.1376961140382883 0.015693741067051487 
0.016485000628509185 0.017640372843590848 0.1339061618366832 0.02173529362115634 0.014818428693300311 0.01794315423098524 0.0060842756191395 0.24721915717455495 0.015806475488002594 0.008746341788213322 
0.009154835296843718 0.009775649047952082 0.1419696066533366 8.622741134908328E-4 0.011166156359689209 0.03645165609863338 0.14179262941108212 0.0 0.020772746900475446 0.13472090310866422 
0.015441211624593599 0.013173650930274408 0.1321259786710119 0.010411565869986327 0.0 0.009008970607858918 0.13306730549411752 0.0242234973739171 0.13813363077376672 0.024778527200783898 
0.014007829026315278 0.012619457840729363 0.13329768690501329 0.017026778554892097 0.0 0.021347212421938624 0.14609819010761652 0.14940605066551577 0.006947153348928047 0.0 
0.0 0.0 0.16216374508088802 0.010775482842106474 0.005170479652547171 0.011264016854051016 0.3074203597427514 0.001624756287963215 0.0 0.003030252787222509 
0.005739328031609415 0.004854863721820878 0.16091279918121595 0.01787942460696977 0.010171338164114507 0.14086262159961013 0.0 0.009174247351907323 0.012770446823860596 0.13841310130216916 
0.01642875163406078 0.01589432083878009 0.15446266076649218 0.005508768581936964 0.013611995017426994 0.13260492199029197 0.009025604217896306 0.012263336970936135 0.13774946417558423 0.004330752784425082 
0.0 0.0 0.16265291174234064 0.014018008013298508 0.007453395442740592 0.15165797401448594 0.0 0.16087525783789675 0.0028029844127421323 0.0015476447654403417 
0.01564485074540106 0.02220227473823871 0.14846066056027812 0.017236096448702297 0.009977913755970968 0.13386713479406956 0.13923186581340866 0.004285868438761508 0.0 0.009646312414081044 
0.014714294995842548 0.010344080942056447 0.15126983030558785 0.0 0.0015849346381056769 0.30604780049099867 0.008465382396788589 0.001121864514190528 0.0 0.00959406680531345 
0.012043933994433462 0.015250899612803733 0.13933192266155447 0.017913786316434123 0.12937187683034124 0.01502995203896961 0.0 0.0 0.017728899045001533 0.15609501986283894 
0.0021620033955600834 0.0014573531964176285 0.16200384311902855 0.00971836976978773 0.1581047180534501 0.0019025442472311136 0.0 0.0011999925100164034 0.15903376362242236 0.004914048241308787 
0.014719545429318363 0.017959697105803724 0.13085990877999437 0.024075063735494458 0.14284511099348304 0.004685949899153777 0.010756416951064763 0.13082628418327538 0.014024128985062483 0.01095809903963951 
0.008716215359734608 0.009361032125437886 0.14145202100025425 0.008084268460790646 0.14877144831226335 0.010196269957562178 0.13951310097176653 0.017584544076893444 0.008635422959374986 0.00841959075604423 
0.0 0.0 0.17291336371079394 0.0027996801407634566 0.1531248494713382 0.170314131523047 0.0 0.003790957471256551 3.6043037685649926E-4 0.0 
0.009314664167434638 0.0039061573902272034 0.15078076923405392 0.020371426470395908 0.29132015449774445 0.006023361730723062 3.6358450567441843E-4 0.004496177453871526 0.009350803445680329 0.006755292508124303 
0.0 0.0 0.15101279027907213 0.15183336946162282 0.0 0.016034100231802753 0.010272462744176508 0.0175465706719762 0.005896821504529136 0.15263366829231023 
0.010234104556078922 0.014557652190471266 0.15348672361879911 0.15232953233832316 0.002490320758445396 0.0 0.006953983263334339 0.005729950904439114 0.14836049110412639 0.007705955902958378 
0.001987818293720132 0.019525640596858497 0.152327141770664 0.14325344149586527 0.019141956445403688 0.009964189242355823 8.428193724150034E-4 0.14423337425873825 0.0 0.009335996760499059 
0.01738639242675598 0.021687097970602816 0.14911153515314168 0.1544764887683211 0.0 0.0021101326781138136 0.1486657532108408 0.003974201320859785 0.0 0.004145695658568662 
0.010918262872613925 0.015508790068053812 0.1636109055211696 0.15660088299830596 4.5754525499862563E-4 0.14406364058734955 0.0 0.0010741769312390534 0.008693487563961402 0.0 
0.0 0.0 0.17086578527171847 0.15739542758065944 0.15112478221943254 0.0 0.01285034916838867 0.00598435053301691 0.0 0.00327105680398231 
0.018832261312800455 0.01000983750660936 0.15382424722321117 0.3012228464446581 0.004941770589182816 0.0 0.003070950455314368 0.0013285850210423666 0.003506809391141547 0.011783378155928583 
0.006497118050446243 0.0035968004825262584 0.2891406895357181 0.013676067941185966 0.011650291790521954 0.012573181055477382 0.00765231834493417 0.013646956250689853 0.0068882116173717926 0.13954242486746637 
0.004187075523015578 0.003676809719336931 0.3119427203853005 0.009099692351190304 0.013689670559521456 7.031970387146822E-4 0.005254506182172337 0.0030571798598128218 0.14765590342854887 0.0011745322637455298 
0.002197611230396335 2.1566152108873428E-4 0.3188199529370331 9.981665649668704E-4 0.004983176345446276 6.716258706859356E-4 0.0013440153596278315 0.1598456142957497 0.001712615973180372 0.010156184011469362 
0.0011981451893882827 8.017061142969535E-4 0.3339595294450757 0.004164888334228365 0.0 0.0 0.15295777230360105 0.0 0.006344221152061575 0.0012115465842867986 
0.0 0.0 0.3295697856916414 0.0 0.0 0.17069319858217358 0.0 0.003799394980740071 3.6123258441116943E-4 0.0 
0.0 0.0 0.32639520148096074 8.566134732666086E-4 0.15066007596856226 0.0 0.012810834553401533 0.00704436620044306 0.0 0.0032680786830191558 
0.004944030135931141 0.011646643662792559 0.2950702746625919 0.16328993547125867 0.015223022718914124 0.0 7.360636995589459E-4 0.004101411758427355 0.0 0.005710466943856464 
1.44894632233717E-4 0.007819676184784932 0.4823721639366691 0.0 0.0 6.272254445230355E-4 0.0020816574761213895 0.0 6.836570604894053E-4 0.006409323038969573 
0.005261683722688118 0.14331634419708875 0.02191670783213556 0.008616656304824602 0.004793007720292474 0.016052372698241387 0.007825248223645725 0.017135467913863937 0.017581284161565403 0.2585789881761393 
0.004028220869685987 0.13996158062087577 0.015468445979891597 0.0130832596273622 0.022048030455588244 0.009851372495141087 0.014755118714094845 0.008740069286496054 0.13500794903458052 0.1419647283172861 
0.0 0.16436718530164274 0.006060188511047637 0.0 0.002975647845122068 0.003991286705270702 0.009661397372835804 0.010715491183626575 0.29655026624390685 0.0066076191228526164 
0.008280693311381234 0.13240704976666343 0.008318088218504705 0.028613769741842935 0.007918872141031747 0.02340374098020682 0.012836730802957873 0.13470055447860915 0.012119236135001633 0.13247966574581932 
0.011198358292657726 0.1331127397818918 0.041271575376807465 0.0073972242805955685 0.01539386030233986 0.019440612273748013 0.025340371275500012 0.11293369752958575 0.12962686439186472 0.005707481775400728 
2.6087197860440907E-4 0.14877894655244694 0.013912489869577159 4.2999082672555184E-4 0.01301494156034634 0.008129314589435646 0.007372112157075414 0.294522527149794 0.008516276303241121 0.005237275383549196 
0.02369871365862613 0.12931772475920947 0.01426289140665331 0.019738080308512623 0.011595899036896128 0.023837150711485056 0.12347507273766035 0.013194640125094872 0.013688759687697451 0.13244490345557344 
0.006379839361459626 0.15266571477016488 0.0039987285880267185 0.015315565221933019 0.007933740747904343 0.0028347613702553198 0.15917000897292463 0.0022280718645865372 0.15009532697709477 0.001844577161627904 
0.006547378815805484 0.15708576748818925 0.011578264448121944 0.0050059316669518105 0.005922153919228555 0.003423130171713777 0.15225753030914668 0.15966139319889303 0.0025001089500824307 0.0 
0.018565616691648024 0.15059813846485254 0.003021635457462445 0.001452780341714723 0.0034439704388866004 0.003315066525181063 0.31228738842166015 0.0016113162805107325 0.0057748953002759095 0.0 
0.0 0.16005777809689362 0.009237234482598394 0.009246488190293296 0.002503374553230682 0.16211512982492082 0.003104499369928205 0.008265767919468094 0.0015886145178166436 0.1487139834112838 
0.02048365332496 0.15595686326353173 0.0 0.010491121885289867 0.018653648645663518 0.1325184831063159 0.003820184070424314 0.00906502397384328 0.146672380796216 0.005501015076351065 
0.0 0.15890980303651914 0.009170982689408845 0.009098473990890431 1.9944129725668844E-4 0.15883228449171638 0.0030416329904637373 0.16295500520075826 0.002250341886120022 0.005199953112004987 
0.014324004912338305 0.1454397576599583 0.01927002644206252 0.010329940620135767 0.01827765051559992 0.13088294611123444 0.1378187027335856 0.009571817817414821 0.008082725978483316 0.006884981908464415 
0.013827943075261912 0.15665854277089858 0.002818387740425082 0.004524749577970574 0.0 0.3059041325557671 0.0 0.0 0.004865771834723757 0.013939518040193074 
0.022510262032599513 0.13416980984417876 0.024700824828198898 0.02724786269791973 0.12753361600303773 0.019057581130233734 0.00881823823340933 0.0 0.0 0.13760287642513577 
0.01716410170002015 0.12645763872086752 0.017758214522386368 0.018937376694032365 0.1316674505746879 0.01370684102864847 0.005415972122015633 0.005038760108958855 0.15486560868954066 0.010194809503217083 
4.976551977566282E-4 0.15604797432856868 0.002931633407026963 0.0 0.15117130784741475 0.004932952005190077 0.002506630826467175 0.17808747656345883 0.0034373654068841084 0.005008425556738525 
0.034769097732438 0.13171956725881126 0.024326097396062916 0.01044078289302031 0.12291640144842676 0.01212613453289653 0.13304785376566536 0.0063409360632818166 0.01125079884119022 0.0142355052337543 
0.0 0.1598124876209596 0.01126045964217768 0.002769881533711565 0.15149505356971346 0.16850138019951347 0.009930901278141528 0.0 3.6102317039372737E-4 0.0 
0.01585654854080663 0.16643477960073533 0.008744230025267493 0.010313952870871728 0.2715837826001081 0.012139110700770346 0.0 0.004727456212396846 0.010179729280057557 0.004648988770448092 
0.01174364220856566 0.15173688082297807 0.011008892023636724 0.137631433578548 0.006564666129122523 0.014498525054179886 0.017379194045769007 0.012922094071614633 0.002813644707352735 0.13513768523822678 
0.006375968844066468 0.17050862519138793 0.0 0.15652256856932886 0.006742052672261697 0.0 0.006750099950934932 0.0019686044739298976 0.15400717040813441 0.0017403255432642914 
0.0 0.1677624230751781 0.0 0.1588974378871202 0.0013780085826433318 0.0 0.0 0.170322654191402 0.002291982706089302 1.0751020252314709E-5 
0.0 0.16154125135068123 0.0 0.17130608803041386 0.001349781563936404 0.003254480815687796 0.16200510359910622 0.0010994485613129209 0.0 0.0 
0.007592684806450802 0.16539992745575963 0.009682635844470797 0.15307396153260822 0.003470409255972588 0.1445958840193052 0.0 0.003612038376521195 0.005620388226828092 0.009708535473366054 
0.01690375028435907 0.14446127323649346 0.018833815407044742 0.15529766036371714 0.14403627824517265 0.0 0.0 0.0017439060947828642 0.012388452349002635 0.006713831155899171 
0.0 0.15335480180278435 0.0 0.33795967438694696 0.0019924065587818155 0.0 0.0031333348119431514 0.0038596236148545015 0.0 0.0 
0.016588910274453725 0.16534136393597154 0.14467345713978783 0.011628308044508739 0.0036818932916898857 0.004391420494395042 0.0055957690170370215 0.009271375458584674 0.0 0.14036463461139745 
0.0 0.15758944928505936 0.16342053385087657 0.0025929297441793747 0.0019298063669610523 0.003974420262117787 0.0023741616669910727 0.0 0.15685251871945174 0.01164656418579625 
0.014756221701438975 0.1628451661059502 0.1614887048887714 0.007476002363020145 0.003867959295524422 0.009841998577482376 0.0021417517384874794 0.14058866781313806 0.0 0.0 
0.014283337223376357 0.15666953718506282 0.1554433702689965 0.008861686348269815 0.007068160598655861 0.0 0.15158775798241336 0.0 3.176074477703183E-4 0.008460185302366197 
0.0 0.16659172217952434 0.17096875720562293 0.0 0.002323795590392285 0.1619667990472047 0.0014872693311870817 0.0 0.0 0.0 
0.008078937318979825 0.16382114307229542 0.15576348403833334 0.0 0.16064595591081188 0.0 0.0017528666567224295 0.00852526947435332 0.0 0.0035305758085277367 
0.0 0.16472144969551603 0.1641073952056424 0.16887692580659905 0.0027168825592044153 0.002132614454035132 0.0023372390446346585 0.0 0.00462827465406217 0.0017708767731751693 
0.003012999362549338 0.16260560516897232 0.32784558960771176 0.0 0.0 6.31226005697209E-4 0.002094934676766896 0.0 6.88017553062731E-4 0.00326022539903084 
0.006888661193200935 0.30814805641855375 0.009737183812297339 0.0 0.006369003459355179 0.013656623849613508 0.009130491302513675 0.0 0.007595779279706807 0.14190962567257756 
4.3707276866492744E-4 0.3187670049064182 0.01073121087883773 0.006746445444629414 0.0 0.0 0.00668128942850356 0.005410028193710727 0.1539652910494599 0.0017398522944055298 
0.0010064885209494624 0.3156010337822879 0.005929115952381917 0.006812972784131605 0.006576255332149997 0.005334343473557927 0.0027105939355817972 0.1543091155095643 0.0034519433308471694 0.0036536058535865516 
0.0019009790033631408 0.3296633385851945 0.0 0.0 0.0013445785805960059 0.005850444651593696 0.16263292815467215 0.0019415146654158837 0.0 0.0 
0.0 0.31260097787308055 0.004655524269691358 0.010612387640579453 0.0029470654255809438 0.16056475209623497 0.004064501592071399 8.970287413510769E-4 0.0 0.0057398469646268 
0.0 0.31211057509635015 8.44964535867591E-4 0.006399247209891167 0.16583795676393912 0.004839117875834579 0.0 7.058048832146904E-5 0.010518209145630612 0.0 
0.0 0.3264636673823945 0.0 0.16766223945973738 0.0 0.0021057800724352594 0.0010685846129334393 0.0 0.0 0.004293602836236096 
0.0 0.31355789667042183 0.16507963918758342 0.0012287618973950826 0.00863027236352492 0.0013813881927249862 0.001036329459832368 0.0015609539321724667 0.002769446044624933 0.0062882274158130875 
0.008941886291902184 0.4825758843230035 0.0 0.0 0.0 9.521184772933695E-4 0.0020880425234870094 0.0 0.002791388370864385 0.0032633154819383193 
0.14607615085158007 0.0 0.0 0.023913676439663294 0.008099637472429361 0.01554480733186827 0.007577819070569154 0.013719339595754197 0.015592009597227882 0.26977993541634226 
0.1619294609846801 0.010894009191783422 0.004322839163641488 0.00991062001007274 0.008460811185542563 0.005467000739435698 0.013606217015163156 0.012176105930324345 0.14310409450250738 0.13333913827996915 
0.1341395539300097 0.03243253503416037 0.00792843423665655 0.007874588987733576 0.011720421439973878 0.018847350954153845 0.0 0.007225368262677598 0.2750815159260543 0.007135253078018348 
0.13899635012150735 0.020336963416402135 0.006832009833165708 0.013892096255114325 0.013419890020229908 0.01969414177729941 0.025946520835776633 0.13999832891025005 0.0019382893791373285 0.12628767519779643 
0.15019191384279326 0.014466386489824675 0.011554392303368015 0.011845681608873167 0.0186400940587877 0.006482123861393821 0.010041493702397533 0.14681481219654485 0.1405766207769899 0.005429197168617022 
0.1568183606898184 0.0031770062832389375 0.014935162590312622 0.006793834769488786 0.00787208886229942 0.012337238418333925 0.008067553311361487 0.2944369199901803 2.740027483328263E-4 1.0838197484910495E-5 
0.14825753124803337 0.01951008964055988 0.004093526714261465 0.012008431065425764 0.010015020929752828 0.02235460073476545 0.1200274029735122 0.012826219513553653 0.013306542274598737 0.14062731170916684 
0.15240867622003357 0.0 0.0051237742831922155 0.01479781124494649 0.01780894156708716 0.007700769452880556 0.14992836691793207 0.013006539020536728 0.138122558374831 0.008145249756936796 
0.15422257542758053 0.011100128066606787 0.00979694788366209 0.012378178014074702 0.0 0.0 0.15059907623738522 0.15792229308925526 0.008785267648754314 0.004184793728440867 
0.16683084261624798 0.0 0.0029799645259779525 0.010304203785524988 0.005385018831788261 0.0034726536184456567 0.3067693286415348 0.001621315504547808 0.0 0.00302383555184265 
0.1602863132072924 2.515492689562491E-4 0.0 0.0 0.0022509410866400595 0.17644450423622807 0.010904353774399005 0.008358225035112207 0.0 0.14398976715787615 
0.14991099762687138 0.02854041402292407 0.00818816012163668 0.005504457922400506 0.013601343512420143 0.1325011574804825 0.009018541603753875 0.01225374080263168 0.1376416740165753 0.004327363932540573 
0.16225552508863494 0.0 0.004404189624271938 0.00408872315625021 8.381668757975258E-4 0.17162198879065269 0.004471478729214559 0.153739621898785 0.0 0.0 
0.1316885162984123 0.023089493977100663 0.01804469846979281 0.015052925129038126 0.01637115134830784 0.11982756713157744 0.13805488842172 0.015332188455405304 0.00865479668496311 0.016304232908785528 
0.14910595373097074 0.009283453085276087 0.0026184055596460893 0.0 0.0014472265344081814 0.30592877363490234 0.008192909267461494 0.0 0.02400261029269639 0.0014624507222495897 
0.15723689755456396 0.019705841862948107 0.0 0.022701374564111736 0.11824606666125842 0.009986961541212834 0.015960446115255218 0.011805174258197538 0.00982917164224612 0.13863374706694784 
0.1571410835779097 0.013971093304523683 0.0030810971114844862 0.0056842925367707985 0.15852920131001338 0.0044531389482651024 0.004339761890963006 0.007574569074365301 0.1457478770866751 3.182876030205191E-4 
0.16487684950086526 0.005154990372629885 0.007379852679247578 0.0027224406433802462 0.16037050623794002 0.002405206609022694 0.007543821856260635 0.14338591175133067 0.005578141147367562 0.006987585249651936 
0.155816100294159 0.004559620708537323 0.023432919047554734 0.010057429942085003 0.14601954578699786 0.004831784168120683 0.14985237040800076 0.009432778265875725 0.001162224608426772 0.008906793733045532 
0.16108476539462752 0.015196050820530134 0.010572288635110404 0.006588035641645112 0.13478191505944545 0.14403097754885838 0.013524231696831524 0.007924570971636848 0.010183478536305121 0.0 
0.13856337414858244 0.03145663562301631 0.008754348127519695 0.02262525834965025 0.26814744266149243 0.01322767715571738 0.0067774392763727586 2.0335433512789298E-4 0.006108866727472794 0.006391037238409185 
0.15664711661367503 0.010173412820801822 0.00415713933745831 0.14626469128713665 0.008386953802752308 0.010732942255440258 0.004859444163569828 0.019019111976597707 0.008601131180757476 0.13364785337777382 
0.15632965615174557 0.01340890018855696 0.01890511934717436 0.14853399691912514 0.006243057387494539 0.007994264693030296 0.0 0.011680933045943172 0.13379220886973425 0.006445512006711601 
0.1451170994379871 0.0 0.001083976545245531 0.13542215462919127 0.0 0.024324042754078318 0.0 0.14487282738688775 0.02504298664551132 0.027031350857949527 
0.16336020040269053 1.2053589315318516E-4 0.0 0.17336281085490415 0.0 9.547777679044338E-4 0.16551126748063977 0.0 0.0 0.0 
0.1479850553933628 0.006740043434092118 0.02111477431892084 0.15929765870011528 2.720637918822156E-4 0.14829888838951977 0.0015677642277325222 0.0038899207529028484 0.004660239561930161 0.00638432541757894 
0.16184426961126522 0.002929725976742319 0.034149682964388646 0.1292061104267263 0.14274759420536953 0.012366527056124814 0.0 0.003909723894724704 0.00864316774270952 0.006430394699069284 
0.16559583073315098 0.005015975761353763 0.003457524401224535 0.3244931308219835 0.00509162293442201 0.0 0.0031640727724145485 0.0013688725207673964 0.0 0.0 
0.13050297238091557 0.016685886485845295 0.1489465739260149 0.016122728215564104 0.005531515491882375 0.012033243253954554 0.0 0.019689703381848774 0.012947274512830172 0.1387937115420875 
0.1678365834278317 0.0033417981557458502 0.14092897767115528 0.009705999997967514 0.003098818591643892 0.013159168285059385 0.0 0.007944955083212428 0.1527483281076016 0.007569045559015466 
0.16834052060038665 0.005495404114833956 0.15238167341597772 0.00800321451259546 0.00558274096965659 0.004174685361448721 0.004481506022457358 0.15408438307627736 0.0 0.0 
0.1726894063834196 0.0 0.1514937954604567 0.010952050311265442 0.012564561938175647 0.002086424691234364 0.1492691238482986 0.0031838035088539635 0.0 0.0 
0.15453191443918057 0.03076578610758775 0.11718773418587289 0.009437873651094022 0.0 0.15169370388494793 0.010694522557475553 0.014882928062509222 0.007550826662171333 0.0068293652403549005 
0.15271280126482278 0.018507990435759267 0.1611837162347218 0.004165130038398392 0.15494981206726674 0.0 0.01317559674461219 0.007244940053789847 0.0 0.0 
0.1612140742479095 0.0 0.16061309467721158 0.16528106877440188 0.0 0.01167303945154276 0.0017833653909901052 0.0 0.0 0.0 
0.13594072149770609 0.027339403413654675 0.3232165189062294 0.0 0.002607160304609323 0.0056808444571389725 0.0020978569636139004 0.0 0.0 0.0032602525184642216 
0.15547991965824678 0.1607200670651827 0.0 0.0 0.0 0.0019572855850103505 0.019498534758900295 0.005794265744000207 0.0 0.15898656665183666 
0.1754731873120993 0.15056913116699253 0.010961103318315856 0.0 0.005192749659640821 0.0 0.0 0.0014209151272381035 0.15168919874876996 0.007584185759419456 
0.16213705018189697 0.15459701179354532 0.0 0.0 0.010549802507743422 0.022980519654590123 6.260934676413577E-4 0.15559322197017073 0.0 0.0 
0.16665308364617612 0.1666295919205977 0.0 0.0 0.005611167955010003 0.0040771284519875856 0.1479256244781436 0.003816524183774008 0.0 0.00560903812957566 
0.1550186333003998 0.15140276685629553 0.0 0.01024994809521212 0.0028464157801674048 0.15508106475623873 0.0039256887104591395 0.0026315876343723467 0.015186132505444693 0.0057398469646268 
0.16670643718687406 0.1542735982647211 0.01269070140737734 0.0 0.15256766539108943 5.53822016033386E-4 0.0 0.010694951913435936 0.005337716421841777 5.3133194931581166E-5 
0.16019165363179422 0.16559060084141797 1.3283274545676459E-4 0.16131626740403568 0.0 0.0 0.005610662991194386 0.0018488612177433202 0.0 0.005819199283880856 
0.1541865469460737 0.15154545304846323 0.15597583675923454 0.002205064796341992 0.013096415276136586 0.005127776744935364 0.008660567517253033 0.001560583095788135 0.0028864435640533763 0.0062882274158130875 
0.1376982445630613 0.32591840901391794 0.0038007106835210675 0.005664179084767436 0.006642952546996203 0.0 0.004515229606569168 0.0025613898869038367 0.0 0.013875506738014956 
0.3249265971002298 5.099315489233292E-4 0.0 0.0 0.004563026080768153 0.0 0.007039879708745443 0.007729907708145708 0.0 0.158921106793451 
0.32428647270498634 0.0012752267141568148 0.010944945553282704 0.0029125770361648363 0.0 0.0 0.0 0.007976631276538165 0.16317339439875614 4.562252197069484E-4 
0.30677443040396507 0.010014519743405857 0.00859877410375332 0.007982854916060262 0.005568538882042439 0.004164065265050363 0.0044701053965783815 0.15369240359517378 0.0 0.0 
0.32343649928500967 0.0 0.0 0.0030318881958795244 0.005794342572631852 0.0 0.1595140094863475 0.00843902298130382 0.0 0.0014645373533567054 
0.32385833556407034 0.003915841341481173 0.0 0.00862949818867978 0.0039997485292501715 0.15006485015921842 0.0 0.0 0.010731173189977333 0.0 
0.3147951171855036 0.001237902831939208 0.006267609765868679 0.009662736213049862 0.15887046916326664 0.0028228744527856622 0.006177944732590868 0.0 0.0 0.002323315906910272 
0.34210491886963207 0.0 0.0012310181927937206 0.15471427969924986 0.0027344102316492597 0.0 0.003146046168190525 0.0026967232056489326 0.0 0.0021299184762128918 
0.3272578548291446 0.0 0.1698381453879047 0.0 0.0 0.0 9.466874775268086E-4 0.0036984882132783756 0.0 0.0 
0.322774096905153 0.16790277479132532 0.0 0.0 0.0 0.0 0.0033002173888638615 0.0024394926635926987 0.005326229634348658 9.416184426551922E-4 
0.49481316116366525 0.0 0.0 0.0 0.0 0.0 0.0031085320230286135 0.001344843931324045 0.0 0.002098972597194148 
0.02911881430913961 0.025422594469941183 0.028839784308723602 0.02257541736741131 0.022293688438193928 0.03509006772368215 0.023353461913249458 0.028224001068362245 0.02368192496126882 0.26389498136777706 
0.02706871124836232 0.020217497698098975 0.02255248049518646 0.025126150463874845 0.021949784072640866 0.03225083840588977 0.02890202452315836 0.026171181868316552 0.15530019779625745 0.14161027365221376 
0.026824225973303 0.021940554891863848 0.026673590975947344 0.024627505078755208 0.025436600495415854 0.020796005346584778 0.025576138922037996 0.029937721580173805 0.2738247993874994 0.026504459792957413 
0.023764472208627437 0.02504283065099343 0.02598030029578082 0.02555913386923701 0.029740610949040628 0.02315769125200214 0.017553558948830737 0.14852226623671883 0.026632219773373118 0.15492880341363224 
0.024089360684471633 0.02783817568474233 0.026693110040509112 0.025022336097148472 0.023709777003513614 0.023628439483113092 0.02185005462295721 0.15365448490343847 0.15129383352669706 0.02353259696152537 
0.020917832779427502 0.0243542457080097 0.024398054798026144 0.02548034584902407 0.021766998473887016 0.024529849441843894 0.026087295159790826 0.2690372420149533 0.04056865279942449 0.023501120889391627 
0.028263756301988796 0.022987378309771316 0.024021505325794338 0.028017758544816463 0.023919730034415953 0.026026314976417907 0.14668852885038428 0.026694884949211517 0.02665920303127779 0.14750283938121495 
0.020436197042870374 0.021544170008436492 0.0248917150436853 0.02484803892988495 0.028005056633474877 0.022445360577642213 0.1396598446369288 0.035061147855596456 0.15449480746785366 0.029280673763558567 
0.022247219727282923 0.021166889691362347 0.023867502663045458 0.024899778778833436 0.023025825760548277 0.029218786835929177 0.1505314427821131 0.14769284580355993 0.034023476764819253 0.02433649408886756 
0.022415859433317125 0.02859280043331409 0.024659787902449454 0.023535340279598173 0.03161501329450692 0.029047553354347565 0.25723731027308755 0.02686048231461867 0.029494270960453886 0.0267953211053481 
0.030698660936903155 0.02218124951462403 0.017483837991813016 0.030090056238483747 0.028881110519026802 0.14306348842454378 0.018010991331069478 0.03656209465759625 0.028130476902021237 0.14574052875089127 
0.030029321997692142 0.030123347290411842 0.026447628011434098 0.02869487253513989 0.03405244006747701 0.14633557349816126 0.0202026639291327 0.03030727049520258 0.13942438568915289 0.017542261942102334 
0.024939429402430595 0.028636454759616844 0.026540917624300213 0.022465816166746876 0.03137585471899154 0.13331876335322732 0.042055206662618354 0.14258228096297587 0.025192953731625178 0.024351613700861564 
0.028272608739300462 0.03544007285276808 0.029597485783558385 0.03388945106872776 0.025242476429200206 0.13729566284815178 0.12439928636180152 0.03257988659816697 0.023773370330848868 0.030369951901490458 
0.02839766975739426 0.03560091538284368 0.022399525784400406 0.025078966769734222 0.02684415496250196 0.2674443587610577 0.024776424791953938 0.026367353986670655 0.021369389818076002 0.025801810548770007 
0.029976222912056216 0.026661777639545952 0.02445312213971716 0.023540300736702147 0.15102875501098634 0.02826032778688708 0.031584764380115475 0.032984634475212264 0.02890069865511739 0.13817221129131876 
0.025875137172525167 0.03077049981389641 0.020469737615509558 0.026528450953695524 0.15268834370291243 0.022951452021624543 0.015729907885437593 0.038287771221301885 0.14734847697813372 0.020748844725905474 
0.026906971004804513 0.02964058464561782 0.025819750807279777 0.0313335036428043 0.13809623220865533 0.027833301982628473 0.0399032956011223 0.12879566134111686 0.022531485270898433 0.029784519593273665 
0.024667681373349015 0.025273136330294547 0.0252047147806205 0.03406647677220719 0.14616669749123296 0.021774389607917593 0.14375236878854944 0.03069314778214975 0.03101674713639345 0.025383165478072137 
0.02107799409267051 0.02368055796743795 0.03147451394052706 0.02617295340295859 0.14571299022948625 0.14785630443759912 0.0190477322991457 0.02691909157985045 0.035320560074109594 0.025292503634120334 
0.029163523703403964 0.02400845220922078 0.02206255221056063 0.025778567077628108 0.26705863533270147 0.037134671580351566 0.025612806231383258 0.024477307025856106 0.024408129805565153 0.022571811215964868 
0.027588996194084923 0.02628960766999588 0.04076216594840601 0.13815485473936248 0.017282344775191052 0.025842919841274712 0.024995055171962526 0.023327110201603878 0.03319726332913103 0.1427532260482343 
0.02484288655865008 0.022655193951942702 0.031460197426232996 0.14094618111575816 0.029274638697248924 0.0283607227214747 0.02640873516578954 0.02923666589898145 0.14631626033635187 0.02347337743410663 
0.02304770724688684 0.026467113442754816 0.027018324261100228 0.1424824106673104 0.028811142797647515 0.04039797583810742 0.023130109246571235 0.13188557680224006 0.0322339104478902 0.02501465652029439 
0.023702867883252637 0.021994961143749072 0.024540794082714333 0.14946423504040532 0.037767807447952176 0.025582423381401518 0.15010316273796379 0.015638832349019464 0.024590039122814076 0.027674875459006022 
0.029172478053908314 0.02583126934697635 0.033640608243091744 0.15205480057906529 0.024264281676277238 0.15064777378124114 0.01803386863271394 0.019423023973043563 0.02810649248762076 0.0196524033167812 
0.029303795488747814 0.02568219276733657 0.03528882090223071 0.14268653110530533 0.14402122877438933 0.02936180689872118 0.03608805828730502 0.02714749235216326 0.02409020033248689 0.009046348501971824 
0.026076736227423323 0.025203623419655066 0.023302392105933767 0.27624085166264556 0.02508788512407184 0.0246805657797618 0.029625280534613545 0.02672676980373415 0.019201084359992113 0.026679075375810372 
0.030759748616478396 0.029968449882534064 0.13060417272616137 0.03056023451946558 0.03149788789446765 0.0318003660806919 0.02597328737773513 0.02435671983451497 0.038259021302451436 0.12635291177630972 
0.030322763019766885 0.023019526711479207 0.15637933328976597 0.01829908926123803 0.0174998644183158 0.026589955773480445 0.03549521369483975 0.016807052728069267 0.14980880448008854 0.02772451673193155 
0.02303641900508075 0.026119500368081316 0.1476232507012729 0.02622436688864533 0.02316156421274139 0.03075854009030236 0.022560773240452 0.14175321011954944 0.0329341783508268 0.02920928103483641 
0.016723160775523077 0.02833164586886571 0.15092404342647278 0.021769206802258235 0.019525194368186696 0.028624313857787975 0.16000409225641815 0.02154155698279362 0.02295276745746353 0.031449163921868466 
0.02342764675619483 0.020921852502325266 0.15034898703105667 0.028251180120635308 0.021927943101458503 0.1464069348390535 0.02796329724121081 0.035435623348972566 0.02167058745701439 0.02511263969230216 
0.027522695286862894 0.031783003118918254 0.14525466413982144 0.02500854421236351 0.15126827821327 0.03385496632947064 0.020457984705673865 0.022999709751901878 0.023274219437043116 0.01882324473329925 
0.03056903058877903 0.03028961129668782 0.12176733744513396 0.15049303756515403 0.03577546491578162 0.028977127138299343 0.026192434396850442 0.022245838343614675 0.03511348973884384 0.023109963002744052 
0.030085392361723872 0.027790691458585492 0.26723644755382486 0.021058310443972023 0.02750564969031977 0.019669256109039912 0.02544632469037739 0.0323872276325306 0.028047304259970478 0.024968216385434498 
0.010779817545384639 0.14667867170040666 0.03138701267780428 0.03693986491542732 0.020893957595916897 0.03479436217764697 0.024294027588327532 0.027258725985995106 0.03645780259626585 0.13812784132875455 
0.014483459624578187 0.1351586101038365 0.039549180419028454 0.025668824168910895 0.024784833685229143 0.03246511457148804 0.03526059617921657 0.021049221409992352 0.1468968036835364 0.02608768359949258 
0.019745018649313967 0.14757801445846627 0.024584279936436828 0.022161469660557393 0.03262266447638075 0.032055411248333804 0.02494104883017148 0.14853452857925767 0.0211380980808163 0.02895049910987725 
0.03959287471678139 0.13561059146069396 0.033741560005831416 0.02960857333450267 0.029753550365391533 0.03986777608364913 0.11797027957597182 0.029633219356523622 0.021476805571268427 0.02305160909150023 
0.037480027823039254 0.14295604523792757 0.03114499142767088 0.012115951994096291 0.01726787934829259 0.15027681302213347 0.02795494368561221 0.027795940204342017 0.027896423482777266 0.0271518498932769 
0.03386436506323757 0.1422735287783255 0.02858785655036423 0.029383129118113686 0.14690857037840999 0.024943434327920913 0.03309117320517019 0.01668286233608648 0.020092730069465794 0.02524919438399546 
0.03713739272865303 0.14829843236382534 0.020476858530527935 0.14044787203999937 0.020072215274601988 0.03396972072922583 0.030590686420145043 0.02749200317112243 0.02748821589660645 0.017303428222155894 
0.02346805994136534 0.13234900822756734 0.1514158640260608 0.022912079342541365 0.022449520713798878 0.028442245218337783 0.03803337624789713 0.02299082165989459 0.03165880166204811 0.02985305635518262 
0.02806109767400498 0.2796844449816211 0.02789229548366744 0.020621937643592724 0.020264149656080276 0.025556637041695945 0.029717090454131404 0.018798604111860396 0.03547217267094463 0.02332211173399371 
0.14117099907608052 0.03128900104888018 0.024934410509408308 0.026683670360669105 0.03215165107112439 0.03161460805293262 0.027391284316897645 0.02822569881721147 0.022515902004834377 0.1354101798866874 
0.12797496520138854 0.027286286398578708 0.024321675657495857 0.034144433084727414 0.02179664548045579 0.03330513745745095 0.031429550763494296 0.0385314824943024 0.1409609144681803 0.021931523781827025 
0.12890220031977906 0.016154772924123338 0.055016855112270176 0.029438854319974204 0.02147223675270444 0.026220370080797677 0.02537818870014981 0.1437881205054516 0.025060133450666114 0.02983550510200481 
0.1302890180453699 0.016484592159506217 0.035977922008279116 0.018770680235240922 0.038820804461164364 0.029600034423299372 0.1413486553115502 0.03143045018509416 0.031870568981949565 0.02847322872368809 
0.1331648082411298 0.02444527703922061 0.03846433617028835 0.029572772897291304 0.023688780093089647 0.12753209118835632 0.026078345362575688 0.03011586925337003 0.034029714321116504 0.03569284421456209 
0.15208731307086762 0.02232733405587638 0.03908912628446443 0.0346968454803531 0.14700532032473834 0.012352145654783247 0.03459086619332592 0.017292452940078088 0.0170520706784597 0.02782673154718824 
0.155445555164584 0.03758394348329494 0.021315394336882516 0.14619927035416302 0.0191240518964021 0.035196697086635975 0.014052999119985058 0.027960779551395438 0.028976782893688404 0.017299229480393686 
0.13662940170690088 0.017123190712479502 0.14940970139540216 0.022289255858012388 0.02883592395904112 0.045968909283646914 0.01520164332054249 0.02703611269789618 0.03168982326287917 0.029882308555178164 
0.13502212549120274 0.15879888320743296 0.031327317436821024 0.02986758678151146 0.026963614561131825 0.014885731327097187 0.02911006276874675 0.02336964959910535 0.022698965687597918 0.028869976676645353 
0.2828728014565425 0.007839837027697642 0.02937565486484246 0.03337193311980275 0.01807804746402892 0.025716249209859477 0.025355164470394077 0.027351768371604784 0.022730107835582127 0.02890958522526111 
