9.471375175300765E-4 0.005039897742381739 0.008391186517329407 0.018797977348003456 0.4670055473712746 
0.010237931457591417 0.0 0.004945313401222318 0.07383877584036468 0.4343651414645898 
0.0 0.0 0.0 0.16174323285342943 0.3561042891493047 
0.0 0.0 0.0 0.26836689726414475 0.25616775980201056 
0.0 0.0 0.0 0.33175281693651226 0.16870617982417604 
0.0 0.0 0.0 0.4234420834999033 0.08457960725760595 
0.0 0.0 0.0 0.5009095017026617 0.0 
1.1439292127138831E-7 0.0 0.08885195910487373 2.64372074051724E-4 0.4348258687414166 
0.018974396965735857 0.010850728246049038 0.09081535065030695 0.07570971748779275 0.30436114761127236 
0.0 0.0 0.11092489658679873 0.15639762314781186 0.23456792325433937 
0.0 0.0 0.08200186939808936 0.25375251164737755 0.17276085328760607 
0.0 0.0 0.0859973424627876 0.328925240648202 0.08736520215965972 
0.0 0.0 0.10028426005764078 0.5032617398872243 0.0 
1.386772042871745E-4 0.0021765500656517403 0.1683401584772164 0.0 0.3366180490594653 
0.0 0.0 0.16795796730625276 0.09042664825440896 0.2514476577998488 
0.0 0.0 0.17161624963912323 0.15873204480798178 0.17058996308278718 
0.009805804516750507 0.010039940926226188 0.16354162226930916 0.23984220263022238 0.07783547544345573 
0.0 0.0 0.17105495773254928 0.32920862550597524 0.0 
0.0 0.0 0.2531559286692515 0.0 0.24832957575071093 
0.0 0.0 0.2550635084419247 0.07505252131815429 0.1704700229315855 
0.0 0.0 0.24673304496947143 0.16871987762587567 0.08709356306165968 
0.0 0.0 0.24010226710442145 0.26033483435034294 0.0 
0.0 0.0 0.33011602976007903 0.0 0.1704700229315855 
0.0 0.0 0.3215372137973348 0.09391570879801232 0.08709356306165968 
0.008236622818193498 0.0073508280242861376 0.3221536935989863 0.15681497761882507 0.006310817164961447 
0.0 0.0 0.4167820731014666 0.0 0.08371037528189355 
4.4094657690380696E-4 1.8198176181491205E-4 0.4172520567825042 0.09029246300721634 0.0024323981467218583 
5.798277627688046E-4 1.706405399851892E-4 0.5026813253002023 0.0 0.0024306720542796446 
0.018830650574451657 0.09733213827356679 0.0 0.0 0.39099103257762435 
0.002034535876929363 0.08306729934070552 0.004731285949081596 0.08126595802131494 0.3310374880199684 
0.009985733953619258 0.08565765474484235 0.0 0.15963423827978518 0.2504108244250494 
0.0 0.09017817125468887 0.0 0.2501939126937636 0.17284353558816926 
0.0 0.11556150840795737 0.0 0.4061502454130292 0.10420828953782042 
0.0 0.09551032525623697 0.0025491422012007326 0.4793108165360092 2.1721037145887106E-4 
0.0 0.08565752694707204 0.08211011333318644 7.206899214362974E-4 0.3370051391143699 
0.032393830812691905 0.10841687232733802 0.07160401841864139 0.0739766437900463 0.21592343053798665 
0.0 0.07454570814346718 0.10390749341141885 0.1641477138424503 0.17322867183638138 
0.0 0.07176963712126554 0.07718559031676712 0.2812876349157621 0.07698415973506785 
0.018492738047795783 0.09710202543150198 0.10001859657889384 0.40716511363953506 0.0 
0.005240568159201672 0.08728760325488998 0.1679794969905342 6.705259432434279E-4 0.251269463048428 
0.0032359540705598658 0.08317673470437198 0.1551856554958746 0.09845002829830443 0.17193803429261953 
0.004629374708273258 0.06733523052814704 0.19991667878779334 0.1520821831896694 0.08236346688004237 
0.003169863769291971 0.09380121936680932 0.1431354351126671 0.2603394437235601 0.0 
0.005356641724593587 0.08922094006428144 0.2624029640888837 0.0 0.1744550481140322 
0.0 0.09059144450120084 0.34552834463947874 0.11426621398633025 0.10817160495497855 
0.007294773965752144 0.07847059627757398 0.2382550132488447 0.18124722154488063 0.0 
0.010940128767741204 0.10681218590933297 0.3438756988916921 0.0 0.09238309973697455 
0.008083997776644258 0.0860189997239084 0.33657519528956864 0.09629600476156665 0.0 
0.00860204665574027 0.089260347474648 0.42120938666642055 0.0 0.0 
0.0 0.1695085142166923 0.0 6.234726888113173E-4 0.3402927303407787 
0.0 0.15255306730394375 0.008481276367056322 0.10212380032701962 0.23813230375854375 
0.0 0.17265843748500465 0.004669715282452607 0.15864342382317445 0.1696884089828823 
0.0 0.15493675007598537 0.012705253766386298 0.2541638999276919 0.07968900335557962 
0.0 0.1582760525036045 0.012979086054237978 0.32959388913832466 1.8842258835741123E-4 
0.0 0.1705556776152108 0.08391157971092593 0.0 0.24599005895235368 
0.0015545033566858114 0.17355223522636334 0.08615122873235447 0.08327309043916026 0.15967795994527714 
0.0010193627542822452 0.16980121486180502 0.07933525765323879 0.17106043464612386 0.08830176362054352 
0.0 0.16799321514795193 0.08499357977202941 0.24811478691088332 0.0 
0.0 0.16467947060970065 0.17491193238198544 0.0 0.16689803414637142 
0.009499858603407128 0.16765608427480383 0.16396130888641364 0.08937493288568077 0.08460794836647122 
0.0 0.20918798049734558 0.19935265200330463 0.19965892330642568 0.0 
0.0 0.1720490008665676 0.2598800135759255 0.0 0.08643960082069374 
0.009045125274287353 0.15963082700180356 0.25084603247413984 0.08859683949919493 0.0 
0.0 0.1748950416884072 0.3441767391084016 0.0 0.0 
0.0 0.25357775008598243 0.0015467671538082091 2.7310866979846657E-4 0.2468894336895818 
0.0 0.2926598555367133 0.025313757719627055 0.08990056370821232 0.19131261694963284 
0.005211369062201536 0.25409638596729744 0.0 0.15791116239927075 0.086539878508933 
0.0 0.26801147933879493 0.0025999022418589247 0.2451994578850148 0.0 
0.0013595675699290672 0.260035180135197 0.07626736630295555 0.0 0.1695163257366778 
0.0 0.27373927296147965 0.08401165070552888 0.09373306283140335 0.10297591529840976 
0.003982118490379208 0.2795576345418469 0.09715949332339217 0.19553005902569626 0.0 
0.0013632334625538233 0.2607363303171511 0.1504560139407622 0.0 0.09419010726408773 
0.0 0.21938134060018644 0.17898434719518413 0.10985304971989367 0.0 
0.0015631069163188735 0.26102040278507427 0.2730861066758498 0.0 0.0 
0.0 0.32447309193751683 0.0 0.015845701756671902 0.16499456093408926 
0.006612508462603732 0.32241326270912274 0.0 0.08719308246739507 0.08633244448510996 
0.0 0.408740405282151 0.01607776774265407 0.20099690605424514 0.0 
0.0 0.3281128732808796 0.10069912075034876 0.0 0.09780481456003375 
0.0019281525102888542 0.32118363880816647 0.07506447694548814 0.11392685138459979 0.0 
0.0 0.35634091705635346 0.1759934829858242 0.0 0.0 
0.0 0.4176953926706339 0.0 0.0 0.10278413695648154 
0.0028888985086533052 0.4182513197336672 0.0 0.07848860866666221 0.002354685348614593 
0.0024982929510084903 0.41718543084887655 0.08455915707502004 0.0 0.0 
0.0 0.5801215555370494 0.0 0.0 0.0 
0.08884366269610153 0.0 0.0 2.6434704839952924E-4 0.43478470780944056 
0.08023753061653228 7.938956958602267E-4 0.015109613848298835 0.083819888089905 0.3220315838668361 
0.08928456633793677 0.006358822360524852 0.0 0.15963423827978518 0.2504108244250494 
0.07371038211072836 0.0 0.0 0.259061085271357 0.17122600895239762 
0.08944754136023786 0.0035681181258541647 0.0 0.3269110402588833 0.08387743383427959 
0.08356044406281077 0.0 0.0 0.4193357406299692 0.0 
0.08918199197883207 0.0 0.08548861646666454 7.503434325447096E-4 0.3421164449691812 
0.08234321174276799 0.0 0.09418420259449314 0.08751837516486308 0.23714360234288923 
0.08502304024202333 0.003977554674838094 0.09909088514879515 0.165971743221405 0.15736824866482219 
0.06981800313722081 0.0 0.07508668014830366 0.2736385714731589 0.08360110033281008 
0.08122555499847471 0.0 0.08735508026564413 0.3335637198273746 0.0 
0.06712696829155906 0.0 0.15400360514183267 0.03633501266158735 0.2438141288248317 
0.07619490705021073 0.0 0.19895081065363532 0.11358947844707254 0.1899734260907003 
0.06174438518080446 0.025697886521824854 0.18483472060167805 0.15593470193468584 0.07736442248558839 
0.08987805100044725 5.189167036454414E-4 0.1489398723851655 0.21826331372825641 0.04638921924118464 
0.1012428473733052 6.76125786520125E-4 0.28392755252179935 0.0 0.19312923341303243 
0.08208093444858143 0.0 0.3121414499636195 0.1091557556313957 0.10402577470022337 
0.07599096544838413 0.026332207712760316 0.21628984190433106 0.18247162610500353 0.0 
0.09441736707370256 0.0 0.3642604236019503 0.00786986690083053 0.09266125767966471 
0.06107384975896838 0.0301719428077465 0.3226540978067057 0.08520808229912968 0.001191664980228408 
0.08668249131276569 0.005175851875321737 0.4124566702997606 0.0 0.0024349364212093256 
0.11358425502543237 0.07545188971278585 0.0 4.0515695261779394E-4 0.3484489163943432 
0.08578195747004322 0.09287350224567692 0.008341665127826758 0.07992167257555646 0.24513525242846185 
0.08901514490749114 0.08973402304829418 0.01795367005297515 0.160479794439636 0.14405592156393182 
0.07617041276389934 0.07870426947866246 0.01270016402767686 0.2540620815883033 0.07965707985270803 
0.0886813342688767 0.082758989455575 0.0 0.3299502924543796 0.0 
0.08905162754648457 0.0793864399412412 0.08879234954721925 5.51316215376732E-4 0.2435482898895676 
0.09113697045164629 0.09827278528301979 0.09318820807514158 0.07989881924200234 0.1700284355277832 
0.08347853426912537 0.0853472128866866 0.0784087862014436 0.16906280315264574 0.08727058195481838 
0.09618267279409028 0.08739427642635798 0.072527657508498 0.25074770502191385 0.0 
0.08496921790674626 0.08378500695780329 0.16897745422951044 0.0 0.1682338989054405 
0.10183553946642203 0.08757802178145081 0.17530597573228723 0.09555888472679941 0.09046206720249148 
0.10837179895130752 0.0997269266109754 0.20109375208588187 0.19997748819315106 0.0 
0.10650010272343977 0.10141292486852668 0.2715392136968208 2.921861678079118E-4 0.09639169470149288 
0.09060550582191956 0.11161680118781167 0.2656000803911335 0.0935749057695418 0.0 
0.08507302151406812 0.08800615865971087 0.33105919883627566 0.0 0.0 
0.07300244821669885 0.17140418224236545 0.0 0.0 0.26452663368557505 
0.0909751039791648 0.16192450338720493 0.021874675556443037 0.07768683279818699 0.16940148961381057 
0.08672899219580642 0.167629431773476 8.40756745316988E-6 0.1747288515770634 0.08739125311528859 
0.059501780708359944 0.18821005158332801 0.013839481056290874 0.2501582339487722 0.01446950422858137 
0.1189158223859935 0.23640909136503863 0.11876482028234607 0.0 0.238007008926366 
0.09221703482742304 0.19811922255209102 0.08733530986383657 0.10176171389451757 0.0951785228200675 
0.09499345385028132 0.18752288180849278 0.09927127222529127 0.18466676657145037 0.0 
0.07869494581338236 0.17322003726290705 0.18479130096484328 0.0 0.08673444793628719 
0.12190802251229006 0.25375731726636425 0.24977157387049595 0.12875644872254052 0.0 
0.06587082322058399 0.17831733497338134 0.2791964438349942 0.0016285375644139073 0.002327939238426113 
0.08218942236907849 0.23098413167169804 0.0069164455381568605 0.018057711200272778 0.16668459650893233 
0.08986708718659425 0.2644100150046165 0.0 0.09388478135819182 0.08992318786906733 
0.07896064134433545 0.23889291420168995 3.423265272876918E-4 0.18223273148431055 0.0 
0.1026844605282779 0.314315564264527 0.10890301996570292 7.022937524466462E-4 0.1004335471362249 
0.0856884184976498 0.25211539318774356 0.08684393964592642 0.08967932560386345 0.0022317132827965477 
0.09583393605638689 0.24933166146609814 0.1632745186084405 0.0 0.0 
0.09666607754094451 0.3898566906010505 0.0 0.0 0.10092875976781478 
0.08813430669554798 0.3425390589952906 0.009542110660446548 0.0888185852887247 0.0 
0.09634591935870354 0.3751065833800223 0.08989341753494406 0.0 0.0 
0.0855754485855594 0.442323612857689 0.0 0.0 0.0 
0.17467060844549662 0.0 0.0 7.503434325447096E-4 0.3421164449691812 
0.1822209622350645 0.002598038474606825 0.0 0.11142597870695298 0.3058850619979477 
0.1754811542474072 1.870113116400243E-4 0.001126649167907688 0.17219844897994638 0.17565333514296322 
0.1688565855274549 0.0 0.0 0.2560053406811188 0.08026635748974537 
0.17404341432821804 0.0 0.0 0.328664265303579 0.0 
0.15826135050456844 0.011271330036888055 0.08562135334963367 0.0 0.25028958760843334 
0.1985460425655122 0.0 0.10384539394891702 0.11626118888321064 0.20932652284425696 
0.1721056767844939 0.0 0.07993210421035933 0.17234733828138185 0.08896606603996651 
0.16627754306094442 0.033604170729005095 0.07896935068117089 0.2730183785137994 0.0 
0.19702333378187956 0.0 0.18886382601389515 0.0010727433620694017 0.19683499881498934 
0.17805364655169328 0.0 0.1761213054600891 0.09806707087473776 0.0934582236302354 
0.17236584729990764 0.0 0.15731803083199256 0.2005151034512847 0.0 
0.20724579041797186 0.0010445251458840797 0.2720319604977822 2.927163814647624E-4 0.09656661123953825 
0.2050946102405398 0.0 0.253865732665916 0.09448451565214867 0.0 
0.1630931845335884 0.0 0.34106462570021906 0.0 0.0024341774116249217 
0.1638270537816343 0.1088272383450926 0.0 8.681660749855494E-4 0.26331832893270535 
0.175394261540676 0.08070160839148853 0.0 0.09279938453496663 0.17621574191778275 
0.17137873979402624 0.07737381468422537 0.0 0.17612334546409225 0.08026899745496953 
0.18113242909722158 0.08327970383944575 0.0 0.2597582947296917 0.0 
0.169076324685348 0.08392918668130905 0.08456528919038345 0.0 0.16947048369497794 
0.16845345942605716 0.10398349272137114 0.07372655638204674 0.08809964151217761 0.09916869303626082 
0.17164959538630992 0.08540685185298245 0.08620774050886593 0.17044473885294983 0.0 
0.17669723736306198 0.09595280164132418 0.1825429707657921 0.0029080448983462926 0.0909836737590041 
0.18408635782517052 0.09094306453429014 0.18286097866758574 0.09426425056429433 0.0 
0.18359746773928023 0.06258985114107937 0.2553016046125053 3.056156883522364E-4 6.968670098681257E-4 
0.1546354995394552 0.1491226374788734 0.014263437491330869 0.01794102207349754 0.1656074788278601 
0.18593914266907108 0.19794238422825966 0.0 0.10173006665486622 0.1007259415932673 
0.18027481841055729 0.15785586816561822 0.0 0.16789574511025895 0.0 
0.18094537048573314 0.18963916580261916 0.08929773731922114 0.002938002717308016 0.09192096067245399 
0.18320085788346258 0.168119650664932 0.08621436486069893 0.09001611759523905 0.0 
0.1682417557098935 0.1776224781656178 0.20402987868551065 0.0 0.0 
0.17156206119785117 0.24003609508550025 1.4380246792550122E-4 0.0026304536249058303 0.09309326410848096 
0.16647851029615218 0.25071469764056586 1.4941789470500954E-4 0.0842037220369078 0.0 
0.16601207784419814 0.2500122558001543 0.09125613993423345 0.0 0.0 
0.1875993967275832 0.3037911317126594 1.7599169123736134E-4 0.009045933210916804 0.0 
0.23845818655149081 0.01698292673511647 0.0 0.0 0.25057119390882815 
0.2595836261245865 0.0 0.0 0.08026537735660394 0.17164677226671463 
0.27476987971719136 0.001306509504932382 0.0 0.16347268542588522 0.09175895661433589 
0.26638428137591924 0.0 0.0 0.26169573197905044 0.0 
0.24744472190301905 0.0 0.0877026007588771 0.0 0.16927210490387548 
0.26240446142601037 0.003118366109132849 0.08862122669230559 0.08279354384305353 0.08853680578173018 
0.24872460221607626 9.776881171639853E-4 0.08774099374164794 0.1733134643280965 0.0 
0.27265003900438617 0.0 0.1825429707657921 0.0029080448983462926 0.0909836737590041 
0.27567207723143905 0.0 0.1832882656750168 0.09448451565214867 0.0 
0.2461811387140917 6.180166267903334E-6 0.2553016046125053 3.056156883522364E-4 6.968670098681257E-4 
0.3061314421387314 0.10146747542177491 0.0 0.0012978469902919815 0.20652056974276772 
0.3100186783320379 0.10571150193069498 0.0 0.1025610515041972 0.1032372813431396 
0.2526497803247894 0.08614960841807315 0.0 0.1682277831446344 0.0 
0.2757369521911813 0.09139320098539472 0.08846535343508806 0.001452508877687356 0.0907745291343477 
0.23995558680310383 0.0937397201406749 0.0818891247312164 0.10597983017851763 0.0 
0.25071976030439724 0.0737856274404688 0.17893419631704843 1.533554979734127E-4 0.0024314501000430454 
0.2611883361246605 0.15923478012534031 1.4688569607697598E-4 0.0026868524390879353 0.08406325015668677 
0.25746832764758426 0.17688769766550144 3.075831697992534E-4 0.08571349628452571 0.0 
0.24778730990447617 0.1828399807419846 0.07665956958408969 0.0 1.9628012681669916E-4 
0.29475761646285875 0.29005155831492363 2.069889479022283E-4 0.010765617526095655 0.0 
0.34268941992654295 0.0 0.0 0.0 0.173081375016006 
0.34793454302485416 0.00165440181443525 0.0 0.08051396989815092 0.08978700438556586 
0.3402414528555225 0.0 0.0 0.17475062532087188 0.005118433930269196 
0.3679567641965794 0.0 0.09072503467528398 0.0 0.09381391405309697 
0.33369530694377875 0.0 0.0818891247312164 0.10597983017851763 0.0 
0.3324403939719196 0.0 0.16951008808963272 0.0 0.0 
0.3268628509836138 0.09619417519195599 0.0 0.0 0.08353580914219487 
0.34085239265859946 0.08753728850345797 0.0027474806051825057 0.07794230187063743 3.940999324507009E-4 
0.32979551416030556 0.09016100365732971 0.08574652181851879 0.0 1.9566731278287665E-4 
0.38467609271037173 0.19974551516689418 2.0685177142066896E-4 0.010758482896208359 0.0 
0.45299375670270536 0.0 0.0 0.0 0.09170202822014928 
0.42409101969006596 0.0 0.0 0.08947714958306646 0.0010143927295082622 
0.3962479024204858 0.0018841280978640431 0.0806502327967204 0.0 0.021961732288809942 
0.3989926874563079 0.09159499316872585 0.0020453562981594033 0.009065559526524257 0.0 
0.5025337434653494 0.0 0.0 0.0 0.0 
