0.0 0.0 0.0 0.0 0.0 0.0 0.0 0.0 0.0 0.0 0.0 0.0 0.0 0.0 0.5000012928446314 
0.014061515850935211 0.012810212805518396 0.012287529215592684 0.014275073711187273 0.014005311347684134 0.014379855646475925 0.015492015184800248 0.011314556174728393 0.01213142458335191 0.012583204031707504 0.013914338871442451 0.011772674599993076 0.01065359978559814 0.166649458933743 0.163690282501856 
0.009731956395351474 0.010476767701643682 0.01193288403099973 0.0100867958636328 0.010750372028839434 0.010180230500164613 0.010530557099938836 0.008113143174120194 0.00936747833302704 0.01279123299281278 0.011536760975715257 0.008527990000975648 0.010849956732661033 0.35471945698199675 0.010563503523825592 
0.0017550737831582748 0.0018836770600750938 0.0016646670011011906 0.002160500191542426 0.0020521231553403095 0.002217500737436278 0.0021637283166865274 0.0020074889163203 0.002124707395200024 0.001116811596864334 0.0012379096553346573 0.002104734260110274 0.23772081516169516 0.00660380267975623 0.2336062327486337 
0.010016004164994437 0.009885981800789975 0.009911436817350995 0.009272665720773742 0.008956072811005616 0.008863416315417106 0.010961373672577887 0.006400669293435104 0.009589798913205504 0.006896979310807695 0.009725932485823121 0.012323386696815358 0.1952377611114149 0.18643081408756665 0.005543312773156271 
0.0 0.0 0.0 0.0 0.0 0.0 0.0 0.0 0.0 0.0 0.0 0.0 0.49295311604747605 0.0013094094150723915 0.005778942362047892 
0.013146467304469157 0.014563702148430713 0.016560760198834033 0.013690272463535257 0.013959387794027753 0.01518744220041993 0.014978233767221993 0.013470505172140332 0.013145610084127315 0.01752455984670684 0.016596067475528612 0.16024617974484953 0.013356449664014424 0.012679605102357187 0.1509730210455857 
0.009757560495237074 0.006838992625603729 0.008567510718765686 0.008134353880548895 0.011211413040249626 0.012349882001041725 0.009832130593292058 0.010035429857507635 0.011945987998180457 0.009754518167910403 0.010225411686414332 0.1904198079303684 0.006665202064333892 0.18608102633323081 0.00823503900455775 
0.011447436344004257 0.011283770965451287 0.008753532164980312 0.011151624910365015 0.011379836153433251 0.011225602185222646 0.011428168386520865 0.009730663531321255 0.014487543434556752 0.012703741943179454 0.014882746283858717 0.1902567370604538 0.17043615470524645 0.0052160553988188875 0.005685778586956413 
5.313552607371318E-4 4.899151076877889E-4 0.0010412022242689755 6.087768410908837E-4 8.46839555387737E-4 4.999935531523392E-4 4.1768848424824186E-4 5.324361373537167E-4 0.0 1.1278035358527961E-4 6.866159262626391E-4 0.4903480208377761 0.0 0.0 0.004003126232138144 
0.008941451076539904 0.008521929360694415 0.009348665682665236 0.010127901178594523 0.007636024548760765 0.010525513218067 0.010817065674421748 0.01129781174057219 0.011749252764206028 0.014357152685340878 0.18446423308109214 0.00925296244262538 0.00822772701111263 0.009336453949499475 0.1859883007976299 
0.01600979887336117 0.017482921986333406 0.01635943959339025 0.015525572213576656 0.01763694689142165 0.01670959796012148 0.016977707678921997 0.017989957582967286 0.016603301799708783 0.010707688833692787 0.1458829746071639 0.007310118528276283 0.015845872955345865 0.1576836538078588 0.01137692599823075 
0.00867283007147903 0.009962451497983024 0.008016748035016744 0.01001257159795326 0.010264929654064682 0.010916428667126981 0.009717365446497359 0.014471595053849104 0.01173840178389031 0.00969821472408789 0.19341917341390932 0.011578947281607183 0.18134110748642202 0.004746982894333579 0.005782394114256381 
0.005420763981762854 0.005358338123350782 0.005199476557559278 0.005305841081183246 0.006521041403377153 0.006050579971690867 0.0057726805520827915 0.009840055331181955 0.0072040959287830745 0.004486060685721223 0.21355719822670458 0.20911602442953123 0.0038944515522726726 0.0030078029957193012 0.009524849857560195 
0.006351169382962916 0.00693791655645911 0.0068180472731219684 0.006867850934535149 0.00690385048320413 0.008826513432078223 0.008483396943660107 0.007057484883566064 0.005649183791464024 0.007354216440593806 0.4006325271218399 0.0072861710251113715 0.003690104183371636 0.007834016274468584 0.009455202404484827 
0.020636969910092076 0.0214863499464684 0.022121374518156038 0.022491741549348906 0.020284776363865813 0.02329647519449463 0.02452059875584521 0.023724423922603967 0.020049621001965442 0.11171605873079703 0.015781774422262952 0.014365426839749168 0.018675067781364563 0.018075306552077525 0.1229730031425677 
0.008892616625589173 0.009710860451734525 0.009086823992246792 0.008623653718596124 0.009570644349304987 0.010983125781347164 0.009681530255867783 0.010258765313618289 0.00946802546970176 0.19636386798814873 0.015920549918604476 0.00708870501004578 0.015365923079443648 0.16824816818167818 0.011389443147582798 
0.009078275961044355 0.010646147426344541 0.01105283532872749 0.00806216121098109 0.008469313272405637 0.01066014428557256 0.011048514625284568 0.010520025214670901 0.010671476308307096 0.18930804090356682 0.012605971055016405 0.013122191485452772 0.179247002884301 0.008128727156887337 0.007651080315516948 
0.010106379301111338 0.01044722697220433 0.011072272335413058 0.011108920089822921 0.011232136025394477 0.012094376513351672 0.01276516225183526 0.0140359318028504 0.011841614963879582 0.1881758346800879 0.012722120690740175 0.17837508475860925 0.005674537215861482 0.00460200104078031 0.00593595985473497 
0.00827426998937936 0.009191333384860952 0.008335190378610718 0.011409434548374755 0.01029988292967704 0.013727100304278272 0.014398024286350071 0.009316422220803157 0.009457807091554856 0.19041710300964138 0.17895154593905077 0.00800169642085212 0.00893325873641216 0.011807259607066193 0.0076587506737228386 
0.0 0.0 0.0 0.0 0.0 0.0 0.0 0.0 0.0 0.4981154857847445 0.0 0.0 4.449171896649001E-4 0.0014712048308526317 0.0 
0.015373008617466906 0.01415032259179942 0.014693569829925444 0.014533608067036565 0.020697864736242327 0.013109660578149088 0.015247912810090199 0.013690519624169633 0.15142954408155584 0.01624247047983412 0.016057028361432232 0.018388962968655595 0.011765870316535981 0.011280032029434285 0.153458768771425 
0.011402519979405048 0.013043877840286959 0.012417705231721619 0.011450692128240653 0.013033879302578008 0.010869189447881206 0.011174640911987558 0.00817846800557015 0.18616603394857714 0.009972965012711653 0.005076422549691556 0.009267870138793596 0.0090093320033402 0.18152003386475313 0.007548041772099158 
0.013378386603688598 0.010537548239047009 0.012952585836671662 0.01327916061467844 0.00765667434488685 0.009477716729249698 0.01051440232169877 0.012362997820294862 0.18407079057720935 0.011140312104043416 0.008000809482370646 0.009787906358342887 0.18056935497329418 0.008568218581930428 0.007930970029588008 
0.011415507055670985 0.011939348423543586 0.01124605955352541 0.011300094122384152 0.014281781716176143 0.012754897060350393 0.01267619976241712 0.012160089915528687 0.17837257683190713 0.014137287618106687 0.008451524167041575 0.17436715244330098 0.008777291026794283 0.010310008983065664 0.007853115149478946 
0.009078542589042506 0.010288769838650501 0.010367896966396492 0.009740013981798615 0.01386189951008051 0.014048574451894731 0.012427530422282127 0.013083784976723108 0.18311431313569118 0.007829813129685344 0.18062615522754005 0.008399305099784402 0.012378745900734272 0.006545576827015637 0.00830149964146346 
0.00961768785278074 0.009699695260997948 0.009483306305005053 0.010392763788332827 0.012311137646274605 0.007966450186114154 0.010263055397789326 0.0082640677523242 0.19603370856726768 0.19244203882909955 0.006196581030358476 0.00600533179081615 0.008088056674984573 0.00835534624510318 0.005007640025108439 
0.0 0.0 0.0 0.0 0.0 0.0 0.0 0.0 0.4977672679110872 4.379924105336951E-5 1.5924285473019223E-4 0.0021088844281390504 0.0 0.0 0.0 
0.019536384735438322 0.017834179942969725 0.019846120118492495 0.018647948340915262 0.019166124380609717 0.017696142997461077 0.01818890741902816 0.14267087474526613 0.01137167544859542 0.017548983413461738 0.018191933335719397 0.024294022023584303 0.014560036796325487 0.02100874359333903 0.11947454170351915 
0.016975425987858752 0.017248751596419826 0.015077484219647825 0.012796681489035277 0.016252351661834495 0.015055313026063511 0.015448089921954369 0.15741433309067993 0.013127626391188675 0.01651581853886322 0.0098419640311954 0.01953981642256451 0.013072188511297054 0.15078281644596697 0.01092950055772204 
0.009981899875850646 0.009832947656583815 0.010717862104641753 0.010008389611791612 0.01150156779593263 0.009119474021019383 0.011828805927521249 0.1923924506283187 0.006345548362867376 0.012292642165075394 0.011731677490256241 0.00894268956212202 0.18039908527406373 0.006608728826018219 0.008362949720732656 
0.010646357907764395 0.008488631730941129 0.00862149377893276 0.008669235594383541 0.010693539298632768 0.012224567426625256 0.009952092197880158 0.18656937946222574 0.009791429808060196 0.018750662519490646 0.012917623465406638 0.17960179459036898 0.007369010352319771 0.00905519075093033 0.007605517343995339 
0.010129139827937783 0.011555354062536528 0.011562225296150508 0.013034645451341987 0.011253953307464076 0.012921482870323495 0.012350198188706871 0.1779991389993773 0.014041593036297201 0.01100206322698167 0.18380740232031645 0.006037827488727922 0.011720851681913802 0.005381114836449514 0.0081731696616056 
0.01483049970657168 0.015984573852454352 0.01106116199748995 0.014653805061820728 0.012393359975160802 0.014406765698992236 0.01718948517569939 0.1610672538909753 0.014165190113702483 0.1728400632121394 0.009517451186577677 0.008532468779556412 0.012661412868992082 0.008704044263666836 0.012082180031066784 
0.011702824742278633 0.011428190752348006 0.012301394270881555 0.012051840197129954 0.015145717845274095 0.014253910999451277 0.013946669045457924 0.18093521928647144 0.1756761618367133 0.00897980855082793 0.00982657707577349 0.0073500490067377145 0.008625897858340349 0.009260240225840996 0.008614326589630456 
0.011219958443149112 0.013051532356729543 0.00893786070085417 0.009260838875906204 0.012541808570358064 0.00991168181411392 0.006900492059993164 0.35527658042611715 0.009247219289426073 0.005686516946338024 0.011553319665844858 0.012414764639521752 0.01585840920012064 0.009253264123112047 0.009069372139330529 
0.01868878877567075 0.015670960175735615 0.022754981391531284 0.014350489329164348 0.01438566880349067 0.02153081453502734 0.1511315273611836 0.01190348194014445 0.011495703831555187 0.01338990140166534 0.01152661489462892 0.007922502716281657 0.014202875503479689 0.016649479542610694 0.15443549563348172 
0.013815461702969477 0.014531859768082593 0.015038055091080792 0.01715781842864816 0.016023644144933156 0.018988639664963895 0.17579264426375488 0.00993754883803792 0.01525284381269348 3.606957735197719E-4 0.012858708489255365 0.016540457296609894 0.013627580619320304 0.14879243742119883 0.01152936646757718 
0.007685700385329078 0.008868116637374975 0.00933894940123201 0.004231984922044948 0.007958405704548357 0.006043597241498786 0.20183648009113395 0.016427448071357438 0.011788021055884097 0.01316162158092954 0.006356665764122013 7.36446037589194E-4 0.1954555423995257 0.001217562984355474 0.010246695195020472 
0.004088550601468961 0.004420768407183712 0.005913730362755771 0.006387333103731072 0.005739031856715869 0.006221180769328473 0.20443153391892843 0.018855674240961563 0.011223015899789792 0.01132280316139608 0.010295867849312652 0.19284303217501259 0.005891639064591275 0.006737616533565733 0.005923922708288236 
0.009925129146210195 0.008042970738897887 0.00908672848629763 0.011201292920265097 0.009788028303962823 0.009271939736406578 0.20041989449525735 0.004848857880635182 0.01391575469884911 0.007843692621190662 0.1867523436981744 0.00621624041771535 0.005454873496405121 0.008682302358774915 0.008966187319392317 
0.010240758303725646 0.010333767559196147 0.011949822430228714 0.009746310060907782 0.01219292086806619 0.01074733530048357 0.1739304292503347 0.018551759397541626 0.01033370962770187 0.15173736367323729 0.012599179347064794 0.012341768905809835 0.02108569987176638 0.019687829114075628 0.015364366082810766 
0.01348921525533179 0.01112508842353413 0.01344774518653534 0.015468073990940526 0.011569109648182556 0.011544001167632148 0.18726562364813978 0.013133931447257748 0.18076333063958852 0.007309647114820236 0.005208718413333198 0.00526633364981713 0.007963260945757032 0.010462392688224964 0.006301668147666566 
0.005720436288424525 0.005765050046379142 0.004243793855984901 0.006764141135290407 0.006818106577961045 0.00667888876722133 0.20974996918041897 0.22289140586875916 0.005920366119873006 0.004207267564561671 0.0045244399669122195 0.0035379495247384383 0.0 0.003063751850263395 0.010413890780431407 
0.005961355423766454 0.006266490965000522 0.008411610735006096 0.006848385091305481 0.008801251755126461 0.007539365568860602 0.39500451752598 0.007209458827704367 0.01404410629780244 0.006417133063011956 0.004172714080665843 0.0040436931725791 0.00747439082995308 0.008633751127577723 0.01000509301072839 
0.011255418749754357 0.015326580203377764 0.015586516104731494 0.012505099093855278 0.01039511190332445 0.17406473682531157 0.013082585212879621 0.016815502184715975 0.015413276491562527 0.011901486618074983 0.011050112915924453 0.010109028308229892 0.013085410038536645 0.011333100127834056 0.15822841845001165 
0.01315800521873755 0.008817734165757981 0.010012424413284518 0.01026906258056233 0.013791302547522226 0.1703363383388919 0.016064078696620278 0.013005268247170894 0.015800287040981745 0.01129623796968295 0.013231227050272076 0.015711910718330547 0.017544397752201797 0.16172669784682983 0.009829406943547631 
0.011596041955420642 0.011269269521450924 0.010493072334038091 0.014496172730102392 0.012870947756927638 0.1803034450244944 0.01314366298077245 0.012702187442909511 0.004152306189039027 0.015153946070113665 0.012868353368363283 0.008066344281048273 0.17917458021593022 0.0034055852138705047 0.010718241453383598 
0.013383704193862925 0.009142881593870972 0.010889260285076271 0.01231927471639282 0.007326397234468026 0.20702107369721176 0.0035302340400729455 0.01099588297448315 0.0 0.011105919512125577 0.0 0.19062555917518226 0.011710332700631574 0.0051604271023576705 0.007035530075766055 
0.008257501227199232 0.010676762970953161 0.010047015062000751 0.010693903535893964 0.011633697656771703 0.19222317743028353 0.0053032256306607154 0.012435456302549377 0.009345962329889919 0.015130999151711167 0.18716903656924236 0.005620684031517456 0.00716299556545942 0.0037119040842035645 0.010766447266081988 
0.018287978584817136 0.0137367381198389 0.01650542275546632 0.017938860145391113 0.012853028275684191 0.17174809337074326 0.015844817505705436 0.013338980752843153 0.01002501304352147 0.15509372185699422 0.015685513358198233 0.009213977001928093 0.014703473705054163 0.011105099842154267 0.004143344225201301 
0.013059433231964897 0.01504577878496439 0.014790934694081052 0.015410869211018833 0.014534087736332628 0.18321331087711445 0.014106220437516111 0.010181903050274117 0.160286717461875 0.012232729438749259 0.008761848368171002 0.009464740976288936 0.009450090223518752 0.007845365799264727 0.01180331118128995 
0.02298043014835968 0.01975880196458109 0.022815125435148718 0.025870655471119705 0.021149138693539297 0.1483205448278986 0.01934477973168431 0.13059525927469726 0.013944292326215664 0.018163231789814105 0.017889652700399272 4.4132293137311574E-5 0.011098652280312446 0.00895784612135212 0.01921819269157797 
0.011962327635385723 0.011281758703490083 0.010271639109857816 0.010731913698360572 0.011423233710878012 0.20389914127253825 0.18948829631036573 0.004977722376424814 0.008988394301466416 7.232758172086899E-4 0.0021804328730427825 0.010390686420795731 0.006449522662749375 0.011136879153526699 0.00644180286334013 
0.0 0.0 0.0 0.0 0.0 0.4799878121153614 0.0024394903075704234 0.0 0.0 0.0 0.0 4.1670915248111714E-5 0.007224078635822787 0.003113262028420608 0.0073202420625821185 
0.014747906548860728 0.01618046509658486 0.01426761285722881 0.02166689151686979 0.1634370061802057 0.009777877030580077 0.016816839336943376 0.016424002600505385 0.0087711674723185 0.015754664591263116 0.009668941671585702 0.012214523392150171 0.01131508090393256 0.01499392316701153 0.15422096967718965 
0.01013682932112552 0.012228860871729518 0.012093362032587452 0.012342053182147495 0.17346059217608237 0.00919524037907466 0.020939187012080016 0.012893314517903388 0.015139526867986737 0.011656893574430546 0.012735273010927776 0.013765560825830398 0.012081312617106038 0.16228575931952205 0.009150214621989665 
0.012292118752202283 0.0123371719510524 0.013256581581406678 0.014372119767526767 0.18754997659879705 0.004610914380454211 0.005326005175332643 0.007148667287802757 0.007732558744445888 0.013412988863958945 0.005231469355068332 0.013939585762598778 0.18560296680597763 0.008356767968458637 0.00917524688075174 
0.011819122958048732 0.011799333981089101 0.014354846577634838 0.012144227021595422 0.18227677521207067 0.004483346045209552 0.011315764452310053 0.015088350851954159 0.011527299297979939 0.01378045275712556 0.0068420002314144015 0.17995452285354696 0.007904463164656362 0.007977488740705647 0.009007487209453035 
0.004982239695287045 0.00433095248281089 0.0045412956847053175 0.004698531692559768 0.22794953403004703 0.0 1.3949909585958146E-4 0.003811394186878779 0.0036430598376741992 0.006726593270869907 0.22702461107439695 0.0 0.0048606359301504205 0.00538422253709152 0.0024762458390177413 
0.0031905310848136894 0.003722988423976596 0.006548601628796447 0.00626830676575287 0.20956902857646756 0.009743131532586411 0.0 0.008669396436821951 0.007568449349479296 0.21304432779662782 0.004623257437862184 0.01013099974736181 0.008005865250358148 0.0025028993237056797 0.006518368098483814 
0.009333349062860447 0.010630396133839082 0.01071936912345956 0.01225408869739434 0.18780151857887323 0.015557222203300934 0.011683216824828068 0.014659714034936482 0.1859163371566789 0.008926484298465848 0.006375975635940807 0.005991502288357278 0.007023678500085435 0.009675151667240435 0.0036067743818187416 
0.009759771856922218 0.012059789238772831 0.012682376483699822 0.009026782002973957 0.19038873202851211 0.020488883387604306 0.00840363925809033 0.18421141113100015 0.00828284592449573 0.008863198949882575 0.010268510734888324 0.008316629789861937 0.007066176281508876 0.005041402536504471 0.005647695434326237 
0.013861917713932245 0.012997440748952541 0.010946031609970208 0.014115781962320677 0.1958411210408274 0.00824913961454856 0.19102153262614052 0.00906696226771499 0.0026969922329700483 0.012371934822611655 0.006424751231526067 0.007209194966833468 0.004877036052659571 0.00691091638492491 0.00368054669597725 
0.01624902685590735 0.015572927173846743 0.017851171190225255 0.01609021525392452 0.17778171789799416 0.172040903803401 0.005106209448513077 0.016184211216402355 0.0 0.016690275657919074 0.010645682959968634 0.00814389768675134 0.01363546387784598 0.003782085247093644 0.010360585891737977 
0.01038819800722731 0.006504076090022056 0.006531926494802897 0.010545428942042755 0.4173639336908882 0.0 2.5541570699856196E-4 0.006170411522670764 0.0066585022946859295 0.0040596291110238025 0.0049951266020858915 0.004133251777211473 0.005198098646305736 0.0055894206507346505 0.011788443117835803 
0.017372430907719318 0.015117761186577391 0.013158303684386887 0.15939020027784492 0.011464711375462578 0.014452721494402536 0.022140238222112738 0.015353762488880226 0.013644277930674914 0.013970892720643883 0.014499472073999747 0.010664046884532364 0.012896312440511775 0.020988138053151105 0.14508924242418134 
0.01560513121447027 0.018614460318647018 0.015610238971524689 0.15647719363048532 0.010410377089585487 0.015419436775305644 0.022253425000409468 0.013783416452570292 0.01226840284199543 0.011705897786479 0.017607197572670225 0.011430582035427595 0.014825324502879792 0.14861659774810604 0.015399163040348683 
0.00868138771070674 0.009109984193792118 0.006619251166628448 0.18834147501832715 0.009112894500983194 0.009533551735948375 0.012495751696086865 0.01576035265541213 0.010757877323945194 0.010609162772444097 0.009538216908131789 0.01579678489166236 0.18096548591328632 0.005393034254707937 0.007994514060909204 
0.010655764315144757 0.010865603681705633 0.010673430254621922 0.16666590679130383 0.015794695230750336 0.01835239193800598 0.015969516141396238 0.017935879923087428 0.016385512459565064 0.02164818526038938 0.01784544364692075 0.14564153653199868 0.010836503052717564 0.010496691898148072 0.010311294143006654 
0.0022096298820417307 0.0028570869305046247 0.002272284792234591 0.213971543614001 0.004863611581507689 0.0055524133848408475 0.0039218027838928355 0.001806568281038656 0.009815401528670472 0.009110808495172902 0.20710593612435266 0.00825076264820437 0.015049300474335338 0.0013874867273877816 0.012048346216307432 
0.01903096970045345 0.014475808598757915 0.011745566004476161 0.18799702410376476 0.004110959805960576 0.010661782081668401 0.01065345027029965 0.0013529798845644276 0.011618041298751054 0.1745044224520906 0.02263321732184447 0.007132511658707191 0.007724847430924843 0.007571572005902619 0.009091111450040965 
0.013110479666265688 0.011184246473152195 0.014282424869279 0.1851381246763114 0.004326911161610721 0.010243228596312536 0.012409390995441048 0.013036755376827955 0.1827410537438511 0.012880688563227013 0.008904140380305894 0.009591051124537349 0.011358886261744916 0.0032798883488176166 0.007583953308043383 
0.012440893649327052 0.01626326023124875 0.015431856765804178 0.19145539620735835 0.0 0.0 0.015274978783852387 0.18125197733457146 0.010325835942332065 0.008808258411029384 0.00429025750587565 0.010493833207325453 0.00832760873617359 0.01160211813051601 0.014183745737116638 
0.0110710023423446 0.002486679632784629 0.006875354672903855 0.22577678554942382 0.012423896389279088 0.0 0.21584849315377333 0.0 9.061026904520888E-4 0.0014414759474655268 0.0038129608776949287 0.0049308086800467265 0.007621376119439222 0.005922106520175433 0.0010172566043489205 
0.001905127937261595 0.001762041722741897 0.0017564629205063691 0.23815333779385073 0.0 0.23887973624938325 0.0 0.0 0.0 0.0 0.0 4.167345511257175E-5 0.007224518947260018 0.0031134517833979994 0.007320688235231385 
0.02142380111380318 0.01861380674136076 0.01708498018682344 0.18042864618313217 0.160460706108326 0.015918242073638462 0.011389963230099892 0.008893335061436056 0.013177318871871938 0.010061328650117225 0.008212225973050635 0.0077395321069351685 0.006144177379662627 0.010765258188835026 0.00992429938851126 
0.001640092950287097 0.001738247589095263 0.002080073902095974 0.47947232477458684 0.006070995653353437 0.0 0.0 0.0 0.0 0.0 5.366700926825742E-4 0.005142741755926876 0.0034031877471165516 0.0 0.0 
0.013777909023342963 0.01329142898892917 0.16988150962823365 0.011151411818705334 0.009679546774687185 0.015109577238008999 0.011496256745367466 0.011175331224440825 0.01239237478347865 0.014906743089841783 0.013778680874948934 0.012659589705340812 0.014578726765611229 0.010735714758863257 0.1657594159965432 
0.018343993165569845 0.017696290643267408 0.15566623977760213 0.010854476730899147 0.01064648672839478 0.014792213587297726 0.022743272737951296 0.01574879293799069 0.011109439737907213 0.014893927569364472 0.015405931918408852 0.013140139694923048 0.01513212597983546 0.1459446198766435 0.017992767748800317 
0.014704060244449344 0.01526445975058826 0.1880761700109843 0.008394362250049832 0.011971160193662067 0.009001971259029382 0.0023645917893663887 0.01142176501185875 0.013124333171358221 0.014834819005301422 0.0041586166074466585 0.015361404925924003 0.17426563180925747 0.006689913682039823 0.010600670271624264 
0.01167237380824323 0.012391419758836836 0.1868781294829221 0.008814416249134833 0.015284846995727524 0.0 0.008754586442583687 0.013572427047624932 0.007743346495218513 0.011711062317698346 0.00886812662462648 0.1817828795472638 0.007358702489413469 0.008933096339151528 0.01639015743463281 
0.006889850193332137 0.007291060345692761 0.2249660579212493 0.0 0.005305642752630171 0.009679580046512684 0.005576237424471624 0.0 0.0022647709357078998 0.0033187812915908134 0.21430414747688026 0.008537527646218021 0.003001375506525196 0.0013181325540586283 0.007722462062747452 
0.00964958382014575 0.010169304504314806 0.16963370415214557 0.015691353876925686 0.00816902750762455 0.016047869136313484 0.01441171812951017 0.019282794269217605 0.016968434858650856 0.16399143428573432 0.006269826437651011 0.016368837593691447 0.012242783707100535 0.01018851590903813 0.011222322048011126 
0.01379854960114706 0.014339496113079334 0.182453227720601 0.022542685565316176 0.009588443393580268 0.02379195337289083 0.011805914224286692 0.016808862594231328 0.17000421866630466 0.004074750515259969 0.0028165957145335303 0.008281533551660733 0.006618731534393338 0.006044224952407805 0.007422579742582868 
0.03429229827743949 0.032976565457789486 0.11574997343065094 0.02295060346729553 0.013424734221299486 0.025677819390543834 0.01584809858043017 0.11357277652410684 0.020487598363137866 0.02003523754540021 0.01731941796056101 0.014605247591206086 0.02157137184009241 0.011990066007958563 0.019638127073224133 
0.013014924200896403 0.013975987125022122 0.1815999856550937 0.010272639600782014 0.011570665178412582 0.011389596160018802 0.18901117737982112 0.007207935859503936 0.011803349512399688 0.012957027580420518 0.006655957939852877 0.011251686074411231 0.0 0.013933462276186907 0.005653528109059933 
0.01251228203965147 0.010764369064230634 0.22952233928451654 0.006154325358089778 0.0 0.20835921117817904 0.0034183844137186245 0.0 0.006037670305994995 0.0 0.0060016834219310785 0.0033787847448488394 0.006071811819138031 0.003414446656272559 0.004403481490241292 
0.013303819238610055 0.01046786885650802 0.20076391007311212 0.01120036601929473 0.18523571490092822 0.0011853955254592515 0.006632107407224194 0.006621050525910417 0.008224972622099072 0.0124402865401047 0.008469762899431459 0.01325743960281554 0.005148019533108309 0.009495917446746606 0.007637017132203932 
0.0 0.0 0.22950961952966772 0.2169986844400034 0.007555658148148553 0.0 0.0 0.007475993853991797 0.005565044725956062 0.006796872064866123 0.006345807709493368 0.002308329713698424 0.007407783116121593 0.0038268934734543396 0.006572978920022846 
0.005743559602486548 0.0059943629734930245 0.4224602560430269 0.00245927089988858 0.0 0.011947852884375323 0.012265088482533824 0.008190568078147237 0.004806934365499173 0.0013887041630850888 0.005762361181866941 0.008562856151154642 0.0 4.7715227921448156E-4 0.010783725085478755 
0.013439637117256945 0.16670553241759098 0.017883122659436954 0.013480027231139334 0.01433941565709752 0.01290639694096128 0.01319940740150342 0.014404001703998094 0.006351835784204704 0.011625295671552748 0.012646923334900414 0.014271600374716878 0.011794116964885809 0.017937583069422572 0.1591954796956715 
0.017556187146975485 0.17266445285671542 0.01755143670583687 0.011836589642441867 0.014123519332999155 0.006947521945820239 0.011401811048052674 0.015918425892453167 0.012868655500318732 0.012025971297210806 0.01033613131429373 0.017534744860639974 0.014210447316946342 0.15763583021241015 0.0074418893627984685 
0.01694641441866886 0.18065263352739874 0.016431439330306746 0.01566537503517616 0.005204694705321658 0.004726740717449565 0.006308374490056939 0.010210214477897096 0.016197680565990878 0.007658001136671487 0.009107927961835223 0.009301599229175663 0.18197587056934844 0.013418761072866423 0.00650667647469043 
0.014879783295183056 0.16420319101163364 0.014394276288544746 0.018780449188304557 0.021716400102022294 0.008283437845597657 0.011572764306734857 0.015431032425859754 0.013640144433983021 0.01597411511065288 0.014242256533833448 0.15494855303452523 0.0077827561538268445 0.012414508207324683 0.012070538397423865 
0.009782711478365416 0.1852723393490094 0.013828023026706798 0.009891373396874967 0.01013908426117197 0.019462132220325043 0.016377824875839296 0.013718276620493351 0.012056565310321524 0.011962936838135695 0.1623778882624176 0.009101765341747874 0.006010735791314766 0.010953695228648674 0.009479344922139452 
0.002741614138398886 0.1664724515039376 0.024693875744856823 0.01168285945591996 0.018653866254516656 0.015158693711677176 0.011436418841008128 0.012078886738664623 0.011336938802725214 0.15941318159536305 0.006962692923284938 0.014809874832069725 0.015948765490894475 0.015812258519241496 0.013084681657843308 
0.020801211430872303 0.20333459453398076 0.006940787081790787 0.011381060085260162 0.009849491624782694 0.001911485384489551 0.011261244569844486 0.006974997932820095 0.19469340688679485 0.01006474874797761 0.004164790559577527 0.011147126145953512 0.003774758446499498 0.004430553951609292 0.0 
0.013423597961204469 0.1543785347916013 0.01680332168301854 0.01955951070452759 0.0 0.023399156057694503 0.016455666711894357 0.15606535539177338 0.015089982753835957 0.01818476561115007 0.012536437524041436 0.017419339385494483 0.01026104942448062 0.015082229320863635 0.012922043889833666 
0.00946945268529093 0.16212141427728732 0.021479870398671504 0.0168451149245566 0.0156252018017944 0.01088505504382522 0.15900707466699512 0.018132794363882584 0.01603686029673547 0.01279395953494664 0.011792150789972911 0.011379810327613522 0.01179831745437619 0.017736155973310467 0.00532353174944899 
0.016445614867604208 0.1961246132587635 0.011647956943658047 0.01202606931063542 0.02066865447887056 0.1816683783132747 0.01506054080617945 0.012196551570626938 0.0 0.011390361078237106 0.005869581625933557 0.002358628397696894 0.007478103082524399 0.0031929699794749867 0.004169628141905629 
0.010347485684449534 0.20099198232046697 0.0 0.006807808307001686 0.21418802960627284 0.007833488921483625 0.00546373821137225 0.009087179845959506 0.002833536587067844 8.650784889692282E-4 0.015759599152416454 0.0 0.01199517308378349 0.009280665281475876 0.0048037864403517195 
0.010924545733675205 0.19981653691810092 0.008322397059313914 0.1861747750991925 0.004205992170373561 0.010618017999446956 0.018607699592578228 0.007216791031642429 0.009692578861457636 0.006462099092223836 0.011409274594801 0.006167977435121578 0.008633530526886129 0.003708683949229443 0.008948162790504931 
0.02049994452375822 0.19529111714516792 0.19078989940180957 3.17698351548297E-4 0.009563115309065512 0.0 0.005621126321211763 0.0135704747149042 0.0 0.019830499963795774 0.002174645213510143 0.010913645051201614 0.012103361433576208 0.005117603031140168 0.014759204724810283 
0.0 0.4423880845795368 0.0 0.00914993377928143 0.007330841749046879 0.011276387598246231 0.0 0.0022502352195528912 0.004663563173821421 0.0036721167823683693 0.0 0.0014928457878960206 0.0033306889665495137 0.010707031905990413 0.004668260974439245 
0.17281707057370294 0.015351947483532772 0.01155052603401706 0.012856584535247214 0.021750576093853852 0.006377753792900273 0.008566742888872334 0.012505009691781662 0.012449596629229778 0.010422761396769262 0.017607551284380667 0.010689520316204936 0.01349044993133886 0.008606178334552815 0.16514863925891657 
0.17075201507041673 0.018485955586660986 0.01746076695075923 0.011775442472451056 0.01405055801021858 0.006911631430201391 0.011342909920327632 0.015836192181271542 0.013987250195693213 0.012014587168669237 0.010016965674209403 0.0175002555655087 0.014182496621606507 0.15732577445085402 0.008792995210564408 
0.16522768336943022 0.01025983629017321 0.014827476299589073 0.021402596778773705 0.009666629906121278 0.011598978232160544 0.017406662704863723 0.015836196402340207 0.00887783667439551 0.007570291768939495 0.01797165118200264 0.014363110638326109 0.1608250221606396 0.011390990900257414 0.012869303823377021 
0.16331979265980473 0.010132186139558656 0.009895920675346235 0.02005190520085338 0.011188091046369258 0.014665509427090313 0.020941112039926203 0.016011309324327608 0.017689041368473844 0.013943252416461388 0.015730154046044206 0.14977133187967523 0.01184375037458448 0.012462303747181918 0.012556103913869025 
0.1749562731178526 0.013918564661662684 0.01779097906738431 0.009786378211912325 0.010031459669051133 0.02171081936251815 0.016365877279272936 0.013708269160046686 0.01204777006556859 0.011954209895200692 0.16225943385745453 0.009095125618758448 0.006006350969346889 0.01094570452582367 0.009472429755461233 
0.14725627819088058 0.017436702599399116 0.01868350905667534 0.019552287850683598 0.022893410280335365 0.019825948279935553 0.02680470223666046 0.01670040646731512 0.019703671110121505 0.1309877699104382 0.004043613380388257 0.011616435478903342 0.023619093155045203 0.01581453172592594 0.005082273206168954 
0.20566427396136616 0.008569203603192896 0.006634142845522762 0.010878244419451743 0.009414340711591083 0.00443125211510215 0.010879082573120261 0.010464969902780463 0.19074932807175582 0.004339551302701503 0.010007289410449658 0.010930700302049222 0.003701470024746501 0.006656659641523455 0.0069023598332374776 
0.16449525693367192 0.015575954409806157 0.016623842489211803 0.013733610108930214 0.012267329457312844 0.0179397886033442 0.006353299968647633 0.14256050845519458 0.012885952354056011 0.019957996786250636 0.01610543215895614 0.00953456521531597 0.018694280436183656 0.014376842383906671 0.019328062248591772 
0.17291432173173257 0.014851391962501162 0.023504649558917286 0.018433003353031333 0.0170980963023527 0.008299467295283792 0.16523575902797585 0.009634183760700249 0.009125687101128122 0.013076691117597702 0.014020311168530673 0.0 0.010379835541624256 0.010444563281766938 0.013259367412795943 
0.20004053176352035 0.024591983659945683 0.012308919696142418 0.012708488031066325 0.011429563410093704 0.18570998148283988 0.0 0.012012319967239162 4.303576730631527E-4 0.011228829971310328 0.005786342823342334 0.009136144257476397 0.009164726988281927 0.0016241361226652553 0.004338667037951973 
0.18659661051511048 0.011272219213450417 0.018083568254806455 0.018841503440559817 0.17334750409865893 0.008713988674660033 0.0074040397692796776 0.011315793984642832 0.01035589471962787 0.008082793533187258 0.007497851511084041 0.010956080115123702 0.010411500192974437 0.010080608128385963 0.007201410220357113 
0.21271913149811805 0.0 0.0 0.19487112014100283 0.012239958276404698 0.011961031572201406 0.0 0.014260825222282496 0.005787809572922751 0.014185143629285898 0.008586283811725723 0.001772236044246832 0.007733367992717242 0.009332409047988417 0.0066283306400631145 
0.20619586686100377 0.012876172722489008 0.19369074914701415 3.225287706901399E-4 0.006866132695855418 0.0 0.012477640804474333 0.01390311720941868 0.015762213735237545 0.003179605967318659 0.005487616402831849 0.02009971047494558 4.2225661983573E-5 0.002790682198888396 0.007014466579417753 
0.2213669484960378 0.22582492743722857 0.019292885321791124 0.0 0.0034829295394740185 0.0 0.009315659566491892 0.0041461092485886065 1.4136346570121173E-4 0.0 0.0 0.0 0.005474470151373553 0.0109513162878487 5.278343696956411E-4 
0.42324531462388254 9.18939675786933E-4 0.005463927112039257 0.008944568021978277 0.0 0.0 0.0 0.006650119923869927 1.3019117178470494E-4 0.007370636961793572 0.0166304546992778 0.017605864469426608 0.007102335751761013 0.002710911607570384 0.0033391433924743782 
0.017476536548146033 0.016319450623060564 0.02016527499212043 0.016162509205628835 0.014572833552840855 0.017654712241862634 0.016127949843343748 0.020941264180649705 0.017524695775278345 0.015453097218839779 0.015802992739703467 0.017169877376244314 0.01736470700650914 0.017330895406531543 0.2603370111118871 
0.0173478908089924 0.01679811502616424 0.015267271578054376 0.015745439695506926 0.018536447257979576 0.01649020685819505 0.016703995682985737 0.01807981578807737 0.018030007983741065 0.016102858194001864 0.01644682005887114 0.01774096236303429 0.01885970107496486 0.2616575937908444 0.016345807034516022 
0.016958072115413173 0.015134033428048048 0.017786363510195184 0.01198615673086099 0.01603300943396368 0.016305452398399357 0.014270817742645634 0.016391383613277983 0.015784755651459606 0.01836374701131916 0.016965521784010906 0.01700936334005538 0.26910487265200855 0.018087105428517172 0.01995410635997976 
0.01746333797594882 0.017442673956139878 0.016406400738179238 0.01636557613899694 0.018498024190188662 0.021167262089883412 0.015597571959574598 0.01833152022010793 0.020939959185500314 0.015808299284874823 0.016535168390385255 0.2574728837424337 0.01575024489599602 0.017430052852270433 0.015214015653438396 
0.015365382595622737 0.016772160174399548 0.016488363973776884 0.015405835930769081 0.018036723018110427 0.019800895215916978 0.01680245655498228 0.014700666394876005 0.018550780177923422 0.017486021323253918 0.2583288323507077 0.018958667618987846 0.01884461512434692 0.020745282840190844 0.01378979778680404 
0.01949057997690019 0.01951440559153728 0.018544521835407623 0.014910239011680896 0.016989086167446904 0.015032960302269562 0.02077552493205979 0.019617162417702436 0.019594158908850082 0.24994324491768005 0.015911259986892558 0.0170354183824976 0.014864013259086319 0.01861588444618123 0.019493358258301886 
0.014679902363124653 0.016793029389800627 0.015757353540251703 0.015350872718154157 0.015687194740532706 0.017834765931703862 0.01487052902658878 0.01819191361469205 0.26259675448233827 0.014067379474965754 0.017739858107010908 0.022693417370839512 0.01669639762404295 0.019651284249941902 0.017435159203357996 
0.014909680918573844 0.016330780134229134 0.01595609951652184 0.016409956022045948 0.01656321641428627 0.016016559445467857 0.01477623875416485 0.2699907206190581 0.0168243422770642 0.016980996757893593 0.019419990526052148 0.013128254930512957 0.020825078121149213 0.016814763187655308 0.015459075331580967 
0.01562859327438381 0.015770536261552337 0.018236824747168316 0.014874007505142207 0.016707240716191497 0.014382418571884199 0.2549831305342209 0.021779423553736053 0.014932035615797775 0.01653873427424584 0.014997262335448057 0.022672363193097102 0.019856022788418592 0.01950048963390624 0.0200331118987191 
0.014832468784342644 0.020197473545112306 0.02054001887625277 0.01647930619718329 0.019072244044224692 0.2532079621138096 0.02083153254761564 0.016119218449076555 0.021844194540751826 0.01686717221686776 0.01566057783787009 0.01681491963631153 0.01864760841035814 0.01615044638546635 0.013213700647777321 
0.016772904108824583 0.017948929311912814 0.01737704132337517 0.018749389177698753 0.2542690547185832 0.014357818096663756 0.015711302259169998 0.016428728609694316 0.016834974517440714 0.02065387319090471 0.015427984026731872 0.02320036342090678 0.018796404844279652 0.016365745608813546 0.017358900136592158 
0.025191613777054395 0.023287530163910247 0.022115138964210246 0.22168237707188798 0.014748456857449814 0.021844828106589304 0.03152658887614823 0.019527066229172604 0.014370299472766867 0.016458172210933732 0.02106459337198168 0.015934893654063705 0.020667361347670617 0.014434720573122213 0.01719774969219849 
0.01955098076962237 0.01886066108602487 0.24106343874305447 0.01582395686110785 0.015520743273869528 0.021564498730682058 0.0164075413949662 0.01594951415306185 0.017686487588561773 0.020518110751170274 0.025442033402034013 0.018282098884585086 0.021053583136885438 0.014616943825960741 0.018001076788260812 
0.022105512537346893 0.23564979332414615 0.02558752900643332 0.019287492142893374 0.025265859550168284 0.018738103960339935 0.01655889423463551 0.02086943894303809 0.009158752202947866 0.016762587377734808 0.018235678768974143 0.020578310871413003 0.017006011868661294 0.017220877605311807 0.01720443479749903 
0.25118683677432013 0.018156301315379375 0.014959439597802007 0.0202282660307556 0.021096049695900013 0.01881102968805913 0.011507132669838367 0.020326670564349267 0.019740065142537455 0.016956065706413944 0.014136842636899398 0.018561749615075847 0.019045845565945126 0.018404259326553655 0.017034726544664768 
