0.0 0.0 0.5000915225817799 
0.0 0.04212028749403686 0.45803265209229177 
0.0 0.083295873581626 0.41734186038392124 
0.0 0.12504403233673678 0.3749681788341821 
0.0 0.1668000689385563 0.33325340130252296 
0.0 0.2080383552904066 0.29220756399217546 
0.0 0.2500798257284798 0.2500275710915795 
0.0 0.29175958797713475 0.20829585173399823 
0.0 0.3342763316459267 0.16618737576671902 
0.0 0.3753334372356847 0.12512573038957053 
0.0 0.4169991268310855 0.0830131852739389 
0.0 0.4584245569956249 0.04182006026313512 
0.0 0.5001841736363417 0.0 
0.04208264581262694 0.0 0.458197948270808 
0.04076919982656801 0.042526673755058 0.41734186038392124 
0.04158282433356473 0.08320472995860319 0.3753742947406302 
0.04233357609993221 0.1272268401076297 0.33057442764878564 
0.04220370989312521 0.16605865627963542 0.29252220632891685 
0.04061282056828345 0.20951404893447004 0.25014499029778453 
0.041903745626576325 0.24987978962540194 0.20831294840610698 
0.040945886743173204 0.2909325862793838 0.1691478552073125 
0.042840286646017516 0.3318334644380089 0.12654544059318887 
0.04277180565683795 0.37427105456361115 0.08302189140237011 
0.04186090295715516 0.41695996802717983 0.041541185083102755 
0.040765210227766836 0.4594734132331351 0.0 
0.08260294049690586 0.0 0.4174017938588904 
0.08204411538873937 0.042965760177564365 0.37604306088448125 
0.08268872517388635 0.08413118939139956 0.3332930513017748 
0.08217354485532403 0.12578394130164303 0.2920939764162136 
0.078479744481683 0.1700044896201544 0.25173518596876443 
0.08351756994488616 0.2082420180322486 0.20829585173399823 
0.078469876602723 0.25268217968798906 0.1691567051537887 
0.08172474606185257 0.2921043184456026 0.12623757552497053 
0.08364702724838424 0.33345469649176007 0.08296526327303654 
0.08765569604674879 0.37129417009813026 0.04119476106479592 
0.08414362833619499 0.4159458129008439 0.0 
0.12484570979652455 0.0 0.37554923271066243 
0.1233954435362407 0.043453472262145534 0.3345668225867603 
0.12253310391307348 0.08543495824526881 0.29210883130965054 
0.12742836929386914 0.12226026085132174 0.2507041608843778 
0.12465340812214502 0.16906426791665385 0.2110604149951423 
0.1228687178239292 0.20660800616583136 0.1705897433449867 
0.12398426810434571 0.24990734629253447 0.12625869786975338 
0.12528486758878377 0.2903587402307108 0.08455037273083915 
0.12815961389995756 0.33073831258345454 0.041863243683839556 
0.12509432939875148 0.37499511183828743 0.0 
0.1667958279230701 0.0 0.3332449280875851 
0.1654773501378474 0.037926465483217556 0.2969719258108145 
0.16337086075452042 0.08609618841253788 0.2509462153157986 
0.16377410799770245 0.12688743857647353 0.2098918410246802 
0.16514336698601448 0.1684381967081585 0.16679093417979532 
0.16458688420860004 0.21212618075233397 0.12375125774388442 
0.16736240866331917 0.2481642991806938 0.08452659289563118 
0.16626355318700511 0.292043042139441 0.041809299137801584 
0.16594055296642946 0.3344760094825499 0.0 
0.20823554411951414 0.0 0.2918680447242553 
0.20959238060817598 0.03974002704432692 0.25081077547067726 
0.20788861269595446 0.08321906856542881 0.20918491812928894 
0.21029584599117654 0.12372142311410887 0.16676192464823414 
0.207685752176924 0.1674390451173657 0.12494216163095916 
0.20817131844174186 0.20817131844174186 0.08376852907677555 
0.20718509120158698 0.2511336698640288 0.04181040896478938 
0.21004607711689338 0.2900701923190968 0.0 
0.2492746391287471 0.0 0.25075266441974164 
0.24570737725402125 0.04658765642497093 0.20814187272379767 
0.24598647099465756 0.0876255496610657 0.16649516987317411 
0.2524403058407154 0.12287500313356299 0.12500561502376448 
0.2528434456991494 0.16365395914991618 0.08387330592558974 
0.24943684796493476 0.20649705952650876 0.044258726475867344 
0.2500354851086737 0.2500354851086737 0.0 
0.2898993149840218 0.0 0.21016754537260712 
0.29003142102908197 0.04102729742615215 0.1690012626332175 
0.28889034106137174 0.08624861869369645 0.12505027672732702 
0.2931834780342308 0.1234459430099431 0.08366572388396798 
0.29215899698337594 0.16593455109615188 0.042054799438830566 
0.2926347385407733 0.20723694078784524 1.336949071934011E-4 
0.33330404654097606 0.0 0.16675692406838521 
0.33470215945212695 0.039642979209002074 0.12575803411523773 
0.3368402350470495 0.07915321795671772 0.08410044156271022 
0.33571431589508116 0.12397324386772535 0.04043055854797031 
0.33832598814406056 0.16161655063857608 3.7229234399880577E-4 
0.37502405163198077 0.0 0.12501197280762835 
0.3760089998122992 0.04081553187891994 0.0833672804358514 
0.3767095160012667 0.08290019376710922 0.040423711465226955 
0.37573610878837205 0.12611505063013684 0.0 
0.4167135858535313 0.0 0.08334509063640225 
0.4174178117561908 0.04219189801218511 0.040423711465226955 
0.4150377608735407 0.08484862973466882 1.3369884184951576E-4 
0.4592346650025478 0.0 0.04122032425101436 
0.45853739887183215 0.04165302169033066 0.0 
0.5000360244396092 0.0 0.0 
