0.0 0.0 0.0 0.0 0.0 0.0 0.0 0.0 0.0 0.0 0.0 0.0 0.0 0.0 0.5000341094110734 
7.070118452838862E-4 6.959339926899147E-4 6.997970709320897E-4 6.694793652764278E-4 6.672730907643448E-4 7.380668640361976E-4 0.0010454191895585521 6.645953500148002E-4 8.91194224575851E-4 5.087333150750512E-4 7.788844397792784E-4 2.1275233055522786E-4 2.640926438225549E-4 0.23081645062391706 0.2614362053698064 
0.0015948815462980001 8.959000524525242E-4 0.0014481663625956404 0.0016599520027394006 0.0014027986016230357 0.001309523787048304 0.0020798520428923803 0.001322206450991916 9.650038393083862E-4 0.0010973132082362884 0.00140883922533713 0.001257699062375553 0.0014090997915686937 0.48229500216757104 0.0014161445860666727 
0.012848680660818786 0.013016856122494886 0.012836505304916028 0.012369906475600228 0.013154849310258362 0.011370502114482633 0.01339737242647759 0.014460449238057938 0.01057311796699148 0.0133942787230253 0.012201211051340132 0.00910163320542935 0.16641822508871318 0.010861082424661916 0.17518804105283023 
0.014793584800813539 0.012834711941753032 0.013840259398552908 0.014351304452913771 0.012477240615282728 0.014844041836099582 0.014113333341685692 0.013936891633033648 0.015332205782916594 0.011096312304353045 0.013797002653946146 0.018389989034559913 0.16287457058642674 0.1590662469824893 0.008698560937040382 
0.008313500702926434 0.007914645736016503 0.008180203680104 0.008460669603045945 0.007608474148032149 0.00800016777573558 0.0069329710931741615 0.007026051486762873 0.009737101218510357 0.008490703069067676 0.0108621937898285 0.009228268455502597 0.38612202454450506 0.004902929933873607 0.00923897402960442 
0.008017759933764562 0.008208532366719758 0.009069489392609799 0.00849673709782395 0.0076642575268551175 0.0083450602393378 0.00963321149928943 0.009927796979404506 0.00803513354797748 0.008792214093829636 0.008353003585600616 0.19817876482621372 0.012787030992703367 0.01051302053681506 0.18524290026722265 
0.012017617375815304 0.010982464863590807 0.008852038506352472 0.00983221025712256 0.011235943409267717 0.004782172343622045 0.013028855436807684 0.010690107634673873 0.010846972347696458 0.005714811699664972 0.010091066550979067 0.19085941618103452 0.011113749136027294 0.1839516263361404 0.006399006642212051 
3.07347180699578E-5 3.024420784598115E-5 3.122806731610511E-5 1.0208624550319903E-5 2.695772587853437E-5 8.973155461440244E-5 4.16656473238369E-5 4.285678776746328E-5 1.577802715486514E-5 4.4498651992606334E-5 3.5564109386372687E-4 0.24595039603842528 0.24895570203215206 0.00486109339169492 0.0 
1.5683011088049977E-4 1.4901706373491365E-4 1.3499522188868348E-4 1.5226277181099978E-4 1.1803907263993928E-4 1.35347924665352E-4 1.045651504589716E-4 1.0754813171181273E-4 1.5740762028100135E-4 1.6728044037845103E-4 7.713283015967301E-5 0.4991937728189552 0.0 1.8635770139543197E-4 0.0 
0.008347882886433521 0.008351447464913456 0.008956309430804797 0.010466121813142971 0.01022594481454237 0.007178245935343097 0.009390379202393934 0.00984017724719337 0.00940872090208044 0.00969962555335726 0.19340890244435288 0.0025311960205914013 0.011737502212149673 0.006127230741292741 0.19483008802024165 
0.010120300121884931 0.009977163702350429 0.009688209915365368 0.009524071206845706 0.01006179225704145 0.009975232163486898 0.010188898012163338 0.008715088930724098 0.007815710162376924 0.010386336581319865 0.1963855542171684 0.011796550192649708 0.007102110208572775 0.18021540898324537 0.009007544219863248 
0.003172912150032603 0.003046966071020172 0.003540763369931562 0.0033490946685198197 0.0034771911256541556 0.0037777172699940786 0.0035035485121694327 0.0028576482235098677 0.0038186121992685174 0.0036608607630331785 0.23490978695308184 0.0017791212032459637 0.22848254414597374 0.0 0.0014170765033290154 
0.012017442167827873 0.010268612074640117 0.011563213025371532 0.006435433514261229 0.008782031635974016 0.009318308979677191 0.008901782973330078 0.010311980557939051 0.006213353660519277 0.010114291017149014 0.20008213028406574 0.18708405676337528 0.008815420310031807 0.0066013808595422685 0.003847451820399703 
0.0 0.0 0.0 0.0 0.0 0.0 0.0 0.0 0.0 0.0 0.4999892417279196 3.36108670731657E-4 0.0 0.0 1.0977155248551261E-4 
0.01304634773969338 0.012282667013741384 0.01207403472945713 0.011065801709018167 0.011542974499142128 0.012244814575027237 0.012552795836601443 0.011962560073999349 0.013731700412838532 0.17463887749821858 0.008739717512063662 0.008885377329615344 0.012832269900670193 0.013079268105338238 0.17304962490679346 
0.01205620063211619 0.010921029781114177 0.01336568806151838 0.011551587983580868 0.0116564488693992 0.0098042833923179 0.011373149209765558 0.013522778658852427 0.012800214402518682 0.18297470377720199 0.008410383533365554 0.011186110844519157 0.007841713687313555 0.17654277206072708 0.007152408681507345 
0.0012790387518645256 8.702865579220232E-4 9.975300675896107E-4 0.001718487398007153 0.0010856644142778174 0.0012695792865016452 0.0011681908307873158 0.0012039281382782454 0.0010269858733544888 0.23712976172637013 9.313314475590491E-5 2.005405452688121E-4 0.23569693805258873 0.004839352411700365 0.011737162530764116 
0.010613188674063691 0.013428122883636547 0.01201777334320516 0.010082827852733768 0.012284162942671208 0.010073457156432703 0.0107216504017658 0.011786169936501506 0.011693145368815324 0.18319413669176127 0.008168594739304145 0.178243114413397 0.009797445276229048 0.01003473250172437 0.008866079190203647 
0.014971481450119091 0.013541903245784947 0.013245861366610422 0.012354595222436246 0.009476279890305507 0.013277722016880735 0.013353877767324874 0.012703029456579924 0.012794295968197589 0.18233905583332397 0.17166295959822647 0.005076591995887696 0.01330286896851164 0.0030351409847440675 0.009356571655934972 
0.0023034661461846704 0.002239997614751308 0.0022515012327958116 0.002064499559517435 0.002313190254811309 0.0022767817798463185 0.002175932461042662 0.003371053218185348 0.0019029670443057242 0.4666677268647676 1.8328459760845052E-4 0.0022055921659404855 0.00230306578058603 0.004924576722926164 0.003605919045009206 
0.016217398074961375 0.016263777276755032 0.016638926570039132 0.015650115470257863 0.0162042928702973 0.016812819221657307 0.018064251181910893 0.014571829337573734 0.16262853793496312 0.010029870348611428 0.00777933108279259 0.00883695624926036 0.00682953620689997 0.00446899381872634 0.16994362118462286 
0.011121358340318757 0.01356566674694511 0.011531581307783461 0.011469980769731412 0.013229441402863957 0.00932931785814115 0.012737399180365282 0.00625828302776396 0.1927997678361702 0.004322458884477811 0.011738755004134472 0.006900991922135965 0.00446857880580977 0.18210458958295944 0.008944145979708863 
0.007178966251554737 0.007502416585395899 0.007077288898207714 0.007071323491375112 0.007329214188828809 0.007493244357996693 0.00736651639184234 0.006833242821121419 0.2110573851473602 0.008786495656404547 0.006044712801107119 0.005080034794025681 0.20277728987125662 0.004518930312676541 0.006173760489117296 
0.01154127091467834 0.014042064470032273 0.011144236101583872 0.013373873269479022 0.012296282461301877 0.014394084342253545 0.013014138657062467 0.011873813865423783 0.17833070978177623 0.013539433387225028 0.014142732574192554 0.17490789317763594 0.008183646431411075 0.004681412620313001 0.0052038797375007825 
0.016767397239673028 0.01694637365487708 0.016331134020329253 0.003999873099755316 0.013506309238262279 0.004812077712495803 0.010353980175720373 0.013894843963461561 0.19308422022085986 0.00924965114803608 0.1735975164725378 0.007134869154471774 0.0024927364139430653 0.010312179446712855 0.008126895474632087 
0.004326794648670887 0.0043779016558003194 0.004760238139649359 0.0050104416520168026 0.0034868031706595274 0.005390133389876941 0.00534547881053353 0.002732746499585128 0.2218804382412074 0.22833798034478137 0.0 0.003011565283843584 0.0038746183598169282 0.00554100277355162 0.0031472427538873715 
0.005015828335055276 0.005312445700608402 0.0053715630647366425 0.0024698703462809894 0.008140304908206627 0.006236569085507328 0.005073390921429837 0.006303690382850122 0.42273680474967007 0.0061969645298407625 0.006685724351974472 0.008629878793681527 0.0038707530490236937 0.00553547508131538 0.00488357757852198 
0.009635543734255488 0.010567689810555858 0.00868593037084643 0.013860485755876022 0.010431265489739563 0.0097394869651918 0.004218832691239613 0.2003299290602846 0.01161013350368069 0.008388513443891894 0.007577298535523153 0.005706724233704733 0.004501482858392527 0.006173317127551968 0.1899357452430206 
0.011466998825866536 0.008435241407077061 0.010605131479049745 0.008309856948153001 0.010447536877670636 0.01028107577319955 0.011900146779139805 0.19409698240199894 0.007464769292944992 0.006039018100069226 0.010561556490733884 0.00752688882558305 0.009309412671095217 0.19053137682906426 0.004882998549068057 
0.0068072701789842075 0.007932536898622528 0.008027442757311636 0.008486956557028764 0.006647410719379864 0.006782722621104705 0.00906747578840173 0.20760394069580254 0.005433015943582744 0.004372052852352584 0.010263084198322036 0.005525348691965312 0.20160195761372232 0.00822969711724359 0.00579910852644537 
0.011076497155831892 0.0099807627341771 0.008150507835632315 0.012523717333312055 0.009456343485787343 0.007456127606881197 0.010480196732859763 0.19512514746457624 0.009603119993782015 0.00928695019591678 0.013174900151623967 0.1880531687724812 0.008552335939176927 0.007626366845327132 0.0017007952910645155 
0.01359073300348837 0.013132887354186381 0.013883458066620797 0.015220157832271103 0.01218528112539471 0.014969233269784228 0.013828399195002679 0.17396307735323113 0.019582706557513672 0.009288215539570766 0.163514887606637 0.013388838262969528 0.007856999317772118 0.004565538112248368 0.011685045897945268 
0.01034481444637562 0.0077326668513965306 0.009153542706961181 0.010345402776318832 0.009168956632875529 0.007812205924098175 0.009025719257012862 0.18971976274152216 0.010995220654487707 0.2011290799265479 0.006677144647508623 0.009131384320715301 0.005714818607969355 0.009847890440154551 0.005458973222073581 
0.008031434769574429 0.008841127297027396 0.007615700141388396 0.007913781007178902 0.00818000796935319 0.008805197303606568 0.00869579090746423 0.21558163758235294 0.20499303648536854 0.002477739081711581 0.0010870382769594636 0.00369654299518049 0.004079502468325729 0.006452492468804702 0.003941385587213694 
0.004060363603817645 0.0038724339632827906 0.00481476150928576 0.005742440332998091 0.0059320700345525555 0.0029400523740966355 0.0037994122446987507 0.4438892059582532 0.0 0.001739570709726545 0.008859503180713308 0.003016846443401969 0.006875808429965327 0.003705668271113874 0.004596292908377295 
0.019119464109090503 0.01935059113236305 0.019593642564431735 0.01744546120664302 0.016069456054579326 0.015022893248840423 0.15858965673235134 0.0030644306880187565 0.015493559850871245 0.0101094142418048 0.010344040095675548 0.021190925195571784 0.01161533021200579 0.011343097493199016 0.15414317398691754 
0.012302379969466004 0.012914817154068706 0.010544553714298844 0.010917374707252184 0.007875579873514879 0.011206651502167507 0.18111882756346676 0.009242694500410906 0.009090772345872855 0.011038137924070855 0.010944784175722175 0.010809597863436663 0.0105949331004597 0.183430602214696 0.009682637324663478 
0.01285540414665185 0.015659771117659826 0.012652742304234087 0.013508387699873267 0.012435917718746758 0.013318670368102777 0.16786338988359517 0.014940189817199792 0.011847832936961603 0.014363205622439465 0.015253519021649032 0.017141771011955312 0.16509179034594434 0.00706498633087376 0.007862521265002028 
0.015354362442912477 0.015219968494604292 0.010592896162605907 0.01315283435107812 0.012407847539868379 0.01257747781284766 0.1718085068844111 0.015517906221285675 0.01016674331359493 0.009794014140486678 0.015789905627244062 0.16653144165286132 0.012391733309874638 0.008101638139530883 0.01215893476282377 
0.015376605490318863 0.01557145068351843 0.01595246544512391 0.015340298330217357 0.015366448290691604 0.014710465551652814 0.15755369926366367 0.00808542926248931 0.008518919771115333 0.009177607039252167 0.17652663117380143 0.013309332006571403 0.008034075494335977 0.0114474936041484 0.016478617899285675 
0.015378899480540314 0.016955583132062812 0.017033144499140205 0.018120163332187984 0.015003165220553578 0.014437559515157052 0.1620586810895157 0.02119807748071152 0.014218980095462746 0.15907668307676318 0.005335561891729385 0.010831750611294258 0.011842825235845757 0.011744243401687778 0.00851839501779117 
0.013096492703980578 0.012150025608243539 0.013074639594409306 0.012260995242789683 0.012023617903450525 0.008028709690166653 0.1989707470090754 0.014273937455052975 0.18831600299355922 0.006787585828370356 0.006355961418143628 0.009007804158254617 0.005305576818121213 0.0023273477395848456 0.0 
0.012554749972605923 0.0126948928767412 0.01295774872352079 0.011221435697339445 0.012643720906642304 0.013130631588135476 0.17208375104224433 0.1782201420932969 0.012720162387510144 0.006431688685741516 0.012721724714203466 0.00625574741420983 0.010888155659560025 0.008882294023869733 0.01826647195257226 
0.0037344060145072465 0.004480233926610585 0.002728208934977106 0.0036138450775287166 0.004337039068313761 0.004252342478206345 0.4267602048251047 0.0019101033894446562 0.0035217702422506393 1.5894087957654097E-5 0.006636876586309754 0.007354212544701033 0.014579406090132384 0.007797506877857766 0.011942195349793034 
0.012180548348840541 0.012045365432645247 0.012137930111453935 0.01301055511932519 0.009624609351998813 0.1752003393371368 0.011936033642058903 0.0195093479242054 0.013112014061928362 0.008412518579801078 0.015046507193616977 0.014689141908329297 0.01288210039037949 0.009477788869382745 0.1614713188999825 
0.007984544564854932 0.00827624066941046 0.006590814050433278 0.005859257297444762 0.006555137070979466 0.20275315639199787 0.010662793037102028 0.009946263111953853 0.009774963476072653 0.011677417461246557 0.006391161876224298 0.010606036604613232 0.010911633616192603 0.18879295465196114 0.004523468740082109 
9.211671342987955E-4 0.0012943178871045716 0.0010864977445234068 7.629614269778191E-4 9.479293652884032E-4 0.23027831057277762 0.004938605221963567 0.006692467996461587 0.008752107760273803 0.0 0.006958524622597861 0.0 0.223660300095581 0.004611379093400915 0.009889613839372337 
0.01753690068023058 0.01571984275059249 0.015815582694793374 0.015979342975559994 0.014859173035849374 0.16837433100175458 0.0 0.015343101794619484 0.013093185365627803 0.009791286701098354 0.015785508450567785 0.16648506593736376 0.014428611098887028 0.008133726083818378 0.010497657652630228 
0.016243436036934997 0.017301573930616418 0.01565288496716593 0.017015379170463966 0.014255511860485818 0.16660494012368876 0.01684478811275418 0.009247746546078888 0.008278456770456378 0.00989655124890423 0.1683628612648746 0.017276397991261058 0.009417296350945285 0.008833751558784778 0.006250486213103033 
0.01594383311136098 0.015040402086724395 0.015953359404286827 0.017207804890471346 0.014170994983781495 0.1673874762573695 0.01577971984993137 0.011229277443786842 0.010894247130666028 0.1749335483870508 0.008736929446013392 0.005773640337326755 0.0034109339178579686 0.011745073693402726 0.012611209354573645 
0.014753462804357423 0.015478077134596965 0.014203692936541452 0.013999883305603093 0.015463636197354838 0.16117519863235447 0.02968855517868007 0.009277320159016925 0.1534950084297302 0.018638759214236748 0.012212633964696722 0.01353335244553633 0.011931484134514989 0.009969567314796588 0.009662540665332087 
0.019586519061510214 0.013939579977464065 0.01765270159242375 0.017176519397372164 0.016027008963114972 0.18532012656508537 0.0 0.16510634112885064 0.009989266378463028 0.0 0.008296847358842297 0.012798640153178699 0.013107301196859076 0.007697242423077274 0.013647827451884491 
0.011855992424641746 0.013541390616479163 0.01038265317733868 0.013525580902695686 0.011889220994592279 0.17714250356245964 0.1803721792732459 0.01410947193951763 0.014262251336760335 0.012159160600534836 0.007340323792532631 0.007213412101736861 0.010080389285972418 0.0051291916357559105 0.013340570329924063 
0.009325314626547268 0.009189459152984606 0.008335950995732148 0.0060123804943027605 0.008135637636242603 0.372164382647462 0.0058849021611460375 0.013806749656618182 0.00895128058903733 0.0074015467664017105 0.013099572963032316 0.01223316495399355 0.009691159154987023 0.010887397567513639 0.006647202416906322 
0.005582502284630365 0.007076341577898445 0.0063953764413955064 0.00712179734278874 0.1835085452068926 0.01144621834628213 0.010818448112862991 0.013631713701232496 0.007028248510543604 0.009452665556633176 0.022560054531215745 0.007658969074344703 0.010536239845170731 0.017106239802418825 0.18067709037439983 
0.00758140746043824 0.008511238440672789 0.008309288129950201 0.007146738499501593 0.1895101498187513 0.012509388518973876 0.012491448786424542 0.007179355450692657 0.005822574507347961 0.009165540840654315 0.010840334530904132 0.014475058070093723 0.016751692757902583 0.18561612095546873 0.00535822985441567 
0.004986945651945035 0.005596784645623193 0.0055058290481713274 0.006208434453507401 0.20366807448646293 0.0033430636449195282 0.007725500391490569 0.0019413339216340073 0.004599482477240415 0.006381537404187491 0.007836956306098082 0.006464674661114845 0.2228781755671966 0.009767276116860995 0.005064691222663394 
0.017928690486574438 0.017370767832161516 0.01704333610419505 0.016609862293691848 0.16611347263127932 0.013364120410800656 0.012180186642306743 0.013106345702659693 0.01209340359002528 0.009692464856436555 0.014417807110628003 0.16165961690537478 0.012964844491798215 0.009717509226312912 0.008482055995192833 
0.010826387916591941 0.01026891587265559 0.010755820254214454 0.011558615756949178 0.1964858027055163 0.010248862124787874 0.009034347403175175 0.007313654331539712 0.011411396239801627 0.010885715459008412 0.17955280294453582 0.007816551878467628 0.008811823855226416 0.006933535555280631 0.008309745584417832 
0.01968023288748509 0.022890281181069845 0.01976306035577197 0.012334214340687407 0.14688539885056562 0.0234599023611076 0.014858265100600222 0.014430301365436023 0.013940931794929796 0.14245364554882706 0.012266285235777977 0.012950409241644178 0.011431798723159964 0.017407632931708265 0.015919212917637104 
0.0062404887612774185 0.007723417639098763 0.006150081140719921 0.006715038391727072 0.19359759895478096 0.01906469953008855 0.006338616094548633 0.011092317059983503 0.20098433366342702 0.0071319059416335385 0.006691840350167051 0.00501390661781944 0.008411855558380317 0.009665750393308425 0.0058535198402147265 
0.011751619936641042 0.01239177698836294 0.011750761794676547 0.01409641784351973 0.1844499515349533 0.008339423972429852 0.010629940230600751 0.1785709278277676 0.01395894278754815 0.008707247245478226 0.011664658540687493 0.002030988015636342 0.008451649755690467 0.01368674374526913 0.012244326306530225 
0.006064550578771199 0.006697053284626958 0.005016268926274386 0.0061181354013745415 0.21826420887908168 0.013775020247781575 0.2015029395672333 0.008017364949853134 0.005662372640393472 0.0026261924979039523 0.004098919304440579 0.006668400966179843 0.005818227673089595 0.005611175737166554 0.005054873424883499 
0.014175258578035735 0.01590870947758291 0.01559570801976938 0.01762629222326046 0.16993889627414838 0.180321889024965 0.0111763961376196 0.0034786827413574536 0.008241828020645233 0.011435098199174841 0.014043068192951258 0.011584072127675284 0.010086663666933542 0.009696613978856955 0.009460168568469957 
0.009001244801511819 0.01010198069372347 0.00993780934398905 0.01120598503582335 0.3676130290271314 0.006034101102188376 0.013944230615559246 0.003504032947158989 0.00830188869649252 0.011518429193767563 0.014145404248074641 0.01166848874002258 0.010160168214148405 0.009767276116860995 0.005064691222663394 
0.02127653359556745 0.021336776046868507 0.02276379533032096 0.15507044783430182 0.022414289370376136 0.016507541550495775 0.008471939361558593 0.016997328382217715 0.01559807681794624 0.015331953163940057 0.016150425157827168 0.01103641418266969 0.011410597825059795 0.01576178930845219 0.13258988429700252 
0.016173251938511997 0.013089348599010934 0.01589825234088451 0.16260367127353714 0.011591580612475649 0.014706752706556182 0.01014830800008964 0.017662849918038594 0.01866924643359454 0.01314937595880649 0.011858125073481239 0.01810398720788872 0.013585669329460913 0.15165864084682074 0.012378924125354426 
0.01645429104890138 0.01770200969089447 0.017438382585881946 0.1667028320584014 0.018162150755598072 0.014070241147615774 0.010190360331523998 0.008372469844828437 0.007979873822361276 0.016100066022910496 0.013053346044141921 0.018764396602961263 0.15380505570408043 0.015362425298552786 0.009134375306378693 
0.008540594578774287 0.009613450055440991 0.010164285624828896 0.19406741528141971 0.010587467396985233 0.013734085238061002 0.006716540069686773 0.010173778039048833 0.013208715428539564 0.006322452314448269 0.008299948542182828 0.18869505858654792 0.007360075277587805 0.009885809955472922 0.0041061042238889 
0.009231197953836003 0.011104953917135939 0.010042643983098188 0.20684920257364442 0.01346027180743646 5.823033376585563E-4 0.009578227341295062 0.003660510131082995 0.007059658740322385 0.00925782364480057 0.2077166253458166 6.741885035953737E-4 0.006255937605300863 0.006049174431836487 0.0 
0.022959048556941863 0.021774118215908467 0.0240709023853664 0.15333211491672052 0.008310140631230182 0.008486981350071336 0.016048651556404243 0.011124210852960462 0.01073265578584319 0.1590422282584104 0.01618874533449492 0.012861296209785721 0.01252000030121999 0.017731878458120628 0.005089392036661808 
0.01577557318921284 0.0167546430297522 0.017483956207710354 0.15589729498196117 0.017971164752009893 0.01317490028358139 0.02281427918210452 0.010200976099884983 0.1531235836104138 0.015902313721289463 0.00912818421127722 0.012657499893838535 0.01202701836615655 0.015001827902017732 0.012417011116940284 
0.005215289977656274 0.0035026801161661706 0.004157392803325125 0.21685523857055064 0.010823692411966955 0.004831861341681631 8.529257286424065E-4 0.20882061105234517 0.021398118224744262 0.0 0.003047688768231738 0.011023452690966438 9.426498341321678E-4 0.00755019960221527 0.006561793265379144 
0.010229542828067425 0.010535199501819205 0.01081099492601268 0.22026558004439098 0.0 0.002412061492971973 0.21807056104687467 0.0010381855387218107 0.007615265592037622 0.00235068893906258 0.005712657865765835 0.0 0.0 0.004374047825889545 0.008174274706568141 
0.01748481383146609 0.018189885952543092 0.020307178062828904 0.16402008483551467 0.020537543913635253 0.15601583235068667 0.009612698911809372 0.01843073145032914 0.011482724488015782 0.006281820888874524 0.00909140778099574 0.020508932535668378 0.0034708511450472854 0.015300537941868166 0.010859934980069486 
0.010396033119950182 0.012866445024867309 0.014873625283927713 0.19723124044560622 0.20143322951604758 0.00631551772153674 0.011727952123964687 0.0 0.0030702510144442344 0.007132025916268776 0.0066919529219131805 0.005694740895334155 0.007653220740297861 0.009664358475421728 0.005852676903180953 
0.0 0.0 0.0 0.45361024347694356 0.0012695991152673093 0.0 0.0 0.005698739704588937 0.0 0.004810797760994502 0.006486187460912032 0.011734146505244967 0.011521317215206791 0.0 0.006592554519226094 
0.008688339337018082 0.010022257620311463 0.17725359717926278 0.009604775787664848 0.014021992814629092 0.01780100978859378 0.016023695736645967 0.01056901721356992 0.009343876641400383 0.007868007826121915 0.008686181866202942 0.011146391260461984 0.01324544535827893 0.005978067907632749 0.18149377592172475 
0.023537471068631192 0.024047678743377463 0.15238388282694681 0.01493193302749337 0.013154945623772247 0.01608248496948885 0.010230422708179563 0.018237374969506778 0.013653936412392945 0.014880546874050913 0.015210261407932751 0.013608915076558079 0.01888713289568447 0.14572775165103352 0.007029389959167539 
0.009872315749776294 0.009955434896504483 0.20775250062351835 0.007238965831993586 0.006709060604111169 0.010882560407218694 0.012012831896088797 0.002854144296835339 0.010137220443575807 0.007985640606205116 0.008816046978669837 0.015184839958395953 0.18509493918555617 0.006934635192291624 0.0024676651367480144 
0.012060842852924181 0.011820209877055697 0.17294883479565878 0.010554477691386554 0.014357616734873305 0.017867059127990713 0.014982917113331407 0.011840664337471534 0.01792647906478718 0.0 0.009788220511411415 0.16988717668914932 0.012780877472367478 0.006719386109592308 0.017011335051055013 
0.02055885169741179 0.018113722454310553 0.15427628510636862 0.016607374526277353 0.019611288663692536 0.015100906462673735 0.012987757549137958 0.02234888790166865 0.009554733380318913 0.011609524009709242 0.14860675270242926 0.0062896982851566915 0.011837314785171329 0.027040510996394058 0.006521028015808982 
0.01887887590530534 0.020590376910159594 0.14478772574699067 0.018523360402672502 0.017975136342720684 0.018472051956804098 0.016058227036406494 0.014963157475156969 0.026151728084922023 0.12893994711215356 0.01476344730976252 0.013821947689892464 0.018506275980784265 0.014806176328004282 0.01445367742097589 
0.019166403681312172 0.018263821261898815 0.16503748013198125 0.020599385853322043 0.013277950773084135 0.016667033795682004 0.010080268061845568 0.011711004923571028 0.14647016234222549 0.012792419544582804 0.01489788116325656 0.015479370745445685 0.012708787386080769 0.013937457994753284 0.009836255217975967 
0.006193086601878233 0.006462097238092815 0.1997969861117236 0.014200181957606257 0.015320020585088405 0.010923206566647983 0.00982464861817189 0.19011121661610333 0.010456708992756353 0.008193007909375999 0.0055065758396127635 0.0058995093156329 0.001577622785422173 0.010076744957705299 0.008074181445909228 
0.010049635897068162 0.009957176361107907 0.21071515130227944 0.006987710716257961 0.006806030250461643 0.00949049471856809 0.20629046798634987 0.0 0.016333544407321265 0.0 0.006260877984427456 0.00416554495414895 0.005650952921344467 0.0018189556567364323 0.007304471242029838 
0.0 0.0 0.20952944480435684 0.0036351202581311683 0.0 0.2043764455008418 0.015283762928360345 0.017056696518456788 0.0046540614006776925 0.009866158008104071 0.014221005038719042 0.012689841279466733 0.006218169780104287 0.0013941555414025033 0.005907289975485185 
0.02301528695662867 0.026659787014163796 0.16170751965242275 0.029086042268955357 0.1363696931182841 0.013337896225593006 0.009852759194741677 0.011777175551508019 0.012736686301956854 0.013319642858129876 0.01581939494273756 0.0157342175495904 0.014245281383499864 0.008289070989789798 0.009778021920251493 
0.008669821844349949 0.00769440942450576 0.2096019962735584 0.20775597455309713 0.009401410698379964 0.006557243625549812 0.005033373097616581 0.004253306520772179 0.005540273353148455 0.004830552146687938 0.0027617413491119115 0.003844614807916374 0.004987624020731643 0.014788182505973628 0.005873177739711442 
0.015011334573784745 0.015137721264876202 0.31589774622744676 0.01100719839463341 0.010201451813004794 0.016547460538413668 0.018266093117504687 0.015058157389179235 0.015820654694237758 0.012462791279548233 0.013758765116536707 0.0131042369783043 0.00885600798590718 0.008012112724518268 0.012338130849221859 
0.014204569894173307 0.17605266876611317 0.025505017085815478 0.012197751812855243 0.01184527127619592 0.011890249404102174 0.011833289205281539 0.01722887800174033 0.008954441691623693 0.0031263108747761285 0.015581558698672195 0.01720039456684452 0.015560033912342827 0.016719473159298344 0.14478204894543484 
0.011526847324022945 0.20165304760927874 1.5921948000827754E-6 0.013493648961040626 0.011778506709559974 0.011823231323203216 0.0025455154079968827 0.014856965444372972 0.009412824602057899 0.007060769627706597 0.008434168214317889 0.005386638400417248 0.006517706720696729 0.189039177322017 0.009795926294958754 
0.015349210974999703 0.18007716506576954 0.019320130913074367 0.011772830310490413 0.004691380906366214 0.008787930199938293 0.01699084368133042 0.017995217836714508 0.011364891317807995 0.015224793962131137 0.008343612505662087 0.00858332662085243 0.16244847969747897 0.009239528832510965 0.011824030527178316 
0.0 0.18658988041952282 0.012959206429378475 0.016163766410864408 0.014934213910718778 0.005433958200283533 0.008528262496717808 0.003382526228516254 0.016685719719320237 0.013401119882487263 0.00588597928630888 0.1814466353189273 0.015562253655228458 0.015275959893616534 0.007028980926431443 
0.014687675409044825 0.17338160813544928 0.025412263412168023 0.015117715251053373 0.015518620904473306 0.005412356004071163 0.008327438326328346 0.018817209390701292 0.012119884820011403 0.0076197527317474435 0.17337087794848577 0.011358904518387267 0.0060653009612502955 0.0060059397069848345 0.008375411508451239 
0.01850948198659396 0.16601579307788952 0.022787627567642715 0.018816987772931452 0.017651859679359543 0.01320850785064506 0.00818761532328291 0.016522253086368194 0.01434825825332031 0.1414060775186105 0.008085242367892913 0.013937673496704779 0.014716763775012158 0.013127626554062473 0.012728040966386769 
0.008999052918479702 0.17820532536677988 0.012090454564168 0.01068665380934033 0.014537420425645464 0.02707279070528223 0.012809271649928733 0.01923682744481272 0.16628347078566644 0.010784656551483356 0.009792814035566333 0.0030634564829432782 0.0066225628108178515 0.01041812884301026 0.010696784883830166 
0.01969895520815308 0.15757074427309928 0.02395300398508555 0.01589615800093494 0.016207343879486587 0.010597300001556922 0.02362937425519075 0.14508895273464972 0.016642438900256667 0.010891912709880333 0.01118946437222917 0.012907274995486454 0.014021681358543724 0.012328221212786265 0.012098162219401971 
0.01774776651692382 0.1593143721575119 0.013022483187034799 0.01676465552574939 0.02051871883664488 0.010596663593262027 0.16441950401299554 0.00820338073865878 0.016415028664307132 0.009616179846953971 0.015444316041442552 0.007900534650826234 0.016892662156574496 0.014796119924731888 0.01085614683035841 
0.0 0.21882441149757048 0.004355179939071288 0.0 0.0 0.22137409704517383 0.008133310653514114 0.010589528204019838 0.009361173122546444 0.0 0.01458941336918969 0.0 0.006477639586260632 0.0 0.006806875483410484 
0.012224328897728473 0.1922514961825748 0.005217969328249918 0.010506656005059695 0.1836290769279281 0.016626692336534063 0.006626549070375024 0.011616424413864615 0.005443581732858863 0.0023336412679631807 0.014234460468845954 0.019009437663624285 0.015313364652345668 0.003241091315825605 0.006000611545070915 
0.011743083749213455 0.19603204378178912 0.0232681307674852 0.17487165686440878 0.00441973113811503 0.006186746287777874 0.011320591406098576 0.008856904468123148 0.010647693562159239 0.010500328688723195 0.013989516485864224 0.005287899444685829 0.01170050160995378 0.005614843208398512 0.009468045666907053 
0.03420507019328376 0.17920639151436424 0.17114453839487828 0.014186212827379483 0.007123139435953731 0.009268594995543241 0.011047202013454535 0.006643799501751278 0.008187289005331541 0.01269493283895711 0.008188976275668258 0.011834123045192864 0.007155318270467619 0.008843112694326052 0.01225994860145708 
0.0 0.4324477389441009 0.008606844658951573 0.0 0.003285102033088937 0.006088065559244248 0.008240779285730047 0.006278326689958275 0.00405046670274812 0.0 0.014635211537499635 0.00526753761694315 0.001689016996593914 0.007580618136322937 0.0039840998762933465 
0.14680454656537903 0.0264554167191713 0.014614823633904171 0.018345933591637425 0.011948198918882413 0.008967954002685597 0.018836977417405868 0.01166313660099949 0.01582989517863062 0.014654484556850247 0.014872366339493825 0.02078884462457436 0.014272479699292413 0.018018175015676534 0.1453121647953865 
0.1862190365295189 0.006291061846738623 0.005464901757896352 0.010615881300526576 0.014441146163041018 0.01630496495298996 0.008645882041734802 0.018042308157621326 0.008292260425178603 0.008809356093259195 0.00958530777792398 0.012535241437983421 0.009400640909222886 0.17916639675804216 0.0091861939157582 
0.1728809567595596 0.008649775609685975 0.008060759386863979 0.02053914606659195 0.009989747706767886 0.004051094212074359 0.0074814013896909145 0.023544441835006844 0.013227228630858808 0.01452216442238621 0.013294677330357545 0.014497389029529354 0.16925633664230957 0.0075661442809634265 0.014802896509005504 
0.1833753934569986 0.014263124325966383 0.013726566224209072 0.01133388883129437 0.015417876347229078 0.012848428547825625 0.009065945739230042 0.011850448769094867 0.009880489065438269 0.009555187264289056 0.015359982005711318 0.17323117765055235 0.005284881820030373 0.006837450904096751 0.010753914090373722 
0.19821619428497783 0.0 0.01051628461283835 0.010943579236658304 0.00944480111136087 0.0071778439789755314 0.009007511973082747 0.015533934743191707 0.008173689918283447 1.5055131683663697E-4 0.19641534474073813 0.015086682493517536 0.0040140590026058265 0.010159402193480062 0.0059601071274211674 
0.19020824800366604 0.0012509899603322403 0.014314413333410504 0.018969524020845886 0.018356344330315764 0.004561841642126994 0.016624350939981217 0.007375797002685144 0.014569446137477264 0.18056892320495174 0.004894960146263858 0.005366977415132308 0.013352978689188536 0.009721249187765391 0.0 
0.16610085864683805 0.015531609207220604 0.012614899800063955 0.010415996951931126 0.014169236651992892 0.02638712832823541 0.012484856049655395 0.018749623558954133 0.16207207192827974 0.0222034079743746 0.009793319184292694 0.003063614507095988 0.0066229044265329025 0.010418666247733457 0.010697336662638645 
0.20982354569640663 0.008413618503681069 0.009512240652014592 0.004929775701207562 0.01824783106671471 0.011327440206591195 0.012483794247086634 0.182602351216417 0.009127950044486145 0.003349446599136907 0.0 0.010743597661952164 0.0052564011283215886 0.009401210427753614 0.008425258409344417 
0.13585091189269613 0.01696832089019082 0.027647904154280572 0.032333852398083056 0.024993198706202674 0.03270852895723664 0.10835044125093715 0.008159150933600999 0.01712338599795902 0.019697337966228336 0.01738242589472256 0.01801278009069233 0.013841897103612687 0.014611392630082772 0.015802437842602265 
0.1991768527585966 0.012705407690949879 0.004115049764260348 0.019069720655434955 0.010874714991361837 0.1999008499749666 0.0 0.01756970099197501 0.00479403893477948 0.005884565751852443 3.884329930670017E-4 0.009608291730320278 0.006126729585429244 0.006337112234447057 0.005879188909015953 
0.14545368172954373 0.04021924267740575 0.019462276973168786 0.02372671099148224 0.1478293380168646 0.013960184476734873 0.01425529272786718 0.012816081197732247 0.009796818561410918 0.015227953924513189 0.018409163825808303 0.014445265756536908 0.012667403960267942 0.007764102992684737 0.008923757280088568 
0.1947677120809552 0.015144375411448922 0.014579001110454633 0.17895756263966214 0.008745197842565453 0.009138462015423534 0.011885848294226392 0.0017183741752663428 0.017995406088095533 0.010031756052769606 0.006452380408002461 0.011672986245208992 0.006125121334177879 0.007958073932693103 0.006593103439044025 
0.20971119368679875 0.014128504976878918 0.21030985779341013 0.0052088012758313 0.0034224897084709615 0.0 0.0074020113950246675 0.0135385594790889 0.0029557174093287567 0.0 0.008623476738683404 0.0 0.004176615057543716 0.014531771197423103 0.006398384634968595 
0.21359236407096208 0.21416362369076083 0.0 0.0033583427066027757 0.0061701753281056294 0.0 0.0 0.007948287485744353 0.006006019881550084 0.0 0.01129308316163337 0.006673796644260401 0.010873820175475083 0.01066625688098041 0.011220393817128424 
0.40371739598051704 0.004339114107212488 0.008121395207139635 0.0032674423570542774 0.006003167031722534 0.003181481717905016 0.007841979509953053 0.012136011781597818 0.006051549961638485 0.01578860344741445 0.0016725696168068964 0.0027230424127362724 0.011004481958270036 0.009532321011796194 0.007968078130894066 
0.016094395262238083 0.016903228887389866 0.015341482745363283 0.016517275716391198 0.017517385816214565 0.01645203881336422 0.01979839853742224 0.018842219729106754 0.01934788423873372 0.018447596138477906 0.0171141887098081 0.015810986896428333 0.017713440679695335 0.015490235912816171 0.2600742236820923 
0.014710861144327982 0.016598897174590944 0.015733538904413077 0.015819033211013172 0.01725518740402766 0.01674284984544373 0.01862006213590334 0.016301951790496462 0.017275723873917886 0.01718522549318934 0.020599818167583533 0.01873689204408952 0.017618318567937396 0.2613512285185081 0.018830072142437163 
0.017995212570534897 0.016220165107351883 0.016116264535404205 0.01608694718284982 0.018607461807541636 0.01711117972497992 0.017397928812423826 0.017129788052304373 0.013967163653988724 0.017693936976366304 0.01611788613944827 0.01890306257325953 0.2641674189007156 0.019291699541673327 0.01644447967212751 
0.018992779012258276 0.01485455895450197 0.018481713898838945 0.01758471430807512 0.01606390427140445 0.017459743525658995 0.017465887018552107 0.019254265502560278 0.02530511635103902 0.018306940560648854 0.01776263442638165 0.2545524811444238 0.01688628560620836 0.014645225168601604 0.013858757690102093 
0.016058832115794765 0.017606338093653043 0.016293260080890333 0.017422207948421337 0.016129663157009897 0.0156478985915912 0.018270231652419783 0.016702859248230072 0.02001460353191727 0.017054871119594903 0.25286904618849526 0.016642227448460566 0.021673824038066117 0.018892117649900775 0.020582335518361448 
0.018646369673996743 0.017730029817735207 0.018012683687461832 0.016091169514708775 0.016785043167571515 0.017805613382929675 0.018253459713241705 0.020046286838780358 0.017822016531488804 0.25474720054709227 0.012748699497300231 0.020485156547429436 0.0169342863791517 0.019316707477004376 0.017857839798976344 
0.018316368594038186 0.017025433662167147 0.017588963701044284 0.016017415612867347 0.015718978756445488 0.01822957159584758 0.014366690237743706 0.015875460604543597 0.2657349547062045 0.020849757813349443 0.018232187898536853 0.01849220846374772 0.014973106820604577 0.016774927744295638 0.015106397111590035 
0.01596412285816352 0.017291820747336737 0.016189394936257467 0.017532675891148045 0.016848650906506057 0.01699982579820345 0.017191021918975143 0.26217039608339754 0.015310349213578973 0.015553621753613278 0.018924834429362516 0.014129846804691093 0.0197998148063712 0.018435507894069697 0.018736799600555763 
0.014441955215138098 0.015160904752875501 0.01692881872838573 0.017185396066675792 0.01986381716553144 0.015362379788300632 0.27250790141467224 0.013906380223454766 0.013677801074238197 0.016607769836408718 0.01646731158370289 0.022011088436175386 0.016145260174970144 0.016003339302590007 0.015321514951884328 
0.016508308428769627 0.016554985064846355 0.01868412943388676 0.01829352055483495 0.018534876624078496 0.25712061283273685 0.017138141666967602 0.012713780972342738 0.016461235324406173 0.017090004790603772 0.017279756757219922 0.017457259447250108 0.019649338145022684 0.016447143262020642 0.023519253517965227 
0.017128143737346686 0.015995648469261114 0.01910721870594084 0.017133136635311172 0.2659672508761052 0.016250978562102256 0.014623790045815706 0.012990046102959054 0.01623745419139747 0.017018782281231357 0.014530537680661499 0.021642309765483984 0.019125061206021643 0.017247111875543304 0.017579897834621362 
0.015786347586750366 0.016248297216327052 0.017661777618020038 0.26060303362892534 0.01602457117504542 0.01923724169241608 0.017891491748479826 0.017796707279052835 0.01471977611033231 0.01807740476141322 0.01591050801978962 0.022110851990029913 0.016775345370445654 0.014578765201521375 0.018387315028275814 
0.015630042469024948 0.015733838681656107 0.25032523481694224 0.021109663744762523 0.01827793808859625 0.014431708384951666 0.01496831360120378 0.014507678469489381 0.014662360939086136 0.01660722313513741 0.02433453835643082 0.021112563729119956 0.01831767832844322 0.01953185057212036 0.0227064708453639 
0.020340060416300734 0.25209646936389196 0.028259581727654363 0.01627457683797391 0.016470449489205907 0.016532990056367734 0.0164537888244419 0.006720474883306065 0.0103891891263533 0.015944238338778876 0.018299872882095822 0.02329942866192485 0.018854655284653882 0.02253905284970022 0.020676950251498797 
0.24851396413714996 0.02323781950894163 0.01887394672156629 0.015584029571265262 0.017859035770070454 0.017486266849599322 0.012510901983947236 0.02505115828968403 0.017307313317922533 0.02109096775632878 0.016572127195850102 0.01740999106351723 0.016878280143461634 0.015637416880425782 0.020049445923483407 
