0.013716798356262275 0.003708183357688986 0.00821222731793884 0.0 0.005487772780072376 0.0041598135042222335 0.0 0.4653481450669426 
0.017167311675801666 0.016813405896298584 0.015799986732170375 0.020778780310273463 0.019054243169603066 0.02194323582399031 0.1382025106788542 0.25176482357418567 
0.0 0.0 0.0 0.0 0.0 0.0 0.3332741839749201 0.16682644808407682 
0.0 0.0 0.0 0.0 0.0 0.0 0.49691735388277736 0.0037175870987036304 
0.008625672603099686 0.013686681271182095 0.015767854068481007 0.010671710192909563 0.015724165167363982 0.15133427857721254 0.015046403656248233 0.2692582846975093 
0.006613506064826618 0.0038376409125939377 0.005044324543374985 0.007144737735792494 7.335379067891361E-4 0.1562117400799811 0.15397342186188273 0.16695657124494176 
0.00968860375203099 0.010466153687859182 0.010535040533164142 0.010028725666143257 0.017202634189177727 0.15122501785369044 0.28846407587676 0.0027977265400340374 
0.0043305603877117895 0.004371742040856168 0.003521568696843062 0.004766446019412034 0.004307693851956515 0.3180696072826901 0.009504719170145046 0.15157843712916044 
0.0 0.0 0.0 0.0 0.0 0.33181858278485005 0.16880168008035296 0.0 
0.0 0.0 0.0 0.0 0.0 0.5001155609563153 0.0 0.0 
0.001640417456295499 0.0024107318379815532 0.0011194984628460883 0.0026129057388640242 0.16516764364104822 0.008290931297636169 3.504863046796971E-5 0.3192674263026852 
0.004868631007606495 0.012822586144603762 0.008596534510315945 0.007967777532872521 0.15859281227620448 0.008067293317389654 0.14477178246802316 0.15500101111009668 
0.009015219511470777 0.011115605021975915 0.01264664311081019 0.0107145380023047 0.1556010428172675 0.006453614592408166 0.2868739439287753 0.007950405699473273 
0.0020205217847886537 0.002877014433531379 0.0029299355287760757 0.00437798474537214 0.17047755996578629 0.1577458376108219 0.002022775136986885 0.15847326714602028 
0.00936692886385392 0.009629121292033698 0.0 0.006770356724149985 0.1646303647789238 0.15604127523923397 0.1497384944869453 0.004044939988100931 
0.002539487085895445 0.007010536828476448 0.005048399285839325 0.008039436006758743 0.16489867570139366 0.30702547173103933 0.002711426800962893 0.0030566842594324365 
0.0028412057867776407 0.0031338339505010385 0.0021198663797955177 8.797391286835527E-4 0.33199422689177915 0.0 0.0013026948303761234 0.15838994136002402 
0.008249459311372801 0.008037747893041526 0.008832096693595318 0.006451226601141289 0.30853857877165947 0.0029401031523659383 0.15331020391216255 0.003968655777159905 
0.0011362766266844548 6.073489177338588E-4 3.2881536599898073E-4 0.002582017306050839 0.3317290829788536 0.16452966530203317 0.0 0.0 
0.0 0.0 0.0 0.0 0.5010211543049365 0.0 0.0 0.0 
0.012090176208699096 0.010920859537454928 0.016972470913829325 0.1510805569594302 0.0134010637251236 0.011609900874418103 0.012308934043044504 0.2721699013024344 
0.0077199882975199745 0.009482478217536384 0.007819505190625594 0.1555330939394774 0.0015408107906762535 0.005228588618830587 0.15014086362277163 0.16287889942835967 
0.036565856462849176 0.01745096893692427 0.0348176250988614 0.11180782351482106 0.01847178872227231 0.02410783480991218 0.23919439654434985 0.017929104068617422 
0.009242771062903766 0.006021252015787125 0.01044501430123979 0.15291796303156432 0.010543616983255162 0.1496176269649929 0.0036083628819256843 0.1580262074576725 
0.020518464960404662 0.023485047380580222 0.021999795585393462 0.14247209008892459 0.017936007125042796 0.13671593100267534 0.12198967799274671 0.015156393788399477 
0.013942260683719123 0.010702822593908685 0.014323589708887585 0.1505620211097547 0.0237491605625879 0.2738400728537385 0.001588080960952393 0.01142659997306246 
0.0050101266558123195 0.006625412698982891 0.004098202893726512 0.1614676702868464 0.15907595981985614 0.008981513897560129 0.004984858326001149 0.15051901544711083 
0.004902677029924084 0.00691006373866214 0.009579032292108186 0.15752248442840294 0.1618196256596834 0.0015479960435557621 0.15827730704873402 0.0011673103660756075 
0.015422230853858424 0.01875787363826388 0.018264952972167143 0.1483035475755454 0.15107427510530627 0.14233347916408565 0.006161977902193503 8.553225389439824E-4 
0.0 0.0 0.0 0.1658671770736312 0.33449242240118837 0.0 0.0 0.0 
0.0 0.0 0.0 0.33121292784694367 0.0 0.0 0.0 0.16904328681982805 
0.00932883695572453 0.012219136056811563 0.018938456538241586 0.2981297038996816 0.0 0.0 0.15658220018032842 0.0052244865867172455 
0.0 0.0 0.0 0.3390249723667938 0.0 0.1611289069759409 0.0 0.0 
0.0 0.0 0.0 0.33065172945764204 0.16849916185861713 1.324121339936965E-4 7.929834548068291E-4 0.0 
0.0 0.0 0.0 0.5001309476965972 0.0 0.0 0.0 0.0 
0.007917607003812393 0.008115190527823637 0.15542578708587568 0.008669220731623593 0.01377280033297137 0.008835529762266455 0.007776140493695144 0.2907695933625939 
0.0 0.0 0.16762750527691228 0.0 0.0 9.582015217672463E-4 0.16490255058599576 0.16679743314411424 
1.2523301767155906E-5 5.1092224795237713E-5 0.16992550680775004 0.0 0.0 0.011374639504084669 0.3153378817479481 0.0037159733055671905 
0.0021068778101926053 5.135280876730738E-4 0.16452571654941803 0.002655016404274602 0.008481064041841825 0.16258516577443294 0.004413442084569605 0.15518951432270545 
0.002135007954625178 0.006017968238386978 0.15776779612104302 0.009736226586743913 0.009823965213955415 0.1585497775955203 0.15330029557658498 0.003485703286179921 
0.020620222562586603 0.016902839052758363 0.14338698476796888 0.016575914184951607 0.014086610866281806 0.27164801133308986 0.004807915470025218 0.012674495090687398 
0.006232100287599523 0.004683835499911391 0.15601816805580748 0.013468402436054764 0.1569742788466098 0.01261050938231594 0.005882963300901952 0.14492314887110977 
5.624678378832467E-4 6.068284161799676E-4 0.16309590857719117 0.008481728703583593 0.16084901668780155 0.0017045526278983835 0.16361442644795246 0.0019263170146531549 
0.0 0.0 0.1565314725529598 0.007716163034404488 0.1735016970856873 0.16362563094963958 0.0 0.0 
0.009786404889428295 0.009601681737513199 0.14743943927112943 0.016372381660700708 0.2847356906934663 0.006231052206443567 0.016873122557770695 0.009563004335047176 
0.021305503099991737 0.021426335260752164 0.13980097796785024 0.15228632164840833 0.007501912518936924 0.0 0.015078577233837412 0.14296711557172845 
0.0 0.0 0.16294306244710893 0.15893206146479721 0.004093067694073409 0.012784536580190778 0.1614995283883918 0.0 
0.0013949899080299717 5.180661461369636E-4 0.16895545066163906 0.1452479787299526 0.0 0.18141136708274036 0.0019487131188863922 0.0016419973058986132 
0.003800894843570122 0.00418331753415781 0.16668333479164976 0.15834809074965187 0.1659590537623796 5.975347814321338E-4 8.624187459609132E-4 0.0 
0.006287722355723223 0.006893334129652841 0.16604878865188302 0.31573464868209977 0.0 0.002578399509932194 0.0 0.00256243305396849 
0.0 0.0 0.3341133839499605 0.0 0.0 0.0 0.0 0.16711009634640353 
0.0 0.0 0.3311393643729118 1.3691555360777053E-4 0.0 0.0 0.16920308145473634 0.0 
0.0 0.0 0.33174590074299476 0.0 0.0 0.16856486403838017 0.0 0.0 
0.0 0.0 0.33402376247320287 1.38108160120966E-4 0.16653028128143688 0.0 0.0 0.0 
0.0 0.0 0.3368950149862318 0.1621660775920948 0.0 0.0 0.001275664660123867 0.0 
0.0 0.0 0.5002725146705649 2.068467106910802E-4 0.0 0.0 0.0 0.0 
0.0032571025541316186 0.15139841040582472 0.013865233660677278 0.006970141242813558 0.018324651501123643 0.018558368924513395 0.012098095976851977 0.2758627041428306 
2.990472016387108E-4 0.1641706437755034 0.0 0.0 0.002700037762860712 0.0 0.1638488800386838 0.1691370019564553 
0.0049650838239572595 0.15731654158093583 0.010522030471253089 0.012038191505815471 0.015406549794306449 0.015667995629365893 0.2769150260866626 0.007239735304371521 
0.005075427578749682 0.15515714525394345 0.006152667234113908 0.006334006315458563 0.01948619363014273 0.14897491239021704 0.007266164711265302 0.15170442751184132 
0.01088659549021513 0.15903608190082197 0.013340399498614094 0.015354653855341214 0.007867146407342278 0.1408975616494103 0.1432494766947376 0.010045750884439009 
0.012348152086229653 0.1480625317398199 0.017124833415116458 0.014914527411828261 0.013727400582929946 0.27816538549114356 0.006440249186100349 0.010126755523778308 
0.015742336246803827 0.1504640516080877 0.0 0.011844802130602254 0.15116712041448005 0.01366137794861203 0.009702728737495989 0.1481418968214367 
0.0017604990308758665 0.15499574417128698 0.007854844161948382 0.010255908309010676 0.15826203273836323 0.019779405571172574 0.1451415598333222 0.0021948842444714906 
0.0 0.1565314725529598 0.0 0.007716163034404488 0.1735016970856873 0.16362563094963958 0.0 0.0 
0.0 0.1580390945836826 0.0 0.0 0.3382777130420845 5.943518982223495E-4 0.0022251738241610844 0.0021302166612539634 
0.0013570341233305383 0.1540326758664617 0.015636203638509906 0.1416787890705232 0.010675002043859076 0.01384900073228364 0.012426279501452071 0.15105372707959885 
0.008696999875586319 0.17003923374463956 0.009159643589281502 0.143795265759288 0.010229018851141405 0.0 0.1589919632418548 0.0 
0.0 0.14865505165134166 0.009959512663875767 0.17792347417923882 8.31303281536415E-4 0.15840187907808026 0.00468564801697306 0.0 
0.0 0.16100530388942286 0.0 0.16441260330366617 0.17294553890548744 5.968027994261757E-4 0.0 0.0021294651671141225 
0.01763009192959956 0.15591978568178486 0.007153437747091606 0.3051713628970947 0.005540100843394063 0.005332978337121323 0.0017270765516956407 0.0019157018252401441 
0.009385872659756243 0.16771342986952492 0.16277465859511522 0.0 0.0 0.004923188891603225 5.662205598782975E-4 0.15523245249269418 
0.017513927229051054 0.1512295242027039 0.14059646378213086 0.012603559332423074 0.024412232361751544 0.016837899085703736 0.12656100934101058 0.010466134305703478 
0.008824924850441321 0.16361284761495754 0.16535759660046545 0.003039880307148215 0.009229597344960316 0.15115745959774515 0.0 0.0 
0.0023303899116527446 0.1733017539439935 0.1436297860864485 0.006338254534225982 0.15446825751158597 0.007318172992001776 0.007065222938368386 0.006794996550460979 
0.0 0.1671996123520219 0.16862708910143276 0.16333650643148617 0.00299720180250152 0.0 2.7824267611436707E-4 0.0 
0.012538372496049105 0.171668659360808 0.312472686802546 0.0 0.0 0.0 0.0 0.004349469749582157 
0.0014891816291046404 0.318139284304065 0.0029743941891229994 0.006662329367199591 0.0 0.0 0.0 0.17098869755140966 
0.006633844148399527 0.31922299230091544 0.0051397890356873425 0.006617604030319003 0.0040820137276962685 4.2344420745991625E-4 0.15908474212786108 0.0 
0.0 0.3373512079504359 0.0 0.0018633063131111528 0.0 0.1599639869070509 6.148279361393372E-4 9.629951953829934E-4 
0.0 0.32855801970551096 0.002350589319619532 0.007877519865294239 0.16072381249711884 0.0 0.001566818548292789 0.0 
0.0 0.3303663595489641 0.0 0.17005294607397584 0.0 6.704761781848025E-4 0.0 1.6949365341009805E-4 
0.00640483567812113 0.3329827837738515 0.1594507868296709 0.0 2.874605473698416E-5 0.0 0.0 0.001615362707806284 
0.0 0.4988769064292279 0.0010612764494784001 0.0 9.705537459767201E-5 0.0 3.3438728545019333E-4 0.0 
0.14736981684607892 0.014811346843759975 0.014539926103393405 0.007309313429613948 0.019216342487787547 0.015184510807773827 0.012443158987811953 0.26927887062472433 
0.16151643461584553 0.0034513933814466144 0.0027788054347665566 0.00913019472903339 9.64827634590625E-4 0.001637803754180409 0.1540968343125371 0.1669080287918481 
0.1597283693778421 0.0 0.010292119706923408 0.0 0.0 0.011376738376494378 0.31539606855725305 0.0037166589847786925 
0.16169983047353353 0.01656873953512418 0.0049221337529819975 0.00542052644153929 0.0012175146186399952 0.14980245242692664 0.007233172141698718 0.15390684012065245 
0.1648924795036708 0.0 0.008192064611953685 0.0010227440606280533 0.006858549507651958 0.1567037797054977 0.16127942111658844 0.0011140966919234653 
0.1467990439095808 0.013887811045698138 0.013720592888866819 0.016243794750630848 0.013436559030357838 0.27786138990632997 0.011919639186571285 0.006707412402251464 
0.15821277281136226 0.0033807984818399524 0.0 0.0 0.165889446129486 0.00787093034819212 0.0 0.16520133066426337 
0.15666993211087113 0.007694373469290852 0.007230614081317854 0.004731264186732978 0.1562640326909989 0.004976651151095107 0.156691894064364 0.006054388868095193 
0.1638105360392619 0.00586898411974045 0.0 0.008213795981809815 0.16816879627609335 0.15439455619188924 0.0 0.0 
0.16252064967154375 9.852957807496778E-4 0.012021412839410025 0.0 0.32056869754332196 0.0 0.0032025570690367277 0.002386187217042359 
0.15086131527142532 0.012893721168669327 0.016477970753514717 0.15113537784114106 0.016442200098789075 0.010123390024710464 0.012851011897415074 0.13052614296551043 
0.1568403581077216 0.018272626367010138 0.011833220287165828 0.15689079012635126 0.011641936232163608 0.005864125598379979 0.1386420535197599 6.738688463476183E-4 
0.150097663919141 0.0 0.005807635604763213 0.1637123355432489 0.0016224440410063951 0.17399561269961206 5.051855093039032E-4 0.005108090158577387 
0.15779442113010017 0.0 0.0 0.1640766995183417 0.17106057530395224 0.007911713888728394 0.0 0.0 
0.16151824321179714 8.468675671869662E-5 9.186943538879874E-4 0.32786448787404937 0.0 0.0 0.007795821464219603 0.0021612127906254354 
0.1645815817402977 0.002312358365896242 0.1644387378321994 0.0016125163695382084 0.003189398463931365 0.0032141951332039613 0.0 0.161032436124433 
0.17642028011954566 0.0030679102686353384 0.15261519409837324 0.0 0.0 0.001074865485354006 0.16619918281361118 8.416806290485178E-4 
0.1592874632921407 0.0 0.165693078292502 0.007186789965329637 0.008994875755943236 0.15500029617207708 0.005003795617904931 0.0015133621565940314 
0.16242896825138373 0.005609741382627563 0.16492826874731936 0.0 0.16260394603514694 0.0 0.007121045527118643 0.0019154744024535652 
0.16229358220024537 0.02641789176114095 0.1505735223651486 0.1594058015733296 3.872741076463265E-4 3.718655424357613E-4 0.0014099036552675216 0.0 
0.16268416825395746 0.014719293120164244 0.31251553171293794 0.00453683742666279 0.0 0.003271996243815193 0.005353595216045511 0.0 
0.14693491778559675 0.16500838105862708 0.006931925925674526 0.012353634904750627 0.015412606668974215 0.0030069888732260704 0.00927263138224968 0.14202305241733548 
0.17449311796123776 0.15508088034200326 0.0 0.0 0.003469701624351976 0.0010779088527514222 0.16666975813800683 0.0 
0.1600140426589829 0.17193458480611523 0.0 0.0 0.0 0.16866787240192516 0.0 0.0 
0.16297351610625443 0.16749770455930846 0.00236427685568094 0.0066077283367234115 0.16103554642244106 0.0 9.291830106579485E-4 0.0 
0.16875043213250618 0.16905249305970638 0.0 0.16190380124250178 0.0 6.695214440939967E-4 0.0 0.0 
0.16329118179945926 0.1690287944540001 0.16528985620741327 0.0 0.0 0.0031052301877314975 0.0 0.0 
0.16769325123797788 0.33118365519125 0.0010612764494784001 0.0 9.705537459767201E-5 0.0 3.3438728545019333E-4 0.0 
0.3196146915557486 0.0068297448100082744 0.00549880291772624 0.0 0.001810683817128075 0.0 0.0 0.16699690724799468 
0.33263937294155066 1.744084698495741E-4 0.0 0.0 0.0 8.399228277169027E-4 0.1664363534893141 2.900332085599676E-4 
0.33141265869533354 0.004801112265993018 0.0 0.0018570238588835543 0.0 0.15942464111149585 0.0016926881957236275 9.618290944101436E-4 
0.3253095071204207 0.0 0.0 0.0 0.16389587024712388 0.0 0.010050103358429818 9.619588762159393E-4 
0.3197255819679738 1.6763755002808161E-4 0.0018185567221800658 0.1684102660479836 0.0 0.0 0.007791623462261794 0.0021600489908170472 
0.3327973020266178 0.0 0.16552726928531164 0.0 0.0 0.0 0.0 0.0018582397886836247 
0.3237763022724929 0.1696453381893987 0.0 0.0011279281512463462 0.0 0.002266798980854031 0.0 0.003348918398989301 
0.500370583882825 0.0 0.0 0.0 0.0 0.0 0.0 0.0 
0.03468481981189399 0.03776780844843247 0.034146231130879036 0.03358431283930009 0.030006908935908072 0.02274568390747238 0.033699585298286115 0.27691754811533004 
0.02993963391707902 0.030372696394704954 0.028641724835588554 0.03769429845285741 0.03073120276081611 0.03466894208655923 0.15881070191821733 0.1514287308334736 
0.03064115058177546 0.029680932946371814 0.03712802081282765 0.031246082391469997 0.03305577165007588 0.030951668161411504 0.2789807169207462 0.029772054917970168 
0.035579355691413656 0.029394970104592664 0.031824651782937106 0.033210515676474046 0.033735131844582524 0.1598563534650856 0.0274708948308507 0.1503369891158729 
0.026318746656826313 0.027146601528061916 0.02780292324086498 0.03797178381290657 0.0370518998287261 0.156585462324446 0.15416696811347147 0.03554909443012764 
0.03541480779135659 0.03326951420232289 0.030090215643332897 0.03266522273700386 0.027021791411331448 0.27879580685537053 0.03372383817386907 0.030052932952920258 
0.029529032728987215 0.026753163197573454 0.03218320401924296 0.02904204106937549 0.15678446937656362 0.03346238269782915 0.03065172141496725 0.16195496159376235 
0.035795400500011315 0.03092030724588675 0.028208976525865348 0.03039187250076635 0.15550453506112707 0.034854452994890726 0.15399357389958068 0.030731688057899036 
0.0285767336710605 0.02582401759887072 0.02883966656813459 0.02934791451859166 0.1626302606806472 0.17102693916100356 0.01866429502361964 0.03612815966527005 
0.03566651189439021 0.03417033223514934 0.024597532436900403 0.031001578518647883 0.2772029576903514 0.03505951221222416 0.028508820114306936 0.034096359338329 
0.02974195120531416 0.03217134193150395 0.031065098398326867 0.14972038662744916 0.03681257987790811 0.0344631718502019 0.03392193504664291 0.1529863059923417 
0.031753869521541085 0.036690156240935766 0.03311936350327993 0.15643270402340873 0.029872846606923305 0.028785840539430556 0.1623073975433725 0.022104919930432305 
0.036043789644543085 0.04106775970949787 0.017691846242128606 0.15317300307167067 0.029861912104809037 0.16150933499064088 0.030049209185243786 0.03249347308947832 
0.028804868829269678 0.027178398173488043 0.027642502229200193 0.15315733504809884 0.16021165912834612 0.030460518198405676 0.039201102176729466 0.033775791518585 
0.03835187274843127 0.03443611364273935 0.03594006180414256 0.26609114361860564 0.03339279734191968 0.030376690200768514 0.029085163976523803 0.03384943350189403 
0.029505065552268776 0.033967089831756565 0.15009673180856647 0.0384396038161309 0.032415465639232845 0.03516931976709972 0.02999723869088864 0.15252888889169186 
0.032987388338497334 0.03774729605658621 0.14768329534060234 0.03300734183635628 0.03294516023921783 0.0339657115364578 0.16259378686862835 0.02740323643717602 
0.027496524626699645 0.02546039789595466 0.1626456219271605 0.03999954410188138 0.02853466141903316 0.15032784219217513 0.03477422788365508 0.03259417162593063 
0.021589945673955915 0.030292732434922514 0.16170306056444317 0.03513594968295039 0.14962722826819477 0.035769757126826604 0.029180855364821207 0.03865536174223206 
0.03471113982924078 0.030026038516217483 0.15208798085781458 0.15750877521442158 0.029830832819746585 0.03830100557512196 0.03286790276163479 0.026080959872052997 
0.02384787499964061 0.03183311961245541 0.2782124150594954 0.04211248010919388 0.03448424714947998 0.027467506528925958 0.03199638933375156 0.03062999381786321 
0.03299995921389761 0.16133059872303115 0.03376269697244673 0.02484281731453281 0.031703321499690046 0.03513222775563536 0.026316638710805997 0.15804872894406735 
0.030015721229013706 0.16041474001626027 0.02485884176054955 0.0270717558926687 0.033466355287869794 0.026858311453133766 0.16762910109757015 0.032173836146971044 
0.041366712842764504 0.15518586370165266 0.028588879840675936 0.03178844128594992 0.02637774892311254 0.1488341879354512 0.03863272563141104 0.030039747633554343 
0.032404608212206115 0.14486850754288505 0.027054324312700932 0.035826744905264635 0.15869686228638902 0.02743728865572581 0.028397190059216863 0.04600364231769002 
0.031571045401185015 0.15274190276904648 0.030079372405452963 0.1588873970141671 0.027588438140212182 0.03130369593501404 0.032215560642441604 0.0358179096609745 
0.027367822433947486 0.15091662368434508 0.15700995893164812 0.030903192903315353 0.037953751951161366 0.03296440691278049 0.03324522525653411 0.03202783044019954 
0.04306494310036075 0.26288813218729706 0.034084937783761246 0.030048883489264884 0.029503005202719555 0.03890951182915183 0.029684219628465413 0.0320280430163176 
0.15735231167679886 0.03511044647716067 0.03593816663152383 0.024876327233659394 0.03174608539905171 0.035179616829745707 0.02635213663456068 0.15826191732998676 
0.14955987265380224 0.02503167931499263 0.039657012591272175 0.027278324364643503 0.024590958798620062 0.03998910865345634 0.1620217221589302 0.03259067321125231 
0.16009248343353508 0.024776298350054352 0.03032496605222639 0.02635490516785548 0.035059018579952 0.15865869024320053 0.03376594596165062 0.03129026270335416 
0.14820696849197323 0.038007559046156374 0.033320272914374824 0.03679679428177043 0.14224910695774864 0.035790570276369935 0.027317947676053018 0.03852100569127075 
0.15123223235731695 0.030481008164571485 0.0326280787908233 0.1547367492258426 0.03483990834263991 0.02469105897132463 0.03315675968073485 0.03851998455522884 
0.149442891152082 0.03498883585378658 0.1487434561503729 0.03158027737293256 0.03780428476082748 0.03283458846192966 0.027328193987535353 0.038073676511330416 
0.15444036531017782 0.1587276712118693 0.0325984495299782 0.032637552102929575 0.035278132154935075 0.02876166349298084 0.032392266270817066 0.026990186888948314 
0.2687162958061208 0.027203991610861504 0.025637040854939192 0.03809484038718819 0.04036516407286973 0.03591957261887794 0.03031700095980373 0.03380746102322011 
