0.0 0.0 0.5000909314696873 
0.0 0.044594697960677845 0.45563724255531557 
0.0 0.0848142503074933 0.41574454721307347 
0.0 0.1254187948189248 0.37493173195694707 
0.0 0.1668845778071499 0.333271984814606 
0.0 0.20940758406855575 0.29308615885218375 
0.0 0.2507428856828961 0.24938232364649746 
0.0 0.2918861329066131 0.20839197760298636 
0.0 0.3334365413502136 0.16673498287389932 
0.0 0.3747537423872584 0.1255310761921296 
0.0 0.416539325398319 0.08389777281650371 
0.0 0.45843843942922585 0.04175352377548399 
0.0 0.5003965891094637 0.0 
0.043502112476844365 0.0011245486056188985 0.4559638192413289 
0.042094306317034556 0.04169550802278645 0.4173706811912286 
0.04203070367817686 0.08364882558449101 0.3744418278309508 
0.048629629655747325 0.12296753195847598 0.3287304843844645 
0.04176366777929623 0.166980099299676 0.2913917788884113 
0.04945965158210421 0.20678541724965618 0.24534124792463638 
0.042704555492626486 0.24945504518354553 0.20858721979809022 
0.0413843997216993 0.2904663772159995 0.16840974836278955 
0.04058517432823727 0.3346345843393048 0.12531391350500035 
0.04150132379086981 0.372337203466389 0.08637566152056625 
0.040688290105398865 0.4176418169597394 0.04174365711171728 
0.041400707379962355 0.4587498421183277 0.0 
0.08265787810220582 0.00152517509792648 0.41650329094618443 
0.07986552232232699 0.047693721345636216 0.3725592178063112 
0.08394711435317066 0.08315180570123674 0.3337000307557695 
0.08227163591134612 0.12650795596510395 0.2922019601063538 
0.08384836056410067 0.16684668836394725 0.2500843352056277 
0.08296487771231581 0.20913458974132448 0.20854428771002478 
0.08370092401242493 0.2502252389233956 0.16695009707002378 
0.08448803528475102 0.2919688005852385 0.12459203768442054 
0.08269581287679902 0.3296128833918882 0.08781480776271462 
0.07913273855131607 0.3793065150123442 0.04175359792498486 
0.08317863664050393 0.4171411745099915 0.0 
0.12580724675036806 0.0 0.3748223414262913 
0.1239826389191356 0.04304622643143654 0.3335601300501467 
0.1256636242371688 0.08319012982471115 0.29195252114067843 
0.12600148600590985 0.1233404540523555 0.2511453730782448 
0.1245125638814276 0.16728285706893886 0.20832721384128852 
0.12571798257294756 0.2068327148894546 0.16783914438995304 
0.12142507189457295 0.2545778446493758 0.12444180868500535 
0.1252235913027103 0.29104792166777405 0.083903219060582 
0.12763152881585765 0.33209536685251817 0.04032949609994578 
0.1249014771367032 0.3753320442454393 0.0 
0.16692257947496655 0.0 0.3333478749383426 
0.1647357130999579 0.044804003000699824 0.29070450620172356 
0.16765534218171857 0.08296275050983798 0.24947702018979212 
0.16568118253392644 0.12662112850660523 0.20887203320993358 
0.16914339714324853 0.1655712489186648 0.16575120923677916 
0.1672684597274384 0.20817812826780188 0.1253443692956235 
0.16866501845409318 0.247692845779569 0.08392062392429432 
0.16251712252185174 0.29783991654700653 0.040322040464813705 
0.16590112617107006 0.3343383472225339 0.0 
0.21037133544631828 0.0 0.29442971899275594 
0.20730653299971982 0.044904538430357535 0.24835112348285682 
0.20919499495281385 0.08281993986470487 0.2082855119630469 
0.20923361702712945 0.1255112068778676 0.16552687861131085 
0.2076072260172839 0.16843056093478895 0.1255417434701182 
0.20986321651866235 0.20543110430527411 0.08530728761259808 
0.20873768497296355 0.2514912076725793 0.04031081629568446 
0.2089543473801545 0.2912789538649373 3.001924891642878E-4 
0.25098223960239335 0.0 0.2498395091276466 
0.2503953440242946 0.041122918306967245 0.20900378886212384 
0.25138704041876964 0.08287156220849111 0.1669989357995524 
0.24896328740147802 0.12646766070387513 0.12509219769110738 
0.25081034608329267 0.16699789090421865 0.08401559249290722 
0.25182786017933323 0.20802957632353744 0.04034094778164038 
0.25210302918417365 0.24810025605766622 0.0 
0.291859077983209 0.0 0.2083726617521923 
0.29405825053207474 0.040200352095186 0.1669989357995524 
0.29334072779338916 0.08171860876956233 0.12526803059256555 
0.29044015796883244 0.12426256308548525 0.08629323281896625 
0.2883052255469169 0.1725949407886748 0.03918074549288995 
0.2930255961883621 0.20780330754870915 0.0 
0.33353322667280166 0.0 0.16687528178612504 
0.33001030190954816 0.04497037230996179 0.1261047600554401 
0.33339900693911195 0.08115629176176967 0.0862625565035675 
0.3366959898596539 0.1242264476660891 0.03918263874851639 
0.3336794665020477 0.1672737232469471 3.006244978317826E-4 
0.3750593365629515 0.0 0.12526803059256555 
0.3722866506578594 0.042294438189825034 0.08626792303489103 
0.3761618639232264 0.08321335718217088 0.04196791437401735 
0.37890479027691437 0.1241046846464401 0.0 
0.41693168093080285 0.0 0.0832797094928072 
0.4135869328885447 0.04487597910896154 0.04188456701707789 
0.4160229021835773 0.0842969089669181 0.0 
0.458575562980664 0.0 0.04176601267469646 
0.4585603213141115 0.04162195068547103 0.0 
0.5002330292784514 0.0 0.0 
