0.01847005353224774 0.018303884461467655 0.01741118805956396 0.018596020409139397 0.013688816487988918 0.02225529024360391 0.014558478676375098 0.37743529954455524 
0.023836297008704616 0.016942215917132134 0.021771507516039446 0.01866858232683743 0.02344936013383765 0.019366790005432063 0.12498031173720206 0.2551505182102678 
0.007919544936378219 0.005760141926333466 0.00804891352972296 0.005800759376556742 0.005774202749957728 0.009549577062724248 0.30155113579494347 0.15897345004456626 
0.001341620454397527 0.0019724761087185553 0.004465180544220615 0.0026598869891358828 0.006974860092287388 0.007149067505828585 0.47334661859448884 0.005036298690798707 
0.01934082543763955 0.01771852320761618 0.022386541606529715 0.027188919207834315 0.01973484249760847 0.1258360601811945 0.017211566152386767 0.2525469868932084 
0.011278529163643136 0.012355606048992898 0.015372028777413354 0.01753380970139876 0.00791654521233215 0.143190551569784 0.1448502851176784 0.14882451624705745 
0.011235604216252344 0.014879773162187677 0.016421154337504507 0.014499074105503067 0.004500852267184035 0.14398415945400014 0.30277016129984735 0.0 
0.0020776107893836064 0.0018227588080334672 0.003851446774490163 0.0039313442144390314 0.004894410035026158 0.32990640736140414 0.0 0.15429881534751294 
0.008612963091972754 0.011406501563793674 0.020097551372050246 0.007975949724617688 0.010183515538042007 0.2911463440115145 0.1443172797568988 0.007580840754731323 
0.0 0.0 0.0 0.0 0.0 0.49887977575252795 0.002341445480943732 0.0 
0.01430154152730184 0.014225350484420968 0.01335056729402752 0.01506437341328222 0.14276058786750645 0.015901835043969824 0.006466264477824711 0.27890225030539834 
0.004781344176832039 0.0032151096828849633 0.0043853445376435905 0.00464033887213792 0.1604370596543982 0.01770898782616766 0.15544468993841948 0.1499747825308026 
0.017082103512132348 0.020471984353033084 0.019887536744792437 0.034127768541742924 0.13167299983257447 0.003499819251501979 0.25418659593924536 0.019565251874338226 
0.003769250644143797 0.0014607226738941389 0.0036426892153445254 4.7284511954794544E-4 0.16356397739169595 0.16826011280486455 0.011380949149725586 0.14982373065926244 
0.009030935097246921 0.008847095867335565 0.01890369608042273 0.016528867176757098 0.15511109391136138 0.13149817316600998 0.1648814839468746 0.0 
0.00920549918271974 0.011387686936609213 0.010283066067841611 0.01104075700361807 0.1492213277724634 0.3091837390620521 0.0021867510848439966 0.0 
0.007130940125885152 0.0027635004703774704 0.006891502089994309 8.945624885816879E-4 0.30944212514600805 0.014087382002314346 0.01138229732105343 0.14984147856897084 
0.009668943525998267 0.01254865125145502 0.009475119716615802 0.0011023317734600465 0.30404956015055334 0.0 0.1633898012121127 0.0 
0.0 0.0 0.0 0.0 0.33491822018872974 0.16838408870323715 8.610106241925011E-4 0.0 
0.0 0.0 0.0 0.0 0.5011131294903441 0.001103918907451475 6.719259868116748E-4 0.0 
8.152567520077744E-4 0.007091636131040552 0.03051390187798712 0.1493211978847471 0.013052513586385671 0.0051377346611962875 0.013125607034276721 0.28843663735130587 
0.011436788948282447 0.023481332945214116 0.015534907569159241 0.14861161499125175 0.010158638296146348 0.021928639365222283 0.13492727566381357 0.14051684089074742 
0.01985014024215866 0.0170123013768757 0.015974855249598463 0.1369038205906772 0.023694917624640766 0.03408698978171408 0.2420783642315843 0.01144551351446291 
0.018593009768829986 0.016375897630233047 0.008026193777070412 0.16932188853204813 0.0 0.14637586794294183 0.0 0.14200412228402073 
0.011496520012028354 0.0033904291564651376 0.005599633745070795 0.15300235350682637 0.008121560686527725 0.14437877212731873 0.15013896217713119 0.025446181079455177 
0.014902491799270848 0.01610800472334138 0.010052924782349964 0.14130260176268739 0.009203247519248194 0.3032491637688138 0.0 0.006404218820457832 
0.018245374872777165 0.020100980713433123 0.026340823704424487 0.144462314773709 0.13028338495490474 0.013203866441158542 0.01013755445127172 0.13846731394209638 
0.006963872810296634 0.0078560003157314 0.017502764057688865 0.13364848557241724 0.12477113705753677 0.019433491074539604 0.17203070186498218 0.018997990480489425 
0.001624450841620671 0.0022918854190013523 0.00605547822890694 0.16918454826525012 0.15781545178654338 0.16271044343861432 0.0047982585055354075 0.0 
0.016165846510317855 0.012822541467581116 0.01110479282502139 0.16294042555662974 0.29294775910565796 0.004819152222085799 0.0 0.0 
0.0 0.0 0.0 0.3357715549884762 0.0017054352882227039 0.005262133099128756 0.004222844612838241 0.15586565626465504 
0.009772731861712474 0.020104616742847845 0.035553104233432775 0.28688287518715494 9.362460684823034E-4 0.0010836700385472762 0.13924730587571046 0.010233875016307539 
0.003557376548846284 0.005018988099426894 0.009744870789588196 0.3108431213266872 0.0 0.15894052897643204 0.004687085407171064 0.011164029763945867 
0.01045328579832705 0.022768785992037688 0.019756358860885215 0.26219448201768353 0.14055263860695796 0.0 0.031932765256683086 0.01786019439480803 
0.0052537138722661605 0.007412295842353133 0.014391718770200124 0.4590688661120692 0.0 0.0 0.0046680886304054856 0.01111878190460337 
0.0040519798596846315 0.035246769443393874 0.15165984893163792 0.0 0.013276143833193678 0.0 0.013017412696044863 0.28605905504074675 
0.004571576751564994 0.004640194993274309 0.16281451819228313 0.0 0.00553503427189592 0.0024288685540328554 0.17225750130206438 0.14930291047627375 
0.005002248929195219 0.010995033996303092 0.16381821906575483 0.0 0.009151521750348527 0.006678507938228524 0.299692267205419 0.006360863320180104 
0.0017678004045967605 5.168930726139775E-4 0.15760862614161947 0.0 0.0037573741807316228 0.16723454278264552 0.0 0.1710351938702771 
0.015293966677901595 0.007137999997208853 0.14996867368361141 0.01512452084518757 0.004149116728087048 0.1496520632829356 0.14388260684731372 0.017492425151141622 
0.0021986363603072262 0.002577174317551293 0.16852862482028277 0.009526678927660749 7.11432324760213E-4 0.3036323191885347 0.0045945834137661 0.014416611508649627 
0.0023224371667011864 0.010713871367322153 0.16722037997073083 0.004231924189143165 0.1602111069466688 0.0 0.005306466611299295 0.15030337122560825 
0.004292770688743241 0.004357204120080034 0.1528849736928122 0.0 0.1764760600807974 0.00462366629287113 0.1592303645757504 0.0 
0.012367291569210192 0.013679669790981244 0.13327935110365016 0.03282396730672586 0.14519168310649666 0.1432293866218556 0.013273082683148144 0.007228165762794389 
0.012111949881610701 0.01339723204374408 0.130527594646505 0.03214626619820861 0.2710526265794064 0.029380467867095597 0.005340332345539896 0.007229805600568801 
0.004699805358871174 0.006905990381460338 0.16413122205283248 0.1725886198728008 0.0034406513345262334 0.0 0.0 0.1501521036847496 
0.021029255008328866 0.021344898949477692 0.15677123647610347 0.14623156327485806 0.0 0.006757813169361066 0.14746532466323642 0.00229007041563108 
0.0014291432429134924 0.0036426444684347927 0.17897305107521622 0.15027331230089921 0.0 0.16390504765084232 0.004698781085234972 9.303717288051276E-5 
0.02356490766419376 0.02003960609550983 0.15858357316611496 0.14810249302943004 0.14208291880262883 0.004246908579324999 0.0 0.004824992900873456 
0.022487690214779425 0.002885243338623329 0.15104452620764255 0.3063956466658757 0.004769076345013631 0.0 0.009454924217059766 0.0068031385601637785 
1.6565544050399915E-4 1.8498232159448052E-4 0.33615915190622164 0.0019766174874288733 0.0 0.0 0.0 0.16260143954723608 
0.0 0.0 0.32814258329915913 0.0 0.0020898135758312428 0.0 0.1631251205221907 0.006826111349116453 
0.0018109489446902103 0.006691609113023861 0.30003794404255835 0.016960710158627518 0.0 0.15958239638548452 0.004574860606306233 0.014354726452399066 
0.0 0.001011592056385288 0.33619202229553935 0.008388366012143976 0.15277403157282346 0.00404469556210892 0.0 0.0 
5.122470843757237E-4 0.00421554512161409 0.32614477246147444 0.17044878292055404 0.0 2.1708804319899003E-4 0.002409815812613228 0.0 
5.203311504339898E-4 0.0 0.49884552420555467 0.001768924636562328 0.0 0.0 0.0 0.0 
0.01715664476925425 0.14923971084376997 0.013980405517534296 0.017744057162617156 0.0 0.009336383440878402 0.010960391717064198 0.2875936050198716 
0.0 0.15200505267833148 0.0 0.024752896458223553 0.008553194917926795 0.0 0.15964546265716065 0.15759142676576948 
0.020654126911483293 0.14952627251924064 0.0154718654079342 0.0 0.01299045094352194 0.038847679418233166 0.25014400507042345 0.014063595358820331 
0.0 0.17679798423536425 0.0 0.004150723461546653 0.013528970288481042 0.15672428767091923 0.013222864913966449 0.16373254375418914 
0.0 0.15632066119901944 0.010561111774442161 0.007309820123234271 0.015007215246668763 0.15041141383190612 0.15641228443474478 0.004129121098151514 
4.0392144648036745E-4 0.15587247873347612 0.0018969885241005245 0.0011754429614549723 0.00512854498233958 0.3161015988323505 0.021467189101301916 0.0 
0.0 0.16692770480148156 0.00333110880835255 0.0 0.16447172432022797 6.037137328734675E-4 0.0143955135529504 0.15153234938476712 
0.0 0.16606085268573695 0.0 0.0 0.16538889796727463 0.0012088145460532667 0.16813061585948216 0.0 
0.0011454365253918935 0.1689997929309951 0.0 0.0 0.16472277162364274 0.1665397116875657 7.192302544672969E-4 0.0 
0.0 0.16770859128066684 0.0 0.0 0.3308202154619809 7.616458914554322E-4 0.004862756315538918 0.0 
0.0094628605225558 0.13983322352792057 0.006257192287864266 0.15525922821162783 0.01266033693387807 0.007242959827276866 0.01569678452432841 0.158256582391138 
0.0 0.16733664381368235 0.0013860647500607908 0.16351247013213818 0.0 0.0017124504609838044 0.16878212806983975 0.0 
0.03457841046716236 0.13471181887415834 0.0 0.1592213283530726 0.004868236674072936 0.15165714866652427 0.01566213145046467 0.0 
0.0 0.16488667475125487 0.0 0.16457498335540768 0.16021389515705 0.0025838718717386983 0.0 0.01048274228061866 
0.02140340466347615 0.15723955602048215 0.0 0.31043875119558956 0.0 0.007626040110615557 0.006119872263157531 0.0 
0.0 0.16079562214609405 0.1631127242444455 0.0 0.0 0.013566856731863319 0.0028248834242362675 0.161965485191086 
0.030442588711335063 0.16722480490102606 0.10831290407999576 0.01623139395120609 0.0020520420139265526 0.010719478827970435 0.16547188412373376 0.0014761980052607577 
0.0 0.17363428647594864 0.1538724647346012 0.0 0.0030632474728766747 0.17007159027862054 0.0 0.0 
0.01272745022065367 0.16417266806019576 0.1604443284737679 0.0083918693961229 0.15283783733592834 0.004046384820971899 0.0 0.0 
0.013464442126205449 0.16770355531306905 0.15457382471652373 0.15035898996565222 0.005610272565850998 0.004770684143966144 0.006117087953751193 0.0 
0.024165552401720587 0.1746584350183213 0.3011970866462792 0.0030272869078659483 0.0 0.0 0.00241707077396584 0.0 
0.005638897548708893 0.32093501256019885 0.002946592680488099 0.01633614773572639 0.0016183149091025775 0.0 0.0 0.158741924354388 
0.0 0.33221190834726605 0.0 0.0 0.0 0.0017123305178779304 0.1687703062664545 0.0 
0.0 0.328842228543507 0.0 0.0 0.0016518345318038861 0.17003252294134724 0.0 0.0 
0.0 0.3306022064636074 0.0 0.0 0.1657905801970925 0.0 0.006779139549210704 0.0 
0.0 0.3234497393802648 0.0 0.16401110299922542 0.0 0.007600766591853201 0.006099590346956903 0.0 
0.0 0.32940229073710503 0.16730010404027348 0.0 0.004645774018244377 0.0 0.0 0.0 
0.0 0.4986056024608115 0.0 0.0 0.002005281891485474 1.721292710652998E-4 0.0 0.0 
0.15253720826736464 0.0012622737605113296 0.012922032572257458 0.014666701622789803 0.013514814473441912 0.009184746176839502 0.01340097443121303 0.28637058512828123 
0.1691961920919439 0.0 0.016065476091342457 0.011989877634820486 0.01472372260231763 0.008408926574842993 0.1468089926826438 0.13772811325938825 
0.11589771248688761 0.04936473438642273 0.02379969028648739 0.009406579139359607 0.03188575219231879 0.03415331669016172 0.22438172236207243 0.014099793216903772 
0.1409676128135623 0.020220791640390024 0.03145162467374696 0.019861168259374822 0.02092209556224011 0.12805210512130036 0.016118064705233057 0.12545615713706162 
0.16573589022118088 0.001772130386099551 0.001097313237983437 0.00959828582925218 0.004388444747411361 0.15582735037912251 0.16264823681104673 0.0 
0.14999524288172014 0.004853930751449879 0.020698478151294598 0.03548533991807042 0.005234063285033415 0.27631538824145685 0.008313033286757783 0.0 
0.16536449541557238 0.009298579234116797 0.0032045778831336835 0.022500752591446214 0.15233332848163533 0.013742258481515406 0.0 0.13559028632838802 
0.17682786032188363 0.0 0.0 0.01409133702876929 0.1472380689967327 0.012188265266603186 0.1581903842133791 0.0 
0.17160293806770965 0.0 0.008422809942312565 0.010664731939734187 0.14764421388955762 0.15632866852548374 0.0044698349431888315 0.0021024360400534836 
0.13600554423373803 0.009235244076691808 0.012789590067739406 0.016099065737543987 0.31474787890938816 0.0 0.005343186977049694 0.007233670234741681 
0.16210759440963965 0.011007444199259217 0.014544900529940312 0.14496713191098606 0.0038989218388218788 0.01094768018900521 0.004115194640172976 0.15228409925405978 
0.1606161881582385 0.01567714428876739 0.0056508232045605275 0.15275746266549695 9.427151758497926E-4 0.0 0.1655464315506773 0.0 
0.16923482868203316 0.012185874287653555 0.001993577245392084 0.15020409107069163 1.1193572693137353E-4 0.15181659968633499 0.01567859848056608 0.0 
0.17069453410929175 0.0067722053339955195 0.0015264011025282365 0.1577120501631383 0.16372015557134703 3.565381101439579E-4 0.0 0.0017886117248946429 
0.1826653996719088 0.004608772085002152 0.0 0.34669001289253776 0.0 0.0 0.0 0.0 
0.15615160716377452 0.01971442987121111 0.13318824184476988 0.0 0.00106794234810296 0.012989426767326003 0.01719027127741057 0.16196635747516824 
0.1428831915667266 3.5452268900512684E-4 0.16420297216143775 0.0 0.0033567434427830456 0.012979193612246434 0.16056067110163938 0.017522337933567726 
0.150820558264145 0.007700181050096547 0.13733010175119242 0.025613696512184196 0.0 0.1648806731731513 0.011237637557198546 0.008205716586469786 
0.16614872851601736 0.0 0.1506930658531314 0.007881840009991899 0.14354887147213075 0.0343480324563691 0.0 0.0 
0.1578248702247015 0.0 0.1688822586230829 0.17269427767185844 0.0 0.0014547507362466588 0.0024065375689121256 0.0 
0.16044667500500207 0.015649718554764946 0.2667672115289843 0.027008874954298476 0.01655912078953679 0.011172257929486857 0.0 0.003842541453303443 
0.13547260291065608 0.13202084028805386 0.02902087199357671 0.030119361930734192 0.005003199498032143 0.00558353778433883 0.03275656157641822 0.13463541741705176 
0.1556593158945621 0.1404464165165602 0.024075219528093095 0.023962338266282544 0.0 0.004772229617219606 0.14500054530852644 0.010052314744219018 
0.16850917068798565 0.16041604526000358 0.0 0.0 0.0016522513926828422 0.1700754327519849 0.0 0.0 
0.1577760793773386 0.17235828408048748 0.0 0.008212509463140658 0.16151319082955556 0.0023255752500254087 0.0030452750542068834 0.0 
0.16122440755181763 0.153428090747024 0.0 0.18159715621111241 0.0 0.0 0.0 0.0040170475749072045 
0.14633143664548562 0.15974105961933657 0.1630078606982939 0.02024281898665119 0.002457959620410601 0.0 0.011612736562395315 0.0 
0.1489727412366254 0.3224192425595101 0.0 0.0 0.02599844384182297 0.0 0.003531612956672388 0.0 
0.31417300579965113 0.0 0.007873468683971582 0.005057388856101152 0.004590496361498746 0.015630996045880606 0.004113438090739131 0.15221909757814459 
0.33323637004318024 0.0 0.005813305955872396 0.005324405602674946 0.0 0.0 0.15747578780113144 0.0 
0.32928562732820044 0.0 0.0 0.0 0.001654061804825239 0.17026178855107285 0.0 0.0 
0.3238700116687377 0.007074879984968663 0.0037099280627703617 0.010558452009073167 0.14836714760844918 0.003918613645719394 0.001241240762741741 0.0024489750079504623 
0.3211336731525233 0.0 0.0 0.1853376729039681 0.0 0.0 0.0 0.0 
0.310202436803828 0.006776314361814538 0.1665708215830173 0.005192261831077983 0.006760379813711197 0.001959158505681234 0.0010785039491035943 0.002447990994804805 
0.3122418236008457 0.18649971781035027 0.0 0.0 0.0 0.0 0.003541206247259349 0.0 
0.4970911882640859 0.0 0.0 0.0 0.0 0.0036971611247501876 0.0 0.0 
0.033841112157287585 0.023178420386570916 0.03261400840406634 0.035510839499704676 0.034809859171111686 0.03468237221141157 0.02725921478759802 0.27868284969511714 
0.039960189933144596 0.029225345074891353 0.03585249573294719 0.039365207012585716 0.022656102839752876 0.029331959904815793 0.1564188592092026 0.15068219369685962 
0.03557142965230391 0.04244991429259736 0.04165532664708031 0.03305214827780775 0.044095723817018734 0.041714226932502006 0.24035723125555675 0.02331002156651984 
0.03591912086494124 0.03842814220381391 0.03871592602564542 0.02581914701163553 0.034071793162966026 0.15259600178151483 0.023733030873180738 0.1548526439328001 
0.03522945518975699 0.03246222646590661 0.0426867254298796 0.03226742096493659 0.02522380031165669 0.14568921657198763 0.15512689821918418 0.03741844498928887 
0.02966155731651842 0.03306950953820719 0.042524114184419745 0.043174922291459826 0.03007518216513926 0.2745007859360762 0.034417167071847256 0.016952365140456553 
0.03741795701672046 0.02600521615908337 0.03309831293994394 0.026038746422380025 0.1529013749964078 0.04127116743355153 0.03437755816109334 0.1531027610749503 
0.027027191596602964 0.026457111727226982 0.026035036945559017 0.03654699591971186 0.16050373726339112 0.03247366368083922 0.1637693999463674 0.031869369128454894 
0.03416434628064049 0.026062624436583706 0.02872489060965226 0.016944710352976223 0.1692571752286572 0.14183210176973846 0.03845129204253177 0.047048812366070336 
0.051753442235350035 0.03948064795973231 0.043513549320444274 0.025668487295026108 0.25639716238558774 0.02306148887504819 0.02575805885011824 0.03525280986784357 
0.03657588833057162 0.02657604688562617 0.04090047455810887 0.15775016952576024 0.016601209799105676 0.02917943074414162 0.040941961727739506 0.15389637405438886 
0.035577792628450476 0.03665206110487297 0.022580815878622117 0.14954779377166347 0.046544619174171825 0.03048947853122918 0.1388941589291936 0.0486701702542898 
0.02261481444210337 0.02308139063201519 0.0258342868681095 0.15448544219712146 0.028317310028168348 0.1621293325505075 0.038108969289362804 0.05156321374756177 
0.02704900141497167 0.039111880410027014 0.025344730667585868 0.15428098486947367 0.15641914475036295 0.033383805249664625 0.029966146989626505 0.036524912774963156 
0.038905888285878716 0.039708572790234604 0.01062805666857195 0.2628677569845375 0.044115543674294454 0.0264841131467495 0.03868064191194957 0.04096176234801324 
0.032735639266024325 0.030734800478279197 0.15757158920801534 0.03335044727708647 0.03547764866481957 0.03575005885688393 0.03268135636692763 0.14364162984965215 
0.04287645925960241 0.030786913514731114 0.14860665058958467 0.014491370423571542 0.03412057664047659 0.03522881738310419 0.1637732245381761 0.032671277924973284 
0.03329179541285444 0.03379149706694879 0.16015632837317773 0.03495282744183599 0.024196664462439378 0.15693924790966327 0.017424793023262018 0.04041813707695079 
0.024140961735887128 0.03033199382812782 0.14918754754324215 0.04244846418352625 0.1573421561459554 0.035274455864702736 0.035839650002073245 0.030334408909281702 
0.02783964008063051 0.029288765663741872 0.15646014907420241 0.15645331993664863 0.037177717905208955 0.03560393989284553 0.03981068036757284 0.02010085724216722 
0.035970641141728155 0.036510551610792724 0.25298821248586106 0.04267706235572238 0.024706858664532646 0.02778048799944495 0.039544734395234496 0.0403677316375976 
0.024871483610897135 0.1364139907884126 0.026999136431825433 0.052419478042583616 0.0374127483108931 0.0441356162768143 0.03242103377891949 0.15200955545329917 
0.03715237162447148 0.14728946948195543 0.04343309990283102 0.02378083007888592 0.02869262671870524 0.032408266906474116 0.155101650967988 0.0402292706357847 
0.03863322051227488 0.1562034797356359 0.02772844057071413 0.04239710996021037 0.037379300830267956 0.15507240373438574 0.03527103344129975 0.012642357501632426 
0.027292741634885057 0.13945508297578355 0.03253639746968747 0.044839619359496624 0.15059861910866293 0.032063909320813704 0.03704331851674287 0.04359249493458781 
0.03687879946853047 0.15510273105846922 0.025954392586685207 0.15802511881907103 0.029051384744845348 0.029468646672049403 0.03916226343628025 0.03036595115118134 
0.04654719043222482 0.1374563467610636 0.13313652125679792 0.03703100636580265 0.047865718590528475 0.03747176835194611 0.035173744977474546 0.027598776960092976 
0.03543366904000079 0.2659314203776807 0.03049134240216011 0.034287519889119114 0.04259249194362068 0.03197237060115779 0.03734633510104306 0.035868298020359304 
0.152222089933112 0.04694072347440007 0.05065120492507408 0.03409920439226815 0.01717693943743746 0.028479100193218875 0.038702531291597744 0.13813268058272907 
0.14632266672275152 0.033206374618470876 0.02942741475568937 0.03414842064838708 0.03310287870105556 0.03184355795063438 0.1518775463472235 0.04247790031419207 
0.15653454764184674 0.03552385249769247 0.03148115845769094 0.03260855915178903 0.03487893860818426 0.1492691459075493 0.01963265747945954 0.04247790031419207 
0.1532534625668511 0.04256725101827511 0.045651409298148676 0.03186081284326534 0.15521209969608496 0.014131181902617697 0.023392547979411243 0.03577327452694691 
0.14171348433309336 0.041124759120771695 0.014865875150201545 0.1595388614330553 0.03018435212252614 0.03331466776525302 0.04573316949346718 0.04058894917762148 
0.1428546350467443 0.026135400388184897 0.1440329945583024 0.025010581515125696 0.04568476459535204 0.055255764576419494 0.036616314802234526 0.0278535928477179 
0.15837833138857788 0.15456452563334255 0.03395176527071274 0.03574402432976662 0.010678630225188456 0.03179511064002733 0.041294119521767585 0.03472508204028007 
0.29809105221788373 0.020760651178039963 0.02678950567762716 0.03040649249246936 0.028018440368712007 0.01904149432189682 0.029065562013205055 0.05227005483099356 
