0.0 0.0 0.0 0.0 0.5001593573816905 
0.0 0.0 0.0 0.08611567624037164 0.41393006549598255 
0.0 0.0 0.0 0.16661472121443244 0.33344275941462415 
0.0 0.0 0.0 0.24931563839656698 0.2512289902662238 
0.0 0.0 0.0 0.33386103920153676 0.1661655353029269 
0.0 0.0 0.0 0.41615639408654254 0.08385246409218132 
0.0 0.0 0.0 0.5000223530808974 0.0 
0.0 0.0 0.08354790481356321 0.0032223878173313087 0.4136204586794806 
4.471746438177041E-4 4.6561318807019215E-4 0.08540002530241451 0.08460372881924998 0.32909385384751205 
4.894260599214309E-4 5.667299688795449E-4 0.08727703002442778 0.16442626084806203 0.24726980572609628 
0.002847624544327221 7.822895415499242E-4 0.08387357978048798 0.2519343780252448 0.16057363424407872 
0.0024761257472669866 0.0026436786603051174 0.08816769478880598 0.32369004584099204 0.08388848898934403 
0.0016817203277944813 0.001361901639225131 0.08294311220419935 0.4141396009781452 0.0 
0.0017905389477582258 0.0 0.1675220309710384 0.0016191194590038436 0.32912301968579005 
9.516033040790821E-4 0.0011019072237244297 0.16969490785755773 0.08101653107741888 0.2472751887783507 
8.434146763689308E-4 9.474134792891108E-4 0.1675490891340628 0.16598680914687994 0.16481961934324932 
0.0046188630758589614 0.004931409385002842 0.1644643897399403 0.24232568169745564 0.08376029541782297 
0.0 4.794240614314344E-4 0.1680000035245893 0.3318614573274316 0.0 
0.0 0.0 0.24904757006394224 0.0 0.2510034057012223 
1.391625587737969E-4 2.767184449437058E-4 0.2506048746931238 0.08285748433449557 0.16617409630512778 
0.0 0.0 0.25037089084100944 0.17164524443595747 0.07823265037995308 
4.4413082696359465E-4 5.382439330014243E-4 0.24970273856281763 0.2495008459300138 0.0 
1.8993251510212035E-4 3.6326208893936135E-4 0.33334839338056843 0.0 0.16618571678400462 
1.553800172923197E-4 4.885983270327309E-4 0.3346158897845579 0.08189951270836845 0.08324745068037832 
0.0 0.0 0.33290284109492274 0.16717456232444017 0.0 
0.0 0.0 0.4174646274371829 0.0 0.0829837837471344 
0.0010699828487321951 5.680071214399466E-4 0.41634882934591694 0.08237107025135929 0.0 
0.0 0.0 0.5000562388635217 0.0 0.0 
0.0 0.08406438949426691 0.0010415585188778744 0.001992899039618567 0.4134737587457023 
0.0010521783585059695 0.08616147944813707 0.001140487663591503 0.07825799705743836 0.33343759873961 
0.004781749865706795 0.0836580058900718 0.0045475554038395555 0.16808301029982028 0.23903564823389298 
0.0 0.08598267340769392 0.0 0.24834713721047005 0.16600135793228527 
0.002759045458533808 0.0868903542907173 0.0 0.3345344667021947 0.07629589247314174 
0.0 0.08594722007445547 0.0 0.4139492884558198 6.02958971082801E-4 
0.0017151557297156233 0.08232703809719497 0.08366764382219871 0.0032385553622936917 0.329155181951026 
0.0 0.08453338734443648 0.08404399266418199 0.08429481391837199 0.24738010401754584 
0.0 0.08533733400274113 0.08535623251521768 0.164563793476383 0.166461904527607 
0.0 0.08455213102111737 0.08412445486238758 0.25184374894575484 0.07983950094436248 
0.0 0.08719931603336217 0.08123739326997326 0.3317773132170818 0.0 
0.0 0.08557628754653364 0.1637482684546099 0.0 0.2512825668813576 
0.009938652142140752 0.08662857859331616 0.15538492326966324 0.08604851288153773 0.1622669138262181 
0.005252044801042118 0.08830218631416058 0.1645372807351136 0.16466755364265004 0.07837037354972441 
0.0 0.0856656530068321 0.16514768987706568 0.24949313491071154 0.0 
0.0 0.08507523169586771 0.251359025109964 0.0 0.16362207109491209 
0.0 0.08753213273021063 0.2490972509462769 0.08223406708441512 0.08281595759085973 
5.334370607901921E-4 0.0841664919612749 0.24610531346839262 0.16950590755729675 5.028885081862296E-4 
0.0 0.08518751018975873 0.33114463009031786 0.0 0.08535587104561905 
0.001211841538460478 0.07935454900885293 0.32486238006631984 0.09501317742417714 0.0 
5.603295618203688E-4 0.08386281337405851 0.41588333466688393 0.0 0.0 
0.0 0.16562851097009057 9.93794069461288E-4 0.0 0.3334579367744415 
0.01063983478233259 0.16269760309648137 0.004792573519618355 0.08234199311770869 0.23965348335182252 
0.0023281513038650677 0.17102508499423924 0.0 0.1671279519115469 0.16000311972232936 
0.0 0.1709219565104945 0.0 0.2508727971666868 0.07877121318987969 
8.385993512486845E-4 0.16759729266554166 5.657577581033989E-5 0.3318871432050577 0.0 
0.0 0.1654973989313689 0.08225520040795212 0.0 0.25238765624884474 
0.0 0.16590316340913178 0.0853675398345208 0.08470219011710164 0.16403892926479102 
0.0 0.16239195514484028 0.08894876368914457 0.16668702938520408 0.08265072592376772 
0.0 0.16302905940977164 0.08826851081709773 0.24877989274845366 0.0 
0.0017883013754151893 0.16692075354629174 0.1656483354332515 0.0015681418431072436 0.1646305162959392 
0.0 0.16886804834097655 0.16823413477300816 0.0823495656788515 0.08124356885444507 
0.0 0.16761863619630388 0.16698941279511523 0.16539458812245728 8.348555556404207E-5 
0.0 0.1665530829649305 0.2525137959759057 0.0 0.08131941209352377 
0.0 0.16710512075616993 0.2482368947704047 0.08465203810556558 6.369376600540161E-4 
0.0 0.16926522771810643 0.3305644943740796 2.2955570133221392E-4 0.0 
0.0 0.24831857158188295 0.0 0.0 0.2519640373443335 
0.003403961929607369 0.2500537131593554 0.0 0.08187436964471326 0.1649733855236764 
0.0 0.2526511303018958 0.0 0.16479278734375447 0.08270196291953301 
0.0 0.2503944847008472 0.0 0.2508529662331694 0.0 
0.0 0.24871210431201052 0.08222911562488568 0.0 0.16962433665550614 
0.0 0.2517793319894295 0.08489699632257632 0.08224553503253153 0.08114093539296174 
0.0 0.24921421474233035 0.08554599073779873 0.1654697980878368 8.352351899328688E-5 
0.0 0.25063030522453683 0.1650351062262983 0.0 0.08496014621576523 
0.0 0.25081673785085823 0.1660074797769202 0.08409206605959042 0.0 
0.0 0.25107762607939343 0.2491043998494253 0.0 0.0 
0.0 0.3337773756506841 0.0 0.0 0.16681492837984924 
0.0 0.33670831184623934 0.0 0.08225334818321682 0.08114864360903354 
0.0 0.3347495151735288 0.0 0.16546451393862882 8.94890851205406E-6 
0.0 0.3356433867442491 0.0815112234191062 0.0 0.08347819057965035 
0.0 0.3350882705418698 0.08116595745842613 0.08397707368779321 2.314762894998587E-6 
0.0 0.332154971968374 0.16652180419478832 8.76314309293673E-5 0.0017787621804444126 
0.0 0.4172304526277662 0.0 0.0 0.08349336766637999 
0.0 0.41624853792880545 0.0 0.08397592574617316 2.3147312528782913E-6 
0.0 0.4192796599324061 0.08090614747221178 0.0 0.0 
0.0 0.5002671896950357 0.0 0.0 0.0 
0.08375361242725281 1.86198049172974E-4 0.0027967499616728423 0.0 0.41345966257480626 
0.08332173323746639 0.0011466492149375788 0.0011093216575620809 0.0850047015836984 0.32950773584350346 
0.08851569761317774 0.0 0.0045514603196892415 0.16822734059438438 0.23924090446686602 
0.08169815666759248 0.0 0.005073277037597854 0.25151094056738094 0.16176129290743402 
0.08546754298286476 0.0021901733849689978 0.0 0.3271023283978036 0.08530868075203939 
0.08399196740865503 0.0 0.0020036949277163763 0.4141826018757759 0.0 
0.0848628577586647 0.0027828556414871398 0.08713830032665967 0.0 0.3253305279868579 
0.08431712990634989 0.0018440576647026192 0.08566236896024881 0.08105197496675938 0.24738336910045472 
0.08411464711706096 0.009136882609009585 0.08294955717579397 0.16011111291862815 0.1642000731023886 
0.08107991873348433 0.0 0.07835915531479873 0.25332092145426915 0.08754410726077437 
0.08396064629859123 0.003240579479223719 0.08123917244288668 0.3317845794424641 0.0 
0.08311789367598335 0.002621896087565893 0.16406112620635846 0.0 0.25176266782941675 
0.08171886541612937 0.0011938780487194397 0.1655853834721862 0.08947027852620505 0.16221652582348847 
0.08461000081924121 0.0 0.16500135035877872 0.1670590147473969 0.08381243155799743 
0.0836046560645788 0.0024145169328293817 0.16472316549851296 0.24942250426903587 1.641506440475235E-4 
0.08405558066961033 0.0010458747529947243 0.2514365044215809 1.619857485191623E-4 0.16375128668070785 
0.0872762376924735 0.0 0.24836902979545017 0.08199366062973976 0.08257385001353991 
0.08469419572587986 0.0 0.24608865472178953 0.16949443378648732 4.2097013283639846E-4 
0.08043578199645357 0.0 0.3332997513018315 9.226378694280072E-4 0.0857858335383108 
0.0791036478016893 0.0 0.34289888661162843 0.07812839395434096 0.0 
0.0837329522125794 7.007901423526306E-4 0.4159355492799398 0.0 0.0 
0.08737079833338993 0.08013184848514837 0.002615634365503226 0.003983605930115179 0.32657535486287514 
0.08514651299570035 0.08939713605479369 0.005673430722674825 0.08059289741130467 0.23996444317030308 
0.08725678884304004 0.08451838277781908 0.0 0.16560655708140712 0.16285253058832175 
0.0820692943192528 0.08333702936580256 0.0 0.25515914309216153 0.07956770799323895 
0.08333632195379549 0.08508775106889456 0.0 0.33175242297041935 0.0 
0.08158579754967252 0.0829242307483495 0.08625764172166381 8.037491575051216E-4 0.24917834402122452 
0.07871995384599279 0.08763844511380228 0.08743652765133732 0.08525712767504211 0.16273665061748568 
0.08990593125705852 0.078475104815741 0.08302811261185682 0.16673241148080173 0.08267322835337441 
0.08376330606758593 0.07913297855356043 0.08819662281805977 0.24749649726331344 0.0014712198940677475 
0.07988661728047336 0.0886621755120765 0.16549098077946495 0.0015666522149973994 0.1644741285011166 
0.0822926990718725 0.08602466952468689 0.1676855222246356 0.08208102323860651 0.08359673199629993 
0.08754250085432767 0.07710276805849116 0.16805151239460286 0.16696952563798081 5.022403431678705E-4 
0.08270629959056679 0.08285875811702807 0.25174647073157747 0.0 0.08509138868703735 
0.08516361304309349 0.08541501482462664 0.24224365929688335 0.08867669381935704 0.0 
0.08484176269921015 0.0827817137708034 0.33267980582659623 0.0 0.0 
0.08634938621692229 0.1636694314812675 0.003236731376281616 1.1670718178863667E-4 0.24669531335897635 
0.08785921087661874 0.16541070233910588 4.956252544863135E-4 0.08358596079771499 0.16345551632376024 
0.07948001846143428 0.16086149752991838 0.0 0.1633593870906629 0.09705206837596903 
0.08332386359872916 0.16713848628180408 0.0 0.25092095567650124 0.0 
0.08150214318246561 0.16695650672902676 0.08214531861282029 0.0 0.1694514780217085 
0.0821997831761782 0.1683856168328427 0.0844639957424974 0.0822045109429186 0.0831265062687821 
0.08518927058651088 0.16386090049175064 0.08269186753129519 0.169179839875948 0.0 
0.08636793501297163 0.16730624343802364 0.1617982166300451 0.0 0.08492069453528366 
0.08143650137548093 0.16147800529293355 0.17160209648342784 0.08448380846063053 0.0012625059419660474 
0.09735191763847208 0.15116105747024494 0.2505289423852288 0.0 0.0020259312997108108 
0.08548582104483977 0.24883321847875697 0.0 0.0 0.16595539847219853 
0.08641447303233923 0.25031766613352985 0.0 0.08225916887949554 0.08115438613038144 
0.08592066846969681 0.24888725753055796 0.003013329263059458 0.16244958263301804 0.0 
0.082949113830234 0.24844208170564447 0.08413390001564246 0.0 0.08472712830876551 
0.08294417598591705 0.24842729229723978 0.08412889164266688 0.08652380610897076 4.510766716511429E-4 
0.08584948092445331 0.2471008170560409 0.1669205310952964 5.088190025931001E-4 0.001070125831117304 
0.08427690596131739 0.33112960797553065 0.0 0.0 0.08488950259186336 
0.08385847346845517 0.3366548786210869 0.0 0.07987589735128736 6.213286269766563E-4 
0.08254267217677229 0.32827978833725274 0.08875184760055355 1.7560916413113709E-4 4.683888526845797E-4 
0.08703793244083188 0.4128753950450826 0.0 2.8540250312825144E-4 0.0 
0.165779434099751 0.0 9.946996292005054E-4 0.0 0.33376178853965593 
0.17160544516938564 0.0 2.6230269841185326E-4 0.08107282074117902 0.2474469936809731 
0.1663372893428726 0.002289084910131058 0.0 0.1674973028500344 0.16396646443412988 
0.16717132608798504 0.0087931256929885 0.0 0.2421016917968096 0.08231924395428158 
0.16645564383126848 0.0016918281920554304 2.562261114596438E-4 0.3317122896432208 0.0 
0.1692009989868577 0.002348089647442764 0.080880406970814 2.3276028927152596E-4 0.25118743437022634 
0.16932861615408 0.0016320765843933344 0.07842351845329673 0.0843610582741985 0.1670241180270363 
0.1695283354821183 0.0 0.08010715988502033 0.16707517388610194 0.08382053849379376 
0.16913072494843687 0.0035585975464018376 0.0787106594645046 0.24836575288501128 8.62119754179253E-4 
0.16890956625057632 0.0020358820730467858 0.1628473717225831 6.570008585172787E-4 0.1660203181257383 
0.16867188733372723 0.0 0.16803871013433314 0.08225390653013266 0.08185414449919853 
0.16465740500274012 0.0 0.1680638995605342 0.1669818330500956 5.022773635694102E-4 
0.16675658385837722 0.0 0.25282232693897133 0.0 0.08141877124509876 
0.1644396545103647 5.5151354134124275E-5 0.24939320910625457 0.08689170367285311 0.0 
0.16757439380927303 4.8323448524834186E-4 0.33354146045707017 0.0 0.0 
0.16637263119245316 0.08491481339546081 3.2645536739943706E-4 0.001876179855335881 0.2468100319911605 
0.1619752662432937 0.09099835529039638 7.745353866910565E-4 0.08358023561709575 0.1634443205159328 
0.17231790663275712 0.0766371675224204 0.0 0.16695084004353283 0.08430178086066288 
0.16419028649676037 0.08584852137708544 0.0 0.25049663814878564 0.0 
0.16882572530626513 0.08066465075056285 0.0837171234532262 2.142858660376065E-4 0.170862533199906 
0.17254089565338565 0.08719940633145495 0.07450279864443962 0.08200668609368833 0.08437148188003855 
0.17185959123960698 0.08285811911182143 0.08369280065392998 0.15996291407313223 0.0017224071412690859 
0.1629059812636397 0.08337878147740868 0.17109571258499384 0.0 0.08345607798564722 
0.1613527663351403 0.0815451048928534 0.17159034470914614 0.08564493097941901 0.0 
0.1678720234485403 0.08156300599094773 0.25145847653212283 0.0 0.0 
0.16457501174282826 0.16994528243405857 0.0 0.0 0.16605530093730708 
0.16370507600671397 0.17091687737106115 0.0 0.08527296426317645 0.08062962640795612 
0.1642315624522976 0.16733024014693518 0.0 0.1682944814605601 5.230855764457288E-4 
0.16560649204716169 0.1659117665168807 0.08416615889352223 0.0 0.08475961464405615 
0.1690571054825576 0.16955615966756082 0.0780761224029141 0.08535270847706454 0.0 
0.16665256029399528 0.16636477028804403 0.16695413706447101 2.543312793178448E-4 5.343270391876082E-4 
0.16726683975429296 0.2498164283458368 0.0 0.0 0.08320450334849623 
0.16665756410798857 0.24774298242159937 0.0 0.08516098979107908 7.048351514570346E-4 
0.16092595503985654 0.252208174232564 0.08453718468920791 5.13551137425856E-5 0.0026740284805000817 
0.1783390372096599 0.3221404037534927 0.0 0.0 0.0 
0.2503983745900943 0.0 0.0 3.731170003658645E-4 0.24930770669653504 
0.25073662351081993 0.0 0.0 0.08234482374743282 0.16704600320859414 
0.2497240212903124 0.0 0.0 0.16713442220728292 0.08335169665599393 
0.25058599556193134 0.0 0.0 0.25104482775770026 0.0 
0.24101880071107498 0.010893391642481836 0.08201245525072288 6.572603332981278E-4 0.16608588590255888 
0.25236572310904226 0.0 0.08177146025775929 0.08198069924854585 0.0843447456620727 
0.25021498954365046 0.005306546241667038 0.0839569142159835 0.1604677170514316 8.624310083535338E-4 
0.24592945774031452 0.0 0.17084887976590676 0.0 0.0833356792995088 
0.2420305474630317 0.0 0.17097764117637382 0.08533911568506734 0.0021995284900679524 
0.2510918863491862 0.0 0.24905732591031784 1.148248487622936E-4 0.0 
0.2492461848876134 0.08458678646886557 0.0 0.0 0.1664821517865675 
0.24882441306927175 0.08444364958292792 0.0 0.08492794722441718 0.08352799634343286 
0.25204327182802566 0.08334655761674652 0.002863103586577144 0.15988842870374653 0.002082389003952036 
0.2486258933737831 0.08437627786728968 0.08454289600206048 0.0 0.08348898847542954 
0.2520853331945593 0.08272225206036618 0.08184248349483729 0.08371588712841603 0.0 
0.24992490706504034 0.08075946439670302 0.17016690057041073 0.0 0.0 
0.2493224977399633 0.16520341164775104 0.0 0.0 0.08563192892750356 
0.2440532465711612 0.16923920530350203 0.006690658363111959 0.08786152401107955 0.0 
0.24994342544174764 0.1656148441323893 0.0845482859217121 0.0 0.0 
0.24599563387229711 0.25402275250206435 0.0 0.0 2.749599721412582E-4 
0.33359444249317644 0.0 0.0 6.566103940889753E-4 0.1659216500223967 
0.3327031605403269 0.0 0.0 0.08478399110584317 0.08265656756436239 
0.33444798011381344 0.0 0.0 0.1658530473382631 0.0 
0.3325057187384001 0.0 0.08441685618632297 0.0 0.08336451986575122 
0.33480758525492543 0.0 0.08184248349483729 0.08371588712841603 0.0 
0.3302735964716515 0.0 0.16995551983116747 0.0 0.0 
0.33501288023599674 0.08424531595629153 3.91004188389592E-4 0.0 0.08265921940815447 
0.33346496552757776 0.08703059385214158 0.001237099086369146 0.07846860303066877 0.0 
0.3284411301105112 0.08742415483794293 0.08461075038349919 0.0 0.0 
0.3328115886416689 0.16757823938361346 0.0 0.0 0.0 
0.41692809307981366 0.0 0.0 0.0 0.08336562323212507 
0.41767994410056597 0.0 0.0 0.08238221227810025 0.0 
0.41568062733522027 0.0 0.08457318047856789 0.0 0.0 
0.41722764691334024 0.08295883582417841 0.0 0.0 0.0 
0.5000541606174576 0.0 0.0 0.0 0.0 
