0.0 0.0 0.0 0.0 0.5001212158214692 
3.658800201973275E-5 0.0 3.565777302789251E-5 0.08340742677785919 0.41663696951039014 
6.86785229934554E-4 5.29289698618356E-4 4.0886875684760586E-4 0.16632774555354854 0.33243748254109123 
0.0 0.0 0.0 0.25024627009902833 0.24997401949975628 
1.6491909659448307E-5 2.6587696289908707E-5 1.269491652873342E-6 0.33338489437875707 0.16666159116176305 
0.0 0.0 0.0 0.4167533897777471 0.08350133547296747 
0.0 0.0 0.0 0.5000681644317435 0.0 
0.0 0.0 0.0818006076470008 0.0 0.4195271425002056 
0.0 0.0 0.08385532375618633 0.08385532375618633 0.3338480888034705 
0.0 0.0 0.07910849807120378 0.1710550548223899 0.25119542105640047 
0.0 0.0 0.09214221292284533 0.2454769096941293 0.16400343231956768 
0.002269468338185473 0.0022822385892880956 0.0852077120634786 0.32773823735990054 0.08374719553307756 
2.5316657156612574E-4 5.072603771755918E-4 0.08406345994021559 0.41595923792528894 1.8008013431013514E-4 
0.0 0.0 0.1676167533436669 8.627842899678702E-5 0.3338329287633396 
0.0 0.0 0.1666558733219328 0.08359100404110723 0.2499746261031068 
0.0 0.0 0.16672674074014324 0.16672674074014324 0.16667370630876985 
0.0 0.0 0.1674250736218541 0.25118927995788 0.08155909568370678 
0.0 0.0 0.16581745914498777 0.33474738764550105 1.8000164217673952E-4 
0.0 0.0 0.25007924204311194 1.2892736399123337E-4 0.24993596025874348 
0.0 0.0 0.24568421483553182 0.08714297660001641 0.1681534988710141 
0.0 0.0 0.24441819062642497 0.16935847656468953 0.0875723868138365 
0.0 0.0 0.2518493909338379 0.2518493909338379 1.504877280146414E-4 
0.0 0.0 0.3336579759655989 0.0 0.1667759210274029 
0.0 0.0025045781907247996 0.33305535473939235 0.0835408190090884 0.08156248843057481 
0.0 0.0 0.3330577849498607 0.167054626355026 0.0 
0.0 0.0 0.4165948971549097 0.0 0.08355641595770771 
0.0 0.0 0.41742121465872145 0.0834893401454599 1.6425481550133336E-5 
0.0 0.0 0.5001066877981071 0.0 0.0 
0.0 0.08358230138773186 0.0 2.4175477104268576E-5 0.41726983452563804 
0.0015376829321192365 0.08405080466142537 2.153003855159071E-4 0.08274460926683741 0.3318584965286426 
0.0 0.0835066891548812 2.8482200530121786E-4 0.1668041323106866 0.25032301277758073 
0.004229570203521298 0.08742708494069945 1.0959870413137519E-4 0.24572443731032853 0.16394104485817407 
0.0 0.08970114771092841 3.206696527458897E-5 0.3276425576415639 0.08372274642349353 
6.864754675461652E-4 0.08694922662039987 3.41193532856582E-4 0.4156274208139329 0.0 
6.802028708592293E-4 0.0829358533436032 0.08394121797622542 9.398092594831984E-4 0.33175746371326525 
1.244360900002253E-4 0.0836964030336621 0.08121832588377054 0.0856163222785909 0.2516893845671089 
0.0 0.0835970721929997 0.08358614869110842 0.1671832208841081 0.16619637019219774 
0.0 0.08456989827933023 0.08423213917960795 0.24979335650402007 0.08155540176068306 
1.7089499477407043E-4 0.0847100391930561 0.084542087858743 0.33062811838378464 4.628805704280656E-4 
0.0 0.08353938333152872 0.16722241679691652 7.73547650426082E-5 0.24934970763497288 
8.386706352417726E-4 0.0898724245005112 0.16615597411126645 0.07693548858188962 0.1682115695036079 
0.0 0.08916017204403975 0.16480630851245404 0.16493313775960072 0.09251925815397614 
0.007794551250539265 0.08130793060423061 0.16812107489940367 0.24621019098216568 1.958493290626179E-5 
0.0 0.08365215603898386 0.2513680241681069 0.0 0.1674568064950582 
0.0029248217363610526 0.08030641659076615 0.2578596292900821 0.07590973863716403 0.08584745409127707 
3.2398175348455696E-4 0.0841032396351231 0.2487417147268379 0.16711037739065634 0.0 
0.0012791166976340398 0.08069336230926098 0.33539709850819116 2.860219171954574E-6 0.08398835396084606 
0.0 0.08191501251193252 0.33481368269175343 0.08358205789139259 0.0 
0.0 0.08324766723245954 0.4167171526539882 1.4461061558994934E-4 0.0 
0.0 0.16664247749627914 5.31741643354716E-4 8.182979150908534E-4 0.3322925230845448 
1.277056076791013E-4 0.16381924135550327 5.269225021095722E-4 0.08532306749075669 0.25082729291090367 
0.0 0.1670236161115269 0.0 0.1670236161115269 0.1660377075361724 
0.0017584657981152914 0.17202688673607058 0.002684047384240021 0.2572834611020529 0.07803750585718315 
4.670218309790019E-4 0.16632393677667634 9.461613382892874E-4 0.3339150274469873 1.0475814800234066E-5 
0.0 0.17012301636117194 0.07954252058921013 0.0 0.25082895683167294 
0.00255591668505479 0.16968014263512013 0.08074362601576028 0.08030935600008268 0.16866798801886426 
0.0 0.16029928841892435 0.08393118102628794 0.1692193033488905 0.08960645798732579 
4.967370913778582E-4 0.16823428742040505 0.0811884871456758 0.24998772398968616 1.779797864979568E-4 
0.0 0.16737936263631484 0.16671087533780346 4.922265172106071E-5 0.16621455795110304 
0.0 0.16677914977509228 0.1665770075685386 0.08328745235984085 0.08345308780355204 
0.0 0.16639364651543972 0.16651917357234974 0.16698191509601257 5.828461446820534E-4 
4.6089080614547176E-4 0.168238647281497 0.24693867304937653 0.0 0.08520032950203978 
0.0 0.16596374408832018 0.2536598284228326 0.08225819305075362 0.0 
0.0011922781146811784 0.16683644430536487 0.3317910005498243 1.4456864752821405E-4 1.3624720151600412E-4 
0.0 0.25006826061248627 0.0 1.289217025581138E-4 0.24992498511987946 
0.0 0.2528545386680176 9.742118046228486E-5 0.08133632442933404 0.166535047343111 
0.0 0.24268114375114744 6.242642500460129E-4 0.17768302324394794 0.08182678669988774 
7.710780616941072E-5 0.25077093601633926 6.452724901978601E-4 0.2514730649236735 0.0 
0.0 0.2498583518846971 0.08328871566205762 1.7175265283636725E-4 0.16709749422933934 
0.0 0.25041995309102055 0.08337322614813927 0.08298445836490587 0.08350002215804997 
0.0 0.24966973856777575 0.08370706923811988 0.16721464136269695 7.458934385210882E-6 
2.8229487700805737E-4 0.2496756573597595 0.16634688571097228 0.0 0.08404058053705303 
4.224484397158489E-6 0.24864750841699992 0.16750568269232852 0.08483082789367305 0.0 
4.252068745502566E-6 0.2502710863124881 0.25046414563020053 2.611933882308527E-6 0.0 
0.0 0.3330816103968681 0.0 1.7171890666167354E-4 0.16706466270599443 
0.0 0.3339864043270487 0.0010527532500158902 0.08329422154742838 0.08187300298988309 
0.0 0.33322084982937134 0.0 0.16744792351129054 0.0 
9.449422450984757E-5 0.33515513143161024 0.08442099425049643 0.0 0.08499178511504386 
4.968854486810833E-4 0.33186286493146333 0.08427632609151604 0.08469350094787943 0.0 
5.659384044254988E-6 0.3331037848608093 0.16718561738063462 0.0 0.0 
0.0 0.41715341115551835 0.0 0.0 0.08358148435736994 
0.0 0.41662503920180083 0.0 0.08350041285722311 1.3230120804891424E-5 
0.0 0.41840287345054783 0.08158430963393004 2.5776641442863587E-4 0.0 
0.0 0.5001020077826208 0.0 0.0 0.0 
0.08364936358199364 0.0 0.0 0.0 0.41748387695443917 
0.08346961775447999 5.367398591283374E-7 0.0 0.08472385821053707 0.33269108546787757 
0.07905486867266386 1.516259155535622E-6 2.82616043945482E-5 0.1710034810253294 0.2511196846118882 
0.08547426711490377 0.0017564413434774649 1.0430636588753135E-4 0.24655408440097965 0.16738338326537344 
0.0901446151718113 1.7289586381130414E-6 3.222611706349537E-5 0.3292686828057011 0.08413827139604262 
0.08417980477614295 0.003358704813697992 1.7220806034736117E-4 0.41245851529202854 1.7481370428306324E-8 
0.08425812236571509 0.0 0.08432168653623978 0.0 0.3319203436011919 
0.07845913702215197 0.0023385014909225914 0.08513499158452201 0.08447722734268782 0.2497863661593956 
0.08583656599582364 0.005824923695499408 0.08042338291400497 0.16594949803307346 0.16276384335561175 
0.09142389691858137 3.415981590347574E-4 0.08673849540416122 0.23849114188777287 0.08522705329073309 
0.08303807491308052 0.0 0.08270643367907221 0.33460011722467353 1.0448510314546567E-5 
0.08455654726055695 0.0 0.1658197341369445 0.0 0.25010388935494676 
0.08780074156813812 0.0030609160084154653 0.16636964085681388 0.07717312045660132 0.16822778145864914 
0.08081194425850648 2.439943450650752E-4 0.1664240451883065 0.16072062017810204 0.0921596043354254 
0.08173564759971326 0.0028494742496224775 0.16587399431868213 0.2521218202599208 1.8034209735975332E-4 
0.08428375055480021 2.5447672005592104E-4 0.249307690427397 5.116894255552852E-7 0.16866844606558148 
0.08619990836848537 0.0 0.2539644520359236 0.07301229986923714 0.08742263747626859 
0.08362666794890548 9.007644595740011E-4 0.24903695908650605 0.16693881731487942 1.3503068423459472E-4 
0.08012226711292586 0.001894226580901656 0.3355771881976547 2.641689182526835E-6 0.08403340677702363 
0.08200923181654056 1.2745418733957126E-5 0.3352508828073613 0.08363024976709985 0.0 
0.08298251532310268 1.2896681043860707E-5 0.41770888516753546 0.0 1.8351921317161113E-4 
0.08323479156492751 0.0837002392254128 4.0762506949606564E-4 7.09155808555307E-4 0.3324098090037403 
0.0823531808737461 0.08402140322136936 0.0 0.0847676358104199 0.2504043747564921 
0.08451424219620939 0.08395269458613606 0.0 0.1656607933685997 0.16600183511845706 
0.07847461778248079 0.08831659283905538 6.348088930269508E-4 0.2511906990888581 0.08155955646387723 
0.08399372964383836 0.08569518446762828 4.7735508868424934E-4 0.33633878929633565 0.0 
0.08575426566732615 0.08791764435400448 0.07723556576787066 0.0 0.25113046177616766 
0.08348928418334012 0.0869366550242911 0.08395566132720132 0.08075439927160336 0.16960268052453756 
0.08481574599235808 0.08449219283888695 0.07922755626767866 0.16910611116508867 0.08298895974122068 
0.08391572924120838 0.08174182784837442 0.08569552948302576 0.2513530865726086 0.0 
0.08319871335687573 0.0830535857457568 0.1676949242327994 0.0 0.16737358109386252 
0.08687502224505245 0.08672348186737558 0.17510487464651228 0.07000435207287593 0.08646950404960985 
0.08415422493908552 0.0838331953408855 0.16277165902078225 0.1715857925523794 0.0 
0.08477147629856037 0.08547159149368154 0.2442085504619908 0.0 0.08639900987934246 
0.08551484560833475 0.08303801906793659 0.2474245951770696 0.08031938191568645 0.004274828765749524 
0.08477846215658996 0.08445505123263641 0.3318756158620108 1.5388191059672473E-4 0.0 
0.08250367372285759 0.16761691551547958 4.928835127794864E-4 0.0 0.2503813752703572 
0.08874157698628683 0.1631367254596707 0.0016334145755424053 0.08046941821961807 0.16830155918787199 
0.07945099757577274 0.16201326739348548 0.0 0.17031952585985666 0.08912631480116584 
0.08277107890353395 0.16878344322934832 0.0 0.24868955688420433 0.0 
0.07827160579116949 0.1724914926280074 0.08359030724900321 0.0 0.16761614672926053 
0.07803558652211245 0.17197065901521502 0.08521874622372011 0.08334042185966563 0.08161396753708115 
0.08336698938223513 0.169998599824913 0.08310874880888844 0.16377886001885752 0.0 
0.10632230063125864 0.14105293500745936 0.1655747758817537 0.004675952620163856 0.08298585151750035 
0.08185536776992897 0.1693289543842703 0.16812429804587256 0.08143215347184263 0.0 
0.08255514921025053 0.16772149464550046 0.25046545208956544 0.0 0.0 
0.08489056068676093 0.2447373484883983 0.0 0.003983146671047912 0.1667524684301628 
0.08828519484455397 0.25624466038149923 6.789248570792864E-4 0.07017380825679836 0.08489433618085038 
0.08108924321293721 0.25243381270971754 0.001307932119740579 0.16587719057930106 7.460673682462102E-6 
0.08295249119822228 0.2597505510529178 0.07287716194983389 3.881312243726752E-5 0.0895470894862175 
0.08246795732670087 0.2534618354459275 0.08459227075563715 0.08270650828642179 3.8239759648462984E-4 
0.0733440426202721 0.2560564143422206 0.17028870960475445 0.0 0.0011854931612198321 
0.08615406880270014 0.33342815903164014 0.0 0.0 0.08334188381842866 
0.08476449121837355 0.3280503016394989 0.0 0.08247049080067269 0.004884556797864763 
0.0830566926889591 0.3335049283168069 0.0839563532480936 2.279881194019516E-4 2.333891779125996E-6 
0.08363256944662614 0.41710784677872714 0.0 0.0 0.0 
0.16701785142509173 8.055217745167922E-5 5.973545314079855E-5 8.604236357078813E-5 0.33291953229266535 
0.16582453678602885 0.0 3.476896508015948E-4 0.08334841715880179 0.2506833882863796 
0.16703419713611653 0.0 0.0 0.16703419713611653 0.16604822610299036 
0.1727658565633923 0.004638851271626739 0.001150239103225939 0.2380190702248913 0.0844651152800672 
0.16679313633961804 9.918928511387314E-4 4.7199923406092935E-4 0.33256511702938685 0.0 
0.17495813901165505 0.003442786518847593 0.07584591099763138 0.004704651611621007 0.24571275543392715 
0.17125075613152257 2.409993257062776E-6 0.08178716844399936 0.08032860932797388 0.1687084244043593 
0.16658024720882322 5.02953352891479E-4 0.08039560193695056 0.16071985301231004 0.09215916443110089 
0.16866438471284254 6.663964862318698E-5 0.08118848707334751 0.24998772376697992 1.7797978633940018E-4 
0.16663594431588397 0.0 0.1667616541618032 0.0 0.1670981103779208 
0.16934063436794092 6.789808970066397E-4 0.17014787774592638 0.0730129722465618 0.08742344255978472 
0.16643610937636044 0.0 0.16656166846717363 0.167024528080255 1.794085289964199E-4 
0.1678780230485891 4.305063828833696E-4 0.24897611014239124 0.0 0.0836077774804797 
0.16691583191022683 0.0013206019387416003 0.2469600953924036 0.08605219128472402 1.0530924629745745E-4 
0.16777922882523683 0.0 0.33497456523408126 0.0 0.0 
0.16664547904376376 0.08384179054646573 0.0 0.0 0.25021475680021277 
0.16529641865510375 0.08836186083207165 0.0012938749891532144 0.08128755298412582 0.16680455234902708 
0.1654099547230654 0.08323613049520365 0.0022743895938157257 0.1629549740115411 0.08674175149544933 
0.16701512603690977 0.08608105112628144 0.0011147806441264188 0.2501869559985249 0.0 
0.16644948020751218 0.08374318065035184 0.08340514784743844 0.0 0.16719845528401975 
0.16502954043188603 0.0910826353388465 0.07856884391160271 0.1025314741731207 0.0720775443198133 
0.16333239660896418 0.09333857967747101 0.08308553764785569 0.16968001314045247 0.0043880068075794025 
0.16410501103899067 0.08772497471665669 0.16609939132544485 0.0 0.08433532841315591 
0.1596455971983453 0.08700979227628032 0.16696002298096982 0.08032649967780883 0.016325240087539772 
0.1657896375134789 0.08342719110181919 0.2513793638810448 0.0 3.9179433677216285E-7 
0.1666481466718294 0.1669866051347977 0.0 0.0 0.1671885781877767 
0.16416651627575385 0.17554287912203684 0.0 0.09101164799340115 0.07749204435763993 
0.16675734866628406 0.16612120657504637 6.979571954453294E-4 0.16731480891319597 0.0 
0.1698861066464508 0.1654678116586599 0.08444725673804901 0.0 0.08501822516965911 
0.17057310216716426 0.1661369402158781 0.08478874956674932 0.08289860711855146 3.8328577485433567E-4 
0.16837342281793266 0.16401158003005661 0.1677678269579323 0.0 5.552811874819615E-17 
0.16077982339286365 0.24915974912402508 4.901864010783053E-4 9.651178647339007E-5 0.08993279987613143 
0.16821892933296925 0.24882054688498972 0.0 0.08358347474428306 1.3243281444012627E-5 
0.1646982126957611 0.246761304950571 0.08888021360495717 2.579481692414527E-4 1.3641980847433697E-4 
0.16482629966682733 0.3347310381007161 0.0 0.0 5.861389333322685E-4 
0.2502291214825196 0.0 6.929135543392E-5 0.0 0.25002610551099513 
0.25017988753649867 0.0 4.9300036502899E-4 0.08340386300163045 0.16605237975465298 
0.2480626397285659 4.1814490912810257E-4 0.002272877573548117 0.1628466411102286 0.08668408534772092 
0.24925542069590464 9.848133428334251E-5 6.088770054011461E-4 0.2500310031770937 1.7801059929312797E-4 
0.25066668008793713 0.0 0.08355816680256761 0.0 0.16751272538182643 
0.248643566999464 0.001501199039664657 0.08518742938616332 0.08336707380633612 0.08148435464403221 
0.2501939744762046 0.0 0.08260833103779831 0.16838111473239967 1.8022407936661678E-4 
0.24994027101996358 0.0 0.16729162177896706 0.0 0.08290754617095103 
0.2501464305115464 3.520283497890965E-6 0.16743196598794285 0.0836921912324162 0.0 
0.2501462970423451 0.0 0.2503350069427664 0.0 0.0 
0.2503219589089862 0.08317606052866365 0.0 0.0 0.16712005987474793 
0.2529680566127696 0.0818668707005966 0.0 0.0853018266088063 0.08166683648889216 
0.24798329458925158 0.08451698883532337 6.541033099807193E-4 0.16710307973391902 1.7793751474859626E-4 
0.2440485188717592 0.08642320834351529 0.08283413157103213 0.0 0.0884440362181481 
0.23966644246635846 0.07756213143819876 0.08509389155690486 0.09728466133349029 0.0049271792802355425 
0.24775389044130092 0.08443880394047697 0.1680709274048001 0.0 5.554041912898301E-17 
0.25429271813508886 0.1609652978358915 0.007157731788838424 0.0 0.08245506526203226 
0.2313998758910948 0.18140576248737622 0.0 0.08246866195533498 0.004884448479133543 
0.24731262713823482 0.17066298542154834 0.08233628040766965 0.0 0.0 
0.2504932389056631 0.24953766306979852 0.0 1.5355080572641082E-4 4.749258181598726E-8 
0.33346410719214914 0.0 0.0 0.0 0.16667901747472458 
0.3323895488025544 0.0029512736087012165 0.0 0.08336921856483342 0.08148645096640555 
0.333372948072868 0.0 6.989938048294877E-4 0.16600092216710108 1.0420887939154124E-4 
0.3335368914687192 0.0 0.08363347651905914 2.1507053300587407E-4 0.0827537391353268 
0.33027916596477264 0.0 0.08926183648518964 0.08098056643653062 2.6626711374103266E-6 
0.3335854952717939 3.488006640755605E-5 0.16649046630015518 0.0 0.0 
0.3304022010675332 0.0832069348773888 0.0 0.0 0.08714780160416256 
0.33200482716853347 0.08462908669043351 0.0 0.08469306133342801 0.0 
0.33491507164977025 0.07776653762636031 0.08692836262147421 5.101906708596284E-4 3.8034555514878917E-4 
0.33273236209557416 0.1674025432368421 0.0 0.0 0.0 
0.4166379332141665 0.0 0.0 0.0 0.08353350492338638 
0.417444912625318 4.040812444262028E-6 0.0 0.0836655425839278 1.823648530875832E-4 
0.4169464357958494 0.0 0.08303411988323443 1.036957434337581E-6 1.3616779888478932E-4 
0.4172640305091585 0.08326404731494252 2.6809426135887267E-4 0.0 0.0 
0.5001056870475136 0.0 0.0 0.0 0.0 
