0.0 0.0 0.0 0.0 0.0 0.0 0.0 0.0 0.0 0.0 0.0 0.0 0.0 0.0 0.5000003207581756 
1.1067022851146996E-5 5.404448872465381E-7 2.629133844336775E-4 1.8304146349837435E-7 1.4095952514310718E-4 7.33787015388298E-6 1.3926535088521676E-4 0.0 1.4725486845213734E-6 2.047624293686792E-8 5.047592505365409E-5 8.947715205782284E-6 4.014405165573602E-10 0.2497372314437802 0.24968705358200843 
0.0 0.0 0.0 0.0 0.0 0.0 0.0 0.0 0.0 0.0 0.0 0.0 0.0 0.5000001468499988 0.0 
0.0 0.0 0.0 0.0 0.0 0.0 0.0 0.0 0.0 0.0 0.0 0.0 0.24998536857961745 0.0 0.2500151020834911 
0.0 0.0 0.0 0.0 0.0 0.0 0.0 0.0 0.0 0.0 0.0 0.0 0.25000267459000725 0.2500026002924791 0.0 
0.0 0.0 0.0 0.0 0.0 0.0 0.0 0.0 0.0 0.0 0.0 0.0 0.500000128381128 0.0 0.0 
0.0 0.0 0.0 0.0 0.0 0.0 0.0 0.0 0.0 0.0 0.0 0.2500491172778157 6.290722956166216E-5 2.2751504909842259E-4 0.24966623413460504 
0.0 0.0 0.0 0.0 0.0 0.0 0.0 0.0 0.0 0.0 0.0 0.2500051274410826 0.0 0.2500052017393617 0.0 
0.0 0.0 0.0 0.0 0.0 0.0 0.0 0.0 0.0 0.0 0.0 0.24991536537282094 0.2500850629533535 1.1102239757003186E-16 0.0 
0.0 0.0 0.0 0.0 0.0 0.0 0.0 0.0 0.0 0.0 0.0 0.5000001607635358 0.0 0.0 0.0 
0.0 0.0 0.0 0.0 0.0 0.0 0.0 0.0 0.0 0.0 0.2498189236902616 0.0 2.7735472106800343E-17 0.0 0.2501815551875202 
0.0 0.0 0.0 0.0 0.0 0.0 0.0 0.0 0.0 0.0 0.25000253629437447 0.0 2.7755857200870096E-17 0.2500025362943745 0.0 
7.931178092284813E-5 4.481934254924518E-5 1.8211858508104707E-6 7.072093817664343E-7 1.3819677556155456E-4 8.982855288365625E-5 0.0 9.197273672332963E-12 0.0 0.0 0.24996149383503996 4.419951745781024E-8 0.24980640674909463 5.341983920817769E-6 0.0 
0.0 0.0 0.0 0.0 0.0 0.0 0.0 0.0 0.0 0.0 0.250004524569186 0.250004524569186 0.0 0.0 0.0 
0.0 0.0 0.0 0.0 0.0 0.0 0.0 0.0 0.0 0.0 0.5000004518087237 0.0 5.551120139210261E-17 0.0 0.0 
2.1210524191132965E-4 7.142135972068885E-6 1.0795905133464027E-4 4.762695980342279E-5 1.653180756485924E-4 0.0 0.0 0.0 1.3578556911723949E-5 0.24982354229938974 6.557346074639085E-10 0.0 2.779746133015972E-17 3.017158023039766E-8 0.24970389615863633 
0.0 0.0 0.0 0.0 0.0 0.0 0.0 0.0 0.0 0.25000017184289547 0.0 0.0 0.0 0.25000017184289547 0.0 
0.0 0.0 0.0 0.0 0.0 0.0 0.0 0.0 0.0 0.2501489511337737 5.015453444463E-6 0.0 0.24984401439364412 2.3126767248696277E-6 0.0 
0.0 0.0 0.0 0.0 0.0 0.0 0.0 0.0 0.0 0.2502436077492756 0.0 0.24976645192207686 0.0 1.215185024726015E-5 0.0 
0.0 0.0 0.0 0.0 0.0 0.0 0.0 0.0 0.0 0.250006059910325 0.250006059910325 0.0 0.0 5.262584696797146E-14 0.0 
0.0 0.0 0.0 0.0 0.0 0.0 0.0 0.0 0.0 0.5000002416079778 0.0 0.0 5.551117805513183E-17 5.551117805513185E-17 0.0 
2.6758756424223267E-5 1.3360965604953537E-7 2.7598004591082613E-5 4.934873612122228E-6 4.7149491085111566E-5 0.0 2.494273485124858E-6 2.517887673136013E-10 0.24998837951993708 1.2336609122394904E-13 2.476468355498101E-5 4.5399153490136375E-9 1.6803657638665414E-7 2.2614951656260262E-4 0.24967520594007805 
0.0 0.0 0.0 0.0 0.0 0.0 0.0 0.0 0.24999918195371842 1.0259887753680005E-6 0.0 5.16254135855041E-15 0.0 0.2500001707940987 0.0 
0.0 0.0 0.0 0.0 0.0 0.0 0.0 0.0 0.25012220974459026 1.7396078063423168E-5 1.4241006544865275E-4 1.9508816560626853E-6 0.24977421632361552 1.537523358041487E-7 0.0 
0.0 0.0 0.0 0.0 0.0 0.0 0.0 0.0 0.2500000972623387 3.716473020824133E-14 0.0 0.2500000972623759 0.0 5.551117282784366E-17 0.0 
0.0 0.0 0.0 0.0 0.0 0.0 0.0 0.0 0.2502640610827148 2.7784892285022663E-17 0.24976107729199928 0.0 0.0 1.5374217558109528E-7 0.0 
0.0 0.0 0.0 0.0 0.0 0.0 0.0 0.0 0.24995421571892892 0.25007924902969414 0.0 3.980415932692251E-13 0.0 0.0 1.016643751402251E-12 
0.0 0.0 0.0 0.0 0.0 0.0 0.0 0.0 0.5000000631199092 0.0 0.0 0.0 0.0 5.551115823897549E-17 0.0 
0.0 0.0 0.0 0.0 0.0 0.0 0.0 0.2501337948683837 1.805630542871427E-4 1.6532575545347282E-5 6.556131341126894E-10 2.779231191339153E-17 3.523439489934778E-6 6.0839302310697925E-6 0.24966719052247172 
0.0 0.0 0.0 0.0 0.0 0.0 0.0 0.2500001362319672 0.0 0.0 0.0 0.0 0.0 0.2500000990835776 0.0 
0.0 0.0 0.0 0.0 0.0 0.0 0.0 0.2497928216348949 1.2270485806154227E-4 3.2689439722610833E-4 2.4779038713072642E-5 4.7544061021308416E-9 0.24975748837630546 1.297129904032857E-9 1.1102778571120125E-16 
0.0 0.0 0.0 0.0 0.0 0.0 8.662055689248087E-4 0.2502120182828062 0.0 0.0 0.0 0.24892605250499314 0.0 1.2151709694141393E-5 0.0 
0.0 0.0 0.0 0.0 0.0 0.0 0.0 0.2500058245285261 0.0 0.0 0.2500058245285261 0.0 0.0 5.551244453639329E-17 0.0 
0.0 0.0 0.0 0.0 0.0 0.0 0.0 0.24993794312384363 0.0 0.2500629682946525 0.0 0.0 5.551125241903779E-17 0.0 0.0 
0.0 0.0 0.0 0.0 0.0 0.0 0.0 0.2501920215147122 0.24979442091493434 0.0 9.34473885389233E-8 0.0 1.7535621436485496E-5 1.1102320651678526E-16 0.0 
0.0 0.0 0.0 0.0 0.0 0.0 0.0 0.5000002373652385 0.0 0.0 0.0 0.0 0.0 5.551117758409314E-17 0.0 
0.0 0.0 0.0 0.0 0.0 0.0 0.25017133893104926 0.0 5.889752403964834E-10 4.827265496767176E-6 0.0 0.0 8.684208654987216E-6 1.2111374365615136E-5 0.24980858016993077 
0.0 0.0 0.0 0.0 0.0 0.0 0.25000306047343357 0.0 0.0 0.0 0.0 0.0 0.0 0.25000302332460955 0.0 
0.0 0.0 0.0 0.0 0.0 0.0 0.25011534593406226 0.0 2.77683815868082E-17 1.7395600683250175E-5 1.4240615745620574E-4 1.950828120304852E-6 0.24975436724925315 1.3628717402406905E-7 0.0 
0.0 0.0 0.0 0.0 0.0 0.0 0.24994118493359124 0.0 8.751685263405924E-8 3.044213423064334E-4 0.0 0.2497685339879562 1.7002098996181706E-5 0.0 8.58542108708789E-6 
0.0 0.0 0.0 0.0 0.0 0.0 0.2497221101666617 0.0 0.0 0.0 0.2502911236221142 0.0 0.0 0.0 0.0 
0.0 0.0 0.0 0.0 0.0 0.0 0.24993445677595585 0.0 0.0 0.25005948020280677 0.0 0.0 0.0 1.2151458414051706E-5 0.0 
0.0 0.0 0.0 0.0 0.0 0.0 0.24975398768440846 0.0 0.25025095111588674 0.0 0.0 2.7725001521296668E-9 0.0 0.0 5.551169985604736E-17 
0.0 0.0 0.0 0.0 0.0 0.0 0.25010602359860235 0.24986342976373238 3.378882871219308E-6 3.7985205437938216E-5 0.0 3.980235653426834E-13 1.0008162561160002E-6 1.1102492664500876E-16 0.0 
0.0 0.0 0.0 0.0 0.0 0.0 0.5000004721189659 0.0 5.551120364699247E-17 0.0 0.0 0.0 5.551120364699248E-17 0.0 0.0 
0.0 0.0 0.0 0.0 1.808975718675383E-4 0.24986177775570936 0.0 0.0 2.713128390474372E-4 2.457007966768544E-5 0.0 0.0 0.0 0.0 0.2496652554637225 
0.0 0.0 0.0 0.0 0.0 0.2500764977693723 9.45355303855182E-7 2.776417352964036E-17 0.0 0.0 0.0 0.0 0.0 0.2500774431246762 4.387808595586878E-8 
0.0 0.0 0.0 0.0 8.164133677772809E-6 0.2499011798837889 0.0 0.0 2.7745510779716068E-17 2.925819602776873E-12 0.0 0.0 0.2501370127184993 5.551629786314427E-17 0.0 
0.0 0.0 0.0 0.0 0.0 0.24999050422697836 0.0 2.7754521373044392E-17 0.0 0.0 0.0 0.250019400350402 0.0 1.1102450172048705E-16 0.0 
0.0 0.0 0.0 0.0 0.0 0.25000478961006267 0.0 0.0 0.0 2.7756107369165975E-17 0.2500047896100627 0.0 0.0 3.714908656559395E-8 0.0 
0.0 0.0 0.0 0.0 0.0 0.24996057582535153 0.0 0.0 2.775119865298676E-17 0.25008561231760007 6.296364928115126E-10 9.365605203739826E-10 5.551627931911759E-17 5.341167439304414E-6 0.0 
0.0 0.0 3.3294605557798274E-7 2.9187902640488705E-4 6.157556455263774E-8 0.24951256459932936 0.0019440763638923827 0.0 0.24875872789057576 1.6292175706748104E-5 1.3314964682424971E-12 0.0 0.0 1.224437140034817E-5 0.0 
0.0 0.0 0.0 0.0 4.604298281524164E-5 0.2499294319214438 0.0 0.24997547490425903 0.0 0.0 4.9505211370134734E-5 5.55112017486135E-17 0.0 5.551120174861351E-17 0.0 
0.0 0.0 0.0 0.0 0.0 0.25015771314243845 0.2498521742768446 5.551224895531206E-17 0.0 0.0 0.0 0.0 0.0 1.1102449791062415E-16 0.0 
0.0 0.0 0.0 0.0 0.0 0.50000047826334 0.0 0.0 0.0 0.0 0.0 0.0 0.0 0.0 0.0 
4.622838250179188E-8 4.996200845923343E-10 2.4729475551996927E-5 4.687105717909134E-9 0.25016719516750263 0.0 0.0 0.0 0.0 0.0 1.3937331944951298E-12 0.0 8.770341009816595E-6 3.874151960958934E-6 0.24981622646607282 
0.0 0.0 0.0 0.0 0.25000029813693725 5.551121743095628E-17 0.0 0.0 2.775560871547815E-17 0.0 0.0 0.0 0.0 0.25000029813693736 0.0 
0.0 0.0 0.0 0.0 0.2499224500537514 5.5493931684081114E-17 0.0 0.0 0.0 0.0 0.0 0.0 0.25009215244492544 0.0 0.0 
0.0 0.0 4.089939933453216E-4 0.0 0.24983115766132485 0.0 6.653565433322364E-6 0.0 2.324863655411291E-6 1.1421624539092222E-6 4.899965781607748E-6 0.24977799433407946 0.0 2.3090493651546624E-6 0.0 
0.0 0.0 0.0 0.0 0.2500058245285261 0.0 0.0 0.0 0.0 0.0 0.2500058245285261 0.0 0.0 5.551244453639329E-17 0.0 
0.0 0.0 0.0 0.0 0.25003073102459716 0.0 0.0 0.0 2.466274098669394E-5 0.24997176483174277 0.0 0.0 0.0 0.0 0.0 
0.0 0.0 0.0 0.0 0.25006675074334767 0.001683653795640002 0.0 0.004121994715930012 0.2428914818473487 0.0 0.0 0.0 0.0 1.2201315020951825E-5 0.0015462103590462497 
0.0 0.0 0.0 0.0 0.2500002226045791 0.0 0.0 0.2500002226045791 0.0 0.0 0.0 5.551120065940366E-17 0.0 5.551120065940367E-17 0.0 
6.437164953126186E-4 0.0 3.811390644047665E-5 4.749316090907657E-7 0.2498228632668428 2.7811660596755445E-17 0.24954774619704548 0.0 0.0 4.863291473560617E-14 5.551702595388833E-17 0.0 0.0 1.110340519077767E-16 0.0 
0.0 0.0 0.0 0.0 0.25000023894075607 0.25000023894075607 0.0 0.0 0.0 0.0 0.0 0.0 0.0 0.0 0.0 
0.0 0.0 0.0 0.0 0.5000001420348726 0.0 0.0 0.0 0.0 0.0 0.0 0.0 0.0 1.1102233400059286E-16 0.0 
0.0 0.0 0.0 0.2503450129365109 0.0 0.0 0.0 3.676417204358303E-5 2.779796138924812E-17 0.0 0.0 0.0 7.1237582035599764E-6 6.085254422498648E-6 0.2497215315719578 
0.0 0.0 0.0 0.2500314089072028 2.775906270482441E-17 0.0 0.0 0.0 0.0 2.5377890306262156E-12 0.0 0.0 0.0 0.2500314089097407 9.901324558354954E-12 
0.0 0.0 0.0 0.25016651846116467 2.7774062878589936E-17 0.0 0.0 0.0 9.040903294466924E-5 0.0 0.0 0.0 0.24974723211854494 0.0 0.0 
0.0 0.0 0.0 0.25024208853110796 0.0 0.0 6.65361693238848E-6 0.0 2.3248816500200913E-6 2.53136589770009E-5 4.97611923542621E-6 0.24980412900210905 0.0 2.313081467267369E-6 8.586392363995334E-6 
0.0 0.0 0.0 0.250006059910325 0.0 0.0 0.0 0.0 0.0 0.0 0.250006059910325 0.0 0.0 5.262584696797146E-14 0.0 
4.081286627956026E-6 1.1583225488968214E-6 4.5055496196354426E-5 0.24998929820129692 2.704300894418579E-6 0.0 0.0 2.7760271593409395E-17 1.8330802937078712E-5 0.24997699772597745 0.0 0.0 0.0 3.4111773789701517E-6 0.0 
0.0 0.0 0.0 0.2500006117002015 0.0 0.0 0.0 0.0 0.2500006117002015 1.1102257411197482E-16 0.0 5.551128705598742E-17 0.0 0.0 0.0 
0.0 0.0 0.0 0.24994958474093704 0.0 3.3756873701785713E-6 6.95765906785172E-5 0.25002241364802497 0.0 0.0 5.55161417578066E-17 0.0 0.0 0.0 0.0 
0.0 0.0 0.0 0.250084471645226 5.552990770434942E-17 0.0 0.2499244149431381 0.0 0.0 0.0 5.982923247557775E-8 9.992186006965075E-15 5.551214448313932E-17 0.0 0.0 
0.0 0.0 0.0 0.2500137375958621 0.0 0.2500137375958621 4.801667548627646E-9 0.0 0.0 1.6654260637018756E-16 0.0 0.0 0.0 0.0 0.0 
0.0 0.0 0.0 0.25006380826857655 0.24995861066111394 0.0 0.0 0.0 0.0 0.0 0.0 0.0 0.0 0.0 0.0 
0.0 0.0 0.0 0.5000004355180215 1.110223991669427E-16 0.0 0.0 0.0 0.0 0.0 0.0 0.0 0.0 0.0 0.0 
0.0 0.0 0.2501775581151811 0.0 5.243709770370727E-7 0.0 0.0 0.0 0.0 7.85396582064773E-6 1.3936995499324498E-12 0.0 8.770129294770276E-6 3.884222453617723E-6 0.24981020607867824 
0.0 0.0 0.25000964952829363 2.7756646928477756E-17 0.0 0.0 0.0 0.0 0.0 0.0 0.0 0.0 0.0 0.25000957522869266 0.0 
0.0 0.0 0.2472203512806954 0.0 0.0 0.0 3.737695823796714E-5 0.0 0.0 0.003002424952333289 0.0 5.16790926647654E-15 0.24975045124596743 5.551232856029646E-17 5.551232856029647E-17 
0.0 0.0 0.24781492125966956 0.002428820366172132 0.0 0.0 0.0 0.0 0.0 1.7404530643846167E-5 0.0 0.2497714326201159 0.0 0.0 8.726570555892156E-5 
0.011773575869707942 0.0035700022723703663 0.23491542647282598 0.0 0.0 2.778433090432401E-17 0.0 0.0 0.0 2.778433090432402E-17 0.24975603098674007 1.0325384616417277E-14 5.551282051837247E-17 3.684350646631141E-8 9.900379192232028E-12 
0.0 0.0 0.25004329422416793 2.776038224007937E-17 0.0 0.0 0.0 2.776038224007938E-17 0.0 0.24995966933691738 0.0 0.0 0.0 0.0 0.0 
0.0 0.0 0.25018744742963966 0.0 0.0 1.5878828981178227E-5 0.0 0.0 0.24980570769355004 0.0 2.3088130660962256E-9 0.0 0.0 0.0 0.0 
0.0 0.0 0.25021088529781343 0.0 0.0 2.777898858694766E-17 0.0 0.24982019374236658 3.7914022270323725E-5 0.0 2.4543685274594027E-5 0.0 0.0 5.552153589635512E-17 0.0 
0.0 0.0 0.250330801907733 1.7436889034184465E-4 0.0 2.7811660840768014E-17 0.24954774838651508 0.0 0.0 0.0 0.0 0.0 0.0 0.0 0.0 
0.0 0.0 0.25000216691469207 0.0 0.0 0.25000216691469207 0.0 0.0 0.0 0.0 0.0 0.0 0.0 0.0 1.110232647659491E-16 
0.0 0.0 0.24991850019236078 0.0 0.2501269108247309 0.0 0.0 0.0 4.645563411314411E-6 0.0 5.983415872608401E-8 8.555470028360284E-11 0.0 7.279459270550348E-8 0.0 
0.0 0.0 0.2504109325361751 0.24931288331517584 0.0 6.749006506633189E-6 2.8796943604999872E-5 1.1537080512406782E-6 2.4848373361080375E-4 5.0179386994444006E-5 0.0 0.0 0.0 5.386914880130959E-6 0.0 
0.0 0.0 0.5000004839393327 0.0 0.0 0.0 0.0 0.0 5.551120495931681E-17 0.0 0.0 5.551120495931682E-17 0.0 5.551120495931683E-17 0.0 
0.0 0.2503126951425597 2.6505854375256792E-5 0.0 0.0 0.0 0.0 0.0 0.0 9.661195469929611E-6 0.0 0.0 8.147876618221308E-6 0.0 0.24968365765900644 
0.0016694416616390199 0.24621472050521354 0.0 0.0 5.504134085551118E-17 0.0017580650202094318 0.0 0.0 1.730466212014798E-6 6.575779628705021E-9 0.0 0.0 0.0 0.2504466714888106 0.0 
0.0 0.2500589718679482 7.296973377832223E-5 0.0 0.0 0.0 3.781715820237738E-5 0.0 9.041020397378827E-5 0.0 0.0 5.001202831145622E-15 0.24975046698647937 0.0 0.0 
0.0 0.2502694791157502 0.0 0.0 0.0 0.0 0.0 2.778549380752507E-17 2.3250743023199275E-6 0.0 0.0 0.249794594598859 0.0 0.0 0.0 
0.0 0.2501843103297847 7.300630880750065E-5 0.0 0.0 0.0 6.6335516436158916E-6 0.0 0.0 2.778487997348432E-17 0.2497609666223934 1.0325588664889081E-14 0.0 3.6844234561338333E-8 0.0 
9.594707759716167E-4 0.248574851585665 5.366485969696841E-4 0.0 3.837867762889173E-4 4.1964375343227965E-4 0.0019524001130490948 2.2067171916150831E-4 1.6411075251690645E-4 0.2461655093886015 1.3198050039339058E-9 5.5441994859679776E-17 0.0 6.107886307561566E-8 6.555951964752064E-4 
0.0 0.24974651644632104 0.0 5.052700055894574E-4 4.502600278276004E-4 9.064640039975569E-4 0.0 0.0 0.24861999153359016 0.0 4.834812443277724E-6 0.0 0.0 0.0 0.0 
0.0 0.2499795820406032 2.626251423001449E-5 1.680434152159305E-4 0.0 2.777488105843431E-17 3.908484720641143E-5 0.24982227800225343 3.791433858853077E-5 0.0 2.4543890043543758E-5 0.0 0.0 5.55219991147539E-17 0.0 
0.0 0.2500348863546689 7.29627053822652E-5 0.0 0.0 0.0 0.24994777739617094 0.0 0.0 2.9065408312699095E-7 1.3242342001718556E-9 9.993124696430088E-15 0.0 0.0 0.0 
0.0 0.2500008433836293 0.0 0.0 2.7755669250021306E-17 0.2500008433836294 0.0 0.0 5.551133850004262E-17 0.0 0.0 0.0 5.551133850004264E-17 1.110226770000853E-16 5.551133850004266E-17 
0.0 0.25000404632954154 9.43240664367929E-6 0.0 0.25022196857252926 0.0 5.553729113357993E-17 0.0 3.4568983234849126E-6 2.052964720555862E-6 4.814801616513151E-6 1.4172770338423947E-7 0.0 5.397119580210942E-8 0.0 
0.0 0.2506694593649145 0.0 0.24957027650657754 0.0 5.553776725969375E-17 0.0 1.1205729387255836E-5 0.0 0.0 2.5249751842137787E-5 0.0 0.0 0.0 0.0 
0.0 0.2500010552706349 0.2500010552706349 0.0 5.551138554840905E-17 0.0 0.0 0.0 5.551138554840906E-17 1.7131427893572264E-7 0.0 0.0 0.0 0.0 0.0 
0.0 0.5000010212999776 0.0 0.0 0.0 0.0 0.0 0.0 5.551126461833286E-17 0.0 0.0 0.0 0.0 1.1102252923666574E-16 5.551126461833288E-17 
0.2502135456656375 3.401579720423028E-5 2.6498957306658074E-5 5.7599567722230584E-5 0.0 0.0 0.0 0.0 0.0 1.6533718299212383E-5 0.0 0.0 0.0 0.0 0.2496748650083679 
0.2495992390288724 0.0 0.0 0.0 0.0 0.0 0.0 0.0 0.0 0.0 0.0 0.0 0.0 0.25040180247885213 0.0 
0.25080256269043394 0.0 0.0 0.0 0.0 0.0 0.0 0.0 0.0 8.593175764004432E-8 0.0 2.9236921889423047E-14 0.2492001696680914 0.0 0.0 
0.25022572547329813 0.0 1.6589907586512356E-5 0.0 0.0 0.0 6.653622964033773E-6 0.0 4.697730817428491E-6 2.5313921945091216E-5 4.976170929279465E-6 0.24980672406411944 0.0 2.3131054964532223E-6 8.140556207908424E-8 
0.24908017296362392 0.0 0.0 5.039219052034437E-4 4.4905869841836135E-4 9.040454862542148E-4 7.2449285177049685E-6 2.2214934343546954E-5 1.8118364490745238E-4 0.0 0.24905610351626853 0.0 0.0 0.0 0.0 
0.24994074913677086 0.0 0.0 0.0 2.7748997448370326E-17 0.0 0.0 0.0 2.774899744837033E-17 0.2500657757112171 1.3241034009537155E-9 0.0 5.551187578190969E-17 5.55118757819097E-17 0.0 
0.2491824044961064 0.0 0.0 5.041287330212E-4 0.0 0.0017298124667228737 7.094126245849364E-5 0.0 0.24850020785931254 2.25463685561366E-7 0.0 3.9800517930508596E-13 4.547863808262792E-5 0.0 1.3656649914739622E-13 
0.2498863799842389 0.0 5.278598980709207E-5 1.679985966779592E-4 0.0 2.77674732730131E-17 0.0 0.24998551884686046 5.8248006589475654E-8 0.0 5.192951491474068E-6 0.0 0.0 0.0 0.0 
0.2504651261186359 0.0 5.238497351880361E-5 2.7813030888629825E-17 0.0 2.781303088862983E-17 0.24956004151640243 0.0 0.0 0.0 0.0 0.0 0.0 0.0 0.0 
0.2500008440874886 0.0 2.7755669328165387E-17 0.0 0.0 0.2500008440874887 0.0 0.0 0.0 0.0 0.0 0.0 5.551133865633079E-17 1.110226773126616E-16 0.0 
0.2500251082338752 0.0 0.0 0.0 0.2502336077682246 0.0 5.553987447749486E-17 0.0 3.4679340092874583E-6 2.0497217724910888E-6 0.0 1.417329338775136E-7 0.0 5.231385032086617E-8 0.0 
0.2489863444196405 0.0 0.001444010702678605 0.24933222073349043 0.0 0.0 2.8798788236822667E-5 1.1537819537566786E-6 2.484996506125784E-4 5.018260131105232E-5 0.0 0.0 0.0 5.387259947119694E-6 0.0 
0.24996826709170458 0.0 0.25004100051283396 5.551218014205202E-17 0.0 0.0 0.0 0.0 0.0 0.0 1.6347214571519584E-5 0.0 0.0 0.0 0.0 
0.25001446097023705 0.25001446097023705 1.886559915564775E-5 0.0 0.0 0.0 5.551645671393655E-17 0.0 3.4455241898577334E-6 2.9065152949620875E-7 1.324222565705276E-9 1.4167267009188645E-7 0.0 0.0 0.0 
0.500001160022478 0.0 0.0 0.0 0.0 0.0 0.0 0.0 0.0 0.0 0.0 0.0 0.0 0.0 5.551128001962425E-17 
0.019332324158824153 0.019452372336780106 0.01503495535635098 0.03180109646125147 0.04168720409144507 0.01141904626788827 0.029399743773292127 0.010519126181408779 0.021878619390309422 0.020314612188987353 0.01857372656818929 0.0 0.011011756565462504 1.7026467953834193E-4 0.249920855928173 
0.024289887935329952 0.013726293813971219 0.030548637022200408 0.05844143658007255 0.006859543149376033 0.011079402646472341 0.007537529260630476 0.010241693717125707 0.0 2.0674899402034803E-4 0.0463336134133414 0.02994964813815359 0.01096203312275052 0.25017646779344455 5.555033495273523E-17 
0.017201051366889743 0.017307864953220974 0.01212128271332378 0.026986109107577195 0.05773630149807412 0.011432091154652121 0.03281583273869933 4.0537859784757276E-7 0.021125171955397162 0.019929808519693254 0.018221899121550703 0.0 0.23439944558463763 0.031474022438422185 1.9188629913584808E-5 
0.016451743069446457 0.01656336510549087 0.012798364363932543 0.02707038431688715 0.035485840471788536 0.009720185079430742 0.024989160773501218 0.008951975677608737 0.01864304382692048 0.016975031140020566 0.01578227295897746 0.25590358797559487 0.019791934899253655 0.01345513741424104 0.007895604773734773 
0.010306389778227147 0.010545846429900496 0.027555404215148186 0.04126040290744102 0.04027488641873275 0.001353138549042408 0.0010680424893295866 0.041833185424529906 0.04588012324306009 0.007978158115966817 0.2253694832055691 8.746472790931799E-4 0.02081834423671721 0.0 0.027139155405550616 
0.029136662096319592 0.033640316466754354 0.020634890157121735 0.03629847026991305 0.053768545926584574 0.025385114875768874 0.003229409620578937 0.02892436589297242 1.1094265493186166E-4 0.24198112201272345 7.828142041965137E-4 9.141288305694552E-4 0.021758083660002155 5.615726092047894E-4 0.005206549997458308 
0.030208678652236892 0.027847661841331188 0.007625036863917325 0.03968557214916383 0.038934133216302465 0.026125719359333117 0.008714367014035475 0.0 0.23728131350662596 0.016883160497725227 0.0 2.3311715293693696E-5 0.024569549072112954 0.02715205654895937 0.015636770822115207 
0.02231824469420764 0.030539665464974927 0.022264470881543205 0.03168354449382888 0.05480560303158181 0.018325099405850004 0.02268477614721983 0.20850292945036122 0.04212976850292665 0.00797423735705461 0.04217818803834924 0.0 5.583860428468992E-10 0.0 0.0 
0.03589453355307825 0.02006233504083106 0.05460785628365481 0.014832876217970534 0.0030469706795296686 5.8116584857452184E-8 0.1563698545520961 0.035102187511759926 0.014219638348265952 0.03394387879255232 0.03295586612596142 0.011856693517251021 0.019786294926982764 0.0300664658914114 0.038527285383645804 
0.04265732375698795 0.0038399186893398047 0.005814804832127163 0.04614873771003101 0.03060004656255047 0.2470235025336474 0.02887451550368866 0.004971744729605795 0.020008533292232386 0.009923943014934992 0.006199235214419158 0.015339280541110074 0.006809588741399723 0.006732330485492719 0.025311605361404657 
0.00129755652903843 0.0 0.0012662749406488598 1.894125188025981E-7 0.24075294355940619 0.01765693020943248 0.02125834958222787 0.0180935777380201 0.03329870637687109 0.03389188843971232 0.026969653906469902 0.02754809931906377 0.012216860579795786 0.030399913809162793 0.036166586646356254 
0.003960642707777412 0.004156301518913174 4.3904469541559347E-4 0.25728584511436153 0.014357982025645252 0.024459441593833172 0.021629275904560985 0.021799912055943407 0.018634663613061524 0.012412139584521899 0.024159579023562396 0.015538551640558588 0.025252177721900828 0.03082261771982605 0.026824815315788158 
0.02706957507259469 0.011985613470626984 0.23822350314114085 0.025295395798757284 0.017816348013290653 0.0038893125500915953 0.0330985139640394 0.0226392286002781 0.00861723766195382 0.023441822878404284 0.026566951649918673 9.963028520871861E-5 0.027340367148006334 0.03238771063094348 0.0020955025852678216 
0.024041434978780245 0.2277524558476263 0.02294455318827219 0.02953040099211676 0.01772231144050875 0.00994957202389087 0.02394886397210266 0.023054137943053086 0.04240989777550594 0.01933629477649818 0.008221406340214135 0.0 1.2938139778731071E-4 0.031203422973754107 0.025167294587534462 
0.1915744978124468 0.04313353848436441 0.021387615898273933 0.025937201065207225 0.014918696218610743 0.025921748210810443 0.023294666858773735 0.022424381537479915 0.04125141139662678 0.011980955774655938 0.026879873411688033 0.0 1.2932181219418423E-4 0.031189052480798667 0.02515570398640452 
