0.0 0.0 0.0 0.0 0.5000379546093665 
3.207940654747039E-5 1.0653052034427065E-4 1.538879322768206E-20 0.08334856670556605 0.4166215217985539 
0.0023040598083588397 2.101765868027243E-5 8.841256137929216E-4 0.16529807960426737 0.3326999472465662 
0.0 0.0 0.0 0.24954508295995315 0.250659751558416 
0.0 0.0 0.0 0.3331203330303887 0.16700853496854995 
0.0 0.0 0.0 0.41635789046377747 0.08397248108212049 
0.0 0.0 0.0 0.5000015804280551 0.0 
2.6730487264218583E-4 0.0 0.08371409332537098 5.162011961753144E-4 0.41596325414132257 
0.005179081481913615 0.00479833926048317 0.08176336094592708 0.0832795452672758 0.32745069226324186 
7.062796836869699E-4 0.0014886189921417428 0.08474171207195128 0.16768957611823687 0.25068077823983886 
0.0 2.68261851844808E-4 0.08401379847285624 0.249086331119528 0.16715923345341036 
5.408333012607547E-4 9.978203109729018E-7 0.08673693606014078 0.33049409162468024 0.08599406375335197 
0.0 0.0 0.08410753641042351 0.4218220538136505 5.616946799059376E-17 
0.0 0.0 0.1680467808890926 8.317009409241769E-4 0.33209839117114043 
0.0 0.0 0.1664955485412555 0.0829222563025818 0.2508794439351314 
0.0 0.0 0.16597313067250014 0.16729772400558574 0.16711032608402426 
1.261966737980005E-5 1.279829296323773E-5 0.16885364049146132 0.2505027441335635 0.08313829345115012 
0.0 0.0 0.16824537113927013 0.3330489171291034 3.321748900482397E-4 
0.0 0.0 0.25012284465195594 3.9435502550328816E-5 0.25002378485511567 
2.832800581290079E-6 0.001094271623903295 0.2538791608798062 0.08248621559295023 0.16771730397982196 
0.001569077919341266 0.0015618657014835789 0.2475131957188174 0.1672664693066669 0.08274840982512918 
1.36513042249511E-4 6.590685857688426E-4 0.24915892477961535 0.2504765514801061 0.0 
0.0 0.0 0.3332668105409528 0.0 0.16703091655944288 
3.30211472980443E-4 3.250635203740782E-4 0.33495177892517736 0.08355369458724927 0.08323976760672952 
0.0 0.0 0.3339438979255519 0.16631905019132842 0.0 
0.0 0.0 0.4170446915613826 0.0 0.0833098570196893 
0.0 0.0 0.4167793333429451 0.08356156338092642 5.554899837044398E-17 
0.0 0.0 0.5002977271003957 0.0 0.0 
0.0 0.0835970769581176 8.975126110690757E-4 8.246683847220152E-5 0.41635440369023824 
0.0 0.08370210990761266 0.0020733595760894217 0.083284880695311 0.3324560340481495 
0.0017743224919208051 0.08142585901448117 0.0 0.16469832226596284 0.2527548204127866 
0.0029047770933703274 0.08457265802788395 0.0015023049638441608 0.2466365335388349 0.16548244928298925 
9.065552891104619E-5 0.08628438290821636 8.391626232381044E-4 0.33024960235984135 0.0859476865219776 
1.8592526567573118E-4 0.08386644842142703 7.3891923747326225E-6 0.42158245662888416 0.0 
0.004130342290039698 0.08386133413533109 0.08227928098395218 1.3855797375493735E-6 0.3348394097036275 
2.370144471937776E-5 0.08426207666619963 0.08432185534945573 0.08439359309810973 0.24714797115068055 
0.004026152423071445 0.08174589172553108 0.08020374662433395 0.16730040533567106 0.16711300441062768 
0.0014280465032972857 0.0822867277813017 0.08442573492333821 0.2521469898470041 0.08344039013062611 
0.0 0.08247185745641868 0.08408366428708293 0.33368318013729314 0.0 
2.2175967074885137E-6 0.08480324519556695 0.16574633105252212 0.002324522539674715 0.24861817777462208 
0.0 0.08420618505582214 0.168530094829974 0.08102206016924657 0.16678191559419686 
0.0 0.0817699503883416 0.16550118602741393 0.17155392596316732 0.08317310479231263 
0.001287662203690663 0.08456204500476948 0.16860284618203142 0.24776221600070555 1.6571670908326455E-6 
0.0 0.08270773782389074 0.24267810681047192 0.008413066162551884 0.16732610073013326 
0.002773263021619412 0.0808045298687193 0.24995146461314763 0.08670008732898817 0.08063758344375853 
0.0024711631686705118 0.08578371778727142 0.24502617800241863 0.16806399856432366 2.7937220049515136E-4 
0.0 0.08317801581787365 0.3336943386487252 0.0 0.08401247301406392 
0.0 0.08346474651280021 0.33609868141467025 0.08196434736915004 4.084588145123923E-4 
2.118803207209001E-4 0.08543966086250851 0.41613877080538486 0.0 0.0 
1.412297883088996E-4 0.1650356747786623 2.304324371291271E-6 0.0 0.334894777935678 
4.307755771082414E-6 0.16741119182256972 0.0 0.08368586632861161 0.2494192236799974 
0.0 0.16604155902344125 0.0 0.16705495728093522 0.167022908471381 
0.0 0.16713272603842821 7.114544586557198E-4 0.24998852788909542 0.08307255879468246 
0.0 0.16743188110094256 0.0 0.3336575123709777 0.0 
0.0 0.1681319977726872 0.08141442724906468 0.0 0.2507471222811135 
0.0029033142095472374 0.16706460364065315 0.08522316135444617 0.08255570906394433 0.16634693954290294 
0.0 0.1673879589560679 0.08105414190832883 0.16996901000368209 0.08284751179121598 
5.963377655409834E-4 0.1679728594042255 0.08455445159835556 0.2509968620596211 0.0 
4.6816319036250875E-5 0.1668803432193595 0.16653232099400792 0.0 0.166635462743371 
0.0 0.16592776471833123 0.16599878756087688 0.08569786194278356 0.08293467198600461 
4.686097627296391E-5 0.1665975733596171 0.16671576393790719 0.16670428399905735 0.0 
6.581507826394982E-4 0.17058500642642277 0.25174869889934964 0.0 0.08069043492705531 
0.002635873457012173 0.1655938758267974 0.24490209009955372 0.08981830622035626 0.0 
0.0 0.16661342371723487 0.33345978184853986 0.0 2.5585553998864585E-5 
0.0016151185290587129 0.2524117762845058 0.0 2.1548618061942494E-5 0.25207510754470713 
0.0016437996727339116 0.2524525178464469 0.0 0.08220154767444221 0.16713849532096292 
0.0 0.24951925729856334 0.0 0.16744878031696464 0.08387528537164828 
8.688845091213428E-5 0.250024935167133 0.0 0.2506458471104233 0.0 
5.572854952462963E-4 0.24997747632309497 0.08273403904905997 1.733589371205307E-5 0.16706758754491038 
0.003988996001571094 0.2506012975700694 0.07855300925760804 0.08389675557416434 0.08394028872761698 
7.075544420812996E-5 0.2515458755787178 0.0825799738200497 0.16644490957891953 0.0 
0.0 0.24853588844675126 0.16918222006504427 0.0 0.08271150376640106 
6.4566113126027754E-6 0.2469076502621749 0.17126160681841576 0.08321192438021424 4.9198244781881675E-6 
7.030043284177145E-5 0.24992824411827158 0.25010555260547024 0.0 0.0 
0.0 0.333128725078552 0.0 0.0 0.16699015127256642 
0.0 0.3325716386834108 0.0 0.08512989974930735 0.08294998783177646 
0.0 0.33350891186711973 0.0 0.16671086182705697 0.0 
0.0018466847364417669 0.33433078948223893 0.08530407994859807 6.774628000977987E-4 0.08137258456397142 
0.0059804562432978 0.32835574254506145 0.08483686153403719 0.08404149017361474 5.586803802870702E-17 
0.0 0.3333194954639631 0.166717977174394 0.0 2.5583725773049233E-5 
0.0 0.4163203374677496 0.0 0.0 0.08411644017852367 
0.0 0.41715833942479025 8.067828935273958E-5 0.08318655913481839 0.0 
0.0 0.4169992451830102 0.08340176640052929 0.0 5.555567246057653E-17 
0.0 0.5001193365484653 0.0 0.0 0.0 
0.08353283174098557 0.0 8.968228633568947E-4 8.240346185502036E-5 0.4160344310304004 
0.08509533188323075 8.6784632244246E-4 0.0 0.08346713908000924 0.3331835718586493 
0.084725909850109 1.1966653672863466E-4 8.286276738044406E-4 0.1671841585000049 0.24894034620448577 
0.08492269680288296 0.0015191191619118066 0.0015196907696287869 0.24703908140342692 0.1651788729959253 
0.08600916486107404 1.586841849940354E-4 0.0014917292954513672 0.33193608997553814 0.08636926954752007 
0.08347838657893487 6.815061751839601E-8 0.0 0.41866703896044277 4.2638574253843E-4 
0.0843093014770187 1.3862197944099943E-4 0.08448407009883228 0.0 0.3322036216166069 
0.08191434691861625 0.0025250643015195112 0.08101147499144179 0.0912901370789105 0.25176848026855186 
0.08593446344766771 0.001789159171606696 0.08580221303884314 0.16083713910459144 0.16791915615033595 
0.08524793926158941 0.0 0.08476622682036902 0.24749641101903827 0.08424667714303137 
0.08247191748854803 0.0 0.08408372549246336 0.33368342302877696 0.0 
0.08235591699726236 0.0 0.1669206085510198 0.0 0.251332935388458 
0.07238421409324462 8.395265807113963E-5 0.18552077797588587 0.08068338251153515 0.16655274730407718 
0.08383665169589272 0.0 0.16344211430066147 0.17273317548907685 0.08576084473270773 
0.08346994480953883 0.0010909753650934007 0.1669180798428694 0.2491667843102447 0.0 
0.06871102176786169 8.202025365068333E-4 0.26494046873065413 0.0 0.1694735744861877 
0.08476821865836544 0.0 0.25277489945600246 0.08369601725065877 0.08076805599462757 
0.08808165320741994 0.0 0.24454523765459246 0.1687872929695994 2.794107208091496E-4 
0.08233933372653121 0.0011447474933679472 0.33492221467952377 0.0 0.0843216089206538 
0.07957380673801959 3.2695842080231684E-4 0.34095758603649284 0.08145760648906981 0.0 
0.08522291486738119 3.50169871261116E-4 0.4157575894750642 0.0 0.0 
0.08500637641327372 0.08432148611447693 0.0 1.3779053039385267E-6 0.3311180377499699 
0.0840278638067925 0.08382793380643089 0.0 0.08400010499529226 0.2486403390636387 
0.08302063257686318 0.08302063257686318 0.0 0.16705466161765095 0.1670226128648185 
0.08351669599869405 0.08359791521359698 7.113773470443165E-4 0.24996143266468104 0.08306355490301502 
0.08035448822048219 0.08751862434857041 0.0 0.3335626194936519 0.0 
0.08454102643441948 0.08365942119354063 0.08304496197724703 0.0 0.24929384644465138 
0.1052429778999264 0.08319694001066666 0.07586184763641274 0.08554376304205474 0.15061727030095026 
0.0860345755463649 0.09370512917176074 0.088721442111142 0.15501790841512672 0.08137621369490226 
0.08558375234444036 0.08390168486712747 0.08501403837676885 0.2478079044701779 9.31310876132415E-5 
0.08324029425283545 0.08237225322280935 0.16767573854165121 0.0 0.16737944080840228 
0.0888022369203339 0.08227390538681498 0.16745975236277114 0.08519501686686709 0.08390085917416033 
0.08425050204428554 0.08259463833705254 0.1684657120868963 0.16654864651815518 0.0 
0.0857641405879291 0.08407852775078621 0.249689806405897 0.0 0.08466666924666685 
0.08327530268171073 0.0816386055929859 0.25641707597467356 0.07977311680685606 0.0 
0.08472783828658535 0.08193497539299031 0.33355863082301157 0.0 2.589383535698788E-5 
0.08512341744766945 0.1683359787019129 2.8139645741285513E-17 2.0944519908205095E-5 0.2502440371548306 
0.09101074390008305 0.161835141997283 0.0 0.08105719760526624 0.16685424514094238 
0.08620304795810943 0.16695469870378113 0.0 0.1651255082931705 0.08793587749143332 
0.0844528787954069 0.16700995369410032 2.791798264673099E-17 0.24915076543407488 0.0 
0.09888885457243246 0.1693567577293258 0.07613308518919923 0.0 0.17307454521634183 
0.08284626171344639 0.16916652722401526 0.08596297442450969 0.0820983339169086 0.08472197836228694 
0.08253732528037236 0.1693058313971589 0.08265431899568783 0.16659475675692523 0.0 
0.07908591875572388 0.1675565931380531 0.1710732263600531 6.585895856151492E-5 0.08272407503346244 
0.08603776528888502 0.18228522927760304 0.1541026531236468 0.083563292615855 0.0 
0.08514520701118 0.1683790686953485 0.24667090293017327 2.80403075354294E-4 0.0 
0.08441250067714329 0.24854893852006055 9.688064037708636E-4 0.0 0.16770183688604948 
0.08708001047550774 0.2513651184930959 5.72001157048071E-4 0.08117720869190755 0.08457517068525183 
0.08431575224228746 0.2511022070737893 0.0 0.16705319892684586 0.0 
0.0828713840850733 0.24546924633788522 0.09614318928611634 0.0 0.07827091448292599 
0.0794033322404884 0.25890029864878245 0.07933314809474316 0.0907984569248184 0.0 
0.08009554687218957 0.2520505648073122 0.16790516022277172 3.12088665849412E-4 5.555149235815493E-17 
0.08446925310746693 0.3357364291302437 0.0 0.0017399947669730362 0.08094039324552393 
0.07620823573941829 0.33344284889098585 0.0019780130158255985 0.0895427094317626 0.0016117116893540335 
0.08338731410183024 0.3311226361943087 0.08609093227818262 8.036144625919184E-5 5.354492063877734E-4 
0.08375750145482311 0.41652388237670673 0.0 7.887663286183583E-5 1.5479605173740223E-6 
0.16724632897900252 2.749876558238296E-4 5.848146984548351E-4 8.319946794892047E-4 0.33221568105272 
0.16687249113129954 0.0 0.0 0.08350802876737146 0.24988687257340428 
0.16654114330019767 8.10549888835699E-4 0.0026934819047151276 0.16550144210798656 0.16506524843584358 
0.16920833708492838 0.0 0.0 0.24996106635300624 0.08329095187235071 
0.16661296471126688 0.0 0.0 0.3337982633957753 2.5602848454728597E-5 
0.16840034456658187 0.0 0.08419533298611626 1.7945552335813826E-4 0.24787940115138374 
0.17143768465756182 0.0014267835540820698 0.08565832858422304 0.07997953113220284 0.1658869804109447 
0.16740305579648251 0.0017378897905532056 0.07969311232857006 0.17407495327676908 0.08067463133128866 
0.1676558786140415 0.0 0.08382312140346013 0.2491667843102447 0.0 
0.1666796076389939 3.0751859683839105E-4 0.16659214585015514 0.0 0.16669532465202722 
0.17101788288193226 0.0 0.16388856776679922 0.08434077585131246 0.08325694098990338 
0.16648557282115028 1.3877709325727422E-4 0.16669567091959514 0.16676071991390706 0.0 
0.1677640023427078 0.0022560688387751873 0.24995061060721924 1.0996721114040472E-4 0.08013508955961877 
0.16310966500541882 0.005609242689709363 0.24803773875830062 0.08337405215206505 0.0 
0.16666270741165143 0.0 0.33355841813859494 0.0 2.5893818846501392E-5 
0.1658783752693075 0.08235360634833436 0.001888691631795319 3.9435160197155574E-5 0.2500216143125691 
0.14551422178314252 0.10748055101035663 0.0 0.08110492768605382 0.16695249633683384 
0.16558012313688095 0.08082432890763187 0.0 0.170952630120018 0.08395354370232634 
0.17293778451702754 0.08585838995436297 0.0 0.2444610404950099 2.6069502524122704E-5 
0.16611449839510353 0.08945234236520307 0.0919973965460659 0.0028567824943034896 0.1507440622825783 
0.18247368956569274 0.088043829660203 0.09414463841501362 0.08683247421608459 0.07938528725442114 
0.15132784875595856 0.10249370642069539 0.08431614918983957 0.161592449509259 2.78472302952209E-4 
0.167665864677452 0.08089903188030706 0.16920196633448994 2.028247288166492E-4 0.08276131842853787 
0.15592111977725814 0.09639674635943468 0.16202873086441844 0.08188087711225939 0.004293252706293218 
0.16510098624295394 0.0910399716861418 0.24281146262343856 1.1960123656875774E-5 0.004653024043489018 
0.16686380587293667 0.1664667818471299 0.0 0.0 0.16709134060421246 
0.16682306513145578 0.16642613804130924 0.0 0.08379147702516501 0.0842126404332593 
0.16323567716061058 0.16284728564956621 0.0 0.17397005246528177 0.0 
0.16555684243547658 0.1668852408516664 0.08436560633581407 2.070350002621695E-6 0.08325757155632572 
0.154558834004747 0.15433426803994185 0.09116991566161327 0.10074940401239678 0.0 
0.1666800361472461 0.16667908047346833 0.1666843482951868 3.8896750961099776E-4 0.0 
0.16041370042953204 0.2533795260569956 0.0016656495488624643 0.0011641016691291716 0.08412829415349352 
0.16572130782093733 0.2616937991074779 0.0 0.07586061525266889 5.0955295760277584E-6 
0.17178297802148834 0.24538363450305298 0.08435045249934676 0.0 8.018744062801555E-4 
0.16642950582455548 0.3337115792922338 5.552681482576697E-17 0.0 0.0 
0.2504350600929711 0.0 0.0 0.0 0.24975452313032673 
0.254795508402432 0.0 0.0 0.08242773974713435 0.16850838253774486 
0.24985250926650251 0.0 0.0 0.1676724209135815 0.08291491577419688 
0.24979676134662035 0.0 0.0 0.25033011213727624 0.0 
0.25034933186098596 1.5104144070259316E-4 0.08272268293680259 5.3492288284684626E-5 0.16708685297740178 
0.25106773630736084 6.419053615707472E-4 0.08261049969062075 0.08419312333449047 0.08311118590577028 
0.2499299550112504 4.913692012381758E-4 0.08318663762784892 0.16640543572165567 0.0 
0.24887223896193653 0.0012112524366502879 0.16683325691977358 4.2083243445444674E-5 0.08344442469786756 
0.25047491500264835 0.003713728181363554 0.166301238507913 0.08138628880290509 0.0 
0.24998878001451932 0.0 0.25009578388931564 0.0 0.0 
0.24724807156415007 0.08588377866469783 0.0 0.0 0.16699171784212757 
0.2528314948520935 0.08048439123976005 0.0 0.08485112429756518 0.0842448705249915 
0.23727071120311588 0.08891798097109432 0.0 0.1740264606346921 0.0 
0.25167191232424374 0.08102801483659469 0.0844310407553352 2.5144414349512954E-4 0.08280531225051678 
0.2624464168717159 0.08983058876136384 0.07450587746858688 0.07763931359360839 5.60021136903094E-17 
0.2522540452484039 0.08129713094241028 0.16676600288185714 1.6729605052367793E-6 0.0 
0.2497674060402447 0.16727111921346902 0.0 0.0 0.08346418201969504 
0.25016083644940784 0.169432867378891 0.0 0.08425184159164592 2.894057459680763E-4 
0.2490005772892128 0.16609121446224215 0.08621177684003321 8.167224987105671E-5 9.861138652225632E-7 
0.25064252993000113 0.25017065020569595 0.0 0.0 1.846379069486684E-6 
0.3331071567270994 0.0 0.0 8.313513151703458E-6 0.16698350691173433 
0.33408312222861314 0.0 0.0 0.08413343389776481 0.0830522635178621 
0.33327979782568823 0.0 6.312738740209304E-5 0.1668148560579214 2.4355417383961923E-6 
0.3308205721980411 0.001610092093197287 0.0843627084761216 2.070278888525768E-6 0.0832547117563292 
0.33609714708988453 0.0 0.08528369716764943 0.08448413658735998 5.616229490855652E-17 
0.3333156018615597 4.413352589208962E-5 0.16667028798158356 0.0 0.0 
0.327167121754465 0.08918720266247086 7.160447433986103E-4 0.0 0.08331498643900714 
0.3304845727887081 0.07917091017449915 0.0011970465576193275 0.08928721521119996 0.0010526437447740818 
0.33127861153354743 0.08204413329468967 0.08711994122397843 0.0 0.0 
0.33396730819892156 0.16644310107626512 0.0 0.0 0.0 
0.4172154608513142 5.524250662502552E-5 0.0 0.0 0.08335500568321841 
0.41707702978202826 5.52241772964658E-5 8.067324443206598E-5 0.08318135736870123 0.0 
0.4173579149289918 0.0 0.08347350199889032 0.0 5.560345705289763E-17 
0.4165023763149734 0.08350247683761755 0.0 0.0 0.0 
0.5000127811369488 0.0 0.0 0.0 0.0 
