0.0 0.0 0.0 0.0 0.0 0.0 0.0 0.5005999226108777 
0.004112333513964297 0.0036771830769199505 0.0017832116611769294 0.009980779168877692 2.3474326247845036E-6 0.009429311000690409 0.16810519804007595 0.3041855686900581 
0.0 0.0 0.0 0.0 0.0 0.0 0.3276934853354979 0.1734881655699817 
0.0 0.0 0.0 0.0 0.0 0.0 0.5001943047305719 0.0 
0.011369717177103389 0.004096249787965391 0.006946573216856624 3.629463269945703E-4 0.0 0.17432589232457482 0.0 0.3042025689404393 
0.0 0.0 0.0 0.0 0.0 0.15331635586762804 0.1824963062582667 0.16479856156874062 
0.0013930006102271886 0.0012066266959800218 8.499200349687876E-5 0.0 2.1586731029629624E-4 0.16843916420068805 0.32904632606188655 7.04259218778107E-4 
0.0 0.0 0.0 0.0 0.0 0.33532641251007067 3.211152252786931E-4 0.16558918179716567 
1.79866993542387E-4 1.6347668800770256E-5 4.894243464726733E-6 1.3347459100249824E-5 1.4910667036206629E-5 0.33213202620310706 0.1677390730154577 7.038573819881468E-4 
0.0 0.0 0.0 0.0 0.0 0.500791353947216 0.0 0.0 
0.004229260065361222 0.005110423994165424 0.009679376937514467 0.0071060497147938766 0.16768070658715412 0.0 0.003042007968604506 0.30471603114868195 
0.01178431331717937 0.011961683394423956 0.009615100886682933 0.007259410584668121 0.11436064097256926 0.0 0.1838781327568743 0.16283811670126686 
0.0 0.0 0.0 0.0 0.18516576592903355 0.0022071261675229875 0.31475756120115134 2.2076822310539149E-4 
8.497404724803691E-6 6.034756596195281E-5 6.146217168281354E-5 5.1107098257333405E-5 0.16651158029702462 0.1653240678552984 0.0 0.16875168873962387 
1.8835664930703153E-6 4.41095596156076E-4 6.243972570653611E-6 0.0 0.16817972357401123 0.15546361559987787 0.1541078376402769 0.02384494989206501 
0.0 0.0 0.0 0.0 0.20848200513066997 0.293765320325264 2.0663874191209197E-4 0.0 
4.436109824644159E-4 4.4964427370757035E-4 7.169537230845096E-4 7.661803915655325E-4 0.33324477220363763 0.0 0.0 0.1655761742501168 
6.151007048929025E-7 1.089572832368954E-4 7.800014245211884E-4 2.644062812892945E-9 0.33303877328253556 0.0026101307655251277 0.1645634944228647 1.3923145874786472E-5 
5.884211875769735E-5 2.1199473366852797E-5 0.0030997502742697173 0.001247129914742352 0.332718267328338 0.16450143663375136 1.9090762390673313E-5 0.0 
0.0 0.0 0.0 0.0 0.5002721183387066 0.0 0.0 5.554136243576332E-17 
0.027007847235653568 0.027375165031344958 0.043649452771726036 0.1424556712822557 0.004398155262925885 2.1075878351524974E-5 0.0 0.2562335869500687 
0.007896471422469463 0.03580236412513975 0.035172715784402085 0.13642839311998448 0.004946553674901857 1.863326131683725E-5 0.12845567368448513 0.15829590621694284 
0.0029639011169493323 0.0032766798182429432 0.0022945910236202784 0.16277919209860667 0.01558988106498526 0.002227848372300591 0.31193122064007883 2.202990414111571E-4 
4.3735534257818826E-5 0.0022705578538615694 4.7464423460345236E-4 0.16592437403399896 0.0 0.16986072552161877 0.0013094378556498863 0.16071707325923762 
9.968023021502259E-5 9.488918784558702E-5 0.004122034280692403 0.1425694715209703 0.014612113185626295 0.14798606506892784 0.15338291091325276 0.0384674486333678 
0.006249012875774052 0.006173335745624174 0.011836913445374206 0.18485377931859287 0.0 0.2925764505777991 0.0022181051229192023 0.0 
9.494573786295965E-4 8.283581278934788E-4 0.0011729053849928856 0.16669263075069946 0.16591665116858426 7.596717867047422E-6 3.349646585723793E-4 0.16571500211135604 
9.843033167282367E-4 2.7949993596876E-4 0.0011769714571931678 0.166664892886976 0.1653595325565399 0.0026800167079975073 0.1639598603884216 2.9946868645258365E-5 
0.0010448194790251214 3.8408287652431927E-4 0.0010657018237395415 0.16882997583413328 0.1613365715382965 0.16850236387836187 2.0619283184176806E-4 0.0 
0.003705046253729731 0.0022840368550779413 0.0 0.17014792470987639 0.3230302500026173 0.0018144379106038837 0.0 0.0 
5.888407044178412E-4 7.200759757805718E-4 5.299994809744114E-4 0.3335086515852642 9.615172838206385E-4 5.816404211017143E-7 1.0326834805612845E-5 0.16592093772402913 
0.0018968712520423543 5.386300995602552E-4 0.0023983277310022826 0.33007126918426133 0.0022140369744512328 1.1228322779598981E-16 0.16394717642147164 2.9944551949627787E-5 
0.0013686016151281252 6.934732150303824E-4 0.0011854315535512008 0.33059641796544637 0.0015556182745109707 0.1640689773634316 6.273788799333763E-4 6.961453732511083E-4 
0.0 0.0 0.0 0.33340810150773076 0.167543830412315 1.6685051071442667E-16 0.0 2.1077889653690383E-6 
0.0 0.0 0.0 0.5024290082016876 0.0 0.0 0.0 0.0 
1.1726334271658725E-4 0.023614727212339613 0.15816263634816408 0.01327229196970476 0.004394469057826331 9.6103888766263E-4 0.0 0.30068860627228383 
1.728316334780606E-5 0.0011790742764528376 0.19788217760354465 0.030211101830582742 0.0 0.0 0.1103759279809463 0.167307207787825 
0.0 0.0 0.16793481438573568 4.746978906092294E-4 0.006531252048386536 0.0019259295186405676 0.3241265218853564 0.0 
0.0 0.0 0.16951138087667383 0.0 0.0 0.16811930886496018 0.0 0.1664682905531082 
0.0042626045174077795 0.004080312912997432 0.15198147022179126 0.0 0.015948946115455578 0.161525013366605 0.16415139776838364 0.0 
0.02569707114542164 0.004469837743291098 0.17147508343020015 0.008291083904766742 0.0 0.2905848901070193 0.0 0.006948636766529168 
0.0022610231496648435 0.00203594041004408 0.16449129651076858 0.0073677905506459515 0.16298449414604324 0.001971703176125118 3.444691851443961E-4 0.16292995493875523 
7.21956198071935E-6 8.698274742800883E-4 0.16801797222394413 1.1886247258324181E-4 0.1644387248718972 7.56769753970631E-6 0.16790341247089124 5.440600926456622E-4 
3.546918817342978E-4 0.003969486011067317 0.1655330835475653 0.006137735113220108 0.16278852196988186 0.16335236592757885 1.976346115143782E-5 1.3166167441261412E-6 
0.005086152712555283 0.0051090696181530304 0.16603733341403806 0.0 0.3232054821745804 0.00181542217723515 0.0 0.0 
0.0021459507386282425 0.04416533598516598 0.13774810814665095 0.16052839341560202 0.0 0.0 1.2078080885616379E-4 0.15698995945193064 
4.0254597207506614E-4 4.486528566668152E-5 0.16640650777497082 0.1622952546467506 0.00631371774537617 2.4449004114652672E-5 0.15945185243826765 0.006358883392237827 
0.0 0.0 0.16813989660683182 0.16517432799450454 0.0 0.16751159305289492 0.0 2.0323804131373613E-4 
0.026103741425968878 0.007679456230626802 0.1434673576059103 0.16199183823963614 0.13894232650388189 0.0 0.0 0.02257887425588597 
0.030552718742445462 0.008729633541297332 0.1567496446466998 0.286738085698261 0.0018846883706056087 0.0 0.018077735497807 0.0 
0.0 0.0 0.3341497582968039 0.0 0.0011766649845400424 0.0 3.347239156655739E-4 0.16559562698931055 
0.0 0.0017304505634123057 0.33150650156448147 2.3452064045181468E-4 0.0 0.0 0.1682993177240136 5.445019741445618E-4 
0.0 0.0 0.3336602158551714 0.0 0.0 0.16768547565926012 0.0 2.034490091619437E-4 
0.0 0.0 0.33309033055746406 1.8157084632978648E-4 0.16747538730306558 1.6678235083229287E-16 1.450420367113081E-5 0.0 
2.924120773115131E-4 2.3550557539219355E-5 0.33491134475319484 0.1648598851805834 0.0 5.552083155098465E-17 8.685536033531121E-4 0.0 
0.0 0.0 0.5012121014025812 0.0 0.0 0.0 0.0 0.0 
0.0 0.16177671171838456 0.0015608432336374745 0.007148161783318489 0.0034688313796706013 0.02126455759658478 0.0023639079919159146 0.30439968258763556 
0.0028927002774504045 0.1688722440581735 0.01464972946912942 0.027220144786806885 0.020075205477309916 1.8301636434918885E-5 0.13389433987869084 0.13361047701412676 
0.00690517368953434 0.165927757809353 0.0028448666335796845 0.0 0.0 9.86653425621506E-4 0.3237558919658244 8.65051446150175E-4 
2.2863933839238824E-4 0.15421143611753577 0.020431121080502237 1.0081529870288319E-4 0.0 0.1603325695746165 3.3505877345623873E-4 0.1655852905326758 
0.013984299046445282 0.15621928056638748 7.847327920933214E-4 0.0 7.153373816042282E-4 0.15733766267461224 0.1643486712971048 0.009343284862477519 
0.0 0.18255239164895656 8.266273582223482E-4 0.0 0.01772317691016209 0.2949356974521999 0.0 0.006492457546278365 
0.0 0.1598413256760848 0.0020143101584536795 0.0026210732051198437 0.1677996840925779 7.5223804725289895E-6 0.0033217357906440087 0.16580432750853102 
0.004660407403632004 0.17354176393517676 0.0 0.0011064787096950965 0.16279720169745548 7.764082695104806E-6 0.1608922682399753 0.0 
0.0033492373804339583 0.1671330918372554 0.004472913053422959 0.00283320685898667 0.16444739580078968 0.158909850200371 4.176813074871892E-4 1.3935965941211655E-5 
0.0 0.1710346081730591 0.002105641669833701 7.347510046278537E-4 0.3187864587401506 0.003681318397462599 0.005069848049247301 6.121349480518475E-4 
0.008202089208115102 0.16880537802478518 0.005248858113978323 0.15895583661110688 0.0033784835234467185 0.0 1.2633392408793154E-4 0.15699378974349018 
0.008096659408845082 0.16146717814764489 5.2703155614284E-4 0.16544376707333902 8.716623964839729E-4 2.8460595393917656E-5 0.15873980103490168 0.006379691768232699 
0.016345823012254127 0.17222176961731495 0.0 0.15474917511172553 2.0412138570483916E-6 0.15778701818381236 0.0 3.852129806747928E-4 
0.013103365016531473 0.13805880006145163 0.039433727149099165 0.1564137118712906 0.1454043441862379 0.005982102989279913 0.0 0.002470524327874891 
0.0016050303636367114 0.1941685355080453 6.450363382284713E-5 0.28745798605158474 0.004379322370720941 0.0 0.005970498429663914 0.009984195681088475 
0.0041747974384742665 0.1580446278744482 0.1654889467625755 0.001052019658695449 0.002492728820998717 0.0 0.004011143766759873 0.1656263458483268 
0.0 0.15989725248089912 0.17293665809238393 4.1810993712457754E-4 0.0 0.0 0.1681885626271013 5.441436460792381E-4 
0.0 0.16634309367268732 0.17239314460191932 8.928122476847887E-4 0.0 0.16380844858354235 1.7254450305883564E-4 0.0 
0.01412503262447548 0.17628432712252257 0.15328198986973166 0.0010505246529084178 0.14714671375396532 0.005975720637198358 0.0 0.0024678885063059873 
0.005875955462540717 0.18162479664520878 0.1430841402349903 0.1625768133828441 0.0 0.0 0.009708646476827091 0.0 
0.010094973884497628 0.1793818764498137 0.30484281889440623 0.0 0.0 0.0 1.8122762293869995E-4 0.007121253320175372 
0.0 0.33153551925815516 0.0 0.0 0.0 7.505607884171271E-6 0.004014654217823587 0.16577129781608735 
0.0 0.33157947719717323 0.0 0.0 0.0 0.0 0.16947058870081352 2.1355742209106686E-8 
0.005368008885043869 0.3278619666150895 0.009422819023415555 4.304445365168328E-4 0.0 0.15552817900162214 0.0019283837340585465 6.243453898818241E-4 
0.0014614663253696277 0.3422477318547631 0.004844721798839742 1.035999991610388E-6 0.14877425738785482 0.0038873437413536535 0.0 1.392632954707747E-5 
0.008249803748041035 0.32706451401007874 0.0 0.16490267560756774 0.0 0.0 8.687790419399237E-4 0.0 
0.0 0.33497617617809056 0.13563674617262034 0.005638995258876488 0.009219419555439685 0.003064600596354786 0.005989227742944587 0.006472658007623643 
0.0 0.501344246000512 0.0 0.0 0.0 0.0 0.0 0.0 
0.14926875336996556 0.01812496332313169 0.001150477351754989 0.006078133716541073 0.01636959393934991 0.004884436374009065 0.0 0.3054196956233887 
0.13473096954190655 0.04890956631240042 0.004580603109527005 0.027483923609465447 0.02026974573809501 0.0032294045926770823 0.1289426273974292 0.13380098549089142 
0.15225272060609968 0.0122622720993729 0.010954840454155852 0.0 0.01913133796619925 0.009574821028577872 0.29677484444642704 0.0 
0.15214189764963473 0.00571563072678908 0.02088322131549263 7.826202155727225E-4 0.0 0.16830868239713095 0.0036054331596789874 0.1507669005937032 
0.1513217628243022 0.01902208218116753 7.853794932581763E-4 0.0 7.159268937574206E-4 0.15746732521803133 0.16448411163837898 0.008936680371829209 
0.16771005763503494 0.015525426471689759 0.017600996473371083 0.007246078101838359 1.4875176698824817E-4 0.2882293421888874 0.0 0.006292763034630904 
0.1640884878394835 4.9148463671773846E-5 0.0 0.005402277149750477 0.16524023918776012 3.0494620958761407E-5 0.004050785630087991 0.161863401896922 
0.17109177581341625 0.007749227769351669 0.0 7.273675244172188E-4 0.16087962502773182 0.0010442888249312882 0.16170437843587318 0.0 
0.17087589495264519 6.747606680187476E-5 0.004460857666311295 0.0028404776979341294 0.16486941600252825 0.15931765943756346 1.723337843258262E-4 1.4465318162456062E-5 
0.14045428282363698 0.011312038475565438 0.01308982251052435 6.995959483319577E-4 0.30353373253386856 0.02308027088223999 0.008551056865671496 6.112903525086928E-4 
0.16638730908638336 0.019738957435573353 0.0 0.14789344375567412 0.0011476480072723713 0.0 0.00404361491283886 0.1620303662591724 
0.1715405695413107 7.888753772278267E-5 0.0 0.1669305920439189 0.003065888672000548 0.0 0.16118443328638218 0.0 
0.16635889561651085 0.023388835134037344 4.4943772162512587E-5 0.1537835146297598 0.0 0.1579053083934228 0.0 3.7876507978139534E-4 
0.18032350171389389 0.00965019303837487 0.011630532714956421 0.1359736609422209 0.16137585637305132 0.002066535266349425 0.0 0.0 
0.15138420174507167 0.020443290150718992 0.024740981700128357 0.2973960889535217 2.6333150783996342E-5 0.010768045868813811 0.0 0.0 
0.1616308707845083 0.0 0.16799449467223562 0.0020497448267714114 0.0 0.0 0.004016253640036126 0.1658373404393228 
0.1623318068062275 0.0 0.160207570973122 0.0 0.0 4.552505878263736E-6 0.17627642503758248 0.0021693061401476 
0.16649395309081086 1.2926615725576827E-5 0.1725628876840859 8.93691335441254E-4 0.0 0.16396973893538147 1.727143951727462E-4 0.0 
0.1748245604542124 0.008617483872618584 0.14934162164142042 0.009982024730524878 0.14396822517568866 0.007934318639433393 0.008024519696156565 1.6873522912152927E-4 
0.16020652644899477 0.010835727666242728 0.16658021380281007 0.13894123012282766 0.016574146804810373 0.005553206512253141 8.951912298944997E-5 0.009649220045759016 
0.18067321880703688 0.008905776998601424 0.305007157246884 0.0 0.0 0.0 1.8132532131678614E-4 0.007125092331513931 
0.17627862841772451 0.1589442126104978 0.0011482689670834249 8.023451344845874E-4 0.001035504939239841 2.861310389158187E-5 0.0010086471513501719 0.1628508065176799 
0.18260750431859782 0.14965995766190024 0.0 0.0 0.0 0.0 0.16982221838318357 0.0 
0.1575514520648721 0.1762742476610315 0.0011434832132393184 7.990011215209586E-4 0.001031189163158088 0.16235296931967522 0.0010786813843621191 0.0016225576739923473 
0.16896673209986238 0.16244762860346704 0.0018697015790530916 0.0 0.16748149837286472 0.0 4.591271449470299E-4 0.0 
0.1305821404699541 0.19286626654741895 0.012350259534691764 0.12353238190197773 0.03542162003070816 0.0 0.0012547282069939809 0.010013204977198842 
0.16758886709033252 0.17011130938298705 0.13673973367708597 0.00568485113115144 0.009294391160517371 0.0055113304585520445 0.00606762194937077 2.1208696098874425E-8 
0.17299893718068984 0.32414990066931776 0.0 0.0 0.001248887105316827 5.5333262966619726E-17 0.0028649900177588478 5.094367819472872E-4 
0.33532342392701775 0.012597350860070496 0.0037645112700797644 0.003093267109490568 0.0014578105497165042 0.0 0.0016287402442020297 0.1452356455290824 
0.33160838304721796 0.0 0.0 0.0 0.0 0.0 0.1694853625084852 2.13576039222836E-8 
0.33306081677217275 0.0 0.0 0.0 0.0 0.16748151036634876 0.0 1.225375930539998E-5 
0.31808150199131396 9.527308924058254E-5 0.0 0.011289254639273072 0.1655628653304263 5.761791412479916E-4 0.0059961949512462075 0.0 
0.31320470246010973 0.016761463761181726 0.0 0.16227253292868013 0.0 0.007943188899255224 8.68718070874154E-4 0.0 
0.30310934757176844 0.0 0.1759087935079638 0.00573970857615223 0.00469300534062277 0.0056600788686122505 0.005973248606103147 0.0 
0.30715312751875984 0.1730580047204874 0.0 0.007614632922469806 0.0 0.0045147346940581905 0.008289588326540304 1.22559077804614E-5 
0.5022855595061877 0.0 0.0 0.0 0.0 0.0 0.0 0.0 
0.029360251255465604 0.029802163303536376 0.023955725741619308 0.018163957987501356 0.032160491524151145 0.0 0.06291766584437469 0.3061742116539513 
0.055592244995409476 0.0777498477555116 0.031340470147313525 0.02499135166107514 0.05353697551040594 0.0 0.11509642863514577 0.14469651478290768 
0.04465086422116092 0.049960044972234316 0.04666294600167983 0.03087283186575955 0.015665623789200424 0.0018205973117276777 0.31275720277522673 0.0 
0.004967700370821674 0.03528002202040626 0.03593163594632382 0.03481190935286565 0.05577519576482146 0.16539693342682496 0.0 0.16882606501408653 
0.03734872427869105 0.0379108738017049 0.030473710454133933 0.023106091728647155 0.04091086687751348 0.15377771144038346 0.1525421926860547 0.026430163497703555 
0.07430104961911697 0.04552982878367868 0.02845930215369412 0.022469962643241734 0.016046283956284373 0.26627375199990677 0.04567908161976402 0.005876559672098154 
0.04076917187484646 0.035569237387737714 0.05171092127368648 0.05586507909646275 0.1792647583427818 0.0321384670250325 0.0 0.16959151213002857 
0.05536619003919176 0.05915960936327148 0.0012391719431795974 0.04891518094659522 0.16051677388124733 0.02877734080048638 0.14527010826139952 0.0027206948980426416 
0.055367836070115424 0.065426286339026 0.04048320466083719 0.0 0.15046008587369053 0.16456807591755074 1.086216767991641E-4 0.026752796241908787 
0.001605020547643443 0.04961091560947173 0.04110746156307235 0.04540329624762013 0.34083441511670265 0.0 0.0 0.022675588576922822 
0.04036115601215298 0.03516299235462306 0.026431162549189712 0.14965358072191803 0.004870716211562637 0.052834318737882226 0.03522017202279697 0.15639542169202522 
0.0044041747297787325 0.08015290604287974 0.08219019490937335 0.12701184567313092 0.0 0.051680125308252646 0.134879735687775 0.0234982259841867 
0.04655238056337853 0.04055684136863413 0.03048558711628346 0.17260978452503425 0.005617862744778851 0.15338261908956863 0.05114894180138096 0.0 
0.08136080690109533 0.08258539862878568 0.03789077367046092 0.1296914795321586 0.14788321270672541 0.005398636595655237 0.005771572188071734 0.01285207359501322 
0.05552038644772152 0.055235623710572126 0.06408490146302465 0.2566376213827747 0.00789107358809007 0.004902396991570561 0.057107187542026795 5.440093666791712E-4 
0.049067111516351826 0.05918383879751995 0.11225144418743029 0.0814223873326939 0.028480673780015252 5.714302018345626E-7 0.005927335569061754 0.16592753327274448 
0.07262612412843046 0.08029031530369476 0.15315254568062203 7.076630954098069E-4 0.045550228955706096 0.028811013281539594 0.12173290402188135 0.0026286437656524017 
0.04725078566529865 0.05699302028282757 0.10803524880949401 0.07931335394275144 0.026535375454960253 0.1411149874091994 7.597861504368825E-4 0.04512092818181708 
0.034822960322300804 0.006490164106888343 0.1754447538255092 0.08501349949487448 0.13934993441685609 0.033613091560206095 0.0 0.026356005197896184 
0.021541958771981087 0.0040149041414047895 0.17502851432756872 0.17102995753342903 0.028288903170874864 0.04912294543496682 0.02735848107822213 0.02685175563595665 
0.061706607881554576 0.09090537232310505 0.26348897844354213 0.0 0.004157782528826139 0.007755596399183107 0.05439468584767933 0.019341289943508772 
0.042416937490764736 0.18616567745528556 0.03504893958941777 0.014342925295012268 0.08173197166163956 0.017965113986214164 0.002570944949950002 0.12275120155958025 
0.07018407451064654 0.1603722402063648 0.0060219851720687435 7.03177048518269E-7 0.034935803957595594 0.033699641615415984 0.1486264024220283 0.047968353050511676 
0.04283800845355634 0.18801373546423342 0.03539686878022638 0.05087452886898612 0.00419853541195803 0.15219350631147302 0.003223386615466625 0.025968001890207336 
0.03663978032152069 0.21807409383659782 0.0066468932458622855 0.06355167059128157 0.14493203800004198 0.005685330678329164 0.0057611496240797195 0.02061762497797594 
0.025426248343355506 0.19734758225584423 0.006333223689168594 0.18517385489299337 0.014384461318481808 0.041547890875328515 0.0 0.03219440858574125 
0.05322284053467855 0.20416748782178376 0.1726970984468357 0.020430168944883035 0.0 0.005738089644780167 0.019795882274815962 0.02666852598662973 
0.0322227321106963 0.3169859581541415 0.009112785443626308 0.020743048093542663 0.038973347707260526 0.05188566548528117 0.007375997088709096 0.024236911826886545 
0.1399598041231761 0.0467471534179405 0.04210352991042149 2.2788543567940446E-6 0.0 0.07017736519151972 0.03014388015299664 0.17425081200335135 
0.16263758751055438 0.041534721343709564 0.04799924192860658 0.038268216097825526 0.004610704239494545 0.024650975295072316 0.15591204280917326 0.03506027972226452 
0.1944238198841363 0.05614899511797064 0.011272314561094789 0.011299600220550002 0.058962686731886545 0.1500356774541853 0.0 0.020366285330396035 
0.17118342962812125 0.04394519506684659 0.005366020321394778 0.033394137260175816 0.11490562957365846 0.06166388322527273 0.04962526039939528 0.022090445970933344 
0.15568213652503127 0.06727545334031769 0.014737726417848788 0.16033997578065093 0.030660133265731887 0.04155080390463326 0.0 0.03219666581838732 
0.19094193578802449 0.07019157798916094 0.15154821756911852 0.011910870110144524 0.01474249890933333 0.040730364655048666 0.005794815831762675 0.020813366491175902 
0.14714187313447297 0.17392438350226008 0.04922960495362819 0.017847605905729935 0.0038431698980017303 0.04845030781272807 0.03461437503288111 0.026775242690538454 
0.227307511592415 0.05860884072768915 0.007131700669514091 0.04438242436516485 0.039305661155171485 0.07218632174976441 0.05175389635741573 0.0019836079835361016 
