0.0 0.0 0.5004147155439505 
4.819912137517543E-4 0.04236995461921025 0.46023666316710615 
6.439424171998023E-4 0.08841876725194811 0.41761170536582054 
8.747495068804715E-4 0.12967502135675132 0.36979828424297084 
0.017261495606015306 0.16264494510665647 0.3202884997046478 
0.0 0.2057293766397967 0.2948064305231968 
0.002150490713771831 0.24944991307829018 0.2486972755782027 
0.0021358003640757333 0.29326354382591263 0.21140168069780416 
0.0 0.3333983402562828 0.16778873785934478 
0.0025193207713450016 0.3734703160836541 0.12486087170644605 
0.0 0.42180943496728973 0.08478764799457807 
0.0 0.45867123128190473 0.0416208131066787 
0.0 0.5005312752350495 0.0 
0.04256853832124852 8.407270233724116E-5 0.4580957758459566 
0.0486835042318092 0.046417040652150465 0.40526128225660063 
0.03716877178930751 0.08065380243361928 0.39249095338443724 
0.04414106616829704 0.12332601670579518 0.3330073630799429 
0.036532533298738026 0.16340033925024916 0.3005961579151154 
0.04568381503695335 0.20433159710667181 0.25049098595884817 
0.040740415404881644 0.2538992113192213 0.21164933218300505 
0.04078126179937245 0.29661522312587674 0.16602596046055418 
0.03676510869282147 0.3424950420660545 0.12826390974518445 
0.04099347140950012 0.38188546733636397 0.0844575370597108 
0.04200692759525573 0.425425805409509 0.04235516766537929 
0.04183889324944444 0.45896327950366717 0.0 
0.08805757799072764 0.0 0.4128986806228993 
0.08497562959428927 0.040370720800627403 0.3750934590892928 
0.08311950826498114 0.08052014990933097 0.33669439674647983 
0.08089207868434543 0.1287589022136973 0.29087008176897106 
0.08685118181681682 0.16475438902711534 0.24870238300928588 
0.08575553149611272 0.20786294936716315 0.21012721104252294 
0.08227685687894905 0.25286615461443435 0.1692960631000818 
0.09051488316754966 0.28303935966790267 0.12746982837135984 
0.08398936294693617 0.33741323679244956 0.08520357261585339 
0.08382185000201617 0.3749129198052649 0.04162685036514775 
0.07803870773904265 0.420629192671844 0.001669815916461019 
0.1253150896066134 0.0 0.3749999125505895 
0.12717667847246453 0.03723257014213605 0.33827785635477825 
0.12648525869102042 0.0875851892984529 0.28645380950922855 
0.12712538004104268 0.12347558586263356 0.24983544940545896 
0.12659657546202263 0.18773792878909995 0.19540040592303026 
0.12550597674929626 0.2075350206124585 0.16823423962514264 
0.1226991508892263 0.2531839692178668 0.12464074956237342 
0.13298044411447582 0.2833048407971129 0.08417098413353499 
0.12490236998690615 0.333859590605728 0.04156948880000897 
0.12247973694742026 0.37877815722735736 0.0 
0.16573708692008804 4.3411802531107614E-4 0.33444490183939074 
0.16715774153946 0.0409691490097286 0.2927279129529264 
0.16752363894924127 0.08501054462779627 0.25176276163460837 
0.16395245393189434 0.12683336927269956 0.20952976583826022 
0.16619467646327948 0.16749019291375447 0.17109204659912286 
0.17740475746295659 0.1967495479103017 0.12606991830259046 
0.16375296382569957 0.25248662244707765 0.08490771666498792 
0.16743747222098548 0.2976597091950207 0.04152000779035314 
0.16304407570739468 0.3364338379352322 9.810791396438602E-4 
0.2080780748674186 0.002559588285096634 0.2898600849445794 
0.21072656317149363 0.04180820113523526 0.2517633405903314 
0.20603969393643257 0.08618801509365377 0.20840373685260646 
0.20533805979603809 0.1234105953268141 0.17839074146546602 
0.20489754291771342 0.17405663702253496 0.12501217408834664 
0.21144657706893005 0.20537590506164433 0.08427751666956153 
0.2114998129655238 0.2470367335631017 0.04180090553087014 
0.20686047111895667 0.2933531093070727 1.5699598272974976E-4 
0.2497388787607946 0.0 0.2509239094821165 
0.24849978757603422 0.05972322072263366 0.1920626196080808 
0.2545115619882863 0.07833257046538897 0.16813479415632052 
0.25294909441474545 0.12646565067271084 0.12429797858415541 
0.2430961916701105 0.16833286491646457 0.08915552045735216 
0.24876781044432236 0.2100374409911059 0.04182540108855246 
0.2484610648995025 0.25196657375800496 0.0 
0.29410849784797355 0.0 0.20976574063902695 
0.2914501758592009 0.041583767239018056 0.16760534840640373 
0.2979946848728283 0.0835696874289947 0.12479162455012473 
0.29093047035571895 0.12486495839884662 0.08484475454478413 
0.2941040276992567 0.1708768113410988 0.041509621710762945 
0.2949619088423865 0.2052933337610664 5.55394888527797E-17 
0.33244977013331367 0.0 0.16793558371187553 
0.33057586557267443 0.05220640552134665 0.11744878453767314 
0.33823822083056165 0.0834852984200944 0.08478168932831029 
0.32098232149033645 0.13426941498923167 0.04592508783984734 
0.33203315626816865 0.16819430139412328 1.5700033820994838E-4 
0.37431209749338556 0.0 0.12612308577763365 
0.37964937695169687 0.051220807782019595 0.07565363268083343 
0.3827562412580317 0.08518194840349458 0.04246199390850995 
0.3772317170237378 0.12294323738446743 0.0 
0.41653872260873853 0.0 0.08422014320997886 
0.4124609510486983 0.04634427410949498 0.0418253986930788 
0.42658767187877117 0.08067662760499565 0.0 
0.45852076912819145 0.0 0.04160743135696957 
0.4382409101138854 0.06234476815444242 0.0 
0.5003101276033757 0.0 0.0 
