0.0 0.0 0.0 0.0 0.0 0.0 0.0 0.0 0.0 0.500340283368061 
0.017053489121484692 0.02354993455422245 0.0959523462778704 0.018452151248363184 3.932997127003155E-4 2.6789180362719585E-4 0.0 0.008698899771035435 0.12105636305362284 0.22280548815502402 
0.03469969063409471 0.007210687300616498 0.09993729575979357 0.020842039599184643 0.019797456870432002 0.0015587391152623792 0.0 0.029473768944313836 0.19510744692998616 0.09694028941336982 
0.0 0.0 0.0 0.0 0.0 0.0 0.0 0.0 0.5022694815135615 0.0 
0.016939634015544085 0.021774509034622695 0.09537606403676206 0.008811447925478982 0.008973326522552979 0.0020076963472105353 0.0 0.11568788545110777 4.47836112442219E-4 0.23919438886442096 
0.024110408806649646 0.007680253356292547 0.060155827720385115 0.013852046132675546 0.03551532905972895 1.5688990670585026E-17 0.018858866580564744 0.11349601139774086 0.1268029592743155 0.11061341766024349 
0.011460674133442686 0.014731755847412212 0.07585837657488398 0.006706048019868248 0.037033773094147765 0.004248745434432015 0.0035590842042914806 0.10883757853843892 0.2364454888734282 0.0055812506677799115 
0.01090548818780979 5.697367093881708E-4 0.0065281758471156595 0.002565788761145132 2.003168537596434E-4 7.19660529771403E-4 3.178594316060079E-6 0.2978099346035539 0.0 0.18340542280726266 
0.0 0.0 0.0 0.0 0.0 0.0 0.0 0.3280021268248467 0.17628237026508572 2.6313922887444204E-5 
0.0 0.0 0.0 0.0 0.0 0.0 0.0 0.5019855063242424 0.0 0.0 
0.01649694420406131 0.02126872418826359 0.09303940428979697 0.00859557242371777 0.00875348508651362 0.0019585089196726634 0.11744628067967333 0.0 6.510020747541582E-5 0.23707334033735056 
8.416524036323462E-4 0.003965029776048069 0.11017941359192276 0.006704913818815069 0.007140381700622826 0.0018142235774082076 0.10395933978727413 0.008878563439412374 0.14239140060563885 0.12970296619010815 
0.007964252257798437 0.015384131574516709 0.055669248118386194 0.013583655499739508 0.016092841018233845 0.003481787680245927 0.11581977317721687 0.03651204361894978 0.2416986991432571 0.010398359661152745 
0.01670577921613146 0.019766842271602494 0.0903539768945979 0.0 0.0016989356055219812 0.006250105458150025 0.11888896208150963 0.10668498695086942 0.0035030158968005045 0.1414755980839705 
0.0518297338646114 0.0 0.081035533043538 1.3280687822231653E-4 7.82018889148864E-4 0.006557716142116215 0.11237910884460489 0.10752167593572164 0.12749209926623792 0.019911085174423835 
0.0012766541205597613 0.014547746638871015 0.09614749204977104 0.01604450771663153 0.014894379154583193 0.0 0.14026893119226147 0.2077023437890116 0.012176719369705156 0.0 
0.025283505342633572 0.029916297570751035 0.13674700401504333 0.015934520651578132 0.0027847233439484242 0.010244540472799366 0.19487075729657216 0.0 0.004041876890205602 0.0888013405128286 
0.004994068438734397 0.017274948557156354 0.06568541723228205 0.0 1.6321052604270713E-9 0.004277161763753351 0.27719099788478463 0.005363190928559856 0.13176325375290873 0.0 
0.0 0.0 0.0 0.0 0.0 0.0 0.3491388157616092 0.15372538830670401 0.0 8.839272594573314E-5 
0.0 0.0 0.0 0.0 0.0 0.0 0.5029199269945046 0.0 0.0 0.0 
0.003936127670405027 0.01430938953761846 0.09606181377350244 0.008438653460605709 0.014357320135470288 0.12425142025674282 0.018640949079795483 0.008261203975645457 0.012580974216251825 0.23148350613681085 
0.015564920413006191 0.015564126107651531 0.05417269931205508 0.02283360883150103 0.009258508159313 0.12912802257630948 0.0035612016664508827 0.0029190618303427053 0.1275946479185305 0.12792884708751895 
6.42383794957288E-4 0.007337501278081983 0.04848499151924465 0.014686935457360202 0.0022581319712855793 0.14992527708024858 0.0071200274279540985 0.0031254054018093314 0.27042645862109854 0.0 
0.022114148139404672 0.006917541508399503 0.06921988030977731 0.012487122799954512 0.026319433682323867 0.12366423324324542 0.008140270416357299 0.1105933114739503 0.025521339210828352 0.10334688201055155 
0.0 0.0 0.0 0.0 0.0 0.17211232926776024 0.014853492415686727 0.1466188435306471 0.16959610133892214 0.0023796947784945335 
0.015562866373498777 0.030061978980147248 0.10878272580219407 0.012290116560846295 0.01979765038209881 0.10652662015579949 0.0013999633360218867 0.2086229873402964 0.0072539828243292975 6.188018167666744E-4 
0.004288732833765165 0.012552415839145577 0.0873988719167271 0.033937193894145276 0.009146232801008286 0.1307269486615359 0.1241852876742771 0.0019324042296005532 0.007429920609617488 0.09549381551753405 
0.0029490078326260415 0.0 0.009989759030532869 0.0030389977421008472 0.0 0.16886888690473584 0.15010052882866484 4.305659931548586E-4 0.17050771268878678 6.582792344360277E-4 
0.011675633584025218 0.017805949522928247 0.09940967586342415 0.008552938600370682 8.0816176989811E-4 0.12529276413026155 0.10691460181906574 0.10280614555257789 0.013370670292833464 0.01986641759744961 
0.004077419119075202 0.012605973507386351 0.08658018070002407 0.014716803766114487 0.013799897824116131 0.11942736442912083 0.2441472902452595 0.0072121460530719 0.004511711464084919 9.662819229985438E-5 
0.0 0.0 0.0 0.0 0.0 0.3152051868158825 0.0 0.0 0.0 0.18949517981736538 
0.0 0.0 0.0 0.0 0.0 0.3320341023730194 0.0 0.0 0.1688077874859502 0.002363827274422562 
0.0 0.0 0.0 0.0 0.0 0.33557202338485687 0.0 0.16740728163019253 5.584192053376674E-17 0.0 
0.0045992760868852735 0.013461324880649671 0.017022913196761087 0.009415112915658995 0.0029454552555500117 0.2969325319751824 0.15380848054869017 4.277392946335668E-6 0.006264665606458585 9.850622626327146E-5 
0.0 0.0 0.0 0.0 0.0 0.5032522288196724 0.0 0.0 0.0 0.0 
0.00878490349364419 0.016472800201108303 0.12205319870232001 0.015057278603013109 0.12420689283534428 0.006094651679430692 0.0010829260964439022 0.027956054288938534 0.0 0.19046126659098414 
1.59911147104098E-5 1.892077988479335E-5 8.323997654233344E-5 0.005895308530203361 0.1807409438368257 0.008999097423167962 0.006793443779720444 0.014771594316028303 0.15688968335769082 0.14388153394210865 
0.009426862122663627 0.01820937892667581 0.06589273035274817 0.0 0.1294136703327674 0.001904295057123796 0.0 0.03600779114728123 0.23836070010617205 0.008644967732881962 
7.390231747534527E-5 1.4262593814586415E-4 1.170708478744767E-6 2.1019159307559877E-5 0.18028192639204021 0.012752503782172814 0.013890912072061473 0.150649268005242 0.004699310490738755 0.1417825230057521 
0.008769650765772475 0.024824725083797274 0.0990910642685431 0.002629421258436155 0.1323655669660799 0.020410386568383364 0.0 0.12257195730093351 0.08965727785038666 0.00866409659220132 
0.004387527996438212 0.028007212189513568 0.08187908740642465 0.01152502452770817 0.14214826391454136 0.003908174874591077 0.008571903649378314 0.22802354837333194 0.005038844324535072 7.249120344920015E-4 
0.034072751911978845 0.014993141505715164 0.09215500959193322 0.01990134527405798 0.11099688900972736 4.90837689564938E-9 0.11170484767943635 0.011324633080321143 9.997922125985347E-4 0.10949986484613067 
8.387188130705684E-4 0.0 0.0 2.015601280000904E-5 0.1872155921563223 0.001902307857931525 0.15458275725225498 0.0012795619888103427 0.16031483864223295 8.897098958250497E-5 
8.505839266713447E-4 0.0 0.0 2.044115411064122E-5 0.18986407724352217 0.0019292192595672818 0.15676959501830487 0.15391162716668802 0.0010147004921112546 8.86556976778309E-5 
0.006405250574724372 0.023461524386971227 0.07621165062025824 0.015117967767512699 0.12676089213149944 7.910113692155094E-4 0.24175706912116104 0.008253105793932142 0.00447752036280647 0.0 
0.001757071659233674 0.001815099173958885 0.003161681481875667 6.188934116477166E-4 0.18339044603593546 0.15841186329700718 0.00903805404382916 4.1933976448730903E-4 0.009612657162680296 0.14158104985158612 
0.016134586763197515 0.005388521472957505 0.10941832831494644 0.0029746737241231496 0.1287912300815153 0.11437125847286428 0.012731170339709 0.0033035536603750874 0.11313902032906605 0.005937820577237918 
8.761931675658525E-4 0.007826227652634651 0.09867607732348933 0.0140988368589615 0.12918743899940804 0.12067349375224853 0.01277232040425451 0.11827703884829499 2.586715483498107E-4 0.005663412091707113 
0.0010314120417415616 0.0015729571008221992 0.01944515495611148 0.001463157605021961 0.15255478794940752 0.15956313549705017 0.13615813502951044 0.0 0.013370841424914104 0.019806122300378294 
0.01887812045366126 0.010455986008438348 0.08708758964992513 0.007688850206153124 0.12237630927853517 0.2233815003720457 0.007361780823068555 0.016305289569947694 0.013229286563332845 2.265297242250603E-6 
0.002225560041372562 0.0026332955785621217 0.004300509285253128 8.422615857936745E-4 0.3259072032941665 0.016335007880063337 0.009118008733626948 4.2416006679325965E-4 0.005107212600909516 0.14106894475181256 
0.0036461310669937356 0.002437632322993268 0.035008968778388515 0.005400094730086005 0.31465573006165787 0.0 0.006568718596416897 0.0 0.13898097933951323 0.0011574825986391804 
2.672449430109952E-4 8.944464192582806E-4 4.854401695582176E-6 2.8034319707448445E-5 0.33575464571783215 0.006616670039224299 0.004049477051594702 0.15445591117960694 0.001012131696266009 8.843125865407688E-5 
0.0027412014986752495 5.3259477167809474E-6 0.007630090517326654 0.0 0.35229327260211313 0.0 0.14074114058407747 6.442553731047229E-4 7.813991449113127E-4 2.4714672469082743E-4 
1.535158697443781E-4 0.0011314769450666699 0.003331689677915241 0.004740692573071697 0.36714393965361564 0.17515886793399352 3.884759530389571E-4 6.641178667703395E-5 4.079103042329228E-4 0.0 
0.0 0.0 0.0 0.0 0.5331661135770656 0.0 0.0 0.0 0.0 0.0 
0.0 0.0 0.0 0.16384438238427004 0.0 0.0 0.0 0.0 0.0 0.3860365030385671 
7.27458900029888E-5 8.60733599374366E-5 3.934444592736656E-4 0.18282923158041575 0.0015185516677522143 0.008991557995080904 0.0044389366333477225 0.014325753776343672 0.15628643122209143 0.14185697202448638 
0.03762299487628072 1.432634245709428E-4 0.095641357415733 0.09195442072369546 0.010822110779504268 0.022995311585379933 0.0159296149909557 0.008855069451436272 0.22942510821874404 0.0 
0.0014966452525309393 7.81657369722704E-5 0.06310512478213468 0.1407406750883527 3.7721052180088863E-4 0.001842293286722988 0.007215772650683186 0.14589616293206784 0.010253155645230227 0.14339323343037244 
0.0015377801717559457 8.03141026394718E-5 0.06672013634568724 0.1487009626257459 0.002460653873750585 0.0027840064089215107 6.406298394032313E-4 0.15137507821078314 0.1563836796176066 0.0017854758575304123 
0.010209428124077671 0.020478739403294345 0.08121473041908178 0.12867864670197574 5.160123441896459E-4 0.008557383674043193 0.01570095802823288 0.23252210260704725 0.0036551029860439703 0.0038376630397305616 
0.0 0.0 0.0 0.1546386103328546 0.017991804837307498 0.005327539660607811 0.17466822430815862 0.0046253756655422595 0.006772548743499592 0.141972421976384 
0.0 0.0 0.0 0.18047146468773442 0.0 0.0016840935354858018 0.14791528759127942 0.005629911050343353 0.17014038599060638 6.595705973789995E-4 
1.4721954887800986E-4 0.0016775982334409577 0.011087412148180768 0.1438646272391524 0.018240584360732105 0.0 0.17178206933283702 0.15254024515745004 0.003243587087515429 0.0 
0.0012697480027502003 0.005571077147695233 0.12940629061608003 0.122176578683816 0.01531058959715131 0.005386210868918925 0.21838043873799295 0.0 0.0 0.01584804878245133 
1.435507462498058E-5 1.101842777620747E-5 6.285802215952557E-5 0.17706255257003406 0.01082681059141341 0.15701541764917712 0.0 0.024192427191382797 0.0013015443007092392 0.14544042575706023 
0.0 0.0 0.0 0.16733065270797448 0.0 0.1516452963370088 0.014316716020429596 0.03514978833365101 0.1354799798948819 0.0 
5.829032875061253E-6 5.348956632046144E-7 8.386840065463801E-5 0.18107775662701234 0.011072327518509464 0.16058621222375385 0.0 0.15370450333677735 0.0017857491311772044 0.0014784280739587735 
3.312563215659114E-4 5.778274283922884E-4 0.0083914741274565 0.1748268072868439 0.0014001560451022967 0.16414657293415713 0.14633215606816086 0.002474183919622469 0.0030300160931054396 0.0 
0.03191707872813589 0.020091089562643587 0.06979934395864612 0.12675091702191468 6.208384926764115E-6 0.252860513143302 0.0013398112897235225 0.002509158183016468 0.0013450074955394808 0.0 
0.0025899842019412303 0.007068232838618655 0.006151059786508286 0.158530489874069 0.17704033050337112 0.010729084887758773 0.0 0.004749763625630034 1.0641991323132097E-4 0.14311953860284723 
0.0093644628702967 0.012297891795183175 0.06389598627987404 0.11852128003718937 0.15351703380767412 8.378480636602599E-5 0.0 0.012287998273168043 0.12682702571321963 0.006394119677738711 
9.812273203434862E-5 1.943868852678759E-4 0.01352611690032132 0.1591283705049951 0.17860024172847597 4.766448978974132E-5 0.0 0.154649505136203 0.0 0.0 
0.0014737349327270922 0.02866315260620614 0.0724818575920473 0.11967219478072898 0.17549303910689462 0.0 0.1257231005550564 0.002939715060584262 3.650706749719612E-4 0.003519388325813092 
0.005506218181805371 0.0036968419876944603 0.0780569552605072 0.10127277376678914 0.13057939467384372 0.1382110304431848 0.0 0.011623748978852554 0.009408756712727177 0.030071536833179084 
0.005125891708863205 0.01877541431509769 0.07136287379893674 0.13194882539235317 0.24863349220522882 0.0015180033477575382 0.004641504884537988 0.016468464354443376 0.0044749707847506455 9.821241916098781E-5 
1.2028931612727528E-5 0.0 1.592862948574859E-4 0.343794482119103 0.002853434436978516 0.003613688094876925 2.520532490904294E-4 1.3834455803662354E-4 8.916138346676745E-4 0.1573286557349526 
9.57791097000513E-6 1.9681788649116844E-5 7.649418063072192E-5 0.33365436229822265 0.004099771499825388 0.0010258875686538595 3.6485248946868947E-4 0.0013168368041887475 0.17260136056237482 7.096408058280482E-4 
3.983981501105304E-4 0.003756117916940631 0.025242428234724265 0.3104411785494569 0.003585772645445978 0.00306652074485973 1.0437365439926909E-4 0.15245019835645926 0.0032416723492726513 0.0 
2.1019761949017457E-4 2.7019178575198884E-4 0.01733616617068414 0.3326345821683006 0.0026649285867302755 0.0 0.15131482855687775 0.0 6.77816072222141E-5 0.0 
0.0 0.0 0.0 0.32748841691273983 0.0 0.18242090961701546 0.0 0.0 0.0 0.0030555914147582506 
1.6785340019802541E-4 0.0 0.01740527375386033 0.3280897805061127 0.1677415055500502 0.0 0.001274796535801143 0.0015695311089861923 6.576745578002137E-5 0.0 
0.0 0.0 0.0 0.5113741629431895 0.0 5.677393698979456E-17 0.0 0.0 0.0 0.0 
4.408866948190838E-5 0.0018015587813590085 0.2689912864100366 0.001738817109516201 0.003971193590021076 0.01136558844923043 0.003035654971283621 0.008898146579089794 0.002390569075268226 0.20119688492380614 
0.0 0.0 0.2654550208375672 0.0 0.002585614694058356 9.508885595449017E-5 0.00601041472101408 0.0012534915128222192 0.12766239589685618 0.10207258066387195 
0.0060016114604904604 0.01400818876919977 0.269734692152859 0.01888526313877705 0.011500365224226844 0.00211553484138241 0.012475455618072302 0.0 0.17538659409322885 7.329363099307305E-4 
1.9686561600207783E-4 8.381633254865988E-4 0.2697092400217574 8.22326811507157E-4 0.00220814075334756 0.0023642922187491733 2.718815185890837E-4 0.12279007270982006 7.988059023081155E-4 0.10375652536461978 
0.002527711160637821 0.0 0.25328085848264226 0.0 0.0013630288536504761 8.837022750194525E-4 0.0 0.12524095569638105 0.11242502292772776 0.01053471860500019 
3.903810600652671E-4 0.0029255070470900163 0.2753394616143376 2.812013637246222E-8 0.001471849523785009 9.640072910110143E-4 6.084200525581317E-4 0.21772811342641243 4.13716112547052E-5 0.0021787813411601156 
0.0 0.0 0.25034553077685623 0.02008041460096563 0.0035675838391357128 0.016382440296923133 0.09177586111948015 0.013780964997075085 0.004017482698394507 0.1084849544732426 
0.003483877966209524 0.006815596177338741 0.29615284344164994 0.01061399890707454 0.0 6.370130876710885E-4 0.09590750313391844 0.0 0.09893869375787674 0.0 
0.0 0.0 0.2825197832757852 0.0 0.0011215846480242895 0.0 0.10925882642873454 0.11775846336998157 5.112473312615997E-4 0.0 
3.949905207359049E-4 7.674367838629055E-7 0.26451534851009234 0.0 0.0015572980743493844 0.0 0.23748151099376402 8.100062886228452E-7 3.5863394709325535E-4 0.0016478841451063116 
0.0027654086176741176 0.003835702191080596 0.3105616323698731 0.013731078600649016 0.0 0.08609306154816912 0.013337544369104712 0.001079470803554424 0.0023985770897239013 0.07848193926094263 
0.0 0.007095793900815059 0.26644272151569226 0.0016877945699048946 0.005196182092419053 0.091430420986342 0.0198584825983009 2.745067807963E-4 0.11244656033041048 3.2721854029249494E-5 
0.0022084391688650933 0.004235965067883033 0.3031890779293525 0.004935506936397447 0.0024165695612053655 0.08247436312098627 3.758652203434442E-6 0.09474014024930434 7.550741589365651E-6 0.012133379658331264 
0.004578598820598279 0.005120766537251229 0.29227429007614547 0.013073490147467287 0.0015930996854923076 0.08238451832618217 0.10960181489753175 0.0013603846997550754 0.0028354937222852157 1.0531512341656758E-7 
0.0052684468494226385 2.638264238754121E-4 0.26427204838704543 0.025780682165839036 0.0029289000861463343 0.19378024530069693 0.0 0.014774751411648029 0.0 0.0 
0.0 0.0 0.27083374968216833 0.012148788086171685 0.11848660016412087 0.004566984367790064 0.0 0.001263351461700886 0.0 0.10621075778372514 
0.008247928973628716 0.0 0.23716236227215756 0.008500078816895339 0.12296746533536825 6.16894121151392E-6 0.0028218550069030695 5.1493279790570815E-5 0.11791160611063953 0.007561857315931465 
0.0015635285358001404 8.151588749713673E-5 0.2555919147769199 0.00768249662768442 0.12636574290566024 0.0 0.009296772523258464 0.11077892994901113 8.473266076325514E-4 0.0024628822970895114 
0.0 0.0 0.24797646661144468 0.026918053703436477 0.10321537070610665 0.0 0.12041812260627892 0.0024697627965179067 7.719617119642694E-4 0.012318945062461176 
0.0036238017288268767 0.004296357938474929 0.29517210434019087 0.005764683756028801 0.1427319732575359 0.08373155121563285 4.98542264558059E-4 0.0 0.0 0.0 
1.7674985402808653E-4 0.006012288120160883 0.2676227577157852 8.312100806851896E-6 0.2319685384969685 0.0 0.0 0.0 0.0015060344943820725 0.0017226996654085924 
0.0018391504170358328 0.0 0.2857503238184664 0.11613443418571578 8.953268926477582E-4 0.0 3.766249266271011E-4 0.0 0.0023639594832027453 0.11049476370315058 
0.0017300163463576667 0.0 0.2687940728522325 0.10924308727292775 8.42198737670764E-4 2.1781094316054573E-5 3.5429650595724787E-4 0.0 0.13609404902829866 4.456191457467561E-6 
2.197809570319879E-4 0.005751866459800054 0.2741556610033296 0.11136349375450913 2.9338642039414796E-4 4.957135043919953E-6 5.894567211154747E-4 0.1176021339466611 0.0 0.0 
6.513019672857631E-4 0.007237244662455404 0.2479483216988193 0.10187022720614801 0.002102805648601291 0.0 0.1395842566690554 0.0024546259893971642 5.144020516536155E-4 0.001641524817142989 
0.0020348131733445955 0.0039029363558994467 0.27935255744530507 0.11322150664770321 0.0023426789772413286 0.10429566293398121 4.753127013789743E-6 0.001318391358994999 7.738202033829781E-6 0.0 
0.0075706359828834335 0.0 0.28296694710112597 0.09836241859115487 0.11710981252689467 5.480662885411859E-4 0.0 6.284037394948433E-4 0.001519486904317754 6.619491420525545E-4 
0.0017291410451148101 8.675598806541711E-5 0.26950568145794745 0.22981306336182258 0.0 0.001131050080597525 2.711838393607691E-4 7.202335356483316E-5 9.900279297867498E-5 0.0 
0.001085430664531879 0.008024121273172298 0.4240116630046027 0.0 3.245845934127267E-4 0.0013827403970260834 6.626295342267722E-4 0.0 0.0 0.07712747399276616 
4.017630111769727E-4 0.014480706221160988 0.4279330691218509 0.006008304219684281 0.0 5.1171519560275715E-6 8.460321759408628E-4 0.0 0.07708445180028126 0.0 
0.0013160037612214254 0.006458669473948626 0.45035229531753324 0.0 0.002251436690285341 1.4172026252426434E-4 0.0 0.08030568445396416 6.004372665285608E-17 0.0 
0.0 0.0 0.46025610336539147 2.354185173666464E-4 0.0017605539553755506 0.0016076178664517057 0.07126474900080815 8.868599147441284E-6 0.0 0.002013748993729504 
0.0011684847921521451 9.633712416102456E-4 0.43822365680459496 0.0 0.0 0.08565999277360102 0.0022083847282855867 0.0 8.98251975096976E-4 0.0 
4.2096753017061266E-4 0.008794700071588083 0.40336865122763493 4.741932247578722E-5 0.09546062260743716 1.236459947616637E-4 0.0 0.0013592865748590457 0.0028332048651336047 0.0 
0.0020971140070653793 0.0010502542295853933 0.37993454752065536 0.10031012667533414 8.257225242116646E-6 0.00431640624432508 0.007376874038547182 0.0 0.006741698087405259 0.0016397998223855771 
0.0 0.0 1.2341241136094023 0.0 0.0 0.0 0.0 0.0 0.0 0.0 
0.0 0.17185172234079046 0.007988273380475358 0.021279475088847925 0.016114237365078284 0.0 0.0025380143555296564 0.0 4.43590827699281E-4 0.29841863210577607 
0.04156696821005965 0.14009339737475832 0.032443791462753016 0.02597863169499021 0.0 0.004522935483608044 0.008497393151239685 0.009406746463576521 0.15267191217001605 0.10626339007330922 
0.011421057304105071 0.07953849269893166 0.17113114630989862 0.03039833317963936 0.0 0.04246653076027201 0.0 0.0 0.17029307118844478 0.003082925013274548 
0.011588134006836896 0.12366595108407669 0.08609377216401277 0.02392776968776576 0.021923316411756242 0.0 0.009368958946069412 0.11727482868625717 1.817889501932902E-5 0.10930288069901262 
0.012565810761375279 0.13292330427372 0.10919775835164999 0.0 0.0018625663571514314 2.6863565174933563E-4 0.008912733787369549 0.11175973210065376 0.1237285882908505 0.00386789959662706 
0.0110788775906981 0.17557066707831187 0.05324490569134567 0.017882331452879745 0.00182708229527211 0.0021150448667332715 0.008280069393569423 0.24086925033551576 2.3580528895525975E-5 7.990134720689414E-4 
0.006984504378558679 0.12944625562439702 0.08684276530326154 0.02458527806993634 0.022154206839003626 0.0 0.11079637953696185 0.004993214168331905 0.0 0.1309743915203971 
0.003147771574476887 0.13921152941758105 0.10218589624035393 2.304323996055727E-4 0.001042885850061072 0.012048838927220638 0.11267972735706777 0.0 0.13464184620794015 0.004843099596354056 
0.0 0.17082835203626065 0.002589687532334383 5.264448973019804E-6 0.0 0.0 0.18321541564851693 0.15784945707407302 0.0010291121039496995 2.7738183544712423E-5 
0.01160465759630814 0.13089535515196093 0.0952835085262048 0.003800762998843025 0.0018592826886152107 0.01173615231208639 0.2480077323624994 0.0065978486362265575 0.0 1.058000761653788E-5 
0.014535868278713754 0.11580576393294659 0.08312226609299123 0.015732887077888207 0.014651246900630379 0.13919045351251086 0.005025737313445964 0.01702253279455136 0.0026579322245959013 0.0971061428200699 
0.016873119859979434 0.16018942699754601 0.03131445661819636 0.0 0.011088902753355799 0.14807006669296235 7.070732586872298E-5 0.005860202313694815 0.13142002861370147 0.0011784824735413587 
0.01418089200476288 0.12698486280092944 0.09002509202218652 0.02372967997873073 0.02258800204672799 0.11120948477894273 0.0 0.11337161270800944 0.0029749928428585417 0.0 
0.006407286308132297 0.16870846757035468 0.0424486751545984 0.0 0.0021639263039872 0.1426366210708957 0.14096611935823153 0.0025431160732249714 0.002729322289339072 0.0016917513355151088 
0.037218220895304396 0.13528738548062694 0.041824554263747364 0.017633330547486042 0.014397407054579654 0.2553556106935814 7.962949563728456E-4 0.0064482849849859854 7.855451747593181E-4 0.0 
0.011776484708618846 0.14059346418220262 0.07583060457092405 0.03312698460476403 0.1218030009199646 0.0 0.013285469298464912 0.017558137009409155 4.023661959210463E-4 0.10967005966757377 
0.00442255700801231 0.15041870211223884 0.04295451956225888 0.0 0.1525674892641048 4.16238276412466E-5 0.0 0.0 0.14915315780404914 0.0037629322239632053 
0.0 0.17316576051851734 0.0026251216832368514 1.4812502518139847E-5 0.18155238374748547 0.0 6.321180331743156E-7 0.15686192029474952 0.0 2.7668414910739745E-5 
0.011709966183168953 0.13979933332255415 0.09682635520717252 0.002368369766857675 0.11701482640683974 0.019526895649082932 0.11526598461475986 5.785101726638606E-4 0.003685259351683082 0.0 
0.0017520070490930305 0.17818674086949998 0.01761211126226524 0.01653501836997507 0.1587665072326803 0.14020055848206664 0.0 0.022690514506196264 0.0 0.0014564329586561511 
0.009121107362908092 0.1445452295224582 0.07617201975077503 0.008254837119703868 0.2574143770644879 0.0042324456664633555 0.0075320012441509425 0.0 2.341453588204923E-5 0.0 
0.0 0.17996696722481106 0.0014321023376792884 0.1547197575081657 0.00565689208642369 7.713804283606549E-4 0.014983518688977406 0.0 0.005285406632133436 0.13950128024397196 
0.010097665732582837 0.1791156520678729 0.009875783716580853 0.13909373959736981 0.002597974969785523 0.0026291937136932245 0.003877829196321647 0.0015879208078621472 0.16172249492917332 0.0 
0.0 0.17982557993667847 0.020402619920566575 0.13628816765876994 0.008663706104634763 0.0029809418227485064 0.01100623785554926 0.1495110914905159 0.0027444513122931806 0.0 
0.01305675591804827 0.15587797130636047 0.08597544433229484 0.1027415650705939 0.0030139426854712123 0.0 0.1396062934079225 0.0 0.0022835305676050075 0.002379625446399268 
0.008529814939442534 0.15668337015920633 0.040048257624927724 0.13971411589245017 0.004167670549820053 0.1399058041101922 0.00743234330893926 0.0034661004386922012 0.0026973460212134006 0.0 
5.947240732392313E-4 0.15127052439842664 0.06110680689729927 0.2623699396593459 0.020229994058509383 0.0 0.0075757390151136835 0.002473075566635398 5.613518579623218E-17 6.579348538664366E-4 
0.0 0.11930626488384771 0.300201849811737 0.0 0.002466676851050695 0.0 0.0034979570448368334 0.0020912869124544704 0.0022894094387400366 0.08536620930231335 
0.0021397871005709524 0.13127214164471487 0.2537897722780159 3.0187674172043536E-8 0.0037708356250928487 0.0 0.004727707024137997 0.0 0.10904524170581131 0.0 
0.01418264280680688 0.10628441213499748 0.28166389512595363 0.007648356724785053 0.003147990532798615 6.144866418122217E-5 0.001190248008655685 0.09823014682282791 3.273426334561915E-6 1.2326204761474582E-4 
0.0039024394088744106 0.12422850985205372 0.2636394613128291 8.519061674295222E-5 0.0 2.529095716342907E-5 0.11319797710925418 0.0014073774256448317 0.0023118961073937574 0.0 
0.0 0.15006717305714679 0.3007145094050368 0.0 0.0017557511274380966 0.09051246222743652 0.0 0.0 0.001274764270950202 0.006869979669926025 
0.003763810688556484 0.09910384879872527 0.28422161483746283 0.0 0.12136181095032449 0.0043368174597996365 0.0 0.0 0.0025162790428097342 0.0012027979599508927 
0.006899617372968668 0.11218501392533105 0.2566240701993265 0.12309058885843617 0.003278954246599468 3.124176627669651E-4 9.4699474255946E-4 5.9298266359042855E-5 0.0 0.0024841972490762905 
0.0 0.07368487172141375 0.4224534803036357 0.0 0.0 0.005643911035424868 0.0021555171933885673 0.0 0.0 0.007813220266958116 
0.0 0.32765849494494387 0.015230720980874607 0.0 0.005770837977139085 0.0 0.015301459012251386 0.0 0.005380475114237256 0.14201048642003125 
0.0 0.3368469437179099 0.0 8.396435287530173E-7 0.0 0.001108977876554269 0.004016640461462402 0.0015636213518637608 0.15924770611727318 0.0 
8.441750278273488E-5 0.35496111621224163 2.4148166505662047E-4 1.0785442897930291E-5 0.0014907716062445948 0.0 1.6309356500941895E-4 0.16158518058112362 0.0 0.0 
0.0 0.33116091739010983 0.00200168974423241 0.0 0.0011941339132554311 0.001162824135948081 0.16514253133511675 0.007289416028039615 0.003178081970907049 0.0027772117150239163 
0.007404692184018877 0.3394540254582225 0.01576042691952902 4.80095824778159E-5 7.684085337403058E-4 0.1376445673236951 0.001637294959096538 1.1458330533034873E-4 0.0011269423816233756 0.0018792962964670036 
0.0 0.3416742922698488 2.170659964286872E-4 2.9052616194190113E-6 0.17052794389485387 2.137218048286552E-4 1.74260349118191E-5 0.0 0.0 8.9308243974732E-9 
0.012165169529342197 0.2707625799808582 0.08784011570695555 0.13065518868829548 0.0 1.5035645388711763E-6 0.0013959663965085333 9.681534475948994E-4 0.0 0.0034291176016100753 
0.00688937078093772 0.23434747558565652 0.2610390753252626 1.472997826441327E-5 0.0 0.0 9.474518551978508E-4 1.2440252102285053E-7 7.939278619727509E-4 0.002823435089127322 
0.0 0.5528631241219691 0.0 1.67832580350049E-5 0.0 0.0 0.0 0.0 0.0 2.974853546323589E-5 
0.11886691507100498 0.0016491302636007284 0.12376933511692219 0.001568351823654835 0.01809137128445911 2.763797301275421E-4 0.0011242338292393834 0.0 0.02278722707846176 0.22477326998132777 
0.16297857809089522 6.713344087016413E-4 0.04271736311653966 0.012033409680925637 0.007239869464652621 0.0029078774309284493 0.007939576592429401 0.0 0.14126751077967747 0.12697381718200584 
0.14981893839583338 0.0 0.14408049149909913 0.01017955810111295 0.0051511117413828795 5.061646313309971E-6 1.8420254018514634E-5 4.1938992547890933E-5 0.18857237829006218 0.005604178988324786 
0.18062981344083984 0.009567503027334723 1.9639955549898236E-4 0.019566526853696132 3.855465741322037E-4 0.0018830065021827086 0.0026270913655130645 0.14589616293206784 0.010253155645230227 0.14339323343037244 
0.1078131157467842 0.009893368125656008 0.10637909066838457 0.024103913093653433 0.004130417852239537 0.010723198354993697 7.303589062505366E-6 0.11063242216367788 0.13149601865876598 0.0 
0.1776322649531202 0.0 0.004064318931360565 0.019723316771010385 8.451250419628073E-4 0.0 9.245846606890241E-5 0.2933299423646698 7.637792668728109E-4 0.01218836981501555 
0.1401625980905072 0.01000913380659773 0.08201273858357555 0.03272025044334506 0.02367781131853889 0.0 0.11841614500207458 0.005336610956555246 0.0 0.09781999214696205 
0.1392279013075651 0.003154454194108773 0.10220244483051327 2.3076936458107426E-4 0.001046493314512401 0.012050973417228463 0.1126996889279362 0.0 0.13466569843777754 0.00484395756679899 
0.16703657312437398 0.0 0.012702652486811601 1.2280182480725008E-4 0.0014361999832749983 0.010329162097072067 0.1523619802157083 0.14635471926376903 0.005025216630567063 0.007680371764147696 
0.14440928668432582 0.001519755685936648 0.09801959040571738 0.0 0.0 0.007814381109436212 0.2599411367758369 0.0 0.003692196176754033 7.405351706702273E-4 
0.163867916765976 0.007975353077272452 0.026007795508079943 0.013410552262310365 0.002093354405732512 0.13850902142414726 0.015440630608060245 9.789857453221889E-6 6.948232900180747E-5 0.14127187901194344 
0.17540346252847075 0.0 1.1929940293818504E-4 0.0030430337590834308 0.0 0.16111559949875914 0.005137791745135573 4.494657962648688E-4 0.15494732882201762 0.0030891597544610285 
0.16952308349279224 0.0040779808088578715 0.0420815090694053 0.0 0.0021009235996872753 0.14137411662348745 3.866776330048016E-4 0.14966804163470027 0.0011696953903185129 0.0 
0.16696475046652104 0.008361043451289659 0.022048015580372525 0.016341596994764188 0.0021176685704125922 0.14669597220591582 0.14881809371042232 1.3629056895839219E-5 0.0 7.071405182198969E-4 
0.1781387529554347 0.007405419438988225 0.045723875104403615 0.01584452827211389 0.0 0.25794983079940786 8.016053684558803E-4 0.001379784605034911 7.815858831916522E-4 6.160448997412659E-4 
0.11802359043267635 7.256877416075284E-4 0.1051034262698424 0.038481765965235684 0.12227232528581686 0.0 0.013336660109910097 0.0 4.096831186984508E-4 0.10542926855921217 
0.1664090477265706 0.008341412655094329 0.015095359168648423 6.242603590562107E-7 0.14987893524227344 1.3860153302299504E-5 5.303878337934874E-5 0.0015536484955340152 0.1545683093812344 0.00997136822440916 
0.12675080010371007 0.0 0.08871115352709832 0.04656319994046158 0.12498516987938023 0.0 0.013430986041638664 0.11074003064530397 0.0 0.003948702838537471 
0.14363088584685957 0.0 0.09179142941785923 0.02622084790010061 0.12513718355915382 0.0 0.12847086160079355 7.031859378817255E-4 6.304715296810709E-5 0.0 
0.09446891705187424 0.0 0.1275299705659737 0.025300519352071386 0.11526458373857863 0.1174325836308175 0.016939429157896382 0.006129901777140853 0.002307095499459072 0.0 
0.1461483434872329 0.0 0.0 0.016045549164981087 0.33106684313754275 5.4762942601733396E-17 0.005786494603308549 3.5279988377212655E-4 0.007380525275885832 0.008003549994126747 
0.13490064844486457 0.0067352162701708575 0.09698311965520849 0.12703239617740933 9.068235069241674E-4 0.0 0.012710805510180041 0.011382636465249672 0.00773869839068712 0.11003853032063433 
0.18744120115166588 0.0 0.009783290011869976 0.13779102827372564 0.003262610556264995 0.0011136868960257946 0.0037878042992851514 0.0015826354086625606 0.15981566711883918 0.007666835949741028 
0.16868266286858097 0.00290016963726015 0.019467415691046947 0.13004106452573164 0.008266583841713913 0.0028443030277584503 0.005717786566213819 0.14066645971462338 0.002591607895336202 0.030244742333491097 
0.19080118231451065 0.009554693259694626 0.021901935631782804 0.13189807993609537 0.0 0.0015659256408228133 0.1460237271015681 0.0 0.003086880652630236 0.0 
0.1423567485471423 0.012362139111921907 0.036090442288594246 0.12987708009813115 0.003874231879606742 0.12266761109886094 0.014260596949236409 0.006717896213218368 0.0046496918588886035 0.029880973043226056 
0.14113066434786925 0.0 0.06396137110363488 0.13004934354009312 0.15620713375887105 0.0 0.012222862313835736 0.0 0.0 0.0 
0.17265676837470137 0.00752391241708687 0.04776191072926154 0.27105576444714813 0.001966634340443901 8.544694241464455E-4 9.505992728180422E-4 0.0 0.01003552408781035 0.0062612081299709835 
0.10411209645811098 0.012328070284729136 0.3000096914058749 0.0 0.00244869452755211 0.0028167164534493977 0.001136074737873458 0.010391524318894093 0.0 0.08416347969643596 
0.10821022407748244 0.0 0.2934771809066016 0.0 0.0 0.0 2.9827225253526904E-4 0.004275055759769265 0.10021658475655991 6.093256771614051E-5 
0.11028308133888093 0.005759787306877696 0.28225917367508135 0.007575532555668531 0.003118016800768722 0.0031554846629056484 0.0011878338154319705 0.0980309055276528 1.9101093045806546E-8 0.012554636962989005 
0.12224742331423596 0.006159244930508228 0.2642067747120217 8.53739344379706E-5 0.0 2.5345379588682754E-5 0.11344156253025221 0.005528022625595711 0.0023356661520461826 0.0 
0.1017664513090007 0.012050318906694977 0.2951006061127618 0.0 0.0010221502400731962 0.09470502544839728 0.0 0.0 0.0 0.0011779167705807 
0.10228668627059324 7.177089582875108E-5 0.2840901259591522 0.0 0.12122877449927762 0.004178076399010414 2.4874393788230546E-4 5.685498493798676E-17 0.0015342204950208455 6.683676822173637E-4 
0.12840263187661854 0.004190259357644665 0.255677064678593 0.11351459265195933 0.00884614864027014 8.802619288095628E-4 6.038212636889105E-4 0.0 0.010222049070639576 0.0051003865693275115 
0.09990060509720726 0.005258179424439341 0.44053545112724635 0.0 0.0 1.636315872191226E-6 0.0 0.0 3.7924272248607255E-4 0.0036515191758385314 
0.10709973464016338 0.12672402373894345 0.06239465198017802 0.024590658489086894 0.004297473531520497 0.015809700313720337 0.0 0.022005275088672668 0.003528018032296372 0.14089835035293757 
0.15566134955437094 0.1604752356330193 0.017279133561943456 9.900010200450595E-6 0.003247669516741515 5.061628963924311E-5 6.477963683021891E-5 0.0015399150199065096 0.1568333242849024 0.0099562414484321 
0.1510244261709212 0.1805687189043336 0.01783315764576522 9.07987512310644E-7 0.003402961475393342 8.183501021518778E-4 0.0 0.1472138010504824 0.0014913658924879591 0.0018733101703447856 
0.16329524440198234 0.1518324037138724 0.03970348072506553 0.009863923803769539 0.0 0.0 0.14147939694510103 0.0 0.0 0.0 
0.18561856996674048 0.15558435275748328 0.017808716148845882 0.0 9.42426984449689E-4 0.15156975254896266 0.0060291314972118525 0.0 0.0010392120033185586 1.0762783901217917E-5 
0.1640521693035674 0.13876484384368767 0.029639235514015764 0.01732102445600876 0.16315987218437847 6.321710692609096E-5 0.0021537429103541113 0.0 0.003152238057603457 0.003960504097009375 
0.13192324390657462 0.1525575541866428 0.07459071023697256 0.14688666663788752 0.0 0.0 9.733727359797955E-5 0.0 0.001505544501332696 0.003518729151355344 
0.11136481666557842 0.10301672369985788 0.2602271544166399 0.0030146550037913338 0.003161662407212195 0.0 0.015198813097557922 0.007108202005590714 1.6347459316524154E-5 0.0 
0.1349869764216081 0.27362852035848384 0.04103768675587049 0.031533557709558326 0.004767995228591638 5.9891651088862986E-5 0.002620357873643926 0.0 0.009375876823850817 0.003805421422619097 
0.3352043417404836 0.012325302120333203 0.016154401976106923 1.1040351432756044E-5 0.006121001530502217 0.0 0.0 0.0 0.005467023809408814 0.14429482414846145 
0.3223110322012466 0.0 0.013584017355187232 9.97362820614227E-6 0.003271819689127931 5.0992680190697666E-5 5.2958945008024406E-5 0.0015513098150894287 0.15433564035504102 0.009956358494770038 
0.3237586127610137 0.007788210209130584 0.017304726504641307 0.0 0.0033973552920702255 0.001159681796117865 3.804880937039909E-4 0.14727230899670246 2.3127866975867607E-5 7.836752676672476E-4 
0.34756574840934473 0.009598737854694252 0.0 0.0 0.0 0.0 0.14655938689117576 0.0 0.0 0.0 
0.3206824909983416 0.004654376493966117 0.03129916987946442 0.0 0.0 0.14635894810647382 8.408553524029016E-4 0.0 3.5015122118243233E-4 0.003857962575758825 
0.3668088060214831 0.0 0.0 1.113520973345832E-5 0.1779348352134484 0.0 8.301446906846743E-4 0.0 0.002926275200271414 0.0 
0.2767491939729625 0.01205997724012224 0.07572560731032697 0.12084359854562053 0.008556918068933175 8.514811937180493E-4 9.332975790094785E-4 0.006501863741022269 0.0033216948370975337 0.004965051636963514 
0.22981418574307425 0.0 0.2830108044891239 0.0035420133638098426 1.3248176865796324E-5 5.592986541405515E-4 0.0021785544534827987 4.63779105455719E-4 0.0015566230653020392 0.0 
0.3178512118089337 0.14468910256161363 0.04658566688640806 0.0 0.0024111581054923788 0.0030258124143176107 5.539907179854366E-4 0.0 0.0013033321584773338 0.0 
0.548839487184019 0.0 3.7328922808080425E-4 0.0 0.0 0.0 0.0 0.0 0.0 0.0 
0.05850125987705463 0.03782662459691669 0.0988582671345456 0.0012531267989167626 0.014455163595166834 0.04744070432198097 0.01842557968374336 0.0 0.01219163515338562 0.22386172189693268 
0.025860836654229963 0.025859516930101255 0.10102793518091027 0.04088772909978515 0.04261498591268309 0.0 0.008207157325631534 0.006512776267591733 0.12662221200421786 0.12691924018259168 
0.016542831453257165 0.03195492652091265 0.11563257402479474 0.028215093668243214 0.03342701209746684 0.0019284661468279489 0.0 0.03646483563028477 0.2413861965189564 0.010384915175542969 
0.024188720826804688 0.04744993172722057 0.09941697297258507 0.02451064490274822 0.0016194517644626105 0.009589001658373392 0.0012876023773734932 0.1513024850450338 0.009584009655804124 0.14185931527570253 
0.017648521911275562 0.007217046099491708 0.05928665063661293 0.0055298810295982765 0.030538457028793885 0.06696647019053041 8.943185561748478E-4 0.14183345651743715 0.1529330811602072 0.027833738504101136 
0.02906962278368347 0.0373666139041469 0.16367214318780313 0.015121074465758885 0.015398869709113899 0.0218385019259688 0.0 0.2123565189860169 8.22047334892743E-4 0.01216858629390206 
0.020634209275640917 0.02441509341611435 0.1116010719409765 0.013004376939666754 0.0022726502308563668 0.008360707472474896 0.1590366499134042 0.024510006938378785 0.0035368958653045008 0.14125290410354296 
0.02180522959316276 0.03325411119469735 0.07640893288531674 0.030912619073346092 0.038288337221918836 4.8833535935130806E-5 0.15639631902608028 9.551465900554154E-4 0.128898531854472 0.018164264177616806 
0.04505557267796268 0.05210278163790633 0.08476810860140797 0.02670966094382757 0.012963883700828347 0.016848073721968823 0.11181027652522343 0.1490219411921769 0.012827976864072508 0.0 
0.02785039400230566 0.03295274808324417 0.15062821017579817 0.01685355269706665 2.6013425403395178E-5 0.01110259784861738 0.21308014081171314 0.03268438972807977 0.004686631713019018 0.019042717546762313 
0.016155606757643003 0.059158379482434444 0.07465238861674993 0.008981398382576567 0.014200048086331045 0.13684841656320573 0.0350045235241436 0.021473256438424806 0.006746424054623626 0.14301242080282092 
0.005199454096485718 0.04936239292601728 0.10700882596941544 0.043098130645414144 0.0020339761731154476 0.14018241164870232 0.012128025497293997 0.009564715485842432 0.12969964591158706 0.0038074594604850516 
0.028068296411243258 0.00878006262194023 0.08785706353407445 3.785680748077669E-6 0.02963982736589732 0.1392654024743522 0.009167226497528805 0.12454548602663441 0.028711735424347417 0.05445772994625825 
0.03360797756446419 0.015655401758722813 0.12587392877948647 0.013940106140017445 0.022390472004608936 0.1177939804029732 0.15943219615886642 0.012009601747347222 0.004867420284657436 0.005131974066812853 
0.039909204204639906 0.022104429399945565 0.14324334464033212 0.013555807999689471 0.0012866030849847513 0.19946756065507162 0.018831579285123804 0.046234487358407954 0.012990656217507578 0.00861740313538107 
0.04136238820924586 0.017537636985948662 0.11062536537591819 0.027182848497981072 0.13551202774186938 5.992457193935398E-9 0.022351300718408566 0.04029437972420134 9.990770108645824E-4 0.10942153407677814 
0.015454141625583218 0.031411288767742 0.08884805195370239 0.04394789105485213 0.13862231312360931 0.030210776709203423 6.569039778847912E-4 0.01768472977969684 0.13882230340133567 0.0024914063725458104 
0.002269976644504116 0.04257269612690765 0.13308445623912993 0.021739909328740765 0.15750865612626358 0.017007801607785304 0.015692680586931445 0.11571139090116547 1.5785708837323845E-6 0.0 
0.05217606595564559 0.019532895357248458 0.05099925810056166 0.016536171459249363 0.16239793040107003 0.02522424032620615 0.1268042538041746 0.01052636179138303 0.034313573417343826 0.006934701583035261 
0.040036015149597724 0.02217466591895976 0.09909866013790634 0.01065336962791113 0.16955981993256722 0.1284972131874128 0.0072830971538374355 0.016307773622902286 0.013231301998154402 2.265642352239819E-6 
0.07228931635081673 0.027062593276539443 0.07065886311977769 0.02291066809953079 0.22500039338842884 0.03494788377108075 8.010973979815649E-4 0.01052636179138303 0.034313573417343826 0.006934701583035261 
0.006994127610123971 0.024982848446404703 0.07777983208857478 0.14979976817071758 0.0012989426166774183 0.0057009938196184 0.04364324217631286 0.034216686658321956 0.006300498245581086 0.1620774310210645 
0.019636016845514363 0.04022226404723161 0.09609893898768285 0.13888303114439143 0.01873654987293602 0.029681368910645305 0.01237075039855852 0.0017479899922644244 0.11622483002646611 0.060337605818141356 
0.022851088540270403 0.05013341777202718 0.11717231959465796 0.12943294395666483 0.00822792620930837 0.0034164574508728065 0.010471137542270767 0.14224217426873811 0.02997962715035992 0.005018269232122684 
0.03830451787373718 0.0029861052441459363 0.09846714004125481 0.12936251583463101 0.0026878142791075914 0.03946386219643333 0.12118538118827824 0.0024284320026155266 0.055557318782493495 0.03051824866393151 
0.00802997409053555 0.005391276625412835 0.11383408859444297 0.1476907965817926 0.050111833149346925 0.13761295497560527 0.0 0.011759671305245571 0.009518778023681711 0.03042317839495191 
0.0169391343378716 0.03197099804955184 0.11670183923074708 0.15320485027755057 0.1504373893672626 0.00966919436897287 0.017341286789381447 0.015106150265627212 0.002984869900362415 0.014303896804762307 
0.030637479619297615 0.021178778379304868 0.14321584618745264 0.22427003849452687 0.0015942214099153743 0.01493906333792683 0.027393400344980307 0.013615589234564901 7.19905907719064E-5 0.03137898776539168 
0.0012167645729802379 0.03462046491825789 0.2810089787102572 0.040400107016862016 0.02910715707821091 0.0 0.014866478923785639 0.005260839671928701 0.0 0.10371701252507293 
0.031073094387751687 0.0 0.282083827138228 0.021822055978674672 0.0032446862629682337 0.01431307677660575 0.0247788034392147 0.004654336186812337 0.1120359821186786 0.014050620870290536 
0.010276137597972801 0.009209253959504154 0.27290598300623964 0.018042985690759843 0.0019295851563149327 0.01506780028817899 0.012603577482338939 0.09888261062633423 0.043640564337652316 0.0230375862417425 
0.0 0.0 0.3077573880203426 0.02395634445722939 0.009366071093201022 0.020393618544399666 0.11424683193296915 0.017155181903935113 0.005001148069202541 0.009316458241563495 
0.025529433772643998 0.005315157930851771 0.2800094630313924 0.03542706502668797 8.232232252337489E-8 0.11215867340833613 4.2764628192950053E-4 0.020324251917414094 0.009536996052133024 0.025665576183670703 
0.03187722675644037 0.060165220614416155 0.21961753876258633 0.014911571579150192 0.13018888236072496 4.947236043992199E-4 0.016556703715070537 0.02424292429469146 0.0029071441551650353 0.013931424611504713 
0.038779485092858126 0.025017462957910335 0.2703160980184382 0.10946292013469457 0.018637694922856097 2.8761196737863586E-4 0.005403317675671165 0.002334006907989826 0.007641372740212494 0.029958105379685327 
0.0 0.0 0.38989258476285416 0.03034988411482439 0.011865715689526901 0.025836327433407004 0.013108080816069212 0.016986859078051097 0.009837132126546745 0.009316458241563495 
0.035300636050832855 0.13952814552048728 0.11128439690524637 0.03260742468849673 0.028303145508213712 0.0 0.04751314419272776 0.005173210683356632 0.008074846539022192 0.09674049676735734 
0.01752291633429706 0.18536041835248712 0.1297648582544285 0.02392682071642962 0.0021065531713294916 0.0 0.005200623649132179 0.014689578117724408 0.12408297790946193 0.004315497734366567 
0.04058544931761154 0.12076425584926159 0.10270451163105482 0.034301829097326146 0.01969750799409723 0.0 0.011152105063110086 0.10235994907242893 0.03961871758184373 0.03800393410980746 
0.012805291949633658 0.1394716385468391 0.09692938554267207 0.041748419968209 0.026006223359806506 0.0 0.1329798827913455 0.005623664629332098 0.0 0.04830761201873137 
0.038232784321488904 0.13802353277019874 0.11240326088654917 0.02131007806521802 0.019814597114947582 0.1357071715693759 0.01035986921365441 0.0023738036233273657 0.003137821414556774 0.025015635371477572 
1.1996179906453396E-5 0.13773947714614967 0.11108412715978676 0.018041123005004704 0.12527106914997924 0.034595090664713904 0.0 0.002129421595458211 0.03937146614696665 0.039287879320254356 
0.039632769860509995 0.12253085402690847 0.15608333009114794 0.10426483286513095 0.03776510412441071 2.8640681417236446E-4 0.027667378304772637 0.0010875928354587667 0.02090741669816051 0.01161789452031768 
0.0014386608063822962 0.12095976807742823 0.2622008125724636 0.037007771270749085 0.003839681538818513 0.009298131718709315 0.03348935344151231 0.005962075752295774 0.008743582295271734 0.030406278917380077 
0.02592474901941008 0.23170134353605762 0.14058150503912178 0.03276126035621409 0.02754938789294618 0.004778595225760818 0.010311027068621616 0.003775702238796984 0.003132299826408528 0.024971615646471167 
0.13274467438564855 0.028006964755404335 0.1343549526870546 0.017673760995176733 0.0025900820890884285 0.015336240320707357 0.005468528085655735 0.022441033227729813 0.009562516013342624 0.1410805218032077 
0.1386702339463002 0.04631215811390236 0.12865356229465474 0.04226561139740989 0.0020926750228201347 0.0024071896686895457 6.448288188887108E-4 0.008872671301119385 0.13134282591582686 0.0056478121910315425 
0.13855705777801566 0.0 0.12088738846927986 0.03809051790434316 0.019019717986358615 0.02406740270622428 0.004903870030534936 0.1470084792545534 0.012654655788357784 0.0 
0.12817205329334544 0.030333230902769983 0.1473684291449146 0.023809716102494365 0.009308744667744949 0.020268796381335608 0.11354756727554498 0.01705018107201583 0.004970537801660151 0.009259435478914672 
0.15018854017720992 0.03979975893258444 0.14540190891534888 0.009967682791769156 0.006146133569561495 0.13765060176060914 0.013684777032899388 0.0 7.573336901713962E-4 6.553010538258344E-4 
0.10897169006025838 0.036393636877862186 0.10110025574017796 0.06357909141070853 0.13794933487965563 6.609775355248533E-4 0.014303323021992154 0.006278582981470819 0.01950657415988505 0.026286386188749747 
0.1577590438024031 0.006874710095330227 0.11548759092576183 0.11311865279804607 0.03212266674480644 0.0 0.014749914306235587 0.011919639480170165 0.012543104355767137 0.0604593648001354 
0.13449841406824398 0.005967597333750077 0.2643976327746143 0.03227745363291927 0.0039811543746898345 0.009640720823886945 0.013843940321544124 0.017337201796243082 0.009643895594606395 0.013147977325991234 
0.1258216996685855 0.11275870674338263 0.15214896184624804 0.024111259817297857 0.0025785493510276877 0.0 0.010239361547997271 0.011265400306593419 0.04393354708377231 0.023051860090241648 
0.2722755471265767 0.013718176938829846 0.04579823078628912 0.040258447632746754 0.05445047243777001 0.009085742490727933 0.015137219539440465 0.046952446345898076 0.013809647423607251 0.0037975435894809844 
0.04665366829341031 0.1561459164770335 0.0 0.004873660829789516 0.16382440536975104 0.011746592666588363 0.004517150242646675 0.11508374430027657 1.5700083330472656E-6 8.838965054574181E-5 
