0.0 0.0 0.5001541322565579 
0.0012368558807870367 0.044452399781115155 0.45705930771197556 
1.5572643379066169E-6 0.0835681568745828 0.41693923010267436 
0.0 0.12491550010177956 0.3756152738012718 
3.107150065263798E-6 0.16674035214592192 0.3336875953277857 
0.0 0.20852533339453577 0.2920975140919398 
0.0 0.2504430751110539 0.25007305361235066 
0.0 0.29219684663898415 0.208250226259451 
0.0 0.3336260223832473 0.16700351087822857 
0.0 0.3752550401860802 0.12509491357162542 
0.0 0.4175100280908336 0.08324459773148539 
0.0 0.4588906694863667 0.041645119151711846 
0.0 0.5002318295615034 0.0 
0.04095682047394805 0.0 0.45950795726186106 
0.04454245040703475 0.038803846199364514 0.42619024777445114 
0.04514529820706872 0.08242028968834085 0.37301528028596725 
0.04173478337833047 0.12507021139451993 0.33361954968114144 
0.035944948081225316 0.17112481044938976 0.294073862539184 
0.041865056953144617 0.20886108601980075 0.2503557032506819 
0.04303989369122662 0.2516460953650496 0.20964670949268266 
0.04194224205367756 0.2936557748225295 0.17020301441276964 
0.040767594843259494 0.3374304095456164 0.12607597928205674 
0.042514900901731725 0.37572369154947777 0.08238690976574596 
0.04267594876157202 0.4169887198375053 0.04094398260040782 
0.04185316988499563 0.46007237635412757 0.0 
0.08377984001411214 0.0 0.4169778912477568 
0.08714645307560724 0.04511106787327427 0.36867121729405194 
0.08466641958695043 0.08223639887354892 0.3342186500151851 
0.08308715901132924 0.1252907778548553 0.29247953529939846 
0.08420765251290985 0.1675523021222175 0.2513879874897541 
0.08381701385068972 0.2088262397597193 0.20835254038787282 
0.08407590612022209 0.2503430159522947 0.1669426321684805 
0.08646868201505484 0.2897638219296467 0.12482385807053777 
0.0829638418642023 0.33425909682448746 0.08335051294477791 
0.08259430634715476 0.3745009251175008 0.043652080220722894 
0.0835376418969151 0.41676194611774764 0.0 
0.1260829749886356 1.944857968641715E-4 0.3739367484168762 
0.12574388170730594 0.041625588769538154 0.33339209726811164 
0.12457996680608974 0.0848272197200382 0.2917889432123731 
0.12602479993868235 0.12492519046758109 0.2505792199566971 
0.1256284384085997 0.16668771010929975 0.2079607478611706 
0.1250158996962998 0.20924319262358648 0.16686284481841787 
0.12591437521191778 0.24958643771555555 0.12514750556430715 
0.12971450965993578 0.28874197422149406 0.08397254581795019 
0.12808799534768647 0.33705860266021104 0.03626990718133592 
0.12528207384548065 0.3756746975728783 0.0 
0.16680498518455844 0.0 0.33351300810074525 
0.16654837263677152 0.043787787860251504 0.2930833798443531 
0.16606343335456872 0.0847488343448494 0.24958117802063018 
0.1715489640564783 0.12316461020639324 0.20966633427298492 
0.16738977157801282 0.16742525922864523 0.16557869355521102 
0.16625094171648946 0.21151890660358533 0.12833517196887426 
0.16608965254805613 0.2521377327242704 0.08392657211652414 
0.16508671721327542 0.2943906811147233 0.04283101886273414 
0.16688663810029006 0.33373324512357233 0.0 
0.20901288479252722 5.413184581958333E-4 0.2908173323235831 
0.20839903585047465 0.04202934727478164 0.2500583833334842 
0.206177087517586 0.08654042779737652 0.2082462898666571 
0.20856613830462709 0.1250023588784067 0.16708375329717046 
0.20707445993623924 0.16876695828797722 0.1246941063134317 
0.2103390839262284 0.2103836770925512 0.08404293100476547 
0.20936190577640743 0.24956725709535374 0.04129655813572405 
0.20886323481914953 0.29261018891786994 0.0 
0.2503836550994072 4.472802584908431E-5 0.2500583833334842 
0.25770549215664434 0.03655585557915617 0.20950457111966897 
0.24975453358510089 0.08290258430676935 0.16792705959162782 
0.24961981542141726 0.1262215263777025 0.12469408095763355 
0.2546037549017207 0.16826995383786744 0.08311266998816322 
0.25065024458769575 0.20800491013961733 0.04162374578141919 
0.25159890129508655 0.2494036148521217 0.0 
0.29246357719829325 0.0 0.20822461658833105 
0.2978292020730161 0.03580359586701083 0.1665501973413012 
0.2928337667236644 0.08237392812789614 0.12507913054436262 
0.29078799196002675 0.12876174313437097 0.08245936778726382 
0.29137011656868583 0.16757908433163557 0.04165043097840684 
0.29356630245292414 0.2071542943886949 0.0 
0.33420563468491926 0.0 0.16683615865414345 
0.3373302720414456 0.03998763594615161 0.1251839660324472 
0.3336524015709517 0.08494427582901079 0.08320390384973766 
0.33524557694429485 0.124086965637372 0.0419067886199966 
0.33375700224071275 0.16686288098314966 0.0 
0.3754092137951689 0.0 0.1251463088421444 
0.3783745643374452 0.04121476267088071 0.08381651797184957 
0.37478824555620194 0.08397584992377043 0.04163363234248188 
0.376155959748833 0.12453157374970047 0.0 
0.4176824814290139 0.0 0.0829977505850359 
0.4168006793470602 0.04227371673333911 0.04166179265677219 
0.41822588367569064 0.08315465089421518 0.0 
0.4589908358402427 0.0 0.04165420942096231 
0.45824364211673674 0.04273266674364196 0.0 
0.5002851551316407 0.0 0.0 
