0.0 0.0 0.0 0.0 0.5000786294904742 
7.5236671311515104E-6 3.652281972432996E-5 1.5196363993722206E-7 0.07957191819746572 0.42077977084260626 
1.1785781784264514E-4 9.528115619757125E-7 2.8376259562472685E-4 0.16857609684955854 0.3315330943840449 
0.0 0.0 0.0 0.2504385747782494 0.250161317383252 
0.0 0.0 0.0 0.33373164484253093 0.16688609386614386 
0.0 0.0 0.0 0.4163603876209354 0.08368002492686166 
0.0 0.0 0.0 0.5001214416405215 0.0 
2.763264391905966E-4 1.258305128182748E-4 0.08151019762063004 8.591518397526387E-6 0.41878478485024967 
0.0 0.0 0.0810987871747685 0.08191108124919495 0.33922660941988986 
0.001252225015620704 1.0315346867231857E-4 0.08327907499250173 0.16559673120611676 0.25026977861930755 
1.2124690855019301E-7 0.021094950884309786 0.08007488089437645 0.22429356578977144 0.17805254691991 
0.0 0.0 0.08149813742582523 0.34138742032905667 0.08270604630071732 
0.0 0.0 0.08169684846892869 0.4251269030811121 1.1865911359427865E-4 
0.0015478562888591935 1.7916858203016714E-5 0.16555481382883144 1.7366470900804333E-4 0.33307032745513143 
6.199465040880127E-4 4.784689741541678E-5 0.1655605471142012 0.08217726717407008 0.25350025289268824 
0.0 0.0 0.16729276346763386 0.16729242248523704 0.16558326621427766 
0.0016605122421426979 0.0016030102108622712 0.17291107864427585 0.25204109891801885 0.08484857875025135 
0.0 0.0 0.16348500213737857 0.33654499109673996 0.0 
0.0 2.6441640609971214E-4 0.2500204975883443 0.0 0.2503235162176794 
0.0 0.0 0.2539113205888145 0.08441243336229265 0.1674334506399543 
0.0017487598691374577 7.71691193320611E-4 0.24740972697928507 0.17168944296460434 0.08147491658866897 
0.0 0.0 0.25083538471514494 0.2508153090228196 0.0 
0.0 0.0 0.3332675526493412 0.0013571020003577505 0.16560279892525348 
1.5859918203587376E-6 3.5078661686218634E-4 0.333188005460183 0.08353681253638535 0.08403459639188135 
0.0 0.0 0.33453432276664913 0.1669520120398737 1.697201477048833E-5 
0.0 0.0 0.4163463427010172 0.0 0.08379424861534931 
0.0 0.0 0.41602520217457367 0.08511878444944318 4.242556897707009E-4 
0.0 0.0 0.500085128272298 0.0 0.0 
3.690608059351631E-4 0.08295417340579996 1.2362381222739338E-6 0.0 0.4170443804086657 
0.0 0.08577845825313503 0.0 0.08405517258279406 0.33321051193419643 
0.00215688877412582 0.08292840511549207 0.0016193843164950378 0.1645540657123911 0.24989936477612812 
0.001377312617632011 0.10748151687469622 0.0 0.24868411012728514 0.16582682229864376 
0.0 0.08776418471229881 1.3598050022520168E-4 0.3325255465266732 0.0846152661873098 
8.363275676332712E-4 0.0852554448094405 0.0013007556715848162 0.41638849939334766 4.104915909192911E-4 
0.0012683717720817285 0.08325715366668315 0.0840829987011813 0.0013079836028420902 0.33038974751738576 
0.0 0.08389455694224356 0.08373961670461787 0.08049181343805509 0.2528846884889372 
0.0 0.08386256915068448 0.08210993151956984 0.1702591428297599 0.1663980835755506 
8.481758612434058E-4 0.09194225718655637 0.09085121264930726 0.23907077248227052 0.0836262641764223 
0.0 0.0834325158045461 0.08358529894442646 0.3331027938214028 0.0 
0.0 0.08372167111100562 0.1673700630229021 0.0 0.24981705509383045 
0.0 0.08059974988632591 0.1612453181837073 0.08810740041426693 0.17116600398363124 
3.120029343391617E-4 0.0941484900098079 0.1572418565848759 0.1741283634272493 0.08305719762333018 
0.0 0.084568425357583 0.16240517587568276 0.25303563538492563 5.667685611399098E-4 
0.0019005071290886374 0.07308375405505445 0.25994538566614256 4.421289936596512E-5 0.16685223406002433 
2.414969182147537E-4 0.07409247914831338 0.25981572187922236 0.08368941966786592 0.08418811288731749 
0.0 0.08402444198336247 0.252681791225876 0.16488242436269973 0.0 
1.73818768013404E-4 0.08281889353944986 0.3342943665149122 5.520330414035931E-4 0.08418811172881428 
0.0 0.0835249772042223 0.33282611089517783 0.08494920065205026 0.0021874182793299867 
3.1147708991564047E-4 0.08363006526781415 0.4166287025401497 0.0 0.0 
3.902907665009142E-4 0.1669645881068738 5.605019793630837E-4 8.061812067820653E-4 0.3316781554692008 
0.0 0.16778821775674466 0.0 0.08056577979875712 0.25311707187410204 
0.0 0.16779389762360877 0.0 0.16778046818395223 0.1660728026255999 
3.0748380875389783E-4 0.15456153355286925 0.006692928481851595 0.2572505323026961 0.08296786870981315 
0.0 0.16780250990439052 0.0 0.33251683469854876 0.0 
0.0 0.17228830491593147 0.07918191185450615 0.0 0.25205635366550344 
0.0 0.16451639827451997 0.08323601621504903 0.08355491642951406 0.17186885185130937 
0.0 0.17204972611481742 0.07285761096274632 0.1695875241493327 0.08601392996032949 
5.494145840323091E-4 0.16685469425759403 0.07973332160719522 0.25320348583309404 0.0 
0.0 0.16728091262235845 0.16674897624609597 0.0 0.16636439063952146 
0.0015576581297197963 0.16885012992645024 0.16684644829509482 0.08446342410130186 0.08289288788898812 
0.0 0.16374463407340006 0.16236448704551604 0.1754997205059844 0.0 
0.001905365543934212 0.16348180886492927 0.2537459150425859 0.0010070837152208187 0.08181654832629809 
0.0 0.1696544390432606 0.24914914314351044 0.08409390567833451 0.0 
0.0 0.1668320297509319 0.3335180361680762 0.0 0.0 
1.7617670033622893E-4 0.2500444628125403 0.0 0.0 0.2502592318228581 
1.1443214615730543E-4 0.2516430745742083 0.0 0.08199305618597802 0.16840165036072674 
4.3056952610378993E-4 0.24659605168615498 0.0 0.16928949704839302 0.08523053223351458 
0.0 0.250115303674494 0.0 0.25009528561409106 0.0 
0.0 0.25125168056838554 0.08366818136218823 0.0 0.16742222192445988 
0.0 0.24575196690540485 0.09142669634515926 0.08254295964525682 0.08099643989358564 
0.0 0.2501074980187338 0.08565279134305406 0.16586879514976846 0.0 
4.957876498634591E-4 0.2535519208587821 0.16678773409475298 4.696938501252912E-6 0.08323510322614258 
0.0 0.25199876922838826 0.16604902407605807 0.08383304031937777 0.0 
0.0 0.25101331628361295 0.2514523264516147 0.0 0.0 
5.056454249753017E-4 0.33453072071488377 4.865121803064873E-4 0.0 0.1660473219208645 
0.0 0.33315536531717815 0.0 0.08344038421712746 0.08384444446445743 
0.0010853511254605667 0.3329912291480026 9.542754328599279E-4 0.16562711301527264 0.0 
0.0 0.33312809821255546 0.08366146498286595 4.630245651191321E-6 0.08428066423548031 
0.0 0.3358922903299898 0.0813789545395182 0.08869768179462695 0.0 
0.0 0.33382451574621697 0.16734582757315075 0.0 0.0 
0.0 0.4167279392853715 0.0 1.2580773946668946E-8 0.08387105162759437 
0.0 0.41880361526395765 0.0 0.08409391232008719 0.0 
0.0 0.41859741066631684 0.0843474604879033 0.0 0.0 
0.0 0.5000190263572009 0.0 0.0 0.0 
0.08182685845304621 0.0 0.0 9.084606228731554E-18 0.41830380320742283 
0.08506768337938576 0.0 0.0 0.08800295258023517 0.32822290102958995 
0.0831806175327675 0.0 4.075478308501822E-4 0.1665475589834788 0.24993753502951302 
0.10601121694723592 0.002843790926358454 0.0 0.248675379775705 0.16582100075073972 
0.08456267884307839 0.0032291785718249963 1.360233758920251E-4 0.33263039431381575 0.08464194601239657 
0.08429747425393996 0.0 2.8232759924729623E-4 0.41734064584527963 0.0 
0.08355547704926405 8.168136146021328E-4 0.08393056617488938 0.0013056123833564699 0.33106965777137987 
0.0634834291987943 0.0036334890625128826 0.09910779473687135 0.08217547386087212 0.2531641470224035 
0.08375479424591198 0.0 0.08348846247471728 0.16724291583913894 0.16553426535674653 
0.0871186255339855 0.013997149027251072 0.07003603717451012 0.260646506036812 0.0824528567220696 
0.08344394257590315 0.0 0.08359674664069498 0.3331484149971122 0.0 
0.08302263859098506 7.809138718355915E-4 0.1676547445972292 6.041984333848914E-4 0.24973307718808302 
0.09255810816824886 0.0 0.16214433005630077 0.08295216933192531 0.1652324269986352 
0.07341849700382072 0.0 0.17534982670380614 0.16753955490140432 0.08386358870340638 
0.08164223786388487 3.280088202489808E-5 0.16630878931671234 0.2540706585063144 1.3982705437496381E-6 
0.08420901135151501 0.001265708051744787 0.24826365956273233 2.9571469209070217E-4 0.16615172299695774 
0.07875769726470487 0.0 0.25513701475430123 0.08362205015289972 0.08547652735131735 
0.08466976040597526 0.0020678105609578234 0.25193164645840027 0.16151666760261457 0.0 
0.08214633788130571 0.0 0.3347844578972258 0.0 0.08388523611961171 
0.08417994659285621 0.0017167388389210314 0.33389094023610616 0.08221173602960777 0.0 
0.08353561864740293 3.329980670940775E-4 0.41626674926566143 0.0 0.0 
0.08400691977691681 0.08400691977691681 5.607839090954863E-4 3.8746732740935246E-4 0.3315005661282155 
0.08286371987704026 0.08238389244770979 0.0 0.08289156644448552 0.25289813317088633 
0.08433369868758991 0.08303443708013139 0.0 0.16736779463169782 0.1656578683152405 
0.08507422724310207 0.0824730185408151 0.0 0.25001621885585934 0.08246780739176555 
0.0814918681207311 0.08417408441053839 0.0 0.3375172635794909 4.100044814191999E-4 
0.08726176039276991 0.08272804807967364 0.08608569644486941 0.0 0.2586595664158255 
0.07029157617031595 0.09085135871737858 0.08152923405769757 0.088408724351074 0.17175138516529567 
0.07824589670974268 0.0779740211586918 0.07903846518152557 0.18421651706390285 0.0839385213869235 
0.08423778087638033 0.08342904699607091 0.07705792910319269 0.2507315926339288 0.005883765873588815 
0.08502113419068595 0.08224860813782163 0.16597071927297555 0.001356991682641706 0.16558933720863733 
0.0839169518323276 0.08624461351122945 0.16660537137274478 0.08434138265216369 0.08213610676364413 
0.08275591765884195 0.08297835701232979 0.1660241359137714 0.16641677267006358 0.004361517592059945 
0.08635458422640267 0.07145981127082206 0.26270272121569616 0.0 0.08202079418917972 
0.07944193259405101 0.08341044946005512 0.2507268120006369 0.08709299176040304 3.2683979109482733E-4 
0.08281397164353864 0.08281397164353864 0.3336872841497204 0.0011476717713225337 0.0 
0.08064140453709917 0.16842517318555045 0.006192402572071353 0.007682868706024775 0.23986692114847508 
0.0801421499347338 0.16295013142504433 0.0 0.08913994226296938 0.1681377548488452 
0.07478111830001975 0.15702381187311282 0.0 0.18505956810887167 0.08399174218181595 
0.0823332039265011 0.16480419289304882 0.0 0.2532034513783828 0.0 
0.07570711382021007 0.15811956438185493 0.08798435550592898 0.01267324934329156 0.16639516089766793 
0.07850506410972155 0.17069856788673596 0.10151265034677699 0.07598476398629123 0.10396180013567571 
0.08215824436029508 0.16392761723050533 0.09135166960878091 0.16311850550051563 7.638175705346411E-4 
0.08461820248321258 0.16855415232417492 0.1662130457371159 4.6807546020719694E-6 0.08440683425055324 
0.08164326588347216 0.17528794934250944 0.1590087091116628 0.08767179347606743 0.0 
0.08231013813180404 0.16649069180846582 0.2520708233213439 0.0 0.0 
0.0868409957489467 0.2470527738917246 5.192463527259161E-4 5.114187478176232E-4 0.16575115745630395 
0.09306220941027257 0.24032863428663995 0.0 0.08349585916938343 0.083996216061762 
0.0841605832954123 0.2499818512616027 9.544635427983458E-4 0.16565976198113383 5.559515737562606E-17 
0.09263646859340023 0.25536040718909514 0.08777252394235376 8.996348799486597E-5 0.08355301163599335 
0.08425191476285296 0.2466839697178674 0.08571062887112164 0.08954311594109034 1.4942504541887887E-6 
0.08519183369021725 0.24865128955696109 0.16597444835310918 6.612134144582815E-4 0.0 
0.08000152970107381 0.33726175361153443 6.4650141941679E-4 0.0 0.08410890839929759 
0.08856578804548988 0.31774532132965955 0.0 0.09010974645670905 0.005437993419465397 
0.0790237309160603 0.3349411539801917 0.08364082759164794 6.582873250226502E-4 0.002067656857337912 
0.08374968889018855 0.41863116140006257 0.0 0.0 0.0 
0.16705051307318047 0.0 5.575685906967733E-4 0.0013420247376326696 0.3314770529740945 
0.16680221065283166 0.0 4.7646336550268996E-4 0.08269651399202965 0.25068278071123173 
0.16700075200120124 0.0 2.4250471942801246E-4 0.16724291583913894 0.16553426535674653 
0.16754724578391716 0.0 0.0 0.25001621885585934 0.08246780739176555 
0.16712330022130298 0.0 1.5301961296957175E-4 0.3332943440371739 0.0 
0.16698522912083058 0.0 0.0835067409580233 0.0 0.2501068865496104 
0.1649082629556298 0.0 0.08246808217096076 0.09027826242988439 0.1652324269986352 
0.1686045193343874 0.0 0.07751179805638352 0.17042468966878452 0.08392656370903649 
0.16592999961705518 0.0 0.08395121874502745 0.2500476276967259 0.001754805878658883 
0.16713869006006382 2.0011835701921295E-5 0.1666271541372483 0.0 0.16624284949809365 
0.16824027620716384 0.0 0.173321955023694 0.07820181695278426 0.08074461305539823 
0.16854636891172473 7.569589505068799E-4 0.16576507013307565 0.1672185465265826 0.0 
0.16871759382401744 0.0 0.24908415999802852 5.5901051609128835E-5 0.08346096282550916 
0.163053071635214 6.74653620995701E-5 0.2511396621731955 0.08723640026302794 0.0 
0.16683438042907842 0.0 0.3335227354668875 0.0 0.0 
0.16709035076116638 0.08368498866108895 3.720667322300301E-6 4.999367134982817E-5 0.24947199936088205 
0.16587165508901025 0.08477905749714737 0.0 0.08163259252070497 0.17614170052374528 
0.17423255044449099 0.08169412130113413 0.006362961240604669 0.1771012943367144 0.07972384978242265 
0.16708974006959945 0.08368468280430776 0.0 0.24945350459667906 0.0 
0.15598118090246807 0.07728954876531095 0.08603469755099558 0.010809931137347403 0.1713098586080573 
0.15734409480556877 0.0795900534418021 0.09651469825523525 0.08383103348179867 0.10166641928052776 
0.15350674198875378 0.09884554113391217 0.09784248192471229 0.16928539782033414 0.0059369768061432945 
0.1668569695698286 0.08528266393296212 0.1691370428006247 0.0 0.08624627944804455 
0.1623389129909369 0.08361420662440755 0.16419724886365905 0.09096119909102646 0.0017576432435309265 
0.16714464995544465 0.08401948774678171 0.24921358764424126 0.0 0.0 
0.16847200586369881 0.16238552601105527 0.0 0.0 0.17158037252093714 
0.16551845845226956 0.17010955672833725 0.0 0.08405614616787735 0.08185832836365214 
0.16648773815189338 0.16693523998482368 0.0 0.16725175364121395 2.401342568203259E-4 
0.16937960740472946 0.16739686265301512 0.0825967001818174 9.881187216543772E-7 0.0844036295848097 
0.16355448876715648 0.16962841758212663 0.08629259554948256 0.08900386663499911 0.0 
0.1683237897578531 0.16414001153260546 0.16820792726663641 5.587849428516054E-6 9.945931138422779E-6 
0.16674653014337318 0.25308767051492725 0.0 0.0 0.08449621812206236 
0.17220167243423254 0.24436232510201605 0.0012590236937317584 0.08524952301562773 0.0 
0.16952646368282498 0.2514823062922709 0.0874212556974157 9.215892507248324E-4 0.0 
0.1665925640544536 0.33346392162130595 1.6229833143536477E-5 0.0 0.0 
0.2504855505620223 0.0 0.0 4.540345361281678E-4 0.24958193269306828 
0.24985272758203045 9.959880191248922E-4 2.2855826402958584E-4 0.0855234061048069 0.16658071647926703 
0.24876832370762686 0.0 0.0 0.16753955490140432 0.08386358870340638 
0.2492926193579115 0.0018122816379929278 0.0 0.24978224197260426 0.0 
0.2538334705738012 0.0010118564563654556 0.08516853187635148 0.0 0.16626586860827264 
0.2439499878455731 7.814932555973055E-5 0.09078538283035549 0.08196396119416373 0.08478668788180949 
0.2494440880131982 9.812198956990206E-4 0.08576162976023295 0.1646281293744612 0.0 
0.24976048894023692 0.0 0.1675410958639402 0.0 0.08543247495432525 
0.2485405382459325 0.0 0.16568486944372765 0.08731040775500995 4.0866214400776823E-4 
0.2504647869327704 0.0 0.25000221730944017 0.0 0.0 
0.2550641281686371 0.08295112843250013 5.393998272820352E-4 0.0 0.16464376974416 
0.25338466067869186 0.08270021019486186 0.0 0.08437691199669207 0.08301854939138369 
0.25433301564740063 0.08304044499752908 0.0 0.16663409039286325 5.463263233645488E-4 
0.2512325908408949 0.08221961164245001 0.08355178681391214 0.0 0.08649971940244658 
0.25108344565906426 0.08195157528108937 0.08068670406971967 0.09027079184551172 0.002453384600368812 
0.2518019973853561 0.08419701653105217 0.168027931362515 0.0 0.0 
0.2491240742728495 0.16866593148971953 0.0 3.0670598868309573E-6 0.08408541885282202 
0.2518409933413763 0.1681319485526037 0.0 0.08445483558088361 5.522514097855868E-4 
0.2491883492109257 0.1687094479275978 0.08550685965840354 6.645270026295901E-5 5.462036418919356E-4 
0.25000947042020366 0.2503385230805674 0.0 0.0 0.0 
0.3334031632985033 0.0 1.8908702369316143E-7 0.0 0.1666230731365547 
0.3341203162476976 0.0 0.0 0.08368206087845502 0.0841807102479385 
0.33428769156310534 0.0 0.0 0.1668289287779742 0.0 
0.3330460900428567 0.0 0.08364086953128327 4.629105795462706E-6 0.08425991635185225 
0.3301698440677506 0.0 0.0799925377992825 0.08817789931524504 0.0022596109792232017 
0.33387336895488845 0.0 0.16696492905922794 0.0 0.0 
0.3272467893118691 0.09065306695926272 0.0 4.642580244327344E-6 0.08410784455808701 
0.32944104590184986 0.08671054351472599 0.001247909002602243 0.08315790735293885 0.0 
0.32739371965256986 0.08695855338902049 0.08517341706977787 5.702741505534062E-4 5.207380123038325E-4 
0.3332996032333984 0.16692869091645263 0.0 0.0 0.0 
0.4165430093875318 0.0 0.0 1.1195556602045084E-5 0.08392922287843907 
0.4176767260165516 0.0 0.0 0.08345895454979267 0.0 
0.41676241739175757 0.0 0.0846064047353897 6.708216072466595E-5 0.0 
0.41640877078644045 0.0840244571705585 0.0 0.0 2.312441475400402E-4 
0.5000863053805311 0.0 0.0 0.0 0.0 
