0.21452585233510119 0.05693516278129968 0.06634517281305313 0.015772822468222616 0.08204021632949131 0.024359112677903947 0.020012061207387116 0.013657726471109041 0.005960395212291784 9.291906237528329E-4 
0.13626931288879846 0.03957438317684091 0.02771357109275715 0.023081468613823583 0.0137409310280022 5.354224457625385E-4 0.19500714174020584 0.0032942368609640924 0.00302500027387579 0.059271278287552284 
0.00961455573406997 0.19806935475425463 0.15103195353998486 0.023623514178608116 0.035616125041049926 0.012986099720923197 0.004633227666493628 0.036530704668115845 0.02197737281936303 0.006776950973417303 
0.205253541496571 0.0037914001282150734 0.01747600981697967 0.044543032238427524 0.0313878488721945 0.007415154192715392 0.01642587488077118 0.004161190919666886 0.028952899002362118 0.14104527508414946 
0.037311983745774324 0.02644084179632511 0.0033775450074960338 3.2490358406022843E-4 0.011563626188557295 0.01168711124026279 1.66233312854908E-6 0.22451448628369783 0.016558636034664124 0.17633806382030115 
0.012231839908847743 0.15394605225322772 0.10056129252625662 9.982323277079423E-5 0.004013479971202483 0.18865584018414933 0.011728757514763995 0.014272500730336422 0.007336811071152614 0.014264123796871671 
0.2645606242399854 0.0024718045623315543 0.18130182297752478 0.005604025582782392 7.108867093281761E-4 0.00990569927547539 0.0011216238674637295 0.027967649406224086 0.005086412833631157 0.0016469011352367466 
0.0026236118660884146 0.005887612122646782 0.05026877483478879 0.2808694315786618 0.009922455338416396 0.016811066999491996 0.10838722352733411 0.0030584394925604083 9.258177101354163E-5 0.029180432003698183 
7.85476849736792E-4 0.009509231906603258 0.06418225123555561 0.18687019296603408 0.1926785829701887 0.02238677258516293 0.002457003130062228 0.0035957208485609526 0.011814060234145227 0.00623830306355667 
0.0026086514059469033 0.02220402148341632 6.968035815157394E-4 0.14015703767150434 5.606154993668814E-4 0.10049780910782642 0.006812641930541529 0.004825436433999447 0.003062639651767876 0.21893469150595843 
2.4699551204665883E-5 0.001186865251999098 2.3037806068731023E-4 0.0066069402740490035 0.07535050926304959 0.21575773204232349 0.0011178482604660858 0.012275886358834793 0.0012583167708618418 0.18684926675546523 
0.040319518567196726 0.2604493234257165 0.03832505363541744 0.012459095688362065 0.022684272383458007 0.09657836427174844 0.009723100110545687 0.009737988166040098 7.058527269302571E-4 0.0095038826522752 
0.039333583142280276 0.03339822684892638 0.010010127034886011 0.014211056665947578 0.007811125455113311 0.007601288373573181 0.06611589840618988 0.006005631879969997 0.006453159156395071 0.3146109857344928 
0.05270012386869527 0.0458275430908725 0.007154004948219567 0.009539547404563772 0.1809860925248006 0.024631946088293017 0.0017378536706438694 3.9468380578526143E-4 0.18095152850772325 0.0020352933844690717 
0.12583526623146157 0.1435074505241396 0.009037730584782622 0.021687807532645344 0.031228668967518636 0.001727676472747617 0.04058098806285795 0.00699913495598031 0.09847722833179814 0.02203250312336697 
0.008602319022709767 0.006095965251023313 0.08659896202898962 0.004515887319169627 0.01787968428308609 0.018294505701576768 2.602145412408796E-6 0.35144540553815523 0.009167695967066887 0.0035851891149374336 
0.27037217291393867 0.06123137637883523 0.043221901061295045 0.06052751624917903 7.75224093387486E-6 0.024344657341078952 0.020000185525003267 0.013649621617742086 0.0020135846959029664 0.00511319969724634 
9.486689606621826E-4 0.0134106385464898 0.07460556033228964 0.02064549930046178 0.152238672999561 0.05016584006250966 0.008200462864972556 0.024633285874033534 0.00779425691295313 0.14852373855096912 
0.021089663366273586 0.018607730599607724 0.30571700861812473 0.021158988262572086 0.03172819493588458 0.03099575095332056 0.010858951055431783 0.021767862074964433 0.016823530683888605 0.025465147804142843 
0.04421791144321408 0.11014494710254656 0.051324010221359344 0.028504626297634495 0.06060874296927697 0.11751009190381079 0.009370005913502604 0.0480567205253678 0.009688609691563469 0.02517851961994111 
0.0020993533717629056 8.335430985700346E-4 0.0019720877175305757 0.02344346593588017 0.12728108315762748 0.2568084827692473 0.042422718379181955 0.02006878719935741 0.01917858147973618 0.006283630271195625 
0.09438880633377948 0.02391990887050248 0.039938200452527856 0.14601366607827948 0.0011817069637855397 0.06078071718451927 3.122520882883056E-4 0.12151384499182538 0.009103136834977793 0.008048082984175744 
0.013011169043644003 0.054952861593146114 0.05654807400850121 0.00583036622294599 0.0011335615637703658 0.138720601274248 0.20976015094816294 0.009937366370561173 8.792146308761234E-4 0.009555861863879304 
0.027389981667432874 0.09877961120756677 0.10589353405202015 0.053857507143493896 0.0010678972177820118 0.027723978537195357 0.017125958272306667 0.0028815474321099823 0.025090335426929806 0.14322070569132417 
0.003115490482601771 0.17563069897976366 0.02000324052494632 0.016473988101418462 0.04337365386654358 0.010512743686574523 0.1881634142674809 0.027754553675532145 0.003182764814988082 0.0132423853634968 
0.01482943805619622 0.0024050203716883085 0.01138419948581049 0.001455216634025732 0.1675193091703878 0.011039276746147932 3.9076805584964077E-4 0.26608057332108004 0.019351018783866213 0.00628803951821339 
0.048596353476789526 0.03607602412989865 0.07643068359316142 9.39658529024428E-4 0.09005348239700849 0.17820278745826235 0.01918486139071197 0.0414456426730493 0.012396159909216683 0.0027253288656889363 
0.16221367712911247 0.0496305537161844 0.007775909460811708 0.016618039870495642 5.958700211009032E-4 0.20401036099122835 0.021925937680241408 8.98477072798946E-4 0.03469523270841331 0.0025101416561127497 
0.01885326066112789 0.006689703669250406 0.008182781106642285 0.1644728757189181 0.2616545658863761 0.017578480464023022 0.004829324469850465 0.0068521930329793965 0.008248858006301285 0.0036532880221770954 
0.018090653143568614 0.0025121835195150437 0.019289437303851235 0.001291837448884517 0.2972064640431674 0.11776099661237913 0.021602823863061154 6.21880305254343E-4 5.051994859366177E-4 0.02185418702145745 
0.004792240763076731 0.054809201716049805 0.007594631360832892 0.28514089116071945 0.02273485898925646 0.09834950188841271 0.010233749232796846 0.009875585109135667 7.105374389503283E-4 0.006256600419171764 
0.023714604152939668 0.004857061895774763 0.03483220549911668 0.008084551755321334 0.02018326520201589 0.022558842422517884 0.09272795827129508 0.26873593699520965 0.019790604821900606 0.004888353958980539 
0.02313817768860647 0.019325588634394323 0.229767649116039 0.0010013493231097149 0.013937524171506984 0.1757341820614419 0.0024635965616343954 0.013669549812122556 0.0014344491942433841 0.020348089992815316 
0.0015121882505006242 0.03208579585133663 0.004542766500659363 0.004994032914375811 0.01948544486211879 0.17328838175954606 0.25478085393606176 0.005630884194058506 0.004243402833886987 3.5280884317392323E-4 
0.012021604618526078 0.043815367953878984 0.00924650105964174 0.006440889329228916 1.8397769029642643E-4 0.19254439164392123 0.1085283081955294 0.011919602800583221 5.10316758082614E-4 0.11600037224602551 
0.025419489754233655 0.1196952866170683 0.0635910353670039 0.026918741779661137 0.20559056306182136 0.006792384330683892 1.2534592396883283E-4 0.010921809968147308 0.01562811228782614 0.025849618397813405 
0.0041669823550203365 0.04512817754235633 0.0034765207181892614 0.037761598314754785 0.14183837025068147 4.653404083305848E-4 0.1105965779194874 0.002894254274108397 0.14164735228493455 0.012498647602080918 
0.04141159864220823 0.07975599481905132 0.1378407785950369 0.17120637694354457 0.02573895035238017 0.032942865721887246 0.006417441545738464 0.0018073839657529616 6.768740032709977E-4 0.002581799625096407 
0.020093925170726452 0.007908970075205368 0.16705268761767805 0.0336729113920503 0.017330135392055763 0.07723849159479534 0.14957385959873107 0.019501548157885514 0.0013040403198538724 0.007707125936415174 
0.21321371947933276 0.11153837554231949 0.02147042220963501 0.039760227377758896 0.019688867978392692 0.05751693524988097 0.002079047848041748 0.01795929372100204 0.0016992725030012517 0.021014186189122736 
0.0027713778552578357 0.04309176581100749 0.0030321622969367175 0.22927516664868547 0.014189395218405296 0.013592211345044382 0.0013732831150151603 0.17485114765775953 0.0025566489156490907 0.02100582243757875 
0.05273453758525011 0.0209347930489918 0.012797400198501691 0.03589779195584978 0.07086127500539645 0.07364386999029274 0.014133998131321834 0.10845191735641846 0.07518472819651087 0.03657485877904787 
0.13137334418660235 0.12249245293544031 0.04274673615899008 0.04906245756838783 8.891583759249523E-4 0.007362435544659238 0.1148805769077671 0.010679738142371099 0.007303179623738188 0.014310204012997353 
0.09133287132280188 0.009464699597298835 0.007445152782500241 0.006664460377856852 0.006020514286929398 0.2888923881763931 0.04095515613666218 0.008590793007428031 0.03733598817550744 0.003998448053092521 
0.21329513511562193 0.04159377964655602 0.009574765405159051 0.004907417982926282 0.018672228680322197 0.057427819441782366 0.017164152500535188 0.1202436020486417 2.452447214368177E-4 0.017477167798582254 
0.00388999100080223 0.049737561672991724 0.061006935959865775 0.013033617630103092 0.20586033307633755 0.024097584046848274 0.00725913205350284 5.263314092541141E-4 0.0931720267020087 0.0418445509723797 
0.011788310836612794 0.12161403394161477 0.02575466196556242 0.023859579138915597 0.026678368854753824 0.027660538933451585 0.008380880597444303 0.10627685143153845 0.01684264369205875 0.1380466572138929 
0.3376736567398888 0.04567654941260073 0.02629295055791312 0.00575692664197729 0.023231310793319606 0.01712045974764591 0.02158389366107713 5.762431637604935E-4 4.6603290641893043E-4 0.02183121153184328 
0.013756904108955536 0.0034789328176542548 0.0015640458393199998 0.09428103108363928 0.09791665069278493 0.14776923420616314 0.12283610813992257 0.006818310629538494 0.006503217069332658 0.00828156895782008 
0.13752427760579353 0.09731887077746786 0.006978217061232777 0.17276367068075182 0.03426560841330111 5.215299291050682E-4 0.002474429430573855 0.014772342451834184 0.015141038963699944 0.019977018874635526 
0.0019156458896451597 0.018274351950305686 5.024232230385398E-4 0.0810661561725419 0.004094349135836718 0.0798017276499256 0.001261441202139457 2.9597037978516133E-5 0.002235911446992753 0.3118122472036523 
3.708508071174282E-4 0.019094546531779034 0.006735158944026969 0.19611379812550037 0.012976122881500064 0.1681374484237128 0.04537896694207948 0.018773616825128965 0.0014152223975546355 0.03179674235596812 
0.16892428597695275 0.033472672758153556 0.022632091680534906 0.044714524951533566 0.07458848627863628 0.028671489097768114 0.05647108322740055 0.020122301580917087 0.012187416706819046 0.04321952090244206 
0.15548088383445868 0.04543686617821812 0.1524682425785226 0.023272511320661493 0.0257140666256215 0.0010370840003202581 0.021223394788018452 0.030447455359769945 0.03899278574789378 0.006776819055052342 
0.04306440896009334 0.14628635022595343 0.021436192838861612 0.0038409272228648148 0.12980558142825507 0.026782035758380687 0.10784712864412 0.002617309307908134 4.6970719326053153E-4 0.019575667757122096 
0.0381582593490208 0.08597188948159597 0.04290056813881038 0.010767123280019563 0.001949336886832498 0.041258386285001974 0.011126445083329304 0.07697096490008316 2.0170500172181905E-4 0.19196186092903839 
0.04977164645414407 0.020698905680103467 0.09572033525548786 0.0017994629421602829 0.010082222777932658 0.07869699166122548 0.0013872632404731465 0.02176384110215888 0.017876097977032997 0.20331584064087146 
0.048581887321783264 0.1643211229357934 0.02415428646904849 6.554170068719217E-4 0.05607016831674065 0.045143901091461734 0.004037768207708155 0.010817002607055913 0.11994286076232571 0.02729753590293755 
0.10632697843987048 0.02443290048293144 0.04188940065518581 0.005970959571741969 0.24711420781207574 0.01952122871380756 0.0033659057514074443 0.03724882098917707 0.012279544763024267 0.00402207440479085 
0.05319717783958405 0.006809352487650532 0.0014558850368588453 0.009290415925731082 0.10550275047649241 0.12343816573741696 2.534722050074296E-5 0.1774999481687478 0.001910667023342083 0.027224595254072857 
0.013349684984681543 0.00248865279921169 0.08046586011575896 0.0142211037076008 0.006589624432465353 0.028819990172929914 0.12795857035883268 0.17849998840805575 6.121143899808817E-4 0.04736694418422101 
0.15576371027693048 0.027891504517508322 0.007018637958786461 0.08849800176401497 0.16279818292447598 0.022003711105548763 7.51939004544366E-4 0.008720465878231103 0.02658175158841012 0.001585888652334356 
0.019651428811841648 0.004077913168839944 0.0021469052018019876 0.20083657685075976 0.013175408994312268 0.002714848478205039 0.24899143019191505 0.005286723630859666 4.938199708827422E-4 0.0047846308074214 
0.10457765733702204 0.061109846047369326 0.03165222836317751 0.13919502688432187 0.02029436356670362 0.03054911209230436 0.009749540728134337 0.015734149747695433 0.00655967251849019 0.08914678664591028 
0.01054938734045224 0.00881853682507694 0.11554033099120573 0.023289534476566662 0.05128029454088916 0.07368401274157312 0.13100533516965795 0.0805448700701937 0.0013102371695066625 0.005445398000616496 
0.09718264737042681 0.01895117588126573 0.0047944141017673405 0.002243958059785183 0.1679002203565741 0.05803173543799539 0.017344652236678252 0.1256727558075886 3.2113369490731033E-4 0.008201258462051948 
0.0025878025390538052 0.0020032781927580975 0.02746452338732208 3.446046302385728E-4 0.16021046346524445 0.021436080703700733 0.08110712346537056 0.12769667519589067 0.07933446208360999 0.0013651785625206755 
0.00506681016947545 0.00504133994622659 0.1381184441054825 0.0012834524840136968 0.12657374829742557 0.017399549805469323 0.1762868110179487 0.00559864880855727 0.03029320693143109 1.4296092377883706E-4 
0.004191552788319341 0.004094099327918017 1.947690536842727E-4 0.020334211368716205 0.11457583759379902 0.012207547825254258 5.995513000062948E-4 0.0324703822579896 0.1255236646965465 0.19233737506472154 
0.04983914651483797 0.013508488027397273 0.0041678656634044735 0.2438056095587255 0.0644940158289768 0.07995016520019567 0.025872499299662653 0.008292061781056898 0.001992846885109287 0.008895133190351047 
0.2001120214348689 0.0018696576974788516 0.1371355786224208 0.004238850323115512 5.377103143126877E-4 0.005692677929507687 0.1349867464526229 0.012928855042739095 0.0023327097083034793 0.0016505476009928387 
0.0010856694720421704 0.11415509670762446 0.0299025532471112 0.012368706191300956 0.117025985492254 0.20709638618164125 0.007527466588280009 0.00998026347597694 0.0015517117496664054 1.1960255097985369E-4 
0.005689262666782808 0.07959953303989883 0.08114699766229831 0.08069984244364799 0.029465719519785855 0.1670342283624012 0.021200431950287014 0.03333133624878745 5.159675415339451E-4 0.0019633869136266276 
0.036595561243450536 0.009677236814325219 0.10750935904990332 5.37738608409398E-4 0.20372747845432768 0.01641756905375803 0.027016085127986623 0.05599061877499105 0.040056451347439744 0.003472893966921766 
0.001931663773523579 0.23752058372698012 0.06264495087067816 0.05126012330656704 0.09144885077896223 0.0380810667526353 0.01084915147974157 0.0042500858664237555 0.007509894484638018 4.706268704283334E-4 
0.06647421722873217 0.017578272345378145 0.02692651936389763 2.2649649421285697E-4 0.15434281138599604 0.01217620388523578 0.005978672033139289 0.039455161015735415 0.004596111387812926 0.17324652730137305 
0.001329916626482443 0.1703643228031142 0.02681939112373196 0.015894193474157662 0.05515321354841786 0.020007650561798967 6.660235788206089E-4 0.14813821806845176 0.02844759871884016 0.039268017019093035 
0.00416190944407851 0.025102278637134424 0.14093623006641579 0.015524393715448942 0.14547986529914042 0.036755657103791306 0.0018859796934945511 2.7238670555106327E-4 0.10578501184983213 0.02627617996013112 
0.062274318656871025 0.024725865227251675 0.012397714763532089 0.005840163892166348 0.006426584692266178 0.08865233972418769 0.010970522064623739 0.26896293743953825 0.020251546328626958 6.216947999579789E-4 
0.01587369602530413 0.06302686118797242 0.012942283535569685 0.0022139404230076495 0.1367281949834618 5.140512008489645E-4 0.21148967764275914 0.002128242138725741 0.0015868694675921287 0.059634127337288484 
0.0051100872480782464 0.05613062990294741 0.002054917649516641 0.2479695201852069 0.032393951470429394 0.0023737412527267622 0.04251108934616277 0.007278990294541109 0.10272974664015086 0.002590221133980175 
0.018434972669100956 0.002392951879250661 0.14890217368657768 0.008672220749596019 0.28100723074542916 0.0071980854212273055 0.010086460552629593 0.009700918816360853 6.179503860789896E-4 0.013244744324548604 
0.011505355778933503 0.001223377353958538 0.20567033313679722 0.11440870912734376 0.01593850448582699 0.026199265449208795 6.765227341140507E-4 0.07773598497325683 0.0327513630133409 0.015374985339379308 
0.11674925032663006 0.0213100916771449 0.07911500050226605 0.04187209064307824 0.0206668332313352 0.004785532031253246 0.13133748353532831 0.007795091721983175 0.0741807974021655 0.0025111737767786997 
0.006930929119076504 0.13542209392295967 0.1619414149522181 0.020760762599085096 0.018994353389574465 0.02485773944730933 0.007488120504062963 0.004911206236737854 0.09722494194836219 0.021900569329726758 
0.010484897974112176 0.0017908927199253748 0.0798978257648428 0.03168451116851705 0.08982110340558502 0.05237291824962832 0.22454056003011716 0.002032499872222552 0.003966824996133594 0.00367824846895481 
0.126181244027589 0.027696684202837985 0.014163701149122979 0.10971229080860975 0.017867813780978122 0.18697452828567623 0.003804111567342641 0.00820817260863438 0.004739947913515169 0.0019867536603017906 
0.09630133640240765 0.00833804137629915 0.0075766109559756885 0.002343538437370398 0.03317935461595269 0.012963526537216438 0.004080218670769971 0.24191509285756335 0.09399383436253674 5.326187925150847E-4 
0.0013257405592878243 0.09275593490642348 0.011667172074472485 0.034699443420715154 0.2212246204561606 0.0948939259699432 0.00986941286001627 0.01477958418929069 6.928077506473631E-4 0.01862602396577242 
4.399484937493032E-4 0.05998286239411473 0.22334924034890033 0.07991281310686565 0.0014440215966173887 0.07755613531926946 0.02239662472250082 1.0964752831337222E-4 0.011391142445192905 0.02908770881773813 
0.0019462010303161904 0.031482755973518566 0.24522928753501946 0.031180568607198228 0.10801619931508848 0.010161506779793493 0.00934906013900748 0.033077708329111805 0.024137233184186136 0.006685482564471762 
0.03446733953943675 0.012306052914232014 0.1977453844104943 0.004145385547836534 0.025898962038425594 0.0052613060145299834 0.009666034105384228 0.1131476401463408 0.0026500465618913907 0.09540325774630617 
0.21137205613517407 0.0017418171256611584 0.0686390622831428 0.006728120432432107 0.07354016271688042 0.006947519641485072 0.005267182273372842 0.07779623879273907 0.029333995338066982 0.024742964130491776 
0.001361334035898591 0.014743168756754738 0.018354888490015108 0.10228535733374827 0.0066420633438526245 0.10241419326091003 0.09605259686518923 0.0044735507756464106 0.14164707869768478 0.012498623461349953 
0.002087208344359799 0.030833352462239533 0.004757890135225085 0.0029853428241390662 0.029443609754600204 0.149883189835507 0.1701997137250232 0.04554718253844492 0.007192736559481595 0.06313220427453681 
0.010895696223741098 0.007933067544113267 0.005952505115718899 2.874773987751661E-4 0.10771587794270603 0.01780296496504821 0.13154004901272348 0.018309437921902098 0.014213032130345006 0.1890560449874931 
0.14109341645292098 0.025264598893996494 0.005575512772160295 0.013724870648900041 0.10826610732790766 0.12528925273327207 0.031242151805050706 0.022408867633900414 0.026549110135898182 0.0023047566178907336 
0.015951283618338415 0.014074060032776283 0.231230751611536 0.05125528378748236 0.027285967744860987 0.026442962598720518 0.009263941920702453 0.01865336266246626 0.014355436309076864 0.09715166062558585 
0.008676213295003553 0.001958139181707976 7.696624912973411E-4 0.07352920663816241 0.32045170467445516 0.05822513472784751 0.0015931725734660963 0.039286832680571517 8.717869578556639E-4 0.0012073430024493147 
0.007043187350783571 0.025194442584190676 0.13760368342513324 0.03275464349987053 0.16432081599312098 0.021373111333975122 1.7062441473381706E-5 0.10078763408997236 0.0049115619106005525 0.012371967968950516 
0.05470138773874966 0.03004974847793386 0.024340486002903172 3.0161697402809087E-4 0.025802983937897497 0.02165421646395053 0.14405174386155067 0.00653205683216161 0.16365376007374194 0.029924001415727076 
0.016111104903177482 0.0038223045125358665 0.0018898727110548577 0.11488531090669638 0.1198588901628955 0.010994314042046248 0.026962025503865315 0.16380253570794792 0.03894719113194281 0.0037652137395966113 
0.04221483491434036 0.016279878285536984 0.0061333143887097735 0.003522720771133723 0.001085960247570094 0.22878466935086522 0.08875109943314258 0.012363498234865369 0.1007110905873962 0.001650588081463745 
0.052394070244161484 0.021789512612965144 0.10076375459653185 0.0031110447663799255 0.009738207039382017 0.08199632663743307 0.0014576252255499428 0.02286770302119999 0.13479850666096485 0.07219585692702214 
0.009530138937813706 0.0016278133068865764 0.07262229754149413 0.03756478789880922 0.168669433503608 0.09449097232317635 0.10608459761887412 0.0020324888180841497 0.0039668034217988915 0.0036782284640986176 
0.19156692329124567 0.038016401258853055 0.026580611585502636 0.011282605013250957 0.032621383971767705 0.007069303790995639 0.0015377352534403277 0.08288887975864195 0.00887732421439849 0.10084672785859695 
0.014758096792287512 0.004245945617686753 0.1136849900298775 0.0024134453199406098 0.0019557114072770686 0.01525351825165076 0.018053686368226733 0.13059339601521122 0.19934606913211658 0.001777960762350098 
0.005291897514803352 0.021124260987712865 0.0030705783219512634 0.0687103264986328 0.1590697442515838 0.002405007838269571 5.873453128502529E-4 0.049629120596707835 0.001680205773102237 0.18877249077166072 
0.07821276890021518 0.14916830696396116 0.03759546295528575 0.042974395484927784 0.009427259388938541 0.07354058389665205 0.02051415018233872 0.07491683171681815 3.5075358807152944E-4 0.014818855673293248 
0.03061307783337169 0.0019367200904926536 0.0013907270838325967 0.005785684296825087 0.1865416338114334 0.07859892470773114 3.3879082976097217E-4 0.19497496708930753 0.0012951031806721042 3.5735223018844883E-4 
0.1593919513416692 0.13429669924556062 0.05580981340579627 0.0083458500695127 0.031757743478264065 0.007402220760019237 9.143287500911742E-4 0.0827194004356965 6.347353562884782E-4 0.024738162614700264 
0.0039827815110814865 0.0035877636732447723 0.04155323607009046 0.03347677579023716 0.048411836661381415 3.6406758487495975E-4 0.1713833307348359 0.006212086567397263 0.049841073293831493 0.14278412975014212 
0.027306981303034553 0.05208019389349352 0.013125971864117084 0.015003956905212022 0.14118124246239025 0.1572964727069213 0.015304415387900071 0.07671336377008503 3.5916478285017106E-4 0.002584774039200274 
0.02732564608569718 0.005721790624629581 0.004468327265269567 0.1688035700897174 0.12885187714881347 0.015445625297669682 0.1400684574860074 0.005630836340535595 0.004185821573572861 3.527652856831784E-4 
0.013134980242912795 0.006236088749935826 0.139785633159279 0.008182112539647911 0.04058111816133519 0.031949842748356966 0.22029686090895598 0.009989407811592537 9.330690004342056E-4 0.029924072112078134 
0.04401202082067714 0.036595294277940026 0.0896544905067546 0.02939270237452804 0.01525656828506417 0.015790747457125345 0.1067345173317973 0.013896780238310686 9.304998327109104E-4 0.14916360963320263 
0.07909223503935059 0.13854754729309654 0.03510857471545327 0.09664561360042791 0.12427639130671433 0.01151883895335829 0.0025135569421939324 0.003456387769649959 0.003414090217646746 0.00668538408887789 
0.005720784583559153 2.7726914815727423E-4 0.12306893509839753 0.010226248672805993 0.0019075317163518154 0.0015831458099981378 0.11046736631682058 0.05132622865932414 0.1351418507880325 0.06119071803671589 
0.009356217206941473 0.038808711743695525 0.007900630730207565 0.0071883143645608705 0.09390449908949501 3.693868375227054E-4 0.1440364689690329 0.19523582168984321 0.0017719190894320519 0.0019478871558371953 
0.006328800059318261 0.13037953898127913 0.09941707791402905 0.015550224271422667 0.02344438375594765 0.008548125462818546 0.003049831145773301 0.024046407578797325 0.18331813702924424 0.006776945734859643 
0.0037691354637193093 9.363317267560001E-4 0.00157822599857323 0.03003303203167853 0.005781693400815702 0.41758522732207604 0.011346211502552665 0.002961525953571723 0.0029068126972776973 0.02516770261956466 
4.717715266100206E-4 0.005987341461857763 0.004326468779447901 0.003828297691056603 7.248517844463466E-4 0.1432032128087418 0.1994119555432528 0.05020743217090764 0.08818686233131469 0.005067787404948298 
0.08523271003836293 0.079470944334832 0.027274625477120784 0.03175498386740121 5.754952214471656E-4 0.004765232593975779 0.07435483355677652 0.0069123099254933505 0.1761425034457287 0.014301195544735216 
0.10117164715081825 0.11372163950591652 0.026657059570483217 0.015971629780578856 0.03209577187784801 0.008963284301056187 0.004347357682180317 0.17677265676068232 0.007552392684091683 0.01946464357588985 
0.005215449944966556 0.14425333707336274 9.805007566281868E-4 0.010184447205094425 0.1177627254748765 9.759443180492652E-4 7.448938348452573E-4 0.015151291661997964 0.06974465262297624 0.13622481127980596 
4.231182963735318E-4 0.19231091091996247 0.005402274204265633 0.13975689455517146 0.020376282777783444 0.03067242510744599 0.009788895235715434 0.01579766142817295 0.00658615096389157 0.08950663209799016 
0.11694703679148416 0.00807022476952598 0.02592331917906199 0.013820183858132062 0.028698181294347664 0.14969247110442652 0.005509390768943346 0.06636542317220089 0.0016480999889193788 0.10425944473361663 
0.02112009885295819 0.005820403405618071 0.0013593105081294015 0.10219361599883597 0.02703332667274729 0.033511929837464594 0.010844722823012062 0.28804592425582615 0.00199284477190238 0.008895123757987206 
0.08614723258550425 0.020438136169612296 0.01010528483146621 0.020040402729465407 0.11987858478530466 0.010996120573571872 0.026966455771081727 0.16382945093372756 0.038879068424427225 0.0037652681591953253 
0.011052221466980627 0.008047032296936709 0.025601533323545478 0.0017680793928077933 0.0019692815773875265 0.10145349018835594 0.1309321275911228 0.018224819589966433 0.01414734562070185 0.19050883015143621 
0.004989663993701181 0.19442280443405768 0.011043269070142891 0.003127220498120607 0.14757195226460182 0.01944528365037007 0.034036858048847575 0.017768325429853026 0.005787073263923844 0.06657120643410645 
0.15950151597101556 0.08247704353034531 0.04694143643200609 0.04804817602545736 0.020417964229820187 0.001561650682071646 0.002213955738398326 0.010941999088012045 0.010833622235674259 0.1188166140476114 
0.10738018701790335 0.09556331549979628 0.06462873855051496 0.08849128526386758 5.9862745123028874E-5 0.015148445686088906 1.5184465472465452E-5 0.08753438528706778 0.004920888464812944 0.03800387203016025 
2.590902639453913E-4 6.289742443601877E-4 0.014311533125476436 0.1929022886454361 0.15704087646903353 0.08370179220602007 1.3725541307262285E-4 0.019848004497559642 0.012017284886982081 0.019803522598331784 
0.07754309490142997 0.017818645358539678 0.030549478768514254 0.004354555085810386 0.1797135703953057 0.014213502628014801 0.12442873428940558 0.03724882098917707 0.012279544763024267 0.00402207440479085 
0.011687330798086837 8.489123541309491E-4 0.061256204550293056 0.006692583264303946 0.016781365295239423 0.33707919968080846 0.023043924673490437 0.04254958880240122 5.530291741500349E-4 3.486030328806064E-4 
0.0854333491937647 0.0052753753654710585 0.04057254107968017 0.022378910075850324 0.007425363851935721 0.05595647185896849 0.06316775732911567 0.1711659279286327 0.05014105488760377 3.213769822550368E-4 
0.08178339669727053 0.03546861814896495 0.018315277534376877 0.07920876661704652 0.05475113876340538 0.02000513886650175 6.659399683894095E-4 0.1481196212789631 0.028444027499935742 0.039248980082744224 
0.03413559957711544 0.00972757980462088 0.004926435163072724 0.005599486948093031 0.04439735658626851 4.287340553053629E-4 0.12176617586859523 0.03234172386672734 0.001748467183790339 0.24763534606615373 
0.09996307285389601 0.013881510092017687 0.10658716472053102 0.037023113526642094 0.013318418274553361 0.185383743213683 0.021603081997799825 6.21887736176851E-4 5.052055226259924E-4 0.02185444815976471 
0.037911660005006925 0.08030255429778262 0.07613511616058662 0.08889088735048334 0.012226027448446888 4.1320254144271455E-4 6.291539827357241E-5 0.011894850252823249 0.16946968931020945 0.024860778919761708 
0.034997162487801894 0.007642788503769653 0.22763380382710854 0.0436246587605629 0.024674752393546856 0.028528696464717028 0.05243598043800764 0.010006346911516183 0.051998778052023034 0.019097784099298517 
0.12296580931845513 4.116028526080767E-4 0.04255360473519279 0.010652765698735408 0.003163394531287789 0.041258386285001974 0.011126445083329304 0.07697096490008316 2.0170500172181905E-4 0.19196186092903839 
0.017924708034102916 0.007454481966617706 0.03447262014853862 0.0010643297773682352 0.0033315701021723884 0.028052033522032116 4.98672969467144E-4 0.007823345240318672 0.19717500533010113 0.20331584064087146 
0.002300025494508477 0.022362538374925623 0.003334612833521481 0.1259244517277837 0.10454373992169728 0.22305708986449485 0.008557057985224962 0.006290983801480553 0.004241735726969634 3.5130134925005064E-4 
0.008871775769347327 0.06943448007569206 0.005173421246425983 0.2544197701291659 0.01602341311181265 0.005317542897018496 0.12953600262122963 0.0041720666621350225 0.007447974905163467 2.0635736783037464E-4 
0.01688914610857983 0.0019034539567076626 0.001367769420114233 0.09257982158556763 0.006551892835312777 0.2605168140588217 0.09559908653858595 0.018579499863051446 0.0036338302509910715 0.004810507271638064 
0.0013021386182472422 0.030385866144336086 0.1691667296058616 0.05521455928447147 0.020128953008808608 0.0318927700757565 0.0014658115123786415 0.00738320288598098 0.1643970659333408 0.019089619354347487 
0.2284646952912806 0.030602417508386673 0.02557535442426977 0.02600283831796786 0.0010334082782804657 0.03403774061879076 0.06914961546774037 0.016090184196929227 0.011731396089753019 0.06333880200689294 
0.18974481411865274 0.030780446391226467 0.022558535047965244 0.1471715052530842 0.028756083563543408 0.008879358950661682 0.01610390029638225 0.03736874048541262 0.0015822465321777425 0.023018233882012743 
0.014117173993359579 0.05775416922037386 0.04629403129259352 0.015330641792250672 0.10827547928399285 0.014083327541248187 0.013751392203485688 0.049388519370342644 0.17501561449070188 0.012372073318685154 
0.022579262141432695 0.34996030019562696 0.04132372985114541 0.00868457523261049 0.013613136350116737 3.6487461052775075E-4 0.00134695898583242 0.04908294162294467 0.007923158453782813 0.006534027262595238 
0.02057326209764533 0.004769483763688456 0.008500023222890852 0.0016367391980829855 0.005648406833304702 0.34855115245436247 0.0849943681868322 0.0029844343776561796 0.0029292978954651417 0.025362383474596552 
0.0026833389378289243 0.022134735714129036 0.002357385399003511 2.5443281244280828E-5 0.2046338525146958 0.02243457902584573 0.18315965595881278 0.03204678665053063 0.028571905888523964 0.0033929809238239864 
0.07049086238698528 0.07936862945118696 0.005015042788064018 0.03103935083754402 0.019498583767340427 0.019722839032434294 0.027290929835431375 0.00467360452892321 0.06492898597285064 0.17921343043194743 
0.0010147866445733848 0.005965494685135245 9.438003212830961E-4 0.06668904073021661 0.05067731507581316 0.10812636348597787 0.14335997889730462 0.004323684467715587 0.0023114799022097444 0.11748914984443229 
5.836075246420938E-4 0.0019373061229530444 0.017852732646234343 0.16427428863661425 0.10573944065757755 0.010507139410648457 0.016158114526796507 0.019709385746103994 0.07122525932462925 0.09702662182611284 
0.048505420891664694 0.011501874487513128 0.1480101149632479 0.03571489145524201 0.007753255315882829 0.0107453333999452 0.026424833555839577 0.0030114090332170624 0.02619286470412566 0.18280751132831022 
0.006189351782255676 0.01452380849761251 0.01797549367935597 0.11905560054944832 0.21263993089875186 0.001576307336933708 7.909316688520938E-5 0.014953435914532028 0.09002907867378705 0.024559372632621673 
0.005186724304966937 0.00682283897214119 0.1254817424454005 0.019774314033946833 0.13879941568746765 0.02467503210272809 0.03297175965754461 0.02176960640366592 0.03365269010247025 0.0972993629193214 
0.06657282404284758 0.14101117747815484 0.03758620569171186 0.11213518060020722 0.014080806925072931 5.193747914799637E-4 7.90814880884409E-5 0.014653750396435936 0.09009029361740432 0.02483066266845096 
0.1915724517848827 0.17261375106176907 0.02451852857411231 1.6630357483975744E-4 0.025079406094462173 0.02055756051713119 0.00989883489484455 0.01559919622654972 0.03728933941042544 0.0033394018548403067 
0.03316645824852526 0.108855019136539 0.010124073909416175 0.025182506891724524 0.0028737408247780294 0.015456384901150507 0.05618463135927489 0.21174989199557961 0.0026387041558909546 0.03599436554332367 
0.04577638282546058 3.071968569928388E-4 0.003902271689716448 0.0027246104122577554 6.729692276679286E-4 0.09070402200209947 0.10331676838310414 0.15787761855085908 0.09391739511751214 0.0016484488223907484 
0.046748788880048665 0.011090990206174819 0.0054837493089529964 0.010875155569751558 0.06505349601108629 0.005967171594087515 0.0023875379009590837 0.348188502502085 0.001497112458952048 0.003765357260323723 
0.24357187506380903 0.003029438525547001 0.02797250855222287 0.017968557245295214 5.087807751383713E-6 0.03858446702379088 0.13027109493652936 0.004385897964299692 0.022115795438224194 0.013055402317290812 
0.0622086391942264 0.010714631844823717 0.06938196811787507 0.0689996433243781 0.02519365683496969 0.14281691055365345 0.018036920504647908 0.028492382303525195 4.4106075855659656E-4 0.07436089291239395 
0.010420444691386402 0.009194116766013215 0.15105538311321864 0.033483377427678734 0.017825018007290316 0.017274310696825862 0.08198567627200874 0.015957675560696768 0.07131704775084145 0.09715166062558585 
0.009555879919158771 0.003794138645029572 0.0019024065795896596 8.826788283898958E-4 0.0032113964519972734 0.18745766705339717 0.004478528086764058 0.268956810047413 0.020251084967048003 6.216806367879235E-4 
0.12923757330047053 0.006466852561150964 0.09868701188123546 0.015436031712346395 0.01705544977151179 0.008292194207173816 0.0029585190659451232 0.03242847822585949 0.18319881413141167 0.006772534579386202 
0.02812000788288032 0.022173789074133927 0.002734332325833478 6.151577120512708E-4 0.26525186728676 0.029080691904570438 0.0895955320703187 0.02812808130814283 0.022031240175993918 0.014011020345960643 
0.12394303515679614 0.0358692855462304 0.018652338659866635 0.12322353862000486 7.032681240201195E-4 0.0027903923383045255 0.12566600391549623 0.01749989829218452 0.013317167575489819 0.040560377627769484 
0.09622536953864332 0.024334079334097383 8.520883280891193E-4 0.021078251303762775 0.020877885170165245 0.11441229705812793 0.0951074922291435 0.005279167787341847 0.07436118375390798 0.05067615184282011 
0.15628195296284153 0.037077358606235296 0.018332262120432388 0.036345715312311976 2.0392482608453711E-4 0.01063752050338337 0.026087038992451055 0.1574130654848044 0.03959729547055007 0.019076054204313436 
9.607533746769035E-4 0.010404903398403206 8.015582326885578E-4 0.036115784066317366 0.07564491179503983 0.10890969619962071 0.11059687121862785 0.0028942619495926376 0.1416477279298908 0.012498680748157114 
0.006085064878008736 0.024160884697218134 0.0049613294130102835 0.004514018779602324 0.05896885568457254 2.1982276636603522E-4 0.09043894055789171 0.12258646021359369 0.0011125688261421625 0.1874719110601629 
0.002153250752863384 0.1331045449664437 0.1286894010180329 0.07089315014483978 0.005335228699939895 0.07225586358148262 0.010602650230154243 0.0303339048690417 0.0508066584859027 6.058608524094733E-4 
5.023958601954622E-4 0.045497996631485425 0.009389626288957785 0.02076733470148165 0.027088507121818685 0.002510759668367281 0.03045369693769216 0.130455796631105 0.2279176139334608 0.006690550546786177 
0.13458562476039523 0.03403486300806877 0.0011917734432899286 0.014144578606533577 0.026953719408944875 0.14770830123371262 0.12278545639747139 0.006815499083982475 0.006702614973310635 0.008281535430389678 
0.10588851803672054 0.054754162418527576 0.031163083987259987 0.031897816912459354 0.013554905484505312 0.0010367354530075416 0.0014697822193771057 0.00726408185361253 0.1359429300262562 0.11882736590477065 
4.039106636183552E-5 0.0040629300569423 0.001419776821540259 0.04134094343975975 0.0013700358023129803 0.012487739909218296 0.008366684290505983 0.1683482703985902 0.13531687601328068 0.12806284304175963 
0.004637576397597017 0.026484792398172998 0.2385788631853007 0.011945420873674117 0.031414414144171135 6.478566378262299E-4 0.10726540386103582 0.07825292209953515 0.002326890844248051 0.003656282849707377 
0.00152847087632649 0.13145767542273867 0.11840798726504716 0.0961277872490661 0.12361051949036028 0.005642910599890809 0.002583748278270244 0.006094196696997679 0.009142116417912313 0.0066856838587269615 
3.831649781541575E-4 0.008849393814232626 6.666639628401017E-5 0.06668526901546197 0.039155132984862576 0.10098041578108607 0.0022600769600269644 0.11508131175063278 0.13649641936399287 0.030840178444068132 
0.0037394470395308464 0.14018208052031586 0.007240480489105144 0.0027203019525867383 0.00911820587828626 0.13084183444857347 0.001610628538122055 0.015918879334879534 0.016684017735342282 0.17232406126540184 
0.01311551644457303 0.05235467837175151 0.007610166365324591 0.17029268132723624 0.013932579521243825 0.002405370687525034 5.934812446806272E-4 0.049637761430229896 0.0016804983105921949 0.18880535759756234 
0.0037357888794390367 0.047411601567684356 0.03425974871701455 0.03031491121178576 0.005739840331259803 0.005988955052222256 0.16030598426472534 0.12432865525342617 0.08903471037209988 3.622759215775705E-4 
1.5670654334432927E-5 0.027653693463281885 0.23927531622469453 0.0535486943473211 0.023457543563821775 0.006425507179505583 0.007469835018375691 0.13380900030632617 0.002454033276365453 0.006588223264382501 
0.031503445346017275 0.00747027172701819 0.0961300506559193 0.023196214161549586 0.005035607373517418 0.006978911166361589 0.017162479665175933 0.10414498354913997 0.026188808307761338 0.18277920057525976 
0.013289527377146292 0.16992036418321033 0.06483517469922738 0.01141063326952867 0.015161096443925647 0.019841190558531296 0.006723647457104088 0.00393362722311021 0.006820898563765573 0.18844152271599857 
0.038574283500593935 0.002902448887028771 0.2323019601506714 0.024830274002992023 0.0622608463681823 0.09430559177015817 0.025990708540447053 0.019041382330486623 5.533260610269159E-4 3.4879017611018777E-4 
8.247341490012124E-4 0.019306878743935347 1.4536621029302317E-4 0.1545274898691877 0.010521028060516495 0.16253522963474326 0.003589899763352782 2.029060522769848E-4 0.1446921627683579 0.004418688785379471 
0.0019794676389581537 0.07420506000443451 0.003832731595655832 9.899556608863808E-4 0.00480003492979017 0.06887817450213293 0.0033233450920199916 0.00851344448771961 0.16152664033401568 0.17232037285004018 
0.06157826872582829 0.011872818021266454 0.1269253200401123 0.1356624160211821 0.018653966287046915 0.012893481318979749 0.009225665866306522 0.09868390344999454 0.008740455436693186 0.01652922478845974 
0.09469113762916784 0.039127379630313736 0.1739234014268608 0.00548999208677154 0.01207593232041131 0.10437528227172176 0.002321472972866991 0.03642003004938095 0.029847921276466433 0.003192277633542397 
0.004008684579169561 0.024178113105720912 0.1970512703147336 0.03882741053254573 0.20684479290432556 0.002514645508009364 0.002426538125455116 3.479158180864666E-4 0.0013826249075679293 0.026368843396765027 
0.06499908875881692 0.015412944511426952 0.13528269097433285 0.037033023587700435 0.016033201688874437 0.0115168229600344 0.02654843336414947 0.17044444680045492 0.0043560764203481915 0.01917144896903875 
0.14243166850314484 0.016196046502732306 0.026204624662421704 0.002337032763571769 0.039026967209938604 0.0901639457175275 0.09314850748112556 3.2583483897507046E-4 0.008415653172026262 0.08309131718591067 
0.01898961673921225 0.005463365711054655 0.1462813545711892 0.003923633383569641 0.0025283073320112467 0.019719464687436038 0.07461200949848872 0.2081316194201875 0.022691180509857353 0.001365601389559745 
0.1464450504724861 0.0012067843855299541 0.034702919192839576 0.10654557527468042 0.07364704471026891 0.02690938288796162 8.95771516977293E-4 0.0811465624854408 0.03059727465732246 0.003914539874091414 
8.285422377063886E-4 0.06876181594995455 0.06621090831899537 0.03647464225920997 0.051760076355492936 0.12758803569398985 0.009039433348694713 0.025861582275864586 0.04331590622003673 0.07501261929821733 
0.00806287231489043 0.07060932449433621 0.012375861290089728 0.015778777219461807 0.01939943405520564 0.011861452628650824 0.014582223686573971 0.01335344910165581 0.3307200816605785 0.0037099356953629293 
1.766614480383634E-4 0.014923152987465322 3.549481111628804E-4 0.08010048244067049 0.03240040761242067 0.04557178854844276 3.996458905949916E-4 0.015126833644917712 0.1257804558687689 0.18577454750589412 
7.39233347008207E-4 1.601202489785472E-4 3.0164554753876527E-4 0.0033188783068121832 0.030533982668107557 0.3477084086618545 0.009447587912037354 0.002468344565296502 0.014084388753633771 0.09622975980983063 
5.9218036579408E-4 0.07281548066643886 0.019204744857890525 0.06338037113342351 0.04037092006722829 0.17275749548876926 8.584929787123045E-4 0.014658546045790642 0.007933395179017338 0.11338682108603847 
0.0032391585913824662 0.21491114448023524 0.0246580905629337 0.05772118635735738 0.01992167022262758 0.03805648846691747 0.018583058899306643 0.10016932858530608 0.010840181571385544 0.012670070416350602 
0.002882023929746042 1.7796045906145978E-4 0.01281560209719216 0.0020242770269213108 0.08405206142640587 0.203354692789456 3.3927962398207283E-4 0.19525626938205193 5.734621886103297E-4 3.5735223018844883E-4 
0.00129369846415689 0.11126583792343374 0.018157548453913087 0.04998344210867449 0.06427360310459687 0.0029341369791782874 0.0013434682747424087 0.003167539340640523 0.24217613764727344 0.0066856838587269615 
0.029265927396009268 1.1887104981435213E-4 0.0034960806993752074 9.965428509104395E-4 0.19428012047713777 0.01895158149653065 0.0030891477865979153 0.004632359318989471 0.05394268268695112 0.19163616030251684 
0.06286784682783174 1.2847837204077073E-4 0.01858782776623964 0.006408358159752273 0.06956757658542415 0.0021183338899503513 0.19571902983052253 0.01869396191991853 0.11835778866114546 0.01019322770811938 
0.03953470363556019 0.0330388053844886 0.0376224116264713 0.00730546376697554 0.018063693066890422 0.005999553338093024 0.26133483884745295 0.03083962257088638 0.0388346103501438 0.027825410209449782 
0.004198896842623163 0.051326326007409606 0.07186768827920807 0.0017237589151759393 0.00711235039263354 0.037812879388785 7.001023073110835E-4 0.006066115970044833 0.01432966673659487 0.30695095230021857 
0.007187402433445355 0.03711737306320811 0.005295552700728038 0.00820435323701055 1.486874029815265E-4 0.15561085426208693 0.08771059289619434 0.009633204885519067 0.17648652320485608 0.014327973504844178 
0.010190995317177322 0.00221118985009559 0.012951005923593785 0.12954324524993746 0.0019704031750704216 0.1403981467725702 0.0029618399144989765 0.192040630400518 0.0046252299780744684 0.006427928318801094 
0.07470238971068623 0.0032771156942136793 0.005499472295021665 0.2544176386039611 0.016023278867886178 0.005317498346719961 0.12953491737044753 0.004172031708620043 0.00744791250613596 2.0635563897129073E-4 
0.13040817463255258 0.11750251136170643 0.016690377589448285 1.1320701608012855E-4 0.14931294787742996 0.020561373427146593 0.009900670879550998 0.015602089484797693 0.03729625564426492 0.0033400212298272925 
0.011255242521572086 0.005347553317862879 0.11869605077679192 0.006912984068374185 0.2240024285972648 0.09605568949070697 0.009992694614716163 0.009703834970595553 6.938884547506531E-4 0.018730252521583095 
0.003695775429692149 0.04725431455392363 0.05796104281855055 0.07199103375632696 0.28493613415136027 0.019885029424063772 0.005066253729533293 0.0063192479229168055 6.983127504270611E-4 0.0025734666173103903 
0.07513320286090273 2.9930689406892317E-4 0.004360511878012888 0.0033286743148285905 0.012791538708009049 0.03550480947624995 0.11388252625935257 0.21875589991346225 0.0026921910491386957 0.03374284787866616 
0.026233252661573135 0.08911225949885868 0.002448538095153757 0.02431863902165056 0.09181998158497398 0.018189850497650137 0.07324772337455782 2.763549337990941E-4 0.0037656969030778237 0.19921635246806896 
0.002339316448192578 0.02982274811819526 0.00620920945879132 0.15032613550611706 0.02750646379470118 0.028539502908632015 0.008641742314512086 0.10958480476969279 0.006413906434100914 0.1382442497399255 
0.012527452345726055 0.04966284726649839 0.010638449976984914 0.009080727747349606 0.12668798635505554 0.10473812434261556 0.03349844140277729 0.01407658147179809 0.0065081649959558095 0.13941803731754943 
0.012075223987952816 0.11567319141638639 0.14532715011168693 0.018630826855258444 0.01704564114828558 0.02230747726368958 0.007559405890284251 0.10858081364558712 0.03173722269862627 0.021919122529093792 
4.464645389319064E-4 0.006311342316145518 0.03511102236576004 0.0034056623651564353 0.010975797666688132 0.13246393124342773 0.00921693291117979 0.015226299397651287 0.13942022337843393 0.14849627398426568 
0.011071201847619191 3.179669308981092E-4 0.05562607767795832 0.0036214610592535386 1.954245290560291E-5 0.009333755754735025 0.0030683545243529635 0.0034626566305892377 3.242209181930793E-4 0.41355376199470173 
0.045953601283050434 0.02403968210839138 0.004627484685364983 0.34990452967281893 0.02165491244782535 0.020743530088406004 0.002095813469425117 0.013347522885372885 0.002557659359164686 0.02101412439759441 
0.05886009680981479 0.1548829125599195 0.10024252982215578 0.026870300879454568 0.010042625898358831 0.034842687498391714 0.1141139682181038 0.002556810479290396 6.247040132822878E-5 0.0021091784833150557 
0.09938589557125747 0.08741471695789714 0.021073313332603507 5.747307008741695E-4 0.049167547983859854 0.039586378812962585 8.378181071268001E-4 0.009400107932401253 0.1636570972537235 0.029924611617279717 
0.09241304402815353 0.01997303723362842 0.005365741990347036 0.008182288029778105 0.19445748132366994 0.04247361849182641 0.04467660573859289 0.0012375521527664204 0.08539304260781783 0.011762071116973753 
0.003364296436310343 0.01961435405169217 0.13280596690101873 0.036078078555811494 6.947606577593815E-4 0.15980164119557042 0.0017698291345229333 0.10472934164425385 0.03322277145026268 0.00967439558335999 
0.02218409644062653 0.005263100975452915 0.0025927135749882722 0.00824364580491072 0.2339738255091455 0.00842837562901484 0.0041075205033467305 0.1573645548499409 0.039718777746567596 0.019181395674871107 
0.001300977627329392 0.002888430420062015 0.04019135894962114 0.0025571679640306057 0.1421405784850642 0.006868846239291788 0.010075749978201555 0.11549057902376667 0.08539148840385306 0.09676927981587859 
0.003996438201412503 0.03391593175879798 0.002673754176205483 0.15315178657537515 0.009187178624555498 0.12143433522729774 0.15406934454849475 0.0040837419603858395 0.007161371244283736 0.01068926016949508 
0.021315681787904106 0.011087746865978616 0.004232796443080631 0.17179106355948742 0.010146595708586788 0.010161799746473455 0.08454503959224069 0.17823941919542005 0.002606191746043547 0.006677849241955568 
0.20539970564294538 0.10820030976444968 0.09672642105705472 0.02686655920592003 0.027943224058716163 0.0010554401746951253 0.002591968473987558 0.00264209830347044 0.01521148993371114 0.014663173944638513 
0.002055117017012061 0.029051684653676836 0.16161924017792992 0.04472468131293524 0.057564668358114746 0.00807438391208972 0.01696638153158906 0.02462104012478376 0.00788452647242749 0.1484895551668009 
0.0023805695403133547 0.0018428543037899685 0.02526514555433911 3.170084555589178E-4 0.14738069988303565 0.019719464687436038 0.07461200949848872 0.2081316194201875 0.022691180509857353 0.001365601389559745 
0.003456176142415592 0.08015788190142524 0.009383505690960135 0.026188967157771154 0.02223135390455264 0.3024322316465175 0.004642314951863828 0.03215941005589627 0.0014837859812132609 0.019571000047564617 
0.0787135660117812 0.014439967227322735 0.005381636840480507 0.004339929424464164 0.031078199821229172 0.009915671962432733 0.22779198533921427 0.11176866861952485 0.01382109685771907 0.0031717943805639596 
2.0746268035565514E-4 0.0012043556145707427 0.007638902441437065 0.06371420545211831 0.1063352392544607 0.15707545364206457 0.0035237211996874468 0.10179412056932799 0.0333070602844012 0.025829423597373426 
0.005390324896775511 0.0022760465332765127 0.04207920751777393 0.03455349710039268 0.0470913164710676 4.956179276223635E-4 0.164800166482469 0.006087466906037199 0.1976263574501114 0.001197459768577412 
0.07608467510680339 0.010504734063620546 0.002100841766291105 0.007387489083860819 0.16912456959144495 0.18573077981289993 0.0016853159728320492 0.03737862832145285 0.0048318447481751625 0.00827997001757539 
0.04523494445383956 0.1025684467656905 0.06931775638336947 0.12131547102709077 0.00997134844600324 0.03459539181863198 0.11330404529405037 0.0034217888592373196 6.213682686750374E-5 0.0020979160604686262 
0.013538377135978838 0.09559808794037973 0.02803546394787355 0.09234738184611317 0.00916031855197808 0.05148970458023974 0.11870628720260672 0.011544200217660311 0.020872162267081308 0.06186316341940132 
0.042467103829088027 0.00543588007570469 0.0011622274627037558 0.0073460966322447425 0.0794617458474054 0.09515681927321656 1.0627040922941197E-5 0.1368270408037967 0.0033050583326530176 0.13189026162239742 
0.04436964056793055 0.009636679522104806 0.019896383850346318 0.03432298788224219 0.016448586156653046 0.24556264439199024 8.586037180398612E-4 1.6594092618760326E-4 0.009880477858314078 0.11981620440553108 
0.003451768050481074 0.056207944325075115 0.006730319538041552 2.0989192793393916E-4 0.05032227524654325 0.017314254823041154 3.87686298581135E-4 0.1736297126632914 0.16409005721819359 0.030003778112347834 
0.042720096737423524 0.005758879509473168 0.004947688258305227 7.50832482475518E-4 0.3689901047183644 0.03301983657686052 0.0216045224463784 6.219292023577274E-4 4.665223303164654E-4 0.02185413848933632 
0.009775499888863153 0.021937067900371896 0.18729996199605717 0.12237227236994694 0.009973152166303997 0.016896959829564056 0.10894100666154548 6.270800491834494E-4 9.25806830979211E-5 0.029180089108466832 
0.03324476743306696 0.013256066844159687 0.02932470279728516 0.025076963158655825 1.6964109511461157E-5 0.25476276127550956 1.4546873660676101E-5 0.1000017307930075 0.008218441077591085 0.03801818478287724 
0.08936073627542049 0.07655967300620392 0.012047331126783477 0.00252508302485499 0.0016907035257787031 0.02528807522845047 0.0014068046669347219 0.1144682673890618 0.18116156201641082 0.0011873074435662474 
0.02102656048803013 0.07547892433510445 0.08029540400817294 0.008278825045688975 0.0016096000673231463 0.1969762351569724 0.07108899982636611 0.009415561371066496 0.032868868355544825 0.0036873779151110155 
0.012871832206771032 0.0034037944566699244 0.00521395593079136 0.10479986139588322 0.16672270195697764 0.013435504591597989 0.124072084317293 0.05987322629451572 0.006974601297092052 0.003653328564223976 
0.03162559911560249 0.023477602642797125 0.049739661240287524 6.115122188885382E-4 0.05860512424274815 0.11597104544335128 0.016943847443562674 0.027383174104197276 0.1791622325932528 0.0027263800942477537 
0.11304754036080804 0.11578872356775581 0.13422981909733692 0.08434702362878549 0.0019405373690544385 1.520934544641961E-4 0.019626823328555268 0.02862124931030653 1.1003549929705078E-4 0.008963667985850746 
5.92496207420964E-5 0.006319774046816931 0.002207185271418436 0.06426863721284728 0.0021298578750571636 0.01954860688905927 0.013025472642192403 0.2620889846322424 0.0031058796081362807 0.12806284304175963 
0.07540779211384546 0.31749029758662356 0.0204463019414876 0.021135283163648367 8.694707667281791E-4 0.011192530032349894 0.024171050455327026 0.002344643907139202 0.022422619716520303 0.005043616298191861 
0.010038028012384747 1.3455842274842455E-4 0.06342088093488131 0.18465342100390017 0.021084626522567946 0.013233793866218738 0.16614197150978677 0.0036412422655999707 0.031930498418853946 0.006238299633556501 
0.020606865407871384 0.19161007931033688 0.003622929898395221 0.044977938001187545 7.25683528594971E-4 0.02889493002161262 4.859079890272782E-4 5.305853251236996E-4 0.06605331193831668 0.14317462038170323 
0.018803299314669557 0.0012975690196291236 0.13550991583149513 0.014305141047923724 0.029596111904868116 0.14464954905857247 0.005525609314112292 0.06585010735864529 0.0016501294934407173 0.10438783197704952 
0.06921552739376717 0.011458583331209849 0.007298966322252302 0.03842111586768702 0.007345394744480105 0.028090339445401916 0.1701859727112194 0.001730045876862229 3.3168975092271174E-4 0.172440361295028 
0.03302174913034419 0.013167140202265856 0.029127981750616164 0.004908617871527174 0.005126718603823893 0.21209093901321402 1.2164982005759658E-5 0.005339599767028521 0.16680609481174594 0.038483995987490235 
0.0015396197730013737 0.16188669627906402 0.010448017461983473 0.07895601396893882 0.010406575036220613 0.19857146608888268 0.0020728529257171766 0.014698257672099034 0.0014330773870911222 0.020801256871620655 
0.02251771618862294 3.7646637901733347E-4 0.014772007867593327 9.009077872495802E-5 0.1530270004123341 0.1205281782119914 0.028800461388102 0.0013640751588046285 0.14640791606929088 0.012530176125343838 
0.0032605351068716584 0.05453071042774635 0.018627477658465702 0.04392295578451202 0.15887068026647044 0.0012259637647847414 0.11611183438104922 0.1029874055574557 0.007116643367157844 4.533973532149666E-6 
0.016070963656782213 0.0028428874860654207 0.0066493408514285155 0.11712980240040122 3.0810496233421233E-4 0.0031312390147041048 0.12509881670302925 0.019506042408649345 0.022087232097142123 0.18785528209050023 
0.03712368992124885 0.019278156465609868 0.011133303490451081 0.21732095595860676 0.12044320291722865 0.02730621215670919 0.024701958610593534 0.042541956762884976 5.52929978349804E-4 2.523333622981672E-4 
0.08088068833334695 0.08123767033101459 0.007572064249565039 0.07705610788670297 0.012586469050529006 0.20269307420256805 0.002073830019083176 0.014705186079746763 0.0014337529055471194 0.02081106208734124 
0.009314991527386894 5.663313742922303E-4 0.054447973310917344 0.008202551546427189 0.0012630832067506825 0.20510992530755937 4.4693180265924855E-4 0.17443881404628653 5.195261053873844E-4 0.04750334872476124 
0.012988645227672738 0.006173008883896571 0.1144814623480557 0.006286177327302949 0.11021999794473245 6.929486546574001E-4 0.0183274917264301 0.0010927417742525474 2.693439508157176E-5 0.23337349405891306 
2.1913027898205057E-4 0.246378483495083 0.027972088874349457 0.01796828765896623 5.087731417853117E-6 0.03858388813230401 0.13026914044982368 0.004385832161680409 0.02211546362994247 0.013055206444136611 
0.08825220257567308 2.4824881692234624E-4 0.0024963783917307416 0.004944749729968841 0.01173736993518897 9.527690968908552E-6 0.0016605479585779556 0.2681961801454349 5.972993735869417E-4 0.12926258661557277 
0.20579022822450505 0.042682460134847146 0.03746307588363366 0.01913505541514347 0.0011672822143035276 0.0010528966099504458 0.18627634991795827 0.007235655256821557 1.1115816155869335E-4 5.562639985186501E-4 
5.131434475344542E-4 0.2443313928090655 0.021534102841586748 0.19100435989652936 0.0032554722765255157 3.3470105542174057E-4 0.01906238749262776 0.005349526434045208 0.008177936767127948 0.014284864613329713 
0.04039038639402623 0.17184772304518017 0.01408222330375053 0.13702231348956326 0.05363691380692464 0.009929935715242727 0.022465969171467117 0.037860414133799564 0.0016015494851680182 0.015962679928912343 
