0.03401439309054876 0.07538706362916513 0.00637024484933316 0.1346842149639388 0.00728256937450848 0.010533994860796049 0.005149419211431617 0.006555230288367454 0.03186559143228286 0.008013244946392798 0.011352653052083564 7.698050109711184E-4 0.16377970394760272 0.005010566154594016 8.229197315669747E-4 
0.021082527634505945 0.14085117385908794 0.08060111635752885 0.013802246230208788 0.006020492937800157 0.059903366262855744 0.007947669483072295 0.016381907562066565 0.05920386729568761 0.02134966929115974 0.019506057037355296 0.0015116786991261964 0.002723874798604929 2.865309280438533E-4 0.05079578043946939 
0.009182415493200372 0.02484141139697261 0.0025699062494277383 0.00731133079405198 0.028867337685933286 0.11886666403015678 0.19418549417105951 7.827646797354122E-4 0.01773525264914767 0.00810780299306616 0.07078274474718504 0.00867159921139323 5.940855380648916E-4 0.0057226381461528315 0.004419437340722948 
9.659550353558101E-4 0.007212651082614883 0.008189046824290825 1.0492917761895565E-4 0.05874849624173568 0.17365535900254447 0.006220302975950421 0.0037971837882027145 0.003517533908016733 0.027876633081002498 0.01891278960534504 0.0013281418672722752 0.033558281899766916 2.186622156667456E-4 0.1581543783771716 
0.008670471747966748 0.026768791211955103 0.05576792765650604 0.0013666177660146435 0.27541706024397233 0.008564405943022305 0.01632260665689006 0.006710243807819832 0.020124481059156624 0.047802283777500655 0.0020594399459338583 0.01601181747264328 0.01280958070813834 0.0016359308754925045 7.143118502247407E-4 
0.07009890383389879 0.07397548860377902 0.012804697416706957 0.008534468800463471 0.004889220009045064 0.1159816312135504 0.038671059625194786 0.050320170753551254 0.006911505497202076 0.004183511368069598 0.006358917643814421 0.024466918928915476 0.052140061769825066 0.03214117717684694 1.7644559432526807E-4 
0.07605316512866246 0.08805802740087888 0.025869899517641518 0.013035144954772723 0.004690606680789341 0.004195997915750594 2.601408471205781E-4 0.010007285283101575 0.013243371154683107 0.0018274453507625308 0.05105334877326997 7.934205320777997E-4 1.6896258391563675E-4 0.20374409532521617 0.00853432523851275 
0.029627055413360685 0.03208423901012395 0.008300880860757424 0.15420166590254436 8.8505772398964E-4 0.004909993292834383 0.009479602190192945 0.12222748240440348 0.05448492082950716 0.04858230049139034 0.011484071412783075 0.022671181717587703 0.0013628917306139183 0.0013246937649338368 6.169780385753654E-4 
0.045868249989172834 0.038823056040310756 0.011721951748067526 0.09321862432864493 0.009092721232790837 0.004426396153484505 0.01025417441163793 0.031038405954603745 6.238759718520992E-4 0.020545358837239285 0.01626377027535595 0.19125142218656652 0.0021101813069489303 0.0038451334825503887 0.024238206316473956 
0.2570922683890361 0.03043196841728174 0.01259780998818746 0.0046526667021464475 0.0110657217396132 0.0023505873327631147 0.01584349220800489 0.008008404479629928 0.040417020080680786 0.02138463876768768 0.07656204665968491 0.0015590834116502987 2.0349562580462683E-4 0.013417463951901538 0.006180935039705914 
0.11845333554239217 0.13918786503578806 0.12544954012064327 0.022070082540675492 0.0013243668735387082 0.026920354540081553 8.071545453551381E-4 0.007096587990361373 0.00912731463510626 0.006036536063742883 0.017497941043876492 0.0021704126396006056 0.011621650296747204 0.00411103727020812 0.009238438364190636 
0.04255266909900759 0.0628449404042416 0.012540923710573575 0.017003221224636638 0.09094115759154493 0.003246594109588591 0.16045422946269752 0.03456150188321812 6.807987048685966E-4 0.027613903749942305 0.005307800033974861 0.019405669708038868 5.074293786906871E-4 0.01939681361044447 0.00388385359636918 
0.0230447400505823 0.024921589016345704 0.0016226983631089885 0.01306425766129133 7.933075197062421E-4 0.15045616039853635 0.00912740077887424 0.07895956101449818 0.0023554769480583194 0.008624713518816395 0.13065576373741683 0.039208535541826024 0.001979312283455983 0.01637359573088921 3.6092714905101324E-5 
0.0560023159220566 0.016785140889919274 0.011511373222355636 0.020510388304916343 9.67993399990776E-4 0.0016250632005446882 0.008392517191068124 0.058761997975851105 0.01868475784820703 3.2239148358674134E-4 0.04356232690077989 0.1368146961231741 0.12013027258628697 0.004040213379864583 0.0029733122735950443 
0.09335191001797101 0.07829070175308649 0.04477173807884924 0.13282893161692663 0.00826267877269598 0.02122593874963518 0.039777186791723665 0.06330273001748597 0.0012339501882309596 0.001237394828733826 0.006313111601130415 0.001414454684121353 0.0022005020060067494 0.0014776568044000253 0.006299631700553308 
0.0022188443240019964 0.020916739248480507 0.036083792365635727 0.011181205315269538 0.001579320873709782 0.19967931363935237 0.012130623607891173 0.006961047148613863 0.0037576498456181415 0.025579764941399692 7.18388297300502E-4 0.0015830944354615476 0.1631569218443994 0.01480590964193118 9.375040090677392E-4 
0.007381935397425517 1.9209958376657893E-4 0.0030486553523833997 0.04049597259613327 0.17200148959122913 0.0016596786520658973 1.225142737131481E-4 0.0017423983704947365 5.707754152732289E-4 0.016138658978636887 0.003770255259239976 0.14795278499304362 0.10457415769796066 0.002188030523550543 0.0014720266151406394 
0.02504366420121088 0.026948112995408342 0.003901149909088071 0.0024553059082175754 1.9737346982576172E-4 0.15521061754938467 0.0065560735538923946 0.0017147860861112258 0.003429311993275891 5.032202421818223E-4 0.009520827913544097 0.2403238716697269 0.017761236068112585 0.006220690802814435 6.197652335039526E-4 
0.024890867920179832 0.031964354816085234 0.012291860804082889 0.0722716754095863 0.028343957296928818 0.016566048326653596 6.854549327436942E-5 0.004388365360041841 3.4960470470640043E-4 5.10421263134175E-4 0.10951096700620191 0.012690665337530084 0.15659696818768104 0.02812524493716717 0.0020208134851311017 
0.020453397368053853 0.13255549461464763 0.03307988099462104 0.19832151880083837 0.008861928251588814 0.007574921755567407 0.012148583606433212 0.015790279289861854 4.6727072982796693E-4 0.001146308514520211 0.024450534876958422 4.8482765298226007E-4 0.004600947178604553 0.02749700572608431 0.013049313956686763 
0.0018027463227619457 0.0065795394449191255 0.0013447041365369607 0.015113723338701906 0.03800944859960561 0.0025793707076690446 0.21880973663236936 0.015032283989616878 0.09442608776382157 0.01641596566374576 0.013943660343248435 0.057664946904847275 0.014837788561780063 3.495810829031233E-4 0.004348933381742538 
0.01294246769843801 2.3811156124029366E-4 0.01087125620820858 0.0011201856698017656 0.08830122332324548 0.001551764974065278 0.33155191724018496 0.001039826593357945 0.020454634698005396 0.012057529997952088 0.00495360828496355 9.386040889001158E-4 1.3221495221206825E-4 0.016370228271295917 0.001490332694390209 
0.13437206786251893 0.15664907305140738 0.045665150370920206 0.02362761480368659 0.016288504826472382 0.007210105775874774 2.083812742836557E-4 0.0026594248104835553 4.7610901203576177E-4 0.020249043185791998 0.0865978713805207 0.005478924625464313 6.409141121052651E-4 0.0016024318442467633 1.1956207133043946E-4 
0.04256693494124197 0.053745084910296156 0.024109292196334994 0.18659864813422014 0.06628198704893988 0.030131803355143517 0.014497687711527653 0.0031729612272301433 0.03428298186275383 0.008992802232244052 0.00425494470597201 0.02909811402197719 0.0031103632690194878 5.734929109576052E-4 3.6962406024529317E-4 
0.023440556293889716 0.11884026732466857 0.004813352701339416 0.03244005843009218 0.007195441225773864 0.013335927868950508 0.00853695860696325 0.07431654509762187 0.0022067289160243677 0.178125374242906 0.01832232234135821 0.006102401768724303 8.105810208418133E-4 0.0010732550799001097 0.01295996654966604 
0.08658866719058192 0.021974031884281164 0.011246847592074406 0.006034913496921485 0.003044405504921913 0.0029232766467748826 0.005806797044776267 0.006537024315174542 0.01077393062282771 0.1725304850584621 0.014182903810174919 0.13239824538477069 0.002060798385499519 0.025953052286920544 2.5491761833838116E-4 
0.09121029164680042 0.0987750134648668 0.02555521477485721 0.0024469025026629104 8.604796693055917E-4 0.008485712526838593 0.009369343115743068 0.12080583107222095 0.05385119624680776 0.04801723041995125 0.01135049797167394 0.02848392965698282 0.0013636379767097558 3.212988413521366E-4 4.876794715185282E-5 
0.042602471926389746 0.14429284978837198 0.015462126545854053 0.009806873941678966 0.005767701471622914 0.0014424524591469872 0.16090252751077744 0.05458613161116636 0.011433042026607108 0.025918489006326997 0.006326762237453633 0.015043171688660895 8.871346928528942E-4 0.006254272837779233 0.001485001658696348 
0.005643340873629358 0.03449154961146188 0.004930875458760393 0.0019661794795835406 0.0924221977501365 0.0038131153376116406 0.18164685900924274 1.2998322318708784E-4 0.0011188051456230673 0.025220787397248454 0.14271074260918432 3.5173117571913383E-4 7.426515610405337E-4 9.992170804786727E-4 0.004815552634895901 
0.02482446580015063 0.0313434130064454 0.014060215996756808 0.1086955366783409 0.038627501018452054 0.01756006898117305 0.00844889345922515 0.0011479585293152606 0.019922189766341376 0.005548687460971948 0.002475550101801909 0.017360143827385238 0.0018123178425077577 0.20957569791966554 3.696134022996888E-4 
0.08914544596880927 0.03302922844272761 0.007707119951237692 0.014002647780167583 0.0035209824169308936 1.099810096400206E-4 0.051769112685415015 0.006922761133794026 0.09114450242722104 0.05290181023444592 0.006514600409142944 0.0011837288286523039 0.0086665032049629 9.268862651579551E-4 0.13286510584404262 
0.016970191702886227 0.06193663761072805 0.03291860375968107 0.005443027613291895 0.17943565006500461 0.012176737015175442 0.009002361514303227 0.02949970191513539 0.10960617176131239 0.01905502170828796 0.016233445758562 3.533108283289495E-4 0.003559836357149091 3.4932109021099935E-4 0.0047132871472245 
0.013377865757441989 0.08937676394081756 0.004261444694156545 0.0010708976415669447 0.0025385983651288516 0.25867544055713504 0.009107782429694185 0.006452915619292529 0.019624300467224735 0.021280833900495944 0.019362835054596555 0.0015065328818695976 0.0031043530335616563 2.8580324525570485E-4 0.0506667779077402 
0.0044434303605351555 0.027674186991182084 0.003970345013621409 0.007163770912260928 0.00881353202614674 0.015343804931740987 0.0685173760189972 0.0702440611635312 0.003629738355515612 0.037994305038546075 0.010872516368031307 0.021153983120367714 0.0030281939349848176 0.2125137686742597 0.005116721446785706 
0.09117115538948127 0.1058024364339017 0.02760311916352996 0.028932621225776858 0.00894276625118393 0.0185906387002425 0.006458219197946162 0.002393768298443488 0.005953133644750148 0.004314665752033191 0.15297570260919707 0.01905129446165136 0.008469679832273235 0.02169929355806773 3.1510320118140504E-4 
0.06533413221344306 0.019855827137997946 0.03748771796375614 0.024565950696026236 0.01401474302769198 0.0025056454529080847 0.0021587829727980293 8.398987894009724E-4 0.12622970516368753 0.007630332284922483 0.005742439192407606 0.17036615288953125 2.787304987318792E-4 2.1850339895788302E-4 0.024611749012506175 
0.022333103997647746 0.12259114244411884 0.019609283072586473 0.009831050704007764 0.0030212340299161818 0.004567978667384528 0.004487384298901401 0.13366903739893587 0.0016958924790410666 0.021377633033858395 7.627072809493114E-4 0.001477388019832234 0.0035820987296975018 0.0012419697838093131 0.1517409018229886 
0.03444086153219165 0.03987421395580184 0.008958767070855163 0.014042007513806118 0.019830335024082036 0.03452336605096714 0.21104363391323347 7.102376905305025E-5 0.008789681481502382 0.06729111150848435 0.010914218916155433 0.0367832756874276 0.005263288952613716 0.0034454915303041927 0.005115773883962076 
0.009886643479338288 0.02679730232628708 0.006739820666273592 0.0028934916530833784 0.03124494846469295 0.0024224254632698315 0.0554646918079352 0.0662919100435483 1.4576859102749146E-5 0.004071852577250004 0.009941453136262001 0.18256533548232903 8.746944584140536E-5 0.030470461449274174 0.07380515448763433 
0.022762901398902392 0.007956209794179953 0.003678674035860812 0.1872728396292564 0.008568644326602905 0.004444113849145056 0.028905250990004034 0.0012735094944060215 0.18751265333707515 0.002148554222738521 0.004141409669619312 0.0018192920892641845 0.0010559220995878839 0.03714557028690329 0.0021960799411489627 
0.06380309588923548 0.18320281363765004 0.036860813898871185 0.07261208642904068 0.008400317944763973 5.630768025195065E-4 0.013210064115321938 0.002930326181335983 0.035503612132106094 0.027199863464960745 0.013885257417931307 0.003249021686679676 0.005056251116299678 0.02861830163371735 0.006126566129439257 
0.002382626163428251 0.007841578914933695 0.012239941669741506 0.004176601437974932 0.08001031548199423 3.696939994834952E-4 0.08062153473841849 0.022467040113822563 6.664253534366895E-4 0.18172824834650178 0.09201596064061157 0.015967295560068324 6.998672097544204E-4 1.8177919970268922E-4 5.544885499822477E-4 
0.0945208977186314 0.0024597106492323076 0.03903605561794637 0.007821470928804057 0.006420619958646715 9.383963052764119E-4 0.005644369683923662 0.0012151069826944636 8.708038098614403E-5 0.007177103360044762 0.0025612942581322564 0.10300542909754724 0.07219757538819818 0.15957318639088083 6.114701911280072E-4 
0.08253026042026597 0.008396237316917896 0.011052909840546141 0.005809661532142623 0.0033884042389046164 0.024280698614947555 0.016549939398069938 0.007930106284819795 0.12334088563919762 0.02406636022771502 0.03364384404447583 0.0010456458396004306 0.0020804152220693737 0.15462103274300343 0.002984740573985122 
0.010133656804491228 0.008512077303745327 0.03424223256454491 0.0030469068183363855 0.1100172014429532 0.010952656712421002 0.0038906494502377424 0.002964323886635951 5.494649311123223E-4 0.14289861196652004 0.0026210007681653877 1.4407391175988863E-4 0.16028958157390993 0.0033724173181023985 0.009271507592671467 
0.026056247062677104 0.03670580604565203 0.005651677834380887 0.004031862642520371 0.058780777209762415 3.5000315610311534E-4 0.022009768141968263 0.023785378080881072 0.14383412355015762 0.001847378638788841 0.008010274192030016 0.004408663628316413 0.0020602440297738727 0.010469942905676204 0.15319428956383843 
0.07674555287017724 0.012162964796245812 0.022168795815939016 0.003491338979447029 0.023520916705978057 8.250498261891542E-4 0.015380540518471772 0.01821672756283242 0.13808689297238 0.0017631393963572501 0.17258428015339952 0.0035311497564863162 6.214499587233447E-4 0.004798471117124594 0.007210005877781075 
0.03418872734794532 0.012555157298748364 0.007328356832048245 0.28030250849502064 0.010853541964723445 0.0017585726102459706 0.042346950805683 0.024569631035247758 0.009514707339831374 0.04744477748281776 0.004290288478605766 0.0018846935011155813 0.018638704810030413 0.002164247877245563 0.0029575961876439315 
0.07091789527913102 0.0076923271378911565 0.10814430415544173 0.009908042079478402 7.78830253720912E-7 0.026647432135076764 9.217432791848678E-4 0.027618981334188632 1.1530659689877745E-4 0.01122818767846107 0.22092515836543886 0.009262060389497477 5.604611054959682E-5 0.003582869413934034 0.0037799930557061187 
0.042001926298039914 0.14225882602814816 0.02751755788913313 0.010385762847880581 0.006039545376185358 0.001693630803801452 0.038190033249286506 0.038527008936971446 0.008061235353545292 0.01827466735467622 0.004460887951198395 0.010606673811210695 0.12672201466778746 0.003417393571509225 0.0241413246693313 
0.004160062443025286 0.021090921504508416 8.542394449527656E-4 0.12418191779748651 0.0019029156898535992 0.010864174238117513 3.3255826427553266E-4 0.05820801795899379 0.0017284080712558268 0.13972949831116246 0.10109753405858948 0.005881617444969494 0.018808225361143356 0.001074031919962992 0.012969347191246915 
0.06384499964217705 0.17774541590426998 0.05933592179822137 0.020065751361030938 0.0027560063158107535 0.01020555352456078 0.015231204770703695 0.0015204732158123806 0.00811124840423169 0.0011019314643735938 0.017890825417113218 0.006939957738940017 0.014863266349843439 0.03056151864452489 0.0740257120388837 
0.16148008560486735 0.054070574439585004 4.994524354374756E-5 0.010804951845406807 0.003198586637902958 0.013253331455395572 4.6243473766179223E-4 0.009865803896816709 0.025020333433660082 0.01785559253120989 0.1745733969668812 0.0014982340057169694 0.006839378928622322 0.005922492943593317 0.017482293658495667 
0.010042780288932844 0.027288339364593295 0.06238729300315666 0.014132378437841523 0.03113991569357162 1.306062913566036E-4 0.003958360062507913 0.018756259979578124 5.323424700297835E-4 0.1451650422662876 0.0066672249415297554 0.1818687911840758 1.1923565560511503E-4 4.6859227828486617E-4 8.591163739353189E-5 
0.031952045250823714 0.09864718471804212 0.20551354064941216 0.005036200332527392 0.02879275091081643 0.008609808969200472 0.016609622988451804 0.006749241462079631 0.020241437696944996 0.04637097043895568 0.0010515263994838556 0.01601181747264328 0.01280958070813834 0.0016359308754925045 7.143118502247407E-4 
0.2127211361159959 0.004852070153115238 0.025888338399190115 8.829096261349839E-4 1.392287266606806E-4 0.017383274255215894 0.17407487436205799 0.0054056173970682166 0.008375984011876116 0.009495466663933689 5.234566798818235E-4 0.029100832877091445 0.001488636096206321 0.006652112113015166 0.004182385287323809 
0.10219978144605837 0.01079912843461331 0.17781732759555224 0.0173793012780715 0.026011502700551678 0.012858824838597887 0.015228133349884154 0.006187879704829819 0.018557875314614933 0.04256499064839596 9.641808845660914E-4 0.014681788628285434 5.545406864440122E-4 0.05564005869459278 4.17598856842614E-4 
0.04053630910893202 0.12954987546378058 0.010729511929245336 0.019493867663782943 0.0049017561792399815 1.5311070314061266E-4 0.07207067174754497 0.009637562233143996 0.010236982561389038 0.05289431414075834 0.00652069046153346 0.0012272690956929271 0.0086665032049629 9.268862651579551E-4 0.13286510584404262 
0.04755586869935978 0.33055055454311427 0.013286814991055738 0.011033726015391722 0.0069754420639731975 0.0018828041980055005 0.01836468219371547 0.005106498850706058 0.002299260508048376 0.0015571624107086038 0.003988725240535486 9.518642446722246E-4 0.019334707872088863 0.015753305139999903 0.02259311611202998 
0.14568590382337046 0.01628574462744009 0.02457693507848649 0.03528552795956874 0.047828495853851405 0.047895030470041934 0.1078376769935508 0.0032920627482755705 0.005490383661696391 0.0283144722254789 0.01445425400793306 0.0018060997877555112 5.451021314773895E-4 0.016271002420763035 0.006132429050501972 
0.16309137258259687 0.05509274091483985 0.0043219934350534365 0.054660283512475136 0.010482337065203176 1.6079427402309265E-4 0.0024396770103625866 0.142724418315566 0.020850266302821836 0.034377702032744276 0.0012557444996689447 0.0016983219136792584 1.5015523355868394E-4 0.009768165220234604 5.266626572060115E-4 
0.0033258232508912695 0.0038964705449085393 9.629377846158269E-4 0.008616132398502813 5.623280279311371E-4 7.351459638735058E-4 0.03150983263234901 0.1346423010253789 0.006175893724737083 0.13935869406365936 0.01123345736297023 0.0016511666349731298 3.222224326979977E-4 0.005539035511064065 0.15359361780213193 
0.00942333484552682 2.7049769253284674E-4 1.7955132489695674E-4 0.024629536344069336 0.008457409305692694 0.14360081452165524 0.0022750800401444313 0.0978488224753303 0.004394082252977723 0.005923071268440518 0.0117695579913187 0.024444535771753345 0.15873205244784216 0.0028436616705573344 0.006129799163056307 
0.08202806514823908 0.06960495380509303 0.03183192909838638 0.00611986318787251 0.006735157654291858 0.01165596129440722 0.004541946822090715 0.032368447647194334 6.27169190331472E-4 6.289199679688278E-4 0.0032120525262288526 0.09324988686149191 0.0015280374252106576 0.15735356411865095 0.002161726802776158 
0.17528340427428288 0.0039981329065105825 0.021332135435475682 7.275224632642274E-4 1.1472524840479438E-4 0.014323915077372596 0.07106860691362996 0.0035568803395023964 0.010954182086850197 0.006362908669843399 3.507681259477649E-4 1.7861166831265333E-4 8.079399260535696E-5 0.18865130042516937 0.004182384867807146 
0.014660354672828313 0.08030844663493175 0.0069829662912497745 0.003766665913486591 0.002557520454520547 0.001032091950917297 0.31898546136166894 0.010272501392212006 8.034641466875672E-4 0.001262924657141432 0.006087648800197115 0.023649911131397746 0.002101430449514095 0.0287986534951948 1.7874491109935703E-4 
0.017288264376111608 0.058554652392803816 0.1263877301798763 0.00991753847524876 0.005767262792212926 0.0014423427492050236 0.16089028959829504 0.05464571486548293 0.01143384811714933 0.025920316398267664 0.006327208307991171 0.015044232312630879 8.87197240588127E-4 0.00625471379742683 0.0014851063592466892 
0.003528941523657482 0.029870443099915784 6.392047066854619E-4 0.033015387981709624 0.1975966385302235 0.002371124598374429 0.03881649514301745 0.14722526290825472 7.579009648973216E-5 0.01871612657455373 0.015725522176674476 1.432758060768324E-4 0.002243325777686915 0.00776979726334523 0.0050928185963968605 
0.022206095158982996 0.0024688354802431304 0.03163760510144206 0.003762524606912563 0.16120477078686174 0.026725789948093787 0.0010236743377309632 0.0026541254464516875 1.1522964234276253E-4 0.011290673367610199 0.21726355018445961 0.009189985718781579 0.0046143175095345245 0.004186485782202433 0.0037766988204604762 
6.862425359640329E-4 0.0026926253576514785 4.985384487782531E-4 0.0035381898293035258 0.021038406723286298 0.001125395314781128 0.09994028609477616 0.09285916225082567 0.0011415099800003948 0.011766961273250557 0.001027856913179868 6.074034156116493E-4 5.866322698536425E-4 0.11185801318611402 0.1513593571267462 
0.0287941274929899 0.008417123199817982 0.008133473121632716 0.01286428416880249 0.17131484382592158 0.0010478806231298506 0.007029851043284514 0.013315424002575684 0.0024436064456137504 0.012175642285294478 0.009385175384975577 3.5423161330197265E-5 0.002714423068396984 0.20061756019861987 0.024574255863677414 
0.011656785689231739 3.0902208349290454E-4 0.0015883553463066856 0.014101716704969888 2.0630882092300252E-5 0.0011717712530065828 0.04825468981313442 0.20926425580663738 0.009598720419999226 0.007734591941198849 0.010344925570908815 0.0015205644524250515 0.027445313099980127 0.005541235538419905 0.15360293273122022 
0.012207205542087747 0.043764339783161556 0.04769388521532723 0.01294912694885318 3.242958540906407E-4 7.551171885741773E-5 0.012820953097401316 0.002059568284238929 0.10783904386018643 0.2067439961028265 0.008313282184523622 0.0015805690052760571 0.011049381880571859 0.007943925150517537 0.026749121974579317 
0.014506522247253541 0.028599794154822476 0.04304579806395073 0.017521805625687194 0.05927600274790925 0.004732106086569576 0.03150145038640073 0.10239341035608214 0.003392948648759015 0.03562471557863674 0.01996516781032445 0.13661034968401942 0.0011245245101176632 0.003937793347552673 1.7852367867906812E-4 
0.01702609218327676 3.8478246585470644E-4 5.814016849319642E-4 0.0901642730616746 0.2909615270715432 0.04777363755300706 0.0019177870068024165 0.003963935287943226 0.01394754205143656 0.012022743414791792 0.004939316874817551 9.358961686877121E-4 0.0011301232393464333 0.016326667443130573 0.001489004512722633 
0.014186459514886337 0.024646866033594755 0.019091114448259356 0.0032998955260988908 0.020644152697903265 0.2134055116883118 0.003643847929095445 0.04109855753705862 0.006081528151680158 0.027244812102924294 0.04142915103575037 1.30343220103882E-4 0.002523280534212218 0.0788359103709848 0.00506319015690945 
0.2494967498535877 0.005939526077368953 0.011752261638635454 0.004269015301849538 0.004039402998659854 0.006319849740978555 0.010111846791954062 0.15518598630137861 0.012491025659283733 0.010107483485189556 0.010324940247522138 0.001557887384417274 0.002980270581721796 0.00588970943616372 0.0113107527849853 
0.0327715090765451 0.044320173595368766 1.6247632338800627E-5 0.013003306752053067 0.0013304608342696075 0.14685896460968698 0.008782502300254088 0.009973256917010254 0.0026000970322211923 0.18070500461991162 0.025483241129987948 0.001458967904719031 0.00776421137877387 0.017577520329376213 0.007984585542109754 
0.06407121731756968 0.01015428166899093 0.07406849816254996 0.010233665526359275 0.032545690895911174 0.013192986913829844 0.02261624261827309 0.02667301441769771 0.20618928759957594 0.0026196454931769054 0.016287289497690077 0.005860326472870576 6.16405354095028E-4 0.0039787529906987135 0.013007418091318642 
0.012064667839975155 0.014172482579674574 0.04594032166887976 0.004158186553048265 0.15014310411168744 0.014947352373122284 4.505782959986614E-4 0.003965814035641142 0.005081734019371465 0.2084318939781917 0.003754061998370089 0.0021206783931792274 0.025010372233478052 0.003372271555954926 0.009271106860873015 
0.028858377618544068 7.509795236943494E-4 0.011918181703210087 0.17879896423863828 0.0027586054671784746 0.001659417977592112 1.2249503122678385E-4 0.0017421247037955909 5.706857674484281E-4 0.0161361241888861 0.003769663090807541 0.1479295470521777 0.10455773294399065 0.0022706894411461493 0.0014720731309410481 
0.029933393769547748 0.07007298310084001 0.013244195051904366 0.08882037143880236 0.02482323082260109 0.007276209983472418 1.4645922720964318E-4 0.16799350535551752 0.002065130228297616 0.02129769728174311 0.0018595609871752423 0.0018364246784817093 4.75165149027326E-4 2.7315949098821404E-4 0.07191845694359582 
0.0259954824688954 0.15839905577438845 0.0906514490715349 0.015669085848092738 0.0034075591398747096 0.006985143078042563 0.007575905772412753 0.002687629874580611 0.005569182438569852 0.02494953987244508 0.0024586394818913106 0.04327413757074959 0.03533222846010385 0.07988022749620015 6.235462080523539E-4 
0.0021136822541736123 0.006529670090137284 0.013480746243466343 0.003354860671543728 0.07261894718327683 0.014993111978738177 0.1630035744746283 0.006772291364846966 0.01012825761742409 0.02544831790151491 7.146967068818898E-4 0.0015749593694092906 0.16469284737415668 0.014905020339112961 9.374634775538342E-4 
0.01765008508337663 0.05473970548974374 0.11290392413265785 0.034985290454921984 0.010848710811408617 0.008191922079029036 0.01068653770123133 0.006132371689887343 0.009171229785442173 0.023043684308173554 6.540388723823439E-4 0.0014261740185750348 0.1491344250094915 0.013496953106763724 0.0483074334728199 
0.19930063384362642 0.059486100398832197 0.06355943132386176 0.02149402431009947 0.0029521778519526367 0.010931981145791522 0.016522804885740268 0.014467322335466713 0.0089903387128549 0.004258998353729871 0.01942850065641586 0.007740531011605772 0.016910367555300825 0.03404896572408241 0.024052736948219407 
0.006407232164417916 0.0052331274173965 0.009606926704753969 0.020543261829411602 0.0014623182532372443 7.183531895156084E-4 0.14082890723244573 0.02811181041334439 4.4262865601940425E-4 0.00233580801950728 0.02942102140048236 0.12749626126557143 7.717742694324366E-4 0.006600506631500486 0.12210631086480254 
0.013086669751595713 0.08481280398388778 0.021165455802215426 0.12444518987113508 0.0056218395544019055 0.004798597510434339 9.341442954748582E-5 0.0320254657617429 3.1172316161896146E-4 7.647192334699252E-4 0.16407063889013343 0.018568477426154216 3.2560725273036366E-4 0.028104099225927746 0.002225352373827144 
0.1401232343433868 0.004025334510097685 0.019090100272532877 0.009753681439700887 0.04229632064195399 0.008514965813308595 2.3358098294893307E-4 0.16125221117645597 0.001999257852967916 0.007878081438780337 0.0017262931917283086 0.0017048149759263944 0.00909303224804372 0.0014408909067977844 0.09285211908019597 
0.0014761092028249565 0.00410332885362498 6.777173661962775E-4 0.030621334645546262 0.12696862038841117 1.941972638971403E-4 0.021713848129076407 0.19267640517693327 0.04294207053825157 0.009081840243693432 0.003914582798260634 0.001530631310695188 0.0509026650767305 0.013406148067028311 0.002846172137433945 
0.008476569075086888 0.006896837733422098 0.003338851016532736 0.01809223101409878 0.0013075099903650446 0.005710229033263979 0.14161474518426756 0.028656082011440646 5.464144849645632E-4 0.0023498751584724417 1.6510796622596244E-4 0.12216112715265001 0.0015133692846427613 0.15584307480780593 0.005393586727960462 
0.07763538923656507 0.01020413658718812 0.038517439057004874 0.012734561088831602 0.028040273073541983 0.024327394807270693 0.004697646281501351 0.0015727181978229111 0.0018981461531676804 0.1345426470335121 0.010492698562194256 0.0010671185599097108 0.0020222545379701452 0.1527184951680542 3.777504691785654E-4 
0.1156331203874691 0.029344785602030143 0.015019379830982204 0.025738115059275906 0.004493275875322188 0.004314500289994459 0.00857032383892454 0.009648075331712982 3.219806332507821E-4 0.2372906119095514 0.019506523282713323 0.004052572631460797 0.002033925516567055 0.025945685779999773 2.54845262594673E-4 
0.030645593785582965 0.03318725205409407 0.008586253995615578 0.15950291206389977 9.154848197957472E-4 0.009028151716519424 0.00996826735121193 0.0038970677121072522 0.03852050582039606 0.1649321763205895 0.01134571565652807 0.02847192849821847 0.0013630634339394053 0.0013248606559051312 4.884512098337483E-5 
0.039898721058289566 0.046869415441036164 0.12533170665709503 0.0122191965193089 7.332414394738776E-4 0.014853206134248991 4.4774031835370475E-4 0.003935589111705405 0.00504961816045673 0.2078372650603854 0.01752487228617091 0.00217375314169336 0.011639537285805968 0.0033603892166006364 0.009238439729509811 
0.014836705938743215 0.08174858757028389 0.018022141490943742 0.017398793189364596 0.007556624030699914 0.004485321746722716 0.005889027418046832 0.12627094484063422 0.0062990365187742025 0.03571673518221992 0.010959145833625339 0.004777553908581348 0.004623068714984884 0.15701850500262343 0.0048098669593297245 
0.08649180313998128 0.030493420756494312 0.008579491035727083 3.792810175154162E-4 0.08108589282807326 0.01310717115773655 0.03654555574101301 0.001425236318534045 0.0035205233432482226 0.016844029084928342 0.008536997512641564 2.1661497984355561E-4 0.10567156594280835 0.03133521269861966 0.0784417574554514 
0.04660696594374613 0.015073092752721047 0.015440051616532178 0.011096274235156137 0.07082190951734556 1.9024117906474348E-4 9.072564726221142E-4 0.07874367205580415 0.16164875766026746 0.00826912733244178 0.005863274115595442 0.0795227988463556 0.005376991882808414 0.0013381968721814124 2.5989327215232474E-4 
0.04224976408967125 0.13820407802553805 0.025613046569529573 0.048314590618303226 0.005752168968679717 0.0376118139137874 0.0110201364707345 0.011736484145564599 0.0037070093078224557 0.013661978363362047 0.0036436946091229264 0.13131598741907902 0.001613989601169183 0.004137689774396063 0.023672405673870352 
0.01852561553118384 0.11213811404545725 3.435371977382487E-4 0.01983847918474525 0.2964260831076375 0.012229820015984268 0.011646997455836276 0.0011896852200148401 0.008326531913898108 0.0019525002285632111 0.0037529946707577986 3.462326341426855E-4 0.006929587199608068 0.00407795186964322 0.004830460580441827 
0.003699356372558409 0.007293328404782344 0.010977251795128713 0.11543848253864725 0.07856384538764444 0.00627188801046974 0.04175172013823135 0.1357112437918666 0.02057051620160564 0.049094268500453626 0.027513912552454715 2.8409572296791665E-4 0.0011245241437575406 0.003937792064654487 1.7852362051763525E-4 
0.03714292790756247 0.10325092987668812 0.017053214779880012 0.006556666754232692 1.9080974493805048E-5 1.944055212740641E-4 0.021636076731096524 0.19277820882492055 0.042964759665282494 0.009086638778658817 0.003916651130440931 0.0015314400441309676 0.050929560310697154 0.01341323141891786 0.00284767595782194 
0.05967803836161574 0.20212710285581428 0.03909806097160606 0.014756512576409737 0.00858123072949463 0.0024063792541913456 0.05426194630003574 0.054740735007817745 0.011453729746993511 0.02596538767530356 0.006338210309437895 0.015070391822103547 7.448338351763034E-5 0.006255290705664568 0.001485243339150217 
0.005492070084645828 0.017662250621317415 0.0027786500616961787 0.0017347431676655943 0.07993731112533163 0.016904272756899236 0.13595956813924598 0.2012772233849828 1.0482554118182906E-4 1.9143923136935562E-5 0.026561278095563724 0.0015800212511584521 5.47578837799817E-4 0.0027743126427927 0.00890570899148238 
0.05031180224794672 0.05358937618874911 0.02248019151615191 0.024810391813135522 0.030808786918700704 0.004775090430756374 0.0022776957695888945 0.09796132227381586 0.006680268958887366 0.003121118224177505 0.011762181040401987 0.02525198592780907 0.15902450027457704 0.003452699685391194 0.004148993034526959 
0.006349958809075291 6.302092510451598E-4 0.0095624316947434 0.01434666912282632 0.08288793187042237 0.013741810776367915 3.0296655241058033E-4 0.0927749780367587 1.0099715057647339E-4 0.009896115400812299 0.19042842663250936 0.024246340812321587 0.04752104982979004 0.004148086766798974 0.0037793605986529383 
0.0010249383240144092 0.0040215736807877635 6.683272748696848E-4 0.005214874178741884 0.031008128245264818 0.0016586998581374702 0.14730018526855457 0.1368634445418537 0.0016824509725788246 0.017343112005442928 0.0015149397671063197 8.952409398498346E-4 8.646267227212879E-4 2.2245811654288141E-4 0.15175610674476098 
0.0030249080949964167 0.024188946520980227 0.004169125843721765 0.0013230550640859653 0.02233899707787117 9.542776328083908E-4 0.006138030348942405 0.1517210927313876 0.0019531738238765272 0.13459835707559684 6.742840532512046E-4 4.797187550481677E-4 0.14810837119061232 0.0012903006122153085 1.830683455632616E-4 
0.11122404974679026 0.02622714046845409 0.06690339139062752 0.003159317673145244 0.04230307388592621 0.004351569128972025 2.900325683715119E-4 0.006100588713617262 2.618599953757546E-4 0.01412234699430077 0.050534672116270225 0.0010562689074219542 0.16306300973972368 0.006040178633946514 0.006181569016770667 
0.06887361439776526 0.024250610185790302 0.013879184181447813 0.11875732074140011 0.0020882049792447406 0.003814491817383293 0.005741702988281623 0.005593153793312006 0.15882989854408025 5.941396606232486E-4 0.09051956346737669 0.002032709078644972 0.005388032623279306 6.309940551008164E-4 3.402012143455474E-5 
0.012910901699854732 0.03582103192483566 0.005814679246390923 0.00810435088868674 0.0018541688018833293 0.1525114680764192 0.00825921624732345 0.19643053615556846 0.009581198408271131 0.03952977596415896 0.016215661801115024 0.007068487469105794 0.004617940166114046 0.0019283448750848607 1.8708822586936474E-4 
0.0013615955504096854 0.001517760024788608 0.0014155395152732249 0.030590413230290072 1.1800587598885839E-4 0.10144680598701107 0.0041850338085291285 0.0018568845626319602 0.0020743340870021157 0.0031341510547069295 0.015479779683060083 0.17337705761510336 0.001579416777479967 0.15193467817860093 0.010403011717522708 
0.015224181754231438 0.0123869351211514 0.005996680293137791 0.03249420972781484 0.0023483286176827142 0.004064051486132057 0.21600623682336192 0.04388978091141439 8.513238323408841E-4 8.53700350114378E-4 0.004355526190222592 9.758570433746889E-4 0.001513954589266157 0.1559033480491984 0.006314567498608289 
0.11584548037641162 0.00557942611318601 0.0028234544709309453 0.004373129575776275 0.0031064011774238733 0.009419719256560702 0.005982100283042791 0.05223568070585369 3.8899936158433345E-4 0.1247916574372011 0.10237630330292712 0.0355254497506764 0.002069785313057529 0.03535961867468567 0.0033589171168989236 
0.07603755223888066 0.0013989156240023187 0.002585837518099985 0.003726943828131605 0.29406658150396 0.005166692602587625 0.06362022750367521 0.0010398867232711516 0.020455817525427696 0.01205822724712507 0.004953894736606677 9.386583654331083E-4 1.3222259778840944E-4 0.016341200976614935 0.0014903299820518392 
0.007162502417271698 0.04460887538169901 0.006399921558361279 0.009809104486637183 0.013852565458677574 0.02411644520852201 0.13482506327912033 0.12442742093656668 0.006429568205060175 0.06730153849188172 0.010915910110978685 0.03678897537935267 0.005266344001702362 0.0034460411095098443 0.005116589884501538 
0.02903308932452749 0.00682407907018408 0.036104418880923896 3.00580685967716E-4 0.04722966460387313 2.2619426340408862E-4 0.009960170023474891 0.2942994164614421 6.382860919207397E-4 0.035502433656477844 0.006822079452718747 0.001887696270843651 0.0020123063059492327 0.0038083258954980013 0.026186173370711174 
0.07111756837054228 0.0018506874616156833 0.029370746801300997 0.001657292949057193 0.004602876135897427 6.782237852469589E-4 5.95606851092044E-5 8.470722433764099E-4 0.016602761367143715 0.09395010722909308 0.003419848605219218 0.16362669099996724 0.103352942787327 0.002232266024997763 0.00992783531309113 
0.3337104817044553 0.006139503350700898 0.013468703972228198 0.01645539829382487 0.007163770577951369 0.0051546861823315955 0.06100651117998088 0.0010317285861205791 0.020295337195056166 0.011963627835984049 0.006382700260473293 9.0493425177899E-4 1.3157737007558348E-4 0.0162614582101943 0.0014733366174061483 
0.018335947380103874 0.02153941561203287 0.0659323640676411 0.006151164278967938 0.0017664874316984853 0.0077812693924152595 2.267702417075684E-4 0.1277157983050614 0.001555744267299708 0.2092264060272792 0.015763681987104997 0.002179680821553309 0.011671277527797959 0.0033695527739056375 0.00926363233858377 
0.13183745140765146 0.0460135341025644 0.026517343225897175 0.010022371949766427 0.005947179138462564 0.00865179180521191 0.03961221720989591 0.03904812890362977 0.13659511281886488 0.025669184571541548 0.006295941985869104 0.01850123982328349 1.963811203787413E-4 0.006381425408751272 0.0014866722231889275 
0.004773636215599672 0.014181911951395383 0.004648885875166464 0.001573942343123591 0.01698496639114635 0.10269527644598017 0.10045102996255215 0.1200599953772137 4.4014823398025404E-5 0.007374808909347457 0.018005641356171265 0.0071784743710607305 4.561465420468773E-4 0.03047098219927637 0.07380641584150079 
0.14914565441707475 0.00388120683690976 0.06159545879823281 0.003475625602946272 0.009653015270605254 0.0014223508003654193 1.2490890171972107E-4 0.001776454777231171 1.2730925013937114E-4 0.010492738279193413 0.003744545530192143 0.14694388088642613 0.1045788689110766 0.0022587441606115176 0.004075718336260902 
0.010410429832342886 0.012836258749600296 4.434769271943804E-4 0.02556895647334121 0.14891985190221232 0.02047108955605136 0.07478852880409063 0.01730223761521374 0.03361038861189551 0.007448390482145303 0.00552929145146066 0.001277241603904844 0.1160902290111943 0.006756148713102131 0.019216547849808904 
0.07794703017493991 0.025208738475791463 0.02582245260738655 0.01855777575569005 0.11937142303729102 3.1927393707289803E-4 3.4943566892716766E-4 0.13157537598397145 0.005795405785746835 0.008360353638714445 0.00592795867283178 0.07487555982163983 0.005376201538938794 0.0013380001756422835 2.598550714150207E-4 
0.01252856934883805 0.034879720919030036 0.011563877062062643 0.0039322608227148155 0.0015002687237077857 0.1539798342380654 0.15143697486616958 7.502975259600234E-4 3.2873234110963825E-5 0.007479574453972197 0.01827430699478355 0.0030737821164655145 4.8240434617630553E-4 0.03018984878956008 0.07401375551024786 
0.09128861793795225 0.10377602566189108 0.03536493459904859 0.05480673642763899 0.004926468078096901 0.045184808805874645 3.7112856375666843E-6 0.024922827603251617 0.007417707821998102 0.02443736126105886 0.0012241653864685643 0.002140221970640567 0.10257092885332458 0.0023287569219552356 5.78153831912138E-4 
0.0024893329073759148 0.01990617191611025 0.032195341245953565 0.001806508699593126 0.0385207293763531 0.0016455291307474367 0.0025677167266531745 0.2420495240176895 0.003116012321570367 0.004213503396052086 6.706287169487774E-4 4.771181694762152E-4 0.14730546638618158 0.004021197486567749 1.8307643686373928E-4 
0.0044840946032505295 0.033482106941726555 0.005027997157554057 0.0025689484001854847 0.12926486261460973 0.006914690483252727 0.004482178284120974 0.1335139619834974 0.0016939249984947574 0.016921442690173663 0.0014781064920822396 0.0014597161686034285 0.00778574002547645 0.0011686135947983653 0.15174024351573892 
0.07744487314883249 0.02876776923387065 0.01686990340300301 0.013010049917087735 0.03533893196646641 0.005618841334238085 0.021802209903438906 0.2034181789879459 0.007963831772882226 0.023828846685611544 0.003703725723043738 0.041731398319123314 0.018734846595828893 0.0018224301327549642 0.028011740454966082 
0.041522684442652905 0.07213949609762763 0.05587823516232662 0.009658542392493773 0.06042385960792324 0.05358402749269998 0.009406692251881713 0.04160668213768661 0.006156717507425647 0.027581655050672522 0.041941362949889094 1.3195472670238324E-4 0.0025544772717756444 0.07981060310652133 6.230027190622374E-4 
0.029128880496448517 0.038544260100283986 0.004975942131549006 0.0026840615911140216 0.0018224452548043885 8.866913272250009E-4 0.22774492737477017 0.039041752571129976 6.317354772190802E-4 9.929930467466516E-4 0.015005538565260488 0.1351941432605444 0.0022188545434329234 0.002266404779909491 2.415653051018946E-4 
0.0011007022768918222 0.0029908388321812293 0.006837731532707732 0.07379325442580813 0.00268719799481212 5.792901630631825E-4 0.06731201548336309 0.019538991773193962 5.545580597495881E-4 0.15122303538576484 0.0068524185797656035 0.008806960809513433 6.136953299127153E-4 0.1590541903194779 5.5512554591295E-4 
0.01690130189732078 0.05909423667607037 0.01377787999849303 0.016980576379165092 0.2080487677421835 0.03320531163220239 0.118178175680919 0.003607736930772223 0.006016853691742704 9.064433292907756E-4 0.014898829026868168 3.485041681095867E-4 0.006938059209242996 0.002277723627292949 4.2306939897572015E-5 
0.08558734374599763 0.11574828377689753 4.243294658147975E-5 0.0339599400876887 0.0034746831004104735 0.002123811570178122 0.008879645156465218 0.010083570655569451 0.0025144376182637484 0.17741909998513727 0.026013438194168605 0.0014589739252418225 0.007764243418280301 0.01757759286411904 0.007984618491004026 
