0.08692702815794041 0.14100334598716666 0.2742730293599674 
0.19029837330841953 0.11851860755411109 0.19305402851623152 
0.019621614657189215 0.47445819395244887 0.006488630630129465 
0.1702744948725303 0.22675439344696316 0.1146229425698875 
0.07646533979924158 0.36067958944973 0.06473638233114927 
0.3561104054320573 0.05819196291038917 0.08885870585595251 
0.28920845230212017 0.14926311015158877 0.06360010232468241 
0.40353546831265735 0.004730023175146012 0.09247385914140523 
0.16137918303303223 0.01940051385524195 0.3235894895348735 
0.011335487388390367 0.2560684859753534 0.23477123205248893 
0.15537778488112713 0.0451700444104321 0.3029671046387561 
0.010225244290018079 0.016775602031050496 0.47350240321395354 
0.07196672915738653 0.11949965110401184 0.3091497230445742 
0.40319657148892313 0.052062177033590826 0.053369225521858916 
0.18824833205564118 0.19668265268360838 0.11565986925634719 
0.09891489726154157 0.16337653647086747 0.24010379247794086 
0.061137330944454574 0.3027764807246232 0.1404450150548381 
0.09235835635563315 0.2729059082033979 0.1386206057735068 
0.18671232708016955 0.022977160283311576 0.29289895861807397 
0.3361645450621423 0.06164668989373785 0.10974640466802069 
0.13516603847659422 0.09505288572193056 0.2722473638222612 
0.24242178200498876 0.0025743719192599336 0.2557322129628219 
0.0860144513372676 0.2566577502784642 0.15790529207793355 
0.04840300518734017 0.11237101802063754 0.3416295668377743 
0.09008233399877998 0.07067577185813341 0.3415957439748465 
0.05727826635176973 0.39254902191532726 0.05260245335955582 
0.2577486382352243 0.23794226541330324 0.004709693919479042 
0.32684635489941244 0.0877698170667181 0.08897979795010637 
0.0527936315068037 0.05982318048251109 0.38799129134050964 
0.4418437287343227 0.04966639484102653 0.008886091478972074 
0.08717198873766939 0.411181813772976 0.0035272176486324594 
0.0063854626855866705 0.35297016019408306 0.14105293359342733 
0.27279573218965003 0.20338754579394938 0.028894584669602777 
0.018435285624226937 0.046616357054080175 0.43542445746593506 
0.2172781219004575 0.17778791797449203 0.10715716789328762 
0.26457721492673514 0.061926087598802075 0.1815948134136663 
0.03783913119351866 0.30462091002664504 0.15813363348612033 
0.1559481454302901 0.11083053935386725 0.23565218666402066 
0.0025861318573404124 0.4966688926049017 0.0013543847781175668 
0.20983696304341043 0.15584670983364918 0.13589775802219603 
0.28764742485801237 0.2116065813884883 0.001354382015890181 
0.031794407096538725 0.16152319953627403 0.3091117125049517 
0.1709738035285723 0.14469574946107097 0.1919145180277758 
0.0518611700970179 0.41783670298018966 0.0308990770175702 
0.2954940629894208 0.11911820173739887 0.08897895942670105 
0.17342567931604644 0.08886531145720371 0.2401033869893877 
0.489947999800783 0.005742903847744497 0.004709693919479042 
0.32079484404678743 0.0022521215462768555 0.17851649378383222 
0.0023897874395707635 0.38258596702469627 0.11563597633166262 
0.14937684546872657 0.34678896752515176 0.006169257202212867 
0.35438245357860265 0.0037633261731918844 0.14258260112710597 
0.345594746467877 0.15108301907126645 0.008236141080997439 
0.1455143644869326 0.21785237793398243 0.1402338849841165 
0.0343994802861094 0.07948973730006131 0.3884432903496942 
0.3407243910384136 0.1312922946556446 0.0318212062120861 
0.2759342744042616 0.12062967874458158 0.10834994572056432 
0.309037245570082 0.04769077054805481 0.14387404794055997 
0.040011461234694 0.38189666145394735 0.08065126834242367 
0.007512702212742853 0.09908655185591624 0.39380951604487674 
0.008430662767103305 0.19132542495480512 0.3019455158009772 
0.09662343039881936 0.034267525518647736 0.3751499843869188 
0.18036644218121767 0.052434524084059235 0.2707139676650384 
0.07000618202992663 0.06649056003937283 0.3659341449649887 
0.39414406764121085 0.11128850839294453 0.0020269241495265945 
0.08204359562736499 0.3869916810093241 0.03284658878986721 
0.35153401613487945 0.09832638328266466 0.05260632535174594 
0.24842594229554438 0.20327463559267417 0.050532438050338954 
0.12901641623885868 0.13496639386104264 0.23844806614568362 
0.0073076001221059434 0.3086015031707594 0.19215826919273307 
0.35699987642962344 0.021958353248214425 0.12176847758705966 
0.0882749350804287 0.0013004869781488861 0.41200821882069927 
0.30388321548379704 0.15715463101447766 0.04191781103093863 
0.23252747745501265 0.08330231326923539 0.19211002567663343 
0.19649217170314645 0.2946453451622584 0.010730949644064406 
0.05405907923348733 0.33090429349221967 0.11566960084571686 
0.2158330798461225 0.2348450519521024 0.0522404258368983 
0.41500050833908303 0.06446275582804366 0.023483693164768504 
0.14988321448685518 0.1628646042689015 0.19013821995914323 
0.1658314624312285 0.1994334115835736 0.1386208370666728 
0.1986143915946715 0.21610963039465617 0.08887643161326476 
0.01779801911145415 0.4303629518306605 0.05240759550709589 
0.18666083291605978 0.1527353079144087 0.16283624308867445 
0.471231210811695 0.005523515831982496 0.023984825822167367 
0.05864664913023948 0.2840540810577235 0.15791843820565998 
0.06459434937226412 0.43445507028830455 0.0030915215770141416 
0.00701298272000867 0.15842317191611635 0.33626544888676063 
0.00379183616197665 0.4081610227883378 0.09160145049760288 
0.1512111734902656 0.2635235954289199 0.0888787347081566 
0.12051269043216999 0.009585449132868969 0.3735056661934841 
0.23264521580784006 0.2615836100062899 0.006369803018596467 
0.0988718308523262 0.11117035161232477 0.2905659208651734 
