0.009355862175944014 0.13232069196322824 0.02584896703852249 0.23093051168919015 7.362976394594179E-4 0.0018989517724784983 0.05270068040448138 0.024354330830908183 0.02086547544702991 0.004749983288588823 
0.022776894691763756 0.36009440473712434 0.015297627470994137 0.006438226943380711 0.01828316124573192 0.026723042805248277 1.6510082093849533E-4 0.01822550228622711 0.007654900017850343 0.02643242680032419 
1.7518891970232458E-4 1.1535418327852343E-5 4.837436067876866E-5 0.3284710336587696 0.07894663867517612 0.03350742137882941 0.0030592391534006755 0.006709923772913983 0.017251836254218465 0.03420306197833611 
0.00895669846051585 0.1455623177922176 0.18673413992018162 0.03715459675709365 0.004356402780090814 0.0011450492487757144 0.021843622539326448 0.02171713741566232 0.007512504831926255 0.06774803971412362 
0.08026544095022664 0.1732626448524585 0.007003984168188716 3.323104864172023E-5 2.0907291782740396E-4 0.0021632365472653158 0.016189393737849795 0.010793976334302003 0.21329847871638508 3.5491811013006866E-4 
0.10685728986183728 0.08751370839856122 0.017332760118333557 0.003358694764365983 0.006821553276986711 0.049900339345087356 0.12407232119429405 0.07224513465879097 0.008625164608796119 0.026056389736122936 
0.045616529591648636 0.008318527562531534 0.017577626450108966 0.14947413416933267 0.056714624413174174 0.02327675622207093 0.015893087396944387 0.025573284228136945 0.012394389326216941 0.14970994582734173 
0.004123959215873255 0.07859477682277397 7.454280169224271E-4 0.0012375681081947107 0.0064577666380141235 0.059180496683840275 0.038294417921170304 0.2771455104413736 0.03432350126674438 0.0037015502847834838 
0.012468864176671667 0.04346855358308353 0.015220665595318168 0.02327547302942072 0.024503047397528576 0.0011778136820886987 0.001176472267494263 0.062290285634408395 0.16257445129559728 0.1576677458345032 
0.012622769052888689 0.002218472599178627 0.0780971319763989 0.19425760898711023 0.11153093926048216 0.012028603196174149 0.021832892640432585 0.03492768632207495 0.034324380590074526 0.0022143338424879975 
0.04677281101133605 0.03553893901620337 0.015798590705293113 0.0019708081876399 0.011535618566426816 0.0034372773710461798 0.020175838324824138 0.19959637994945623 0.010406794311438077 0.15996896528016308 
0.005220616985327933 1.8759355422101956E-4 0.13483801479732788 0.029753173824285627 0.011721520086159721 0.08727761596087293 0.12142017011802961 0.0082440215527098 0.09806775886767799 0.005689956801599613 
0.00430114417106721 0.119589772781703 0.01461704500775932 0.0036724592968998813 0.12165017513211279 0.16438172574440973 0.007148637211863639 0.022107048932785554 8.480719925031373E-4 0.05094829018936686 
0.018240566262057008 0.09519823482120283 0.039934883540593324 0.05839039632866794 9.642344520490151E-4 0.14105303646510983 0.0020456213613542756 0.13232945514233757 0.001678046453476534 0.012868372383863251 
1.2827674235458333E-4 0.009954940451739362 0.004186538274077037 0.006036836819610286 0.13534798780217913 0.2681504422741037 0.026379832408645523 0.04453213950366162 0.007552376502007186 0.0011118030604006332 
0.07965309440421339 0.05852524625314193 0.01901930457103942 0.0038143224827184327 0.00668823843590987 0.005856727635605816 0.2015074111652099 0.11395459556079181 8.420810455451539E-4 0.015237161748855976 
0.004288627197125892 0.07248218780721799 0.1275816369060905 0.002574383046854419 2.987962855317285E-4 0.13363564201995046 0.0017854253047249055 0.15332369342884627 0.0012713924346139259 0.006568947647112808 
6.717622569320341E-4 0.004619479793028966 0.005626303528339336 6.602177539710588E-5 3.9304525699481324E-7 0.00874107905052389 0.10622004992979983 0.06580575165016533 0.28660378417174665 0.024044266444004397 
0.07882089739441497 0.0019447874254210013 0.13422051432660995 7.794860781807079E-4 0.0019304051546890626 0.11428314732774943 5.733736607285817E-5 0.14857599462219725 0.017142522095817753 0.006575728833412085 
0.1509684248420542 0.08161699124642376 0.04502721676159576 0.00583186890643141 0.07187098299006527 0.012408965180695793 0.008456994750489997 0.11358310097798818 1.5554887730528905E-4 0.015238999218045163 
0.060341672573524525 0.004309702719447715 0.1715377986971236 8.637110467200025E-4 0.0010810136852330732 8.862034903001454E-5 0.009249811096367428 0.12449348287950837 0.04120631808972852 0.09055117331278228 
5.934435199143142E-4 0.02136132275304158 0.018439318422907323 5.93952286630342E-4 0.14716614251698323 0.028031491636692937 0.002738673213357697 0.006431240512159155 0.17615476995897897 0.10191269971466867 
0.1419739263925087 0.017812803558130592 0.12611798449100411 0.004165590729188624 0.0018786577144651398 0.04328623153467768 0.005707204874084041 0.12016736914686113 0.04089468839292691 5.136998252123311E-4 
0.008260862945449015 0.2509195179379375 0.021409105040553652 1.142658484729684E-4 0.00762610316706574 0.14839002403480425 0.019244135702102656 0.048148021128726085 0.0025443364320197007 0.0031621265046444533 
0.005188189500079341 0.10333794851235471 0.005721109211707229 0.19353325117788917 0.010346894229326775 0.020102924156635574 8.998572553514307E-5 0.13015640200749332 0.007662632440390051 0.026459126912970133 
0.005327773364488298 0.05278423094503039 0.02820480275143722 0.005788214655953189 0.15155212522767514 0.09670240934122648 0.04698905107512992 0.11909779998550735 0.0024499013272446498 2.8983905786202237E-4 
0.003220376367815303 3.7978986548012826E-5 0.003367290168390108 8.076913467484897E-4 0.0018220787744254248 0.0032193842207886444 0.15664730769442275 0.034672915487225356 0.04099467868282743 0.2592010491543398 
0.0010046211308333826 0.014089593646962682 2.2907713282916195E-4 0.029787818157028634 0.12886267986341007 0.01889052875915358 0.13929251015646843 3.600508872709936E-4 0.14116377344608605 0.02959827156980692 
0.007285799532073118 2.4437403154937786E-4 0.1877429968698775 0.041427115554600075 0.016359039627817876 0.12121544713431193 0.016784032630663158 0.008257537807373282 0.09822854311534855 0.004868760628571894 
0.18272946546701163 0.0059047133361896185 0.022737363439804845 0.029462707872556802 0.021323506921405142 0.16652729435343017 0.0344744619736955 0.017286816654894104 0.00600633081563367 0.018862632460483603 
0.07547960457958215 0.001919709504750389 0.014869442537431122 0.002268881919966968 0.04149039182520752 0.01844618009362411 0.1830244961662738 0.007413155230130539 0.009523023643291417 0.14819843143038666 
0.05246997739817914 0.01945472796609196 0.0024831250050845436 0.0056923293576556094 0.0021461740410274304 0.01901450125564427 0.01642485202255245 0.005527413419387124 0.15693950416722421 0.22401121519519349 
0.020587572261334383 0.20872226172332994 0.0031822335970031522 0.018361992831887105 0.09648396765392032 0.029005050225024354 0.08869867902801211 0.010292388238375036 0.026916801445265925 0.0015230163246269775 
2.2705153728285715E-4 0.061118866828028216 0.008294883132680703 0.002551566059570555 0.02151347897103276 0.20360821279789487 4.981308172513785E-4 0.18407171046111134 0.020233493604450207 0.0013301047962570186 
0.02659577886991523 0.0015789121814656745 0.0018075721032576482 0.15015064597119468 0.014259434099371427 0.2531592890158603 0.04820527414657869 0.01413768874349319 0.003439715090195771 6.480115862936004E-4 
0.09279435868939223 0.041426927109821925 0.004901768843891973 5.173970156275158E-4 0.03153280199812616 0.19222400633899356 0.018528480435159176 0.042952196231796407 0.015472329689502361 0.06178912521781042 
0.07767150834528107 0.009745080349423908 0.0689969935592338 0.0022789234848003175 4.109355262863617E-4 0.023830168571940223 0.00295314682435728 0.09251668684720808 0.024606832927920767 0.19951738195574112 
3.443340742642047E-4 0.010983826698219937 0.263562559257874 0.009972117595320235 0.03211853031580849 0.05383184759487516 8.908244889577835E-4 0.04720689197797017 0.009972324395055026 0.07788458349429583 
0.011592373886256689 0.07461810389286329 6.490280918052448E-5 0.019160571057340387 0.002404571530975755 0.06978661214733478 0.09565570172392489 0.0019323905004377446 0.0010114915103696834 0.22726598246091917 
0.11970194035606115 0.06107631252728501 0.06519768203380932 0.060737670840502356 0.05498564301868757 0.05975935088149436 0.02144918220277516 0.007317290115711776 0.024121293842087436 0.027904440349566368 
0.05615820073400469 0.1500261075411345 0.02481543095488539 0.032198647761894766 0.023303631539250858 0.15431144924672074 0.035449818189629854 0.004849464990275602 0.006014662120028879 0.0181956572657961 
0.028223942525607285 0.0026659822145571267 7.013726145024726E-4 0.16383903975505942 0.005228611575492422 0.014566852691936341 0.002120568877025661 0.0061981493199389955 0.1793020498441494 0.10090036776105837 
0.06078990169773837 0.14201803497697826 0.011601913523543613 0.0063561321559503425 0.16992129890841914 0.0011262167850443928 0.017173807676390453 0.003161502623502042 0.08652000529260938 0.004392917978593751 
0.08230430966648598 0.011421819499905724 0.10800420444634402 0.005463360668930998 0.022378042036393455 0.006766957479590492 0.0014953258822743992 0.004168675183029182 0.001009802403156865 0.26209670335220286 
0.10158722390765136 0.021204796147038223 0.09355178814976614 0.0913721668002025 0.00882957108669498 0.011068186151265667 0.1711122260560216 0.004149563766203614 0.0023695436586904893 0.0013872201137923338 
0.2557153201771269 0.0507193701699651 0.013927015216924472 0.010858567516889324 0.0024189321504230377 0.008835530918829064 0.014556086977324132 0.016314677498373346 0.12293654607753836 0.0071188862141584675 
0.05199498820533057 0.00913820542424836 0.005286524181802255 0.13882893650815462 0.08361794359237715 0.008714389453720566 0.006469805769551388 0.020078496810334544 0.1777278910989889 0.0022144075141990456 
0.04309426071744409 0.004437145824840092 0.008226432186856512 0.10452303271088628 0.032342856233190866 5.771809782294804E-4 0.0071486318644799355 0.2594283820137873 0.01618089619238271 0.026378542444118604 
0.11760024610853433 0.04209209398646765 0.019176998475822327 0.003470701048445987 0.021016996398657315 0.006262451008801059 0.030846004409373386 0.0944093956907949 0.010408305602417492 0.15999219622400412 
0.00546752240835631 0.07917686363897108 0.00129122025301032 0.16855019916373212 0.029332708647621206 0.004150915498116197 0.006948162691330794 0.0011800651543484866 0.041142845555508366 0.16584906311438558 
0.04577395433375006 0.009554401415954587 0.08464222058147455 0.029774009763625108 0.12202066471811206 0.0022414908285023063 0.04972060664301072 0.1216315398701773 0.013526698044638033 0.024993182163519263 
0.11120957715560777 0.005827678396259884 0.005137292920182365 0.0038385729089341985 0.030892443005545122 0.10183472059486899 0.0016497343765024262 0.12042994680710614 0.08557238288722024 0.03616788103703867 
0.09597994917383848 0.03246903448975447 0.0044345664205001495 0.010254611830328724 0.003835190946286215 0.0339787182538486 0.029351041698756086 0.009877430952555017 0.28044928043610284 0.0033319415068558582 
0.03472719438041013 0.16469527752784358 0.035890858020131436 0.0036528821126249464 0.2209283980874928 0.0050681583393838705 0.01879825448720288 0.010157718415357985 0.008185414410747759 2.8536954685496105E-4 
4.464098525239627E-4 0.025021888484274005 0.0409390639150212 0.13693083344866433 0.015107847715813316 0.02912943110006486 0.1310274729820741 0.016949873703250344 0.10635293378249454 0.0011296475490551409 
0.17290332077923445 0.021966876954502047 0.03435057468853565 0.002814672183204335 0.020309632294952317 0.01269224448876736 0.22071278644168027 0.011575020852116457 0.002827950970463636 0.0060943754791453935 
0.017217385748641872 0.23806512427183485 0.0032605715714863516 0.019951746784796054 0.007461887382741822 0.06611023351148952 0.05710645722460267 0.019217889912403176 0.06388610854869782 0.011801056410868448 
0.009617002413701852 3.7848939505677107E-4 0.002382126749742864 0.0025350896527729897 6.764303602581571E-4 0.004045471801450448 0.17441238872398845 0.11774513635044627 0.1905200816586363 8.564338258520833E-4 
0.006054119762618742 0.19143538688889924 0.15227801496271964 2.0450634098769036E-4 0.006054833947771154 0.011289694223850986 0.03759294493354249 8.188306009152011E-4 0.05277327540903893 0.04494760539374648 
0.01536440609539478 0.01609281104881949 2.834798029645196E-4 0.1625781527158975 0.014802257453406442 0.15551614373503528 0.09287995006671643 0.008668711546605274 0.03435341872364907 0.003704776673905763 
0.017976535036206925 0.18585388121125168 0.0056884426186045375 0.004884642918904431 0.0019029509510720462 0.032061520241191355 3.9818767443150813E-4 0.08917555590027641 0.16304983895579891 0.002101931876160553 
0.03405442716543581 4.148005123084657E-4 0.11680324552126985 0.0035279764827287354 0.006480080788483729 0.16202763108038967 0.10196023726691891 0.04703523709607522 0.037096964818490154 8.305360282740854E-4 
0.046358104524211664 0.0011790482259814961 0.0564749550730961 0.00124682944280038 0.08237876237871453 0.02544474687066157 0.1467300021013941 0.007903276317675992 0.10009294709977488 0.03525444023201084 
0.0030788326960854047 0.09721175573207592 0.08394440503044343 2.2367643812183687E-4 0.0044479234270626885 0.02814358737583439 0.002302627689699877 3.186114749350321E-4 0.2523137501344177 0.03107489389973169 
0.002374458145572815 0.06462922181166089 0.05214329572283418 0.024729474251159355 0.10342539023945861 6.893210986102408E-4 0.007518545397634081 0.013367697243404626 0.19794828570199907 0.03573245239953199 
0.062417338654313294 0.010861803638985128 0.07772009995817238 0.0023761255036332924 0.033973394196155894 0.006251809915719712 0.0015096689005324874 0.0010857901880347862 0.2940812974284632 0.015262232764050065 
0.1465683547963433 0.004252567354401828 0.08838036730303366 0.0797538525926325 0.0041401089603461195 0.0019212673260778992 0.021779790069575977 0.015275532917358165 0.04249161831999055 0.10261885811793241 
8.116811527739028E-4 0.02260886222580476 8.307485573408475E-5 0.07031586922100354 0.0019402807200985905 0.12387266727087184 0.10542956726652877 0.16864735864669422 0.0028335261052190915 0.00945665033227912 
0.0011299075848765576 0.022813679059008246 0.006546916323257782 9.913929381690845E-5 0.1094278434540744 0.0121068838955891 0.08012141871959805 0.09036037158179956 0.17837032740475348 0.0017607074196056619 
0.17382257336305298 0.0026314952136104767 0.18365737134565496 0.03645336945972258 0.014458019950356088 0.013387236994545275 0.01445384790188405 0.011075527095508833 0.05437487805350952 1.8734461683789843E-4 
0.09507738255696767 0.06992156093628839 0.0025542527856252544 4.8320982150375756E-4 0.007333015271141253 0.2112257202205434 0.00463323249602917 0.03832092089207298 0.07568800367795989 4.8172020097544537E-4 
0.03837057628918574 0.10134407938840309 0.038242636165332265 0.013956915841459402 0.13028137172720747 0.044123056875438334 0.10386622427516252 0.017548778544802697 0.013180456981976445 0.0032133608341628713 
0.010282796025641411 0.04844617770834017 0.010245259427440487 0.0010707679005581528 0.06262870856455946 0.0014620988223211777 0.15858089858492191 0.20194959350986583 0.008197803253520212 5.263842530567349E-4 
0.0011821147778075629 0.012148527858586647 0.021884554130684252 0.00763535783510501 0.14376389076655013 0.09201432644711997 0.14045724504800353 0.03839550455437537 0.034826562401848934 0.013076040854153386 
0.036945627142128214 0.02472580722336646 0.028196606831984175 0.02869188251270244 5.244106562221303E-4 0.14128889542496006 0.015960966304066394 0.03481617353827141 0.13140895806025307 0.0636420540081989 
0.015472737058300417 3.250375965096015E-4 0.009257423351165786 0.041869817322400554 8.687016420384117E-4 0.08792811364838456 0.01043512741298379 0.007345562619131049 0.03288098147161047 0.3001798087643399 
0.019393168467262217 0.0030765956321736378 0.002278699896846786 2.03438804110004E-4 6.685520509191184E-4 0.005923184032912573 0.2034383000444747 0.01103653600660731 0.2526110762452312 0.004908563516683795 
0.006296885221174181 0.11291956261966364 0.16761540370248298 0.03298910749959867 0.015369701191206118 0.049697523785540154 0.05071166744009783 0.04707513364506733 0.017019437668819793 0.0032671890386736925 
0.01245013765209459 0.25285325091300453 0.08868284363459593 2.958397622087327E-4 0.01196497296989032 0.05738498921413074 0.025877174002267456 0.017980977237502086 0.00820085661085624 0.02816669808927137 
0.10309004192650352 0.0028224145878948752 0.009013272694748173 0.22758396155676322 0.026636663205170063 0.020860174765943568 0.042502818315983196 0.0289430564305746 0.04228373735375348 5.712690403338698E-4 
0.0022687922964845855 0.06421162422497163 0.06471039132883445 0.02556734634212008 0.11109805532764516 0.12864700158933984 0.017780847970386576 0.008747958705369983 0.07884358165367931 5.660097008823095E-4 
0.03991199440878081 0.20668691464513575 0.0017329775406035672 0.003251877486483254 0.0419890923933578 0.003156168554833764 0.0100770311864059 0.17791060768193767 0.017312652323292994 0.003790719235851417 
0.007228230342332789 0.3079144998639185 0.001119779478638134 0.04911242253688773 8.265465791518526E-4 0.059579202033083783 0.01841950974255757 0.00513481482024614 0.00909573134633659 0.0443264677175041 
8.025364040692398E-5 0.05890647306812821 0.24516031654149067 0.0068109352495410265 0.0027295319834832552 0.1577445924650149 0.017801179856012813 0.0017869984300133144 0.010483375323806682 0.002297665033159288 
0.21105760870743964 0.19469831769909765 0.012042832195891742 0.007384524670962706 1.7470740775030804E-4 0.0031924883753376653 0.005496430208708159 0.044573263745135754 0.00859423168340529 0.01826927501299031 
0.00878347565485059 1.6662683646251366E-4 0.0012342615789304584 0.020167789554107307 0.0023573078447042804 1.9021136458029016E-4 0.003585398484562732 0.09854430024058239 0.3675186234660581 0.001456387837616028 
0.20384108473709373 0.03717200095976343 0.04934291944183097 0.0862538046163851 0.017700254808889395 0.01075566465165651 0.02138940650839242 0.034418415091780584 0.03218589240443914 0.011299250284337899 
4.007255369121493E-4 0.013386340625373984 0.014273652672006065 3.1598312402881927E-4 0.006844265810844464 0.008312045223362497 0.2521058781796217 0.07547169889765531 0.0086164284658416 0.12575514163759582 
0.025309523861221258 0.00611978565023637 0.14869047873862162 0.004123726751566518 0.0045172336199105064 0.007248020609226265 0.0011160518423921667 0.28883234699464433 0.007611638697872285 0.008844105056478108 
0.0019004687217528341 0.0907985201263678 0.07785581279257672 2.070675598560445E-4 0.008493161779160707 0.026705683153623285 0.012608033391969111 0.006420794306604813 0.1758686433660005 0.10251872859912557 
0.0010507511664847972 0.03317665356139264 0.18669145195270706 0.022583519200451048 0.12803960112234777 0.01088705551305158 0.02793179326998791 1.8342816266340284E-4 0.014633960058519411 0.07796017380855383 
0.2866639248695478 0.012880361360110691 0.05495067430470335 0.0016508599020525797 0.005339715195405487 0.01926167075570593 0.06917444813042586 0.03482102193305156 0.0010437010320248899 0.017323744471702075 
0.07544361850798927 0.0015848529151259103 0.04513833027994463 0.04589343883882293 0.002181459446871462 0.2332091213812734 0.02703577725190797 0.021568599801936827 0.05305178353825764 0.002060039249310522 
0.02069420860805921 9.706091883195259E-5 0.07056186887561684 0.1464410606660783 0.009353960684351003 0.1389261993974485 0.008288968627819948 0.026390366191635005 0.03855443931407616 0.04484884526551309 
0.004402917778514147 0.010865974155852927 0.3399670032672874 0.012342904103903572 0.00998845018714941 0.10204783448024887 0.0010602697121708368 0.014101743461792706 0.006203393984409264 0.002973482115488364 
0.18028122349042155 0.0464510596472479 0.0417546061879732 0.005464116057315429 0.00349570364465769 0.02347681527578858 0.015890200342861864 0.025569457061727457 0.01239216744601049 0.14977666555520955 
0.0013008499852062195 0.02469350130150617 0.04267422084161078 0.014888717609427796 0.2831521888514601 0.02936566109793162 0.02261376877605868 0.03835912257837899 0.034804293508400724 0.013059283810843718 
0.0847455638344776 0.04606156621201544 0.015557450502808774 9.928820148510699E-4 0.004228260137763358 0.005300276745182034 0.0760877531266385 0.0016072691076962295 9.817071569596673E-4 0.2711499023812371 
8.037082074079363E-4 0.02537646363108444 0.021913112516547067 5.838920359357746E-5 0.1409219563536824 0.028168472737120268 0.0023046637386654844 3.1889320027294666E-4 0.2525368531363783 0.030659321077256923 
9.908780973855948E-4 0.018664035176748948 0.03226693755238567 0.011257694033163694 0.2140977343066707 0.022204036398188978 0.1509690483628445 0.04126901949418311 9.742990798564562E-4 0.013086282619983161 
0.0237335942120845 0.06075628567308569 0.01679816125824939 0.007943864796688398 0.07415231375500077 0.025113542434201833 0.05911759101773942 0.0099882470948798 0.007501927317807781 0.21973274145609017 
0.22332400998582977 0.06585350587582464 0.03438418860742204 0.029288170626661753 0.007637391358393254 0.026042798883973307 0.06520272705812045 0.030914310173397384 0.018439248834404554 0.0012180754056577527 
0.0031457337190920606 0.09453853254026479 0.013111992855961298 0.004252125643537476 0.1439094939257047 1.1896882239585216E-5 0.20623170594398776 0.02382178079872119 8.244947785817498E-4 0.015236749156699514 
0.031173674310130458 4.3242283575193946E-4 0.31065153580497573 0.03502930402874795 0.013755184355263454 0.001968735947616321 0.02007951739416197 0.02219281290844139 0.05189252654082123 0.01733342636579373 
2.2524548704149725E-4 0.0439811799489674 0.07247127448486033 4.21657551675579E-4 0.00604461716105556 0.0077816435797296146 0.06751950177135362 0.2913160816417318 0.008010772009387261 0.004752754685670871 
0.010998813171021637 0.11109200502054224 0.019354593786858817 0.0033259130371510437 0.024214157768342834 0.02792332451808406 2.417244650145057E-4 0.06833819528726358 0.01115328667629271 0.22669723465572006 
0.15619354810009867 0.003856141397343714 0.04398683253732347 0.0012665407536701766 0.05923329216168154 0.03842554614933367 0.0851113571443378 0.0376182710760473 9.347564362694116E-4 0.07763550666566114 
0.07676802181202334 0.05609004023081463 0.0018381588002789663 0.005805922398111317 0.010712060190675108 0.020644133735233067 0.1215421637468505 0.0533951500689011 0.15626432402904572 4.687148041897793E-4 
0.023340785047171228 0.012504734005444869 0.10195784733593176 0.04287792895990854 0.03359754952133212 0.014347425129526676 0.11736996211526153 0.019534395728562692 0.040325543653659424 0.0968619305044546 
0.15763130451606785 0.02968538530911881 0.11375729246140012 3.268792601622845E-4 0.006967050642187704 0.026544255018346213 0.14413286789918003 0.01326981605544137 8.563339752473805E-4 0.010894750354119092 
0.07272369356220336 0.017455047220091578 0.1462140751317218 0.007764701220677777 0.019347209809849514 0.006303609664058756 0.14495410469520928 8.414690976437925E-4 0.03264349979598674 0.05485497975047516 
0.008912098943175024 0.023538569137127742 0.00888238307354641 0.003241687432140797 0.030259656944810438 0.1334494758172983 0.059056944286585034 0.009978000491020642 0.007494231345063455 0.2195073250907159 
0.009046608402977758 0.24494712524908901 0.03131888190742006 0.09509122540783978 0.07516041481439109 0.003754112911248445 0.0031167561755580716 0.013218067231843392 0.01745129223477007 0.009809900931668026 
2.1425186737553107E-4 1.4107541286856261E-5 6.142268721324057E-5 0.4048726134631317 0.0038896416467448782 0.033622435441322714 9.874658680459733E-4 0.006701502853877039 0.01723018529047402 0.03467227897103323 
0.01847203496675654 0.09663184861876663 0.00102996552802419 0.04475663572439203 6.733850537907852E-4 0.10125613178651488 2.76170802242135E-4 0.015658439714592017 0.2250199609072072 3.9234313372834325E-4 
2.071962305400295E-4 0.006542060365109723 0.005457068944053417 0.06718635189650181 0.009233591783254053 0.003003107992920104 0.005695746843862696 8.250765619064568E-4 0.26134273791997725 0.14390333422849483 
0.09838403155500543 0.13814811689458167 0.11002967852357037 0.0023062520897154 0.0075512058819096955 0.029296234483904046 0.06454956604872512 0.03081386772667759 0.020182578072322415 0.0011664800968336905 
2.3972546422090318E-5 7.569145702600563E-4 6.313813636903691E-4 0.0077734422849870255 5.153521208102312E-4 1.713582626100622E-4 0.08714878415984258 3.3727701129419586E-4 0.2592346441369988 0.14680962128403943 
0.10515745573867984 0.05633769429965681 0.03723671336299832 0.030769620616288105 0.02798303673806894 0.017240338801523966 0.006742530011685063 0.03981087528323296 0.08457798549918873 0.09686194932393291 
0.028724117326756414 0.07754107673592181 0.0014702329585891622 0.004597227991642191 0.008564382963259558 0.016505159988476428 0.099178292865907 0.017357623351415417 0.09947297235691038 0.15048739026454278 
0.008512422227494314 0.05663924402100275 0.0181357926449358 0.1534003832411724 0.05764803534397178 1.0953563660691855E-4 0.012310081713618758 0.024479340092338035 0.0945817147201703 0.07797269455439555 
0.08822404145624431 0.09531170507909643 0.11957694101377545 0.023012224034007663 0.013071429174547752 0.0063659411216886895 0.00550525120320436 0.018955829309473093 0.010745144121480534 0.12421933830059001 
0.0036565694958546184 7.632360646405952E-4 0.1340008578167495 0.029493701014965016 0.12070501233785073 0.024209782188098255 0.0535911989129959 0.00808222260167387 0.09396405099299589 0.035412092714758016 
0.03551828846436687 0.18537134851518075 0.07776176972839953 0.11369860510659702 0.0020058060283822923 7.402809970835858E-5 0.027475204763820402 0.007385923646559984 0.04141457207942761 0.012891256183125772 
0.0010237866829434636 0.01618569436972595 0.0712371519581255 0.14982736878319924 0.052833459735204084 0.01256309199503153 8.975044103569849E-6 0.11682962715548406 0.0022830131353704813 0.08043396536582158 
0.01027665770321811 0.19704352333339423 0.0033983950237897963 0.017306833782938808 5.633510218168574E-4 0.10397839367525144 0.015142550848206865 0.0018546762350005715 0.10830755098274489 0.044698278185435286 
4.299458419351667E-4 0.004342609051371515 0.13667463957454667 0.00332595495017426 0.024214462914191617 0.027923676406704036 2.4172751121655638E-4 0.06833905648247032 0.011153427229565803 0.2267000914852141 
0.009935423916761268 0.15707543146392336 0.038508496068417115 0.031820526236518765 0.04418525481519172 0.01885002116326495 0.15423370624504912 0.02613753255996581 0.0070291808468912215 0.014989423733736747 
0.10649213186357842 0.11584565854063988 0.029844023311288215 0.006119065971950188 6.569989971036639E-4 1.1896882239585216E-5 0.20623170594398776 0.02382178079872119 8.244947785817498E-4 0.015236749156699514 
0.03243923359250532 0.03173620422445304 0.17039948854828824 2.1295331299978589E-4 0.05500102150536072 0.14408192178332105 0.02129164422431864 0.024225983939697826 0.02055955387030409 0.0034387207238143315 
0.04598365402968196 0.011036937387591823 0.10456966268400128 0.009524204040610185 0.013559227510260981 0.007684496101349276 0.08926165825543503 0.13408369923649324 0.03265132511732359 0.054868129622460605 
0.025370561882012366 0.12023324155251326 4.292849551129594E-4 1.6738524716737975E-4 0.0010117486839499627 0.07263666633562733 0.2554145510362423 0.024337028001793746 0.0012010705152195543 0.003211940506042027 
0.03515030916157861 0.0019254735259727524 0.14237069682803616 0.0035629471366388477 0.1047092988827862 0.010680577021513928 0.004279792650322926 0.01540335915953896 0.16847836647678646 0.01708514472397016 
0.11115634777150543 0.016195675096376504 4.5172952463903143E-4 0.04284759948843671 0.03799450161032528 0.005997933402045427 0.08958327822927077 0.15823040290926493 0.013262140099205597 0.030757391013108485 
0.159985575618205 0.008464714044815563 0.013726576531216707 0.033986667007938384 0.008818122464378804 0.10755958177249594 0.1502570072838565 0.010194693750086447 0.0040931583547038405 0.005666735657111941 
0.02529903671346425 0.0035108857851260332 0.034109844263085304 0.1044571464244461 0.03725102116733304 0.006031703001051567 3.731704932793992E-4 0.003533002584200214 8.99437624297227E-4 0.28938734519334375 
0.001412924523057591 0.01771129671648611 0.001516386336521527 0.04927075758575701 0.05788488361807666 0.011050150903430552 0.020397817233797126 0.21731592355855084 0.08412261509477356 0.042477767000448766 
0.003187037197193992 0.0011137362718473451 0.08438445719132803 0.0032526186734437015 0.031377084141203784 0.184934979189964 0.0010873848829268987 0.022279369655418477 0.004985748825127348 0.16931515147293638 
6.356413744429427E-4 0.166613898079248 0.2656438232525209 0.007645975626785793 0.03855959156678601 0.005954086485498453 7.018583990047518E-4 0.011575134444649401 0.0028279787228208788 0.006094435286860319 
0.13875531188149887 0.02543752074781835 0.0013246587737718474 0.004306640884126234 0.013227584297881243 0.22047072330362943 0.07892033190488723 0.02095351224442862 5.770760637457612E-4 8.331234442728296E-4 
0.016910678302960135 0.016957942095079705 0.018369131980517515 0.22039972903243507 0.001472254103216495 0.20079790051970262 0.01098555063990433 0.008122072126974649 0.0017897544439658918 0.009345820752080094 
5.105154751016647E-4 0.03752268308551903 0.017744213788320105 0.008012680500050393 0.21616670997730109 0.14624186247220572 0.0020938969661896995 0.00221259932336915 0.06078462279180938 0.013048994121589714 
0.04340291900311681 2.4818089182265053E-4 0.21384737362491255 0.0010372227289954968 0.006949870868671868 0.17383478169979302 0.0023923967768338136 0.06106324276186186 7.742641489129407E-4 6.971231103417908E-4 
0.0034074401430826745 0.034545530882570695 0.14011381600108364 0.014124153462698867 0.07617984011295423 0.022410756500261912 0.06853304794061939 0.008345885893828878 0.010142442570036608 0.12602537582933473 
0.0037520280250426586 0.11396594636060305 0.009723870573048611 0.052202675293126784 0.1439691463207911 0.010090861506411471 0.01522288709686266 0.03684537379600896 7.999887107595359E-4 0.12312622522704735 
0.005770222021849679 0.011657441219912587 0.08827090348161977 0.022430143941632806 0.0038301114756995273 0.1216470320537183 0.005443666529037327 0.1762600868752238 0.06698215254737976 2.1960730321355046E-4 
0.060467561521267005 0.06261754989104198 0.002715803859909712 0.20801000146727908 0.02564778493333446 0.0073102501080855925 0.13184257806800256 0.005068515750217332 3.939687308325713E-5 1.7034008934027506E-4 
0.09625380376547384 0.0200910647195229 0.09058456967550288 0.04294910704689429 0.17962485217626795 0.0011971837877833593 0.012898257850182946 0.023208100603774044 1.9271364032890084E-5 0.03573249230753805 
2.2659479994796629E-4 0.05851762859529252 0.026468813767579192 5.492338785420063E-4 0.021063896491371432 0.0013500558602724492 0.025229433845348155 0.004376688070457505 0.3366400915675889 0.028601562777972284 
0.0021032226057515423 0.012473038267759962 0.023569904821691818 0.006226618321320084 0.0043281407404300596 0.00379616814249157 1.3522615257881098E-4 0.0039061953034156237 0.007634605201739134 0.43857176794482555 
0.019227816923496 0.0481484415155891 0.00570355302297172 0.14554199895388595 0.007741686099252966 0.021119963174221337 0.17530693319691804 0.023189827989520267 0.003345714409879028 0.057564806706959 
0.04052506558664279 0.05891154288697496 0.017253801489510383 0.0028746677184406755 0.003203437322573344 0.05814982483878528 0.005728710601785627 0.0021415822794384008 0.16211257862069803 0.15456548904636064 
0.07664416779035968 0.04106181216056773 0.027140033836948373 0.02242648368386725 0.03114090222188679 0.013285125736649745 0.10867975893445259 0.045152414498008886 0.04032555148858167 0.09686194932393291 
0.00675823783234914 0.09786810831791509 0.0015960380062554082 0.012963612650919045 0.013380064962273716 0.16007763406012263 0.0020546570211102907 0.0013976407830407287 0.041142614367083524 0.16584813118118685 
0.07345589375153368 0.01533245500602057 0.06912942933481152 0.032776523322100244 0.1370803390663273 0.02637286667156084 0.011812972051727775 9.291679537469311E-4 0.09873760897011653 0.03825151223481856 
0.006408659925841702 0.10812477077383383 7.645330765126834E-4 0.004082497743280253 0.01876742727706427 0.008729762337989506 0.07698374916894592 0.08532271880987388 0.1710795910539306 0.022474890230560957 
0.03526044941951767 0.18053678696037187 0.0012144762386264289 0.02657788486182891 0.004317409286754625 0.007154912079274314 0.07933040338381622 0.12879323154806718 0.03107121270844646 0.008338979956864053 
0.00624363816365969 0.04154339811624469 0.013302127650624168 0.11251515274125848 0.042281945340928 8.0341001398893E-5 0.009029064173183103 0.16489726131902643 0.11133110967684398 0.0010390224049139213 
0.00713096079675086 0.23297009755084117 0.07632594738728511 0.0022840031790619633 0.034677187115899996 0.004466076206047593 0.08346067559458055 0.014342027599394562 0.018765465922457307 0.02860156304781256 
0.2056939341798415 0.07940278676886525 0.10391858016923543 0.033447613666616985 0.00847159732035526 0.020923078855258282 0.0020872757431336275 0.03937304533679765 8.88553567153514E-4 0.010316709897198708 
5.4832196532035816E-5 3.637772237724895E-6 1.733023873465554E-5 0.10590519065930265 0.023406907818309976 0.010635165882918077 0.16932005094044364 0.006827197918588018 0.012096170744090536 0.17399897869929704 
0.01705647271303738 0.26965661788554335 0.012514902823931761 0.004838392951620194 0.013739981408333811 0.020082638138080977 8.989492023320633E-5 0.1300250601606281 0.007654900017850343 0.02643242680032419 
0.0028702955754343075 0.0070836111667870825 0.22162707421737524 0.008046433029099215 0.006511546619727278 0.06652575917285433 0.06746262975737845 0.011151930975676301 0.1097228304788677 0.0027284769899085216 
0.0939486763261439 0.031273162026279056 0.04920589973535181 0.004248760270969549 0.07762081563552238 0.0692713308989594 0.020296067707480554 0.045856202176439334 0.10984667389140075 0.00273563376792809 
0.2438688937516886 0.09090942847581589 4.8133709167537403E-4 0.024581135463263726 0.008249679024701828 0.01462392973186393 0.003955973986988173 0.07281124507442939 0.040838346497544746 0.0030746742051513394 
0.009330602864661797 0.06019445817840481 0.0036651121514378734 0.12398313759644033 0.006628527155528912 0.012878529124238203 0.12514079444604329 0.13150322987567123 0.00774192356057427 0.021532148921380664 
0.054259119892425774 0.028768241272362997 0.1570687413935229 0.022144757509241716 0.031033927918157192 0.018626518740768042 0.0035648048097022475 0.027362048616039223 3.713132739677868E-5 0.16058348254212462 
0.034509765605097276 0.012351915453987368 0.24746838487709813 0.005912405353837502 0.034606743263861 0.00757608671129703 0.033841556907053844 0.11091668402863086 0.014968396466476028 0.0036582036474825516 
0.039645356476034614 0.002757960139778591 0.10924405593064304 1.3445083172940612E-4 0.002100373631837766 0.12581482086587426 0.036770240861171165 0.057394362152701967 0.10235209810312566 0.026392669501645028 
0.03164414817446688 0.032976834856806886 0.042101768304273625 0.02044336392561596 0.18286284759701638 0.005818536011222416 0.0033621623152131565 0.016703152535229467 0.010097798413885067 0.15897807129320207 
0.002540711107580534 0.05195832151085096 0.09246033425897587 3.9175213410411864E-5 0.12278118050309277 0.0015295932805901315 0.016856148565722436 0.018933348178451298 0.07536290480234731 0.12294119463739475 
0.2291216807711063 0.008522111406414684 0.07943708286726317 0.03865336262159135 0.009082932655572007 0.058579233145812926 0.002870660825790115 0.017051259999177386 0.03236715203953854 0.028166368534220474 
0.0037745279566630697 0.10556622225364802 0.008746643141830565 5.546946573140051E-4 0.061533389758228314 0.0053100329908948056 0.02195250000400146 0.2743885888229099 0.017232391603374333 0.003930830489503059 
6.956374960483393E-4 0.01659906229471779 0.02798550225730939 0.17904322346962182 0.021679177263931194 0.01506088695198647 0.01919323913825664 0.16063006651261658 0.04885386434128185 0.0146206104054889 
0.17796982013950036 0.1295649397445205 0.009790465287120041 0.0094883491882215 0.009188602403027064 0.062465763937595745 0.026289034329063023 0.004547965947611705 0.07253487685129918 0.004393796258200605 
0.021851119206388967 0.021749475544532933 0.023095046862022444 0.1410830512590636 0.181295332881253 0.040640654725194514 0.004356464818135431 0.03503308931388129 0.02393360720714097 0.009870838367496524 
0.16227488810738785 0.14969679564176755 0.009259316728985069 5.984111277089641E-4 0.10218573505949863 0.003182409773303061 0.005479078122757749 0.04443254712103117 0.003772766399819139 0.024717494718637285 
0.01661407329166241 0.04160335722989987 0.011215546115987378 0.06269124021940783 0.0523758509333963 0.017214059233760036 0.23891176038102394 0.005706050144462602 0.0034729885448688885 0.05762617199027322 
0.004481419660011259 0.03466830300911555 6.725906239358203E-4 0.2529298794608431 0.02408107151831102 0.022529264303386233 0.009926461518057523 0.030060542299938126 0.011403539698568579 0.11330128176793841 
0.006070427867414001 0.12414211198686165 0.015191552430722717 3.876062116383366E-5 0.12517363527841793 6.854617396826792E-4 0.01685569092735813 0.018932834144865428 0.07536085872661723 0.12293785682822678 
0.003319647135640869 0.10589259548314174 0.0030143881032800275 0.0040712074920659135 0.1467808384817758 0.044677740276424065 4.88940576249762E-4 0.10684694203838539 0.01707529121564916 0.07452421421993899 
0.030544076360881328 0.016677071789697302 0.05610214018528449 0.04642528540856359 0.0243261375727269 0.006086616390205208 0.0025196007494967163 0.055680235935883136 9.975268218559068E-4 0.2671245500895281 
0.004439170903102646 0.045005490657688975 0.18950802955307017 0.01895358778563406 0.09919640539227782 0.029820464378757225 0.09119225024184334 0.010581736437401562 0.013553811654376486 0.0015230163246269775 
0.03686917549194481 0.07601570346233229 0.0947281058387956 0.004200107910109492 7.969692199489926E-4 0.007138454916542425 0.013358122134126018 0.0018019318457004327 0.09741779024094062 0.17076449076497516 
0.0010293835541835459 0.07676614974461123 0.001373481965995842 0.261234094728963 0.007224007184014678 0.06634898223450757 0.01790883696595674 0.01315691657132406 0.013378301551111728 0.04432544450201639 
0.04243112138783041 0.2117670361582053 0.001430591176333747 0.03193712846314099 0.005096849789797128 0.00866056905453572 0.13564469989209899 0.05489517005182451 0.0025941336776080736 0.008342363303647075 
0.004519615244931891 0.13886755105699294 0.11593479090814261 0.03683258047585338 0.15673410543986435 0.013347286023574706 0.00475528786119964 0.009082007896179894 0.01726490733886854 0.0061696485211791335 
0.03176482969501234 0.02234366284223979 0.014581710950732964 4.832793051846735E-5 0.07311860510075074 0.2088857558654788 0.0018859958255410727 2.2670416695090602E-4 0.14982218295120234 6.44966946408683E-4 
0.06992002070665371 0.12180571890424931 0.08978069283922384 0.0031591843395896383 0.011612579758778581 0.04887826631921807 0.007529832681439688 0.005429180849800795 0.14421708158381305 6.20910737756796E-4 
0.0023758084049994915 0.06578430568393175 6.395610710352735E-5 0.03185204563119142 4.173945358744587E-4 0.010904309828735683 0.020166076287391244 0.06799519491981207 0.07178018831099367 0.232776518837899 
0.13983190376185714 0.005503262907479055 0.013196183048045894 0.032127268145563374 0.004427648214661253 0.0010581746662276586 0.0013895685542269802 0.10460576553085309 0.19705188352660713 0.004914096960830979 
0.09682833466843599 0.02978689162145967 0.0029279201614951164 0.005943792092607435 1.4288109399804655E-4 0.003967894758402632 8.051294098096967E-4 0.2797955319864957 0.07461425163144363 0.006988642681413463 
7.330326588238653E-4 0.023178991520882194 0.018437817976078297 0.006684291124983614 8.483350412962523E-4 0.0015817846200618334 0.35346136534976924 8.188631940806467E-4 0.05277537602434885 0.04494939451195646 
0.06605575132669482 0.00459521985310631 0.18201874907686216 2.2401742589333516E-4 0.026943526999331 1.041400497820736E-4 0.0365258540053991 0.057394362152701967 0.10235209810312566 0.026392669501645028 
0.07331561340352402 0.05586879192723129 5.086840202094372E-4 1.4921232986545328E-4 0.009864547603212695 3.8818278875185196E-4 0.012874446524662422 0.21024785279511218 0.14278842644609066 5.168577522715073E-4 
0.0025146571162908233 0.036415518533774525 5.938660979182653E-4 0.07752066221649641 0.01349088289571379 0.1572193683228961 0.006942987825332061 0.0013976388393154933 0.04114255714927851 0.16584790053308204 
0.1483784017615499 0.007752846380945698 0.01956468809594535 0.05855731911233223 0.04612548380950405 0.0023104829480421183 0.0019182193415799792 0.00813510932336135 0.010740463614965489 0.1994158967535759 
0.016828369961427305 0.0015895771817295843 4.1818955048368757E-4 0.0976881232174282 0.003117530794897144 0.01131395593416734 0.0012902759744222777 0.0037713102554896593 0.3675969280329942 4.6355240092045156E-4 
0.055292880199810115 0.0028890808976232505 0.21776152514718763 0.09196860853438663 0.04164957814172786 0.003375025026109498 5.40872883068031E-4 0.028291598612831214 0.0345362956295324 0.026653953908886658 
0.07762517238280538 0.20737492133985236 0.034301350122497354 0.05214598542839607 0.03288802080788791 0.02475441493504351 0.034507016717355475 0.01730314085120285 0.005552638249580641 0.018862632460483603 
0.02949047960969296 0.10280876228511078 0.03599884656891834 0.055049509967740565 0.057952882428866356 0.003024229633534002 0.0027848458488283403 0.1474483064023094 0.015676192519321456 0.05370654649768699 
0.03401967428063111 0.006618610880653209 0.024623275409339715 0.17894075844435062 0.10597576551400546 0.09464466511294779 0.019071577071592405 0.014923028296899274 0.016247408973431663 0.007683631685198628 
0.14727415800569055 0.010245241650044938 0.04132229186053634 1.3560216500834127E-4 0.048779798778749626 9.191633549165966E-4 0.009201276633048447 0.1192679258292682 0.09909070686574116 0.02639391350995002 
0.04811957969562084 0.0011879869914226395 0.01355131450424057 3.901915890592747E-4 0.01824839218698962 0.002978879521617913 0.023898485335824206 0.010505422982811603 0.3076655516499245 0.07762086104582451 
0.11748592216489796 0.01340924948237538 0.03498706589902367 0.031626682002177366 0.04841982305787707 0.020214355434901733 0.040266750231771314 0.002392008711983378 0.17059659846723227 0.0228663399961411 
0.0064428716340180605 0.20551955428213664 0.005850415664975501 0.007901522720657911 0.0377525261110704 0.04402922053469948 4.885270213383661E-4 0.1067565689341801 0.01742344252573827 0.07452370700103668 
0.006731195554139961 0.28082135063588515 0.13597798930745444 7.471676285953985E-4 9.872440320955866E-4 9.614012806770936E-4 0.005516527021248611 0.044336657276388136 0.0037646243956489145 0.025823047375497794 
0.026365017748726623 0.004588014354649786 0.03282888791812372 0.0010036728964599104 0.014350325731233963 0.11028515523845872 0.0014770777875084849 0.005443915385378984 0.2934268516708132 0.015246406075747116 
0.01685627622341871 0.03153092052989955 0.1737446100058175 0.09799885751787442 0.01305933225821829 0.011673468724773418 0.00752344073112302 0.005424572108050441 0.14409465809058314 6.203836569098855E-4 
0.08697877508490952 0.0025510186971794114 0.007377929008328191 0.007959269097073356 2.5908045544251033E-4 0.052412737545328034 0.18631146598932857 0.010392970437450366 0.10702469393863084 0.045171232729326355 
0.0015077415678897805 0.010368224225317467 0.014372550131903103 1.5873289563905676E-4 9.449793100038144E-7 0.021015744886502645 0.2553796228421542 0.1582135204075907 0.017337543264883133 0.024044266444004397 
0.03125671993335329 0.06747140364461002 0.15446223841328616 0.011020688672503129 0.0024726362592329943 0.006692657851163197 0.0040689561757694705 0.002820293883646967 0.21900572397404106 0.0051294017256645116 
0.03300846154768798 0.002275155965533733 0.05578526808775612 2.9075834378270197E-4 0.010880466187400453 0.018761132048151975 5.844133107872386E-4 2.2500118764872009E-4 0.09632128733318866 0.2849023397816639 
0.1579753694562992 0.16359235149587575 0.0070952111735014525 0.013287384775409692 0.017509301596169317 0.0073102687533870055 0.13184291434166912 0.005068528677819326 3.939697356772243E-5 1.70340523804522E-4 
0.13398992997126047 0.04564769520622419 0.038288851703492714 6.856247644690047E-5 0.008111067107484857 0.11056736955348584 0.0251191040379466 0.00606297177280065 0.1322901395324552 0.0033366363207940077 
0.05118448659773729 0.10595285357349211 0.13485048412336828 0.005865355175740198 0.03433134715407371 0.010229738614422735 0.03384046622738687 0.11091310929439714 0.014967914049969068 0.0036580857472232075 
0.006049725011497781 0.08445016618541006 0.001380543918687534 0.09806488403308417 0.0218936010808441 0.013286555011279145 0.06427538659039274 0.012781386615353175 0.04198830103653101 0.15907642895663965 
0.0034278057720216575 0.04847972566715242 0.04218830120763492 0.12369795410392134 0.005701912837539222 0.001063165603247283 0.04079477530997819 0.014186409873479633 0.21924424983311702 0.004747818063551363 
0.004352885240363392 0.08980310877076567 0.012090161296240137 0.0038927479008116057 0.03115499379888341 0.3070096361605271 0.0050296591140618595 0.015297808244848133 0.019647898345098384 0.015198285945147303 
2.136308065230176E-5 6.142741391475503E-4 0.01820314063608804 1.663194081185131E-4 0.036021114737883955 0.009344910956267476 0.008074593059362782 0.004441644867534968 0.2038294652686195 0.22265415213350093 
0.0036125711509185933 0.0012025344832101656 0.1776158001435072 0.004267067456567704 0.08110551243757685 0.07238118723429005 0.005680039694636064 0.045856202176439334 0.10984667389140075 0.00273563376792809 
0.08209061195736272 0.002025462728252396 0.1397883622558718 8.118213733333241E-4 0.0198408497899167 0.15770996066516374 6.947703820402061E-5 0.021009256081339755 0.015111577514295167 0.06556114268050849 
5.601165956718893E-5 0.0017867019494958284 0.05277094218675467 0.0016306777138136144 0.09653731292948133 0.025946377731332838 0.022419308490522604 0.06990696985413948 0.011387098707868996 0.22402202097523424 
0.033597121044930005 0.024547511145513585 0.11395442748001043 0.0074181278359573555 0.013503241328354813 0.027104359656053442 0.15567730683599412 0.06839118956400565 0.05888873414862268 2.473126433910652E-4 
0.1811664465884123 0.02067742275308347 0.0049164998041677545 0.039539401818114626 0.060381026621609636 0.025207930483234515 0.05598542543125642 0.005858829710126209 0.07439730341679303 0.03419934310685715 
0.010761201731017543 0.04165799442097565 0.13695063933246387 0.014101232304473015 0.006403164854643506 0.25038211537055666 0.0015244052370840253 0.02447022131758871 0.015786953123426928 9.94679905478417E-4 
0.01118902733933153 0.020929909261523875 0.12996231247635096 0.07150609120943908 0.009528905001981308 0.00933591544531712 0.005507422676083789 0.003970977177016872 0.1054209718070158 0.1353934563675223 
0.03741496250858428 0.09369093440613983 0.01102819793751852 0.1256661654161029 0.1061596946071207 0.03489087506241594 0.026974048363392695 0.005643877676902893 0.008730931281910976 0.05767674630261477 
0.0896482543314094 0.04753159681479024 0.24572879525131086 0.03199494384071706 0.004423989737224966 0.026632405330778857 0.005096997884489581 0.03912256388671721 5.309078821779273E-5 0.012896007738710677 
0.0020478732870715007 0.14934436153165917 0.01469888646595398 0.01132695854417229 0.0017852926436813452 0.08144251960835151 0.11481734803188211 0.0021262097965467535 0.016116761975504806 0.11972029729865491 
0.03236411967212226 0.09886282942037984 0.03462358995492201 2.7777484033247787E-5 0.11273755054190543 0.06088555774957048 0.0056686315491709825 0.04576410172414865 0.11045645338528576 0.001996972579104848 
0.003074086868115389 0.023781163806448694 4.6137210114650294E-4 0.17350047083129738 0.016518717580759092 0.13772958730198762 0.010385775439898378 0.013898358463945673 0.011403539698568579 0.11330128176793841 
0.005357967583385188 0.15099019796218674 0.019278624172166404 0.05853427341779325 0.04626568068790093 0.0023108785342266453 0.0019185477668864997 0.008136502165001086 0.010742302528784388 0.1994500394741692 
5.035117054367108E-4 0.09831512814791107 0.16200162538360377 9.42569441648013E-4 0.02686255428818822 0.0182386504226699 0.15825250500143684 0.0035009706273752893 0.007664935605251296 0.026237238913895747 
0.027904737637419137 0.02126428339715717 4.430914639060379E-4 0.0021384718395926422 0.003945529666264909 0.004494677784404693 0.04256831057620128 0.15097575974122493 0.09974854877037159 0.1505181869804417 
0.011292513685569829 0.0014161860029064286 0.06049385095196521 0.12330471227238478 3.4499019261575434E-4 0.09835842098893868 0.004195641488513538 7.228386851961425E-4 0.0033809734377278104 0.20116054535178704 
0.018507850503076823 0.01747126408383639 0.15685773378464982 0.05564467356021467 0.02104422186535435 6.004612759502945E-4 3.546738444418418E-4 0.19148619203857445 0.018763787298090872 0.02550995321021903 
0.004112321845650369 0.05871955258831171 9.211711842353646E-4 0.11558338124549697 9.793440667051744E-4 0.1244291340079221 0.028913991278694998 0.01062543687426165 0.15681282738890417 0.002102374946418768 
0.006862405995162683 0.0016593142552017244 0.12533353721829688 0.0030645300631542334 0.0033569630250714425 0.0053863358058090435 6.032850377004847E-4 0.21431324126495738 0.005647826421287353 0.1361547988281141 
0.003064898652184308 5.145639123649313E-5 0.11495363479571762 0.0028770747256566752 0.09322421877163904 0.006057732369782608 0.25585617246250153 0.024379107644372674 8.43784397526936E-4 0.0030878855008721847 
0.10541742870397203 0.14967725076803895 0.039226747936528014 0.011946751223249712 0.0189339299201451 0.001206796123390184 0.005118117089873025 0.0038227322484159104 0.004722181095767056 0.1670736578883238 
0.10515315280261102 0.03763696537383089 0.006236649770923145 5.542288097568148E-4 0.2195564824100685 0.009058085103438212 0.05643070038120056 0.04887901136422639 0.017607299394958403 0.0011293190432439893 
0.07358024982819311 0.0026439749601500913 0.0793407624837386 0.03031755024202334 0.13135823549790424 0.15236560803651458 0.02105909721130469 0.01036081704785311 8.49368355552835E-4 5.660097733138744E-4 
1.8150057673971005E-4 1.1951013129121091E-5 5.2033400178332266E-5 0.34298236813437694 0.007429123897808082 0.028822595903731128 0.06401339827467357 0.006698950606677254 0.017223623226244805 0.03485036059694621 
0.024833844800950723 0.013559284218202045 0.18052143016755592 0.0924579158655523 0.008934490329507525 0.011199706210269323 0.16712948606281502 0.00414881659535469 0.002369116998432501 0.0013869703308058644 
0.19983104585663022 0.0058608865641018165 0.002687757268753087 0.017114735305360642 5.570980656152554E-4 0.10282427782849678 0.014974474988631786 0.010392970437450366 0.10702469393863084 0.045171232729326355 
0.0233335955760109 0.004255061918773104 0.09417905996562273 0.2545160273649495 0.01562929392625627 0.011823045226966977 0.021319194884856504 0.03430543520137648 0.033677921024848734 0.011298773432553607 
1.1784303062319849E-4 0.0166928870280944 0.0038303096673104205 0.004227540700548528 6.66319542066073E-4 0.006626454521652616 0.2638079230937316 0.013337389036636475 0.1890013399394016 0.005782148999912184 
9.471392021119624E-4 0.0028943528059916478 0.08553210879243504 0.0022971176404479082 0.0398236813495034 0.03553994358072301 0.002788960750674166 0.221909504929398 0.10985000929271137 0.0027316395447356426 
0.14641204458272275 0.1350634973347757 0.1311330618468115 0.002397381973771464 0.011284473415147949 9.637196672546559E-4 0.005479804340520195 0.0444384363790828 0.0037732664565644012 0.024720770868986965 
0.06394776958592702 0.044981428103344795 0.02935535625404203 0.0010429001578385036 0.14756911743158305 0.011582468107414848 0.015303952544058343 0.038673269333400644 0.14965262740950228 6.413108398760735E-4 
0.0028658297677361944 0.09048635338487222 0.011166608698725556 1.8869919394337489E-4 0.05505780113828965 0.21951619555187418 0.023217989326004856 0.00776400638756971 0.01467295706264455 0.07823466456753128 
0.007823237434270153 0.23762686521781967 0.020274941382455947 0.14605206987663522 0.011741294759563833 0.013206072699508008 0.01924433850746339 0.04814852853924037 0.002544363245646247 0.0031621598288849593 
0.07285462980029563 0.007309655600637197 0.010580663523328187 0.14218290091022795 8.958105898334116E-4 0.0017778466073033255 0.023596491075027193 0.13097457735240867 4.6886445500650306E-4 0.11466936991024233 
0.12140804380485734 0.004362581379247416 0.13091293913282795 0.04822763191050509 0.012438472989701858 0.15241790912111355 0.021066325966133424 0.010364373506399875 6.627941669363283E-4 5.659933169737753E-4 
0.08268725064309287 0.006939457024409725 0.015635363829789167 0.0016341065661690853 0.09882736634408747 0.010153668814840412 0.25521896690149576 0.02382662177630875 0.008202054094244357 2.8594965907664647E-4 
0.041477905736883404 0.014833084800301608 0.020308560335635648 0.012832868579145458 0.18200038657585207 0.04484898306552275 0.0039225433755102485 0.1581292161597644 8.284903327448483E-4 0.0244399583254908 
0.0025578457368395833 0.04817920886033437 0.06342446943400491 0.02475249798387839 0.03645662383140331 0.12033355719149517 0.1443540023741661 0.017760100361474268 0.034862950074088336 0.013100011142383577 
0.020336595646789024 0.063917480442549 0.08751164356870368 2.6581367836872653E-4 0.0011905069328529835 0.04685137245915181 0.25567539709011744 0.024361882567407026 0.0012022971270278862 0.003215220749876545 
0.03279634846092386 8.341254861127395E-4 0.04300874788205257 9.187011036461476E-4 0.060699127977238136 0.018748448047209144 0.10811503982917595 0.005823369601508406 0.0737514673708912 0.1584058086301735 
0.12340665693509817 0.006664360734507574 4.7063384586943605E-4 0.038455506172847057 0.0031993365168910904 0.19178132188372493 0.017903079242949156 0.11001314451198209 0.010665484847873545 9.386436550286354E-4 
0.0016078328928374147 0.11990393679231108 0.0021452931452733844 0.01920271209334654 0.19751463953921095 0.06496471322959671 0.017535196751878486 0.022167528505102094 0.013378301551111728 0.04432544450201639 
2.3353111475358178E-4 0.003085941807781493 0.003990995353451282 1.4648145312319097E-4 0.00196644970962825 2.5213836563898592E-5 0.20530086268834877 0.27807455382274554 0.006293583295010259 0.0030845778689004557 
0.08110730976588348 0.024686804885985906 0.012654888627663813 2.1384892655510363E-4 0.06808070610796457 0.2565841110084165 0.02713862244031131 0.00907505103124603 0.017150660042728562 0.006948041948524981 
0.1453583709954587 0.028383026707712165 0.007869820800111574 0.009457194395208956 0.018430158590348873 0.05614363894816757 0.01138929133884396 2.5716205190730063E-4 0.05864656942158775 0.166570274468307 
0.0038132292684360325 0.05393080038216564 0.1556119867384967 0.02322954853674694 0.20172051135365693 0.001311204395423572 0.025421584274552662 0.024957935127894064 0.009065152689505467 0.003871169938550519 
0.01156492309676272 0.2320942541504378 0.004186054635365784 0.04794103735463511 0.0329180889272838 0.006402931768951428 0.02085618917558595 0.02537501029936045 3.161265281856604E-4 0.12062072360803087 
0.026352157481338102 0.13753294935652044 0.057693951215192996 0.08435664207703612 0.001488171829844102 5.492382166770149E-5 0.02038473569734584 0.12193005518297642 0.04146090168514736 0.012905677358721914 
0.059675211887413426 1.524805257238553E-4 0.2173735651053905 0.006464887476398921 0.01187451031507991 0.008425968168641558 0.09586058360687273 0.04422140825657231 0.03487768166167148 0.0313101889788308 
0.006053597311658711 0.19113764249338544 0.023587637046686004 0.02256920970600541 0.12795847196152835 0.010880157196672693 0.027914094972521248 1.8331193789561937E-4 0.014624687607741637 0.07822957758206442 
0.02255044618319259 1.2894501045751153E-4 0.12742120241858798 6.046161952036846E-4 0.004051207483510086 0.10213955568508012 6.159512382962785E-4 0.014936793780534694 0.04972580629442966 0.18082977036455955 
2.3838506403276325E-4 3.467431358564131E-4 0.0016312806103455342 6.736543891142389E-4 3.7383680222244006E-4 1.3455904270764672E-4 0.20871495668120815 0.005529604628528792 0.10997050547493151 0.17588857209715275 
0.005641217674997839 0.011396816830618037 0.08629743864672286 0.0219286751839271 0.10926934044165641 0.024307598738890112 1.9393490985503533E-4 0.17625022207776408 0.06697840373855973 3.258966284318564E-4 
0.03211283264659725 0.08481617363772767 0.032379515090245344 0.0243839798723536 0.016786078026659698 0.011661569092262772 0.057314949078186475 0.17759718462293642 0.04842896889104377 0.018824965182768418 
0.01402212947039919 0.0725421273766834 0.10476193202554128 0.07283917070731076 0.0012028354364874495 0.17822167695329957 0.02011497875974006 0.028992135789328695 1.44722444290992E-4 0.012947375007605061 
