8.281576570652599E-4 0.0234258109449298 0.15592211724787128 0.2014707984273253 0.003413689980133324 2.923035628262228E-4 0.11914242977419395 1.0921948150139939E-4 
0.016844195929394967 9.118631464686265E-4 0.021038857424559142 0.00952041755171566 0.09763094959146486 0.08830979932247732 0.001488583531638416 0.2653599676573612 
0.05101756882326173 0.07737319047726769 0.005753141871087923 0.008897585446314405 0.0017372425412431908 0.009618330736275191 9.833528579320462E-4 0.35101029234168957 
0.169534335227566 0.07189976124731892 0.004067201082489312 0.0012177630928959795 0.06427524730705132 0.03603101951322392 0.12756396959311292 0.03138434797163703 
0.02700436914931668 0.011883412848808098 0.07998987734330784 0.13449354495324628 8.426098014834476E-4 0.008402191116059927 0.24429954638762796 6.934556667676947E-4 
0.028043871217115494 0.02522264707205552 0.0019513745687679347 0.24171916810122018 0.0910458878056775 0.10610131972281489 0.008432142917192641 3.1360621256151854E-4 
0.1890783807810966 0.0011693267557857192 0.03275043919531069 0.03938216405853619 0.16340206151766676 0.013943889678243527 0.024136007107877888 0.04140478328412629 
0.004925063566486501 0.12091521023711911 0.0034557576279586554 0.014926343896814059 0.3228052791414549 0.032794190322994445 4.023577580441555E-4 0.0035798660614178887 
0.007613427080003587 0.1583442288885224 0.10574976775649028 0.026246831459346018 0.072305592085096 2.4937403564504658E-5 0.021361267340260937 0.11017382309288443 
0.012218269830680112 1.8146916693757975E-4 0.34436912650569773 0.06300648771356374 0.005106130476006259 0.014389402950242674 0.024144377600531567 0.042078190641193225 
8.475213765080827E-4 0.01475099091057794 0.13112050505050693 0.0014401450029086459 0.0011898637270928345 0.2503577264845334 0.09822327838939988 0.010122245885480911 
0.11956642452117526 0.015083853576448793 0.007709593106777759 0.08485576162615002 0.0504674352303292 2.2353766212283862E-4 0.012251577452130527 0.21483613440916038 
0.07988874118596354 0.059891143862849966 0.12494910703917228 0.0021551134433344444 0.10583916959174335 0.1011804379173971 0.0330667466465558 1.8597000858188884E-4 
0.041562488785981656 0.0068449409500963105 6.93599689433507E-4 0.30760787994070005 2.309478067041659E-4 0.13708698617469475 0.003938755699394608 0.0075473205141186215 
0.11645963647900305 0.037227133682358124 0.09930129693599475 0.06109951125206968 0.08749550943092856 0.0012418008923397344 0.08105073599253058 0.02119781300164483 
0.014019657601217626 0.02720258409999547 0.0018471532222675917 0.04822268461785601 0.0011087446586834169 0.0061575925716288145 0.004462680730473897 0.4033667137222503 
0.16838501552822494 0.004185028388217959 0.16286541819149478 0.004727810681249617 0.011200286824479886 0.003214266084477443 0.1256331532912037 0.024999976279093703 
0.05098802191322197 0.03822479751656751 0.07818875122289914 0.0013627875530497398 0.06808639636774207 0.0642961270956266 0.02101259679031571 0.1849424672807839 
0.003804341571640434 7.48989750880224E-5 2.550008414363394E-4 0.09077504809005053 0.192910954235947 0.01057077943891382 0.08497456434899929 0.1214549869505154 
0.01878469862511674 7.822951616214947E-4 0.07982224174911177 0.07695612221298738 0.19283242066953235 0.0959796522869521 0.022265867379983893 0.01943585254075387 
0.1581743350319058 0.022311180174830542 0.031657239325220334 0.031801444671048645 0.06258266314033219 0.1597595445745706 0.02698577285994838 0.010424901185470953 
0.0058108634592591735 0.1541987573929586 0.01872423241964944 0.1829524386594212 0.004122777987483515 0.004446170593929887 0.019843440151526455 0.1190801463768726 
0.1282393288125328 0.059752796220446595 0.013989486765130179 0.1414162005668702 0.02765028831925265 9.335750274437649E-4 0.1336969414404238 0.00318565665700603 
0.0030092823039430464 0.4010603380414288 0.0010424179340680626 0.017388462230772183 0.021807246279431716 0.027876991470499293 0.0027352160014890194 0.028179231927693813 
0.03437060327307061 0.0030699645622250444 0.20344107840867118 0.09025695448237077 0.04046944589851616 0.014886504139210043 0.10812150165973604 0.01021428993007884 
0.020655803890689644 0.019003720729932182 0.006887967631286398 0.0020901199050682878 0.12307820808066855 0.01989456369909159 0.19785695714444287 0.11591879439955431 
0.009156369310166931 0.07851125161990623 0.010284112850010768 0.02122723364532968 0.014678371623965476 0.1851181573930173 0.0020390630320960314 0.186228424810424 
0.011017883805623062 0.0012588822676035017 0.0015437593166193404 0.029619795695767653 0.09886003936157159 0.0016227542337164697 0.3582253371857685 0.002095099958197266 
0.036532114296656495 0.0029264190230825432 0.16785705203712617 0.011659654683296038 0.015200489044171853 0.1542210516298263 5.91060639461547E-4 0.11874105548970768 
0.006760625670467211 0.06906031844245628 0.010391132217761289 8.622136173386325E-4 0.0013981017336083632 0.17741728979812957 0.1441935905444184 0.09665855381528271 
0.11967372759244495 0.0609730311997541 0.004117293903113944 0.02924333053037812 0.2224741014241628 0.06322309178963365 4.815655643748719E-4 0.003737195488444021 
0.004907783973731137 0.06323644109715082 0.004357394508673654 0.03956212333273299 0.08778258518666303 0.035626998178801106 0.0777320034224267 0.19150903126693797 
0.005853604874669623 0.00165623680256597 7.341419746078895E-4 0.34949911450246574 0.09718745614957633 0.0012461424807832832 0.02663182067444344 0.021567817583287515 
0.0058889359285317034 0.09883239415879541 0.03589828533345644 0.0304815492386185 0.0013605602215329949 0.2985966101314259 0.02669201384823253 0.010561771644678147 
0.09403087288688226 0.0018277069091535774 0.007223014331892695 0.10793715586768911 0.2695659653269889 6.196689768761602E-4 0.017023051545945255 0.006453300749114307 
0.09223128124597142 0.1694931660322987 0.1346816504320569 0.027204154041498698 0.023885833607574587 0.030249953743528568 0.025003428055671646 4.725920956925928E-4 
0.13050179266468542 0.11479076763463843 0.04313561978420192 0.14101862914508356 0.02101105756963292 0.00486219782328734 0.03182027969509051 0.015736571332510316 
0.06579842865023748 0.007380554434980811 0.00985429942399508 0.003571961376318959 0.19733707060492925 0.22310454960024526 7.870196667378287E-4 0.003844212105066054 
0.05031173146896695 0.020492855586170297 0.008298675029672367 0.19047422618857118 0.010960961814395357 0.0049019638962254425 0.006617813138200318 0.21564333124342291 
0.009098182411426679 3.8191844507789237E-4 1.092934430356307E-4 0.34400968560283507 0.028891754888919655 0.0016339843724644293 6.181625215763117E-4 0.12189136256170058 
0.00807943062455642 3.382296474625075E-4 0.0017358601835556898 0.3642471328821737 0.011103875157812889 9.364363105133969E-4 0.10617737062305584 0.010727642271688946 
8.810581594598772E-4 0.1570599520186217 3.996719375890207E-4 0.0068169549802551835 0.007146268947692227 0.0772407440915033 0.0015295672919539336 0.254027296634159 
0.14756742625136132 0.035883143523699014 0.03534759021882569 0.20342359741791083 0.018141999219520994 0.011120576093724945 0.044927633642033005 0.010491257988627415 
0.009571207317485125 0.0014289748256989699 7.20952920270171E-4 0.2590355748283557 0.02240452679993081 0.09448445075778908 5.899176287896487E-4 0.11851143049938377 
0.14590428457785698 0.0337041502814372 0.02588723824446027 0.002876129431319502 0.0040332328662756965 0.09657149155200857 0.18344080077008718 0.013455833010881177 
0.03984955753625692 0.0021588474838833394 0.10661346183559499 0.023528547421961536 0.0016818712136246019 1.3270947268095233E-4 0.17941464496265894 0.1519494403261526 
0.006083175371340479 0.01951121335541694 0.04525328941707241 0.02248768895027245 0.0027553620996010816 0.04873916613831644 0.33898553787079444 0.02329851584924791 
0.002863766835169355 0.07623159908702115 0.08295051784765227 0.025653723381858343 0.04995822544858247 0.0025745368868940063 0.24775791985622728 0.0151896973042896 
0.003037103846296418 0.03102425263452643 0.004668051326047826 3.8733579126964756E-4 6.280750273165481E-4 0.07970190327194197 0.29063608646893296 0.09665844452894966 
0.001880969266524142 0.040348651741367744 0.10062006955065632 0.00256446186685574 0.10125645481389253 0.16364973170501093 0.002161584863790661 0.09063630865556332 
0.008028186879881409 0.0012066229223310296 6.052502593486586E-4 0.21746405963185322 0.149071097998367 0.011034312571419538 5.895582457450508E-4 0.11843923228621983 
0.023301041425997423 9.781181677491813E-4 0.13192584130499313 0.05936662769695503 0.026345658106824897 0.009440870991956948 0.23754918981896173 0.015943937924418505 
0.06282957881763675 0.0017894533864996553 0.004808643423955662 0.1122502356130834 0.04815519479302696 0.13857993269114033 0.13558239892442842 0.003175053021011437 
0.025273188660759314 0.017334949937191247 0.014605993980798261 0.10343742882789293 8.075746655414021E-5 0.22758621233014875 0.10560289635356808 0.011101691724542695 
0.01691856950890372 0.18523378604914248 0.04142652545465264 0.02342505753832043 0.1730025703156902 0.014009411163072645 0.04571899433391352 0.007402941326813197 
0.019574782357160307 0.059160962324931426 0.027261780635191885 0.10836487897067232 0.15945244087507815 0.00406238283724582 0.014159961932969459 0.11252510869736772 
0.004481974705845661 0.056826522692933173 0.003385666119679054 0.06650041556332714 0.09121472092343545 0.14647203735920125 0.019769807257474403 0.11863827663377784 
0.027209474605209182 0.004638084125573987 0.289521731730327 0.05457715518349371 0.07720943307429994 0.013513637227043922 0.025148660321601547 0.013953879299028162 
0.03983628978956955 0.09682281328787679 0.09363394451640658 0.055847088206514545 0.010561663461700318 0.07389424630087955 0.0023549577169153053 0.1284404970318245 
7.153035616560433E-4 0.21968867596712213 5.685977104747218E-4 0.009484717683730567 0.011894989428907567 0.0023329466967719147 0.0014997818067170484 0.25639670577318924 
0.023359902043736933 0.07446231823365651 0.026062564944852262 0.042757667426733516 0.1683104758811153 0.07450393703062798 0.0733368263837219 0.02020642723659587 
0.14102050332408017 0.07196094093779502 0.0019588208539733764 0.14807329156840626 0.02156251435404265 0.10692990462450862 0.009883043465381889 0.001461034994028516 
0.003149729427241816 0.07732899093456376 0.1283976782908604 0.031945812138888884 0.250960233718492 0.0018038556507837405 4.405836961259112E-4 0.00999400721740673 
0.02913957998278533 0.003329432509264692 0.004532275373068653 0.1090812059222974 0.3324496855674315 0.005457049564578308 0.014650787189748105 0.0056019422216455825 
0.04375351698130128 0.01782157915670056 0.1699136247954901 0.0372337583383743 0.004871340497209746 0.004780617510073208 0.013594416980925112 0.2155773421360389 
0.021961716439649476 0.2988248522234223 0.0028491114945839798 0.014675868747595569 0.012927153085328425 7.75585100210612E-4 0.0333444147132416 0.11785181306325913 
0.0028415728954603718 0.08934348370307237 0.03266868777232088 0.0049353530769638155 0.1626218613491279 0.18105983162441544 0.02892245922017034 0.0061457552370738555 
0.0243334656848923 0.0010207132155090036 0.07886048852479195 0.03722783503915007 0.33819845215596384 0.005270550073997378 0.0027914421541233307 0.01932442788125657 
0.015256257037407638 0.21126909353915782 0.03066447994025975 0.0010303954956652319 0.06619018047355459 0.017907079330023605 0.14966527958272755 0.010915111525805132 
0.1603990298647827 0.025664057229412687 0.06081376154535123 0.040300318672614084 0.009937849150226469 1.39132012340884E-4 0.040898765441419946 0.16788176280054504 
0.0043561681249649035 0.09344411614223462 0.1693184846084217 0.0047956850887264976 0.11044990991930843 0.013092103554511618 0.02067934032018054 0.09143919124117832 
0.018124195330914434 0.26607181545242004 0.04042125763975104 0.0018309898384781828 0.011632855130272618 0.00696009740096414 0.12592207443636583 0.03139898433168534 
0.007492252186959962 0.15996540614297794 2.197395787832266E-5 0.18309852589915468 0.09379799160881357 0.044308841062135174 0.002599172975922508 0.010441169003512387 
0.0017660441228664627 0.08064536478872913 0.011878082330751489 0.10027783140375526 0.003766034131549243 0.09017370069566996 0.1656662724208119 0.05170034832424868 
0.08293445280221703 0.026607950808434616 0.029185148325421965 0.04788050863523151 0.003454487935181472 0.058517000145566406 0.04439977047721008 0.2151790367431599 
0.0030827401104580126 0.256934198217574 0.13380297774428512 0.029745055615924686 0.02388328043030838 0.030461925176472966 0.025012018430350464 4.727544631552947E-4 
0.004733779771131557 0.07944572565897422 0.02885658444787915 0.024502379195438028 0.0010936767749322419 0.2400247871470776 0.11669995250176109 0.012120478579475123 
0.022175207025335243 0.05904259104500382 0.05564753921993139 0.03358726546931931 0.006291543203060737 0.04401852461456381 0.001402839455269733 0.2792259902792031 
0.21387443670578363 0.004262777488017499 0.012162105174589365 0.08214686743293458 0.007239727084856616 0.15727390252451007 0.02617970886489915 0.0020246782914963967 
0.05359984511140952 0.012231570190071867 0.021358694939631544 0.007882679803499744 7.708560598664459E-4 0.14597588264873887 0.2532659057404081 0.005930827759924195 
0.020979383282107453 0.24031260856346118 0.004717001939845726 0.08963736616117148 0.0037377315287409033 0.0033534991705277627 0.02660690601608263 0.11572896318794322 
0.03942441412541244 0.019132166015172956 0.01279604785946351 0.1158045452654108 3.721626100738067E-4 0.006144974463334759 0.1769102389664981 0.1344299819654752 
0.05959136829603418 0.00248417041384828 0.19307694117530594 0.023300103070570087 0.016532751651207028 0.08954348543475006 0.10034522051996876 0.0195494937643969 
0.05582725278867711 0.027760848361787122 0.10145441229399153 0.008391100878349123 0.03788812362683313 0.05215723172089496 0.15017215046083918 0.07588537523477484 
0.130341943312006 0.0032395087604740348 0.1522005837053956 0.13995001825079578 0.025370686383600828 0.004126677907965955 0.032208770978673015 0.01607008201636662 
0.06487903174748945 0.17384037002544572 0.026645900657747783 0.010873375984454287 0.00837283845310973 0.003254237576534923 0.0018539887941689814 0.2170192794135402 
0.0036355822466389806 0.10867068003135219 0.07156259880983985 0.20101618903773671 0.10193167693423039 0.0028320118426775763 9.092285924902751E-5 0.01199581556248035 
0.052607264272706525 0.016816278317134184 0.04485648185477745 0.013406620568122505 0.0355697226602413 5.048317751053723E-4 0.03294971615587466 0.3083625220629073 
0.09754681557978989 0.004091785571462127 0.0014291849427209668 0.03615530358233853 0.34061414004792656 0.005272706849296863 0.002792584447319188 0.01933233567990108 
0.23703917688022846 0.005891353700634313 0.19846633859712126 0.0062212886486590424 0.014738368767432293 0.004229627295449117 0.010189021934308099 0.024821106987478792 
0.007702811895020641 4.7636879512206157E-5 0.21524769795766013 0.03938216405853619 0.16340206151766676 0.013943889678243527 0.024136007107877888 0.04140478328412629 
0.14273441407192156 0.003673124311991967 0.002594257802061035 0.21592845842790118 0.006002429800329646 0.09906135113401975 0.002468078934728152 0.033280308205161965 
0.010007736344530883 0.0011704690845521807 0.0019414029267350006 0.003245726217024918 0.10840593764523772 0.22141027676068578 0.023801865839592887 0.13626193466338893 
0.0016808071386175977 3.620221116159742E-5 1.218024408682213E-4 0.06141791252759459 0.1285745064277744 0.10755907606813529 0.08375416805003241 0.12138493571632751 
0.04571642544061878 0.14572625404382974 0.051005663673665755 0.08367876334708874 0.01223530297784225 0.07526231151429204 0.0740833208652075 0.020524537203558228 
0.00393407912127741 0.010732067425187447 0.002050362637464969 0.0031039911094254973 0.3505080711428934 0.11697288886836252 0.008220047967564774 0.00548176339667747 
0.001764120226826781 0.021490951124600123 0.07233151957539405 0.006973723011493564 0.25091738170991207 0.14613942459214224 1.3886953574719098E-5 0.005313153611487683 
0.11499434216721227 0.014991224724882617 0.008519265665241367 0.1433129700498323 0.023319808080593418 0.09834437825657291 6.140172479240153E-4 0.10285944205336792 
0.008581730547811361 0.10764569676137943 0.006480188171150159 0.023703428519729335 0.18443562294155855 1.7408172717707079E-4 0.07092954407763216 0.10274733823585956 
0.008739482657749462 0.026324155379146678 0.20899054906052267 0.20856619764366593 0.03642388455887431 7.828953699513708E-4 0.005276437282329728 0.009476700485222297 
0.17877238101174323 0.1675052753234845 0.002192729969452633 0.0013011706626355076 0.009963660191042046 0.0034799540284744094 0.13813762272221183 0.0017407248618360397 
0.017073113718780182 7.267599471344887E-4 0.055363920026271995 0.00105874023764027 0.16429216653007125 0.14380750887903054 0.09976939154166528 0.021049107272510262 
0.006402255258748674 0.10818533035074683 0.23299936253581333 0.011867854315545502 0.029919935053995435 4.6037506978853965E-5 0.10591276267814836 0.011848468671509736 
0.2183091185769635 0.04239364553097042 0.0023918980241053236 0.003682288242628665 0.008254444044664147 0.009933173855770567 0.16918478924898425 0.05169761945445385 
0.08099523940721991 0.022713164476703407 0.007717489992266443 0.18015269455369556 0.07728525513857135 9.280793305434324E-4 0.1360898522565641 0.003186936504767449 
0.028567840437696477 0.002139326339625089 0.0033214679130108677 0.2955194333401039 0.07319674958724878 4.7196700524378853E-4 0.08892933901063531 0.008934600999287248 
2.797359477934257E-4 0.0034865933154526046 5.32349787812911E-4 0.10939869924199452 0.024418343395761957 0.07003745907711532 0.020892310897303475 0.27586339723084985 
0.01623600293218408 4.314627371253725E-5 0.055670127999543156 0.0028575122507580064 0.045546638245077556 0.2143253445484941 0.16998398820649743 0.00105852999584286 
0.08783689300461742 0.044150759080871904 0.018772631169269895 0.0818143689973619 0.007927256022778998 0.00912682151422539 0.2343269393988708 0.020759815664283796 
0.013146597831319063 0.1648826370470955 0.025321135052505588 0.11051681237828945 0.010826117051632526 0.1458294235327419 0.008033720517894548 0.02289065477362486 
0.024677305669184597 0.001028716647893425 0.07995484633587922 0.009648776023057519 0.26364776728961836 0.005571408076082423 0.10034522051996876 0.0195494937643969 
0.01177544423372321 0.0015172697211735865 0.002244922089512309 0.0024597861285844225 0.22226273070319963 5.308641014710218E-4 0.24524847507610445 0.015128974742839713 
0.007270532387152591 3.9388067323497384E-4 0.019451574248393996 0.0050190478801779735 0.029562866807104352 0.11270235857071637 0.17986354575217134 0.15334570344797435 
0.005117597761186248 0.1433851946452368 0.01830029530612383 0.015269669652916729 0.007300598241226826 0.10103443360624029 0.2055126435759681 0.00948973001694233 
0.047877525077620345 0.11254072678274972 0.016763792134906398 0.18113923599491552 0.028835318464095993 7.70040703204878E-5 0.10433987164486873 0.013520595103504543 
0.10762604560492307 0.009779728063436471 0.025687646079421634 0.004267350037168214 0.002287097553478114 0.16899422808704706 6.093553926742558E-4 0.1832012298156422 
0.004789552650873713 0.014475488859163036 0.11482583748496694 0.13708567091419918 0.20171336916440016 0.005139067953048592 0.01997226445063367 0.006626710153080447 
0.3022957429945526 0.036834086061664904 0.0931801511343946 0.005905082345603298 0.0160526634029984 0.0046652312190535745 0.025852262050720057 0.0204015341420068 
0.11532210112128555 0.002281879014574154 0.14453310956609133 0.019221987118417123 0.006519404028834939 0.17728783528466482 0.02553237885276349 0.01167287591360777 
0.09183271190479966 0.020956371405056604 0.036593890802795764 0.027633351385847323 0.0014352593117523819 0.31618270374715174 8.298760923458292E-4 0.005935364720955483 
0.16743937756455932 0.062244022078920394 0.0787350600864622 0.06685463075848823 0.002984092131381372 0.0015254019107459836 0.11659785001828268 0.01109913049217285 
4.3647745106283997E-4 0.012084056617998348 0.02143368416395972 8.062898454629784E-5 0.1952530560591243 8.155971032917881E-4 9.785182886724115E-4 0.2719207600691372 
0.041543078515413785 0.03736382896529184 0.2607149166524068 0.003434965748552337 0.12740956601157535 5.548098557607337E-4 0.032917559319287006 4.6398417915404665E-4 
0.1519458657930191 0.027328211048717493 0.14305278593865442 0.003223615787390311 0.020471449246530344 0.0012928390872180627 0.06251366448608758 0.09659848667998625 
0.32260006907145966 0.024158172768942263 0.01985413612790979 0.021516366431797617 0.08620825083654937 3.818460510178731E-4 0.020928090704755063 0.008998155956564 
0.0018614570002164247 0.0998104698405248 0.12427998494657541 0.010246214505902363 0.02693298632523443 0.05932944536671919 0.17082253222422772 0.016273038921538398 
0.018708457195840654 0.23463863404905058 0.03603360940663768 0.15727255677315627 0.01522717312738627 0.009508761823426061 0.008048514646458988 0.022932808006226234 
0.10220684353223675 0.05084365730308376 0.2029989726760672 0.00849672629987564 0.017351226381855378 0.11092464170186649 0.014867820798073502 0.0026444589456486914 
0.21739651390642056 0.09141332344438001 0.053508128736166796 0.026749790262712535 0.02336290350034085 0.028462622575242114 0.03081205651264205 0.03224429825886017 
0.014758312614822551 0.15691793201100634 0.001979207620951641 0.08663543730318891 0.031810933697894644 0.01170150926586341 0.08341130042690882 0.1181774715880202 
0.02670014439878194 0.02744007294563606 0.1826877847962691 0.11579021229956497 0.09910306148933594 0.004875834936946856 0.03190952673658298 0.01568891988444508 
0.005048795741372843 0.1838629877085995 0.06694685991154092 0.010113855608777516 0.026438549662493618 0.1810598872504493 0.02892246810586123 0.006145757125201034 
0.008653006302699068 3.6296670607554406E-4 0.028042873673461803 0.010174834742093356 0.11422960963338837 0.3234495619954617 0.0027914499160876616 0.019324481615316476 
0.1884720683001009 0.16951170631437326 0.005589823420115601 0.0036772161492109176 0.10321554170943942 5.548098557607337E-4 0.032917559319287006 4.6398417915404665E-4 
0.20962341401688395 0.008799455178289131 0.0025181364389897038 0.11022585466605694 0.040472899586167885 0.014887774562720458 0.10813072881585042 0.01021516162392637 
0.21544484490808247 0.02625149094153589 0.0664090834055281 0.12188091229736578 0.01575122910735665 0.015863436892621152 0.02623217001596941 0.02052980295065634 
0.032110051730960716 6.299109944562293E-4 0.08972120228471774 0.29613279108814616 0.006327443374425847 0.014390754772484794 0.024113277268304836 0.04207911383115156 
0.09143137414325973 0.011752660499974208 0.0657498301962583 0.1933756882739443 0.004844195107414064 0.0040549329251845685 0.002751994474988809 0.12902082205545576 
5.305067764199325E-4 0.20954089024077432 0.01197336468231073 0.11500323002608567 0.0694187568183927 9.055390986915488E-4 0.09118949896963922 0.004246182888869876 
0.08683790013584074 0.02007200569793163 0.295434586565794 0.005631236992203884 0.012623327559280719 0.015190569662378407 0.018435090712566146 0.051706197959072844 
0.024187179290858167 0.0027961778066691264 0.41083369710507145 4.921395630960993E-4 0.01123354038023533 0.009704405226688341 0.026501220814509948 0.023215980853500774 
0.01223486865249193 0.1694288188409972 0.06410066859965924 0.00245790825947841 0.01706360104098954 0.005810250599072524 0.11852644891075778 0.11325715086950551 
0.003795705982946833 0.19197836366642207 0.2596655012465218 0.02109999154757447 0.019302179340187124 0.0018733522035072044 0.009723207799383862 0.0019257330747489015 
0.005957243937792713 0.07876025019587603 0.2635014527672821 0.12439167953052763 0.015610384314281524 7.31599419326349E-4 8.912050823053695E-4 0.015319619680987405 
0.010463161540032233 0.11040553024404262 0.16077543746400677 0.002816744635052324 0.013496913447216999 0.08487541239537147 0.0074782926333083885 0.11601639349809612 
5.467037048287271E-4 0.005431512787129117 2.8850172762727708E-5 0.1879169621628748 0.12378241074487886 0.1747233944912492 0.008896850091622409 0.004258742062234405 
0.04214470082746712 0.03823478038158296 0.01396010845020687 0.004236126258224017 0.22799931550998698 0.03783616300626828 0.0250552531928546 0.11591852847692655 
0.1258210820130619 7.69547252499219E-5 0.007019367005967643 0.023473625575813905 0.19700752161229804 1.8594786127628938E-4 0.0779829534912163 0.07312954180816125 
0.012358221978437674 0.03963783566899973 0.09398535825519487 0.046335811692717416 0.04146170023998136 0.11857741219170942 0.136355166724301 0.01840368665440743 
0.08957939915170236 0.07879499417525017 0.02960927067288273 0.001752832996542392 0.05613577952834475 3.0174412910424135E-4 0.23248391634268575 0.015785595614197193 
0.0570343861052308 0.010257914767098569 0.05652265010561565 0.0012382828636885875 0.007863668150530714 0.2691484249195932 0.008051232215312861 0.0966663997418191 
0.006110017442944047 0.002732386205968798 8.644096578987352E-4 0.4360222349099072 0.0053427183904403396 0.004964584499752238 0.026623627224517533 0.021561182106294038 
0.09867024393628242 0.012683150497287519 0.07095542252344254 0.1993106575842187 0.10210316711084985 0.00579130415233738 0.00279813985535015 0.010434669012209867 
0.003633157095483331 0.061393100509998536 0.13222267045402636 0.006734779756831192 0.18540809426215007 4.603952459810854E-5 0.10591740436366325 0.01182676040473587 
0.04751011551377361 0.002743212004779958 0.01098419496985161 0.09526848994944728 3.7568673552905793E-4 0.001994672154633353 0.347804737286256 0.001984384632558022 
0.050366810435599284 0.15332428119104155 0.02128582676947084 0.23000156334040567 0.036613648554566634 9.777592612670547E-5 4.692906743730437E-4 0.01293219549148827 
