0.041547195481976246 0.18742852399954477 0.1459922490505342 0.008613700079339745 0.11789237485078465 
0.22641306212097853 0.06972981933779497 1.7860997573679395E-5 0.0510035351038046 0.1585912732930519 
0.02265976749821722 0.24757440900371527 0.010474948988244892 0.15115973522245335 0.07473937073119687 
0.07097178903209488 0.002485511034908177 0.06673383965767025 0.10492523277711067 0.2593012008418784 
0.049116889989730385 0.144076006489195 0.19980860680651516 8.44472950038855E-4 0.11203576985762662 
0.010307226813247847 0.04158154720202576 0.0030807292894324194 0.08924748265769952 0.35924062370719373 
0.38597221042428514 0.0445537089008015 0.016596405393426644 0.03825870579838062 0.022807472090326398 
0.08182012559855126 0.3551406224218067 0.0025357863497113445 0.04604066355537591 0.02229743817061495 
0.13556769912364486 0.19164863511160124 0.0161426687888128 0.03151951235845893 0.1306773250736661 
0.04649660034250351 0.20739885537695213 0.018571273112036043 0.1067477951980498 0.12481565410092377 
0.06046771113130659 0.020885141497318925 0.3608382917194686 0.0012276325880966087 0.062141291282266836 
1.1529970748384032E-4 0.004734824728423575 0.3585599142466293 0.021114462073051 0.11867003384179607 
0.15299704735281477 0.10176874907816796 0.0015458296908039955 0.23210754753616608 0.01584732210011236 
0.007364946966944 0.054721723691941504 9.670025393593133E-5 0.3292409921833445 0.11618243391318589 
0.023742653938600033 0.10758100888234479 0.2101037107637973 9.241769194525297E-4 0.16157281541536628 
0.15674712700650656 0.0996134359144477 0.06583473059706216 0.17561349254682151 0.016549091601954988 
0.006480146637098115 0.0021789888874707976 0.27439833285058085 0.057057376356273434 0.1644331301062421 
0.023117443996239273 0.15101158004196427 0.020158990587307236 0.31017610524813755 8.070529599946258E-4 
0.02973147735346709 0.11994310898157046 0.008886447806038035 0.06513335540655846 0.2848948569736393 
0.22397459592513536 0.052352407566287465 0.13530747728992826 0.011963449534317204 0.08063660840791151 
0.08041567202541092 0.05613577807826605 0.154790422097257 0.026744467628625007 0.18793852182619225 
0.44408931820260206 0.016296959650511415 0.014864198820309876 0.028512338109522695 0.00210473165675133 
0.0013905733492358336 0.02265612047243421 0.02493483108552704 0.446646445366972 0.004960325014670072 
0.06978498749972283 0.03333433598230224 0.3367905630473496 0.04631800264561666 0.021030980828177063 
0.2917639811793216 0.020670350333883713 0.02824670970522573 0.1298345802260892 0.03682606557491515 
0.2944677297813587 0.10902306382062744 0.09439672884740147 0.005733004553289291 6.115495777913194E-4 
0.17429693881718758 0.19041194769886718 0.10470404224474977 0.016597829598058025 0.021021589194885608 
0.020905214505894547 0.0939064889807825 0.08733648118968018 0.23933954873184946 0.06878714365603578 
0.14890538666501363 5.738976017904056E-4 3.0776975311262E-4 0.2560601651543441 0.10315516545273856 
0.022368467345009645 0.2176246900488031 0.23092242859567544 0.014038612392282645 0.019002472588024955 
0.19174976216582712 0.13385478009932933 0.01606315373651434 0.03136425453173936 0.13295027747088742 
0.04130837041107412 0.02424221068229051 0.22105704827681152 0.2211741527544785 0.0012545262185808168 
0.03310673166405458 0.15001084556203034 0.2878100773063184 0.014038972171404778 0.019002959580094753 
0.03033736664840286 0.2581195788608635 0.03812574370530951 0.07236144866314305 0.10814281979943037 
0.10892672073274433 0.21013476557443442 0.015681871279787443 6.312159466238516E-4 0.1710513444952062 
0.10469589458572616 0.1871009403659875 0.037600900374507404 0.17801569704941966 6.713940894980045E-5 
0.01967006454823062 0.07388557136093603 0.027031746702094135 0.21521658400360266 0.16933423281831106 
0.2422978052597734 0.08752986271972152 0.002695113806622771 0.0870974328924758 0.08461029193593965 
0.3349189523620781 0.10298341850480601 0.0019087873670268754 0.04478511704569685 0.022254227960133585 
0.05030015349868895 0.006603001664289555 0.35390302752732083 0.09423149756054161 2.7807917724266003E-5 
0.32678692809350435 0.012468185607327669 0.0031550627093181625 0.08297781705820766 0.08233167294845886 
0.30187215573635445 0.016726861499297505 0.005894357225721368 0.03890456128527198 0.14392629291176656 
0.11512687353397019 0.006512182269172341 0.005559470468425183 0.014087118934750823 0.3677494396808249 
0.07881758213385065 0.040360429850105385 0.16122983585195907 0.11749693008745497 0.10581818836721678 
0.27597352385223023 0.06847433732519649 0.0075097004283928275 0.15437150578348463 0.0024029491579928564 
0.057117599785888234 0.32579775236835096 0.0022572660917781822 0.04034981288948209 0.08185003439047933 
0.014215191899896625 0.0778409269544898 0.09771601687615654 0.2881412828976109 0.02360036105207507 
0.30420105096982863 0.14320183872266962 0.021041216048239657 0.025227328945491567 0.011118040463450711 
0.09616181300809591 0.0033911515087313676 0.05936409887666262 0.2965010263837953 0.05342906059253209 
0.19947245297703792 0.21597238036156077 0.0014586602737982571 0.026892010319440506 0.06760747367800488 
0.007322612100717963 0.300705748589973 0.011811482175996276 0.02223624676394823 0.16479533726013998 
0.0044852441953900125 0.21072828156609458 0.07829645051077393 0.005124448771221188 0.2072154298769902 
0.009430817223880667 0.22027070320948802 0.11085055018690451 0.16106934741871923 0.0029687027977191765 
0.16436171009998296 0.08888732295655732 0.12760845701007406 0.019431217407218888 0.10625706375304028 
0.008287511905479116 0.34032971256815137 0.013367879905222056 0.025166314595760703 0.11948074024239946 
0.21162239177933007 0.008689173329117802 0.14759371611442976 0.006680162742835626 0.13376995935733274 
0.08859088702171641 0.03251545307482698 0.026946335780049232 0.19276363713574535 0.16431013246271858 
0.1598434619541952 0.15462980813796456 0.0754041176562803 0.0995055782442271 0.014324875448813265 
0.07060656235832785 0.19509377428394947 0.00733661545441721 0.07168750876625611 0.16232381828697312 
0.10243158448405416 0.1756339583747205 0.11000986104849915 0.04322534914048748 0.07478369779703974 
0.016244466271992532 0.09322108279981323 0.2094816674453768 0.12982776786070965 0.0572634547997658 
0.07075447428246745 0.138250100301396 0.012911613593880449 0.014459647153970398 0.26770397440863947 
0.1057858805062891 0.03854590828893017 0.03211403169735563 0.22973132984033404 0.09895076621954085 
0.16206257280613862 0.019534335798679463 0.08148105652123445 0.2399978008803404 1.2007595383111325E-4 
0.1169331721298032 0.0848225407592963 0.21450873971127837 0.08565820412368444 9.757538743996411E-4 
0.04946756860157762 0.049162999218883736 0.18874701660301768 0.18646882392956135 0.0304287502071448 
0.017229572305302997 0.396197455082256 0.01065202979768894 0.060022950532162965 0.020101533337603658 
1.5980205565716E-4 0.012379298562554765 0.3364479607217224 0.1568532760375711 0.0013863539077504116 
0.15543557096614935 0.15347964285456345 0.01452818456102778 0.1726922668576328 0.010410872908071585 
0.009241899950021707 0.08172661130005078 0.2655090048508519 0.14845386642963262 0.0019661299561240485 
0.1389903570652441 0.032824489210391494 0.09084619168913938 0.1404710071550268 0.10393687167784611 
0.11236324530948567 0.025983236558059546 0.3008866724742767 0.046909486944902434 0.021027293572172832 
0.20255866573097064 0.04553479947526859 0.12308514208959696 0.1216277297685376 0.00830227017598942 
0.34375076527143916 3.50973874705726E-4 0.007312404886846434 0.14569845016559052 0.007769408271792549 
0.0041828585092644754 0.29144622584136975 0.05403870640048724 0.15758436379711147 0.0023552799135340345 
0.0020482856793169 0.012081288850634 0.32402772622366094 0.0033907762438993446 0.16376066378173065 
0.2661070659610483 0.00976545919689219 0.008906920688711038 0.21898336893629453 0.00210473165675133 
0.18661098170387783 0.08585698487534679 0.004639073991142767 5.408103464869006E-4 0.2282489712795952 
0.013365235581036621 0.36522380603785487 0.08248549313865737 0.006786181266478687 0.032546833019729576 
0.11631341946122338 0.02852394488416181 1.3818711194523117E-4 0.11649076024220817 0.24613154664058623 
0.12455461352778886 0.04448144159948102 0.16180571065156074 0.07327805195040504 0.10330435957475836 
0.13472370155601296 0.08065978543780979 0.00409767431100497 0.006363381323673785 0.280723636985429 
0.20629208955668354 0.13964793344729343 0.017269645064556822 0.13721544078901532 0.0034161384125375024 
0.05415464284821089 0.04475373257901602 0.25324056255389094 0.15616241923452218 8.684474093857345E-4 
0.10037204256299428 0.012463446816029209 0.12148787045312458 0.17378469880105044 0.09911626315599138 
0.1738045800446877 0.02001288519737431 0.04150901837936053 0.17131670059505244 0.09849416694364771 
0.00959888120336267 0.04919542566775955 0.09240835457787297 0.0017636709730035097 0.3503251629538136 
0.0958289074448679 0.18048990471581863 0.0012229790706651496 0.020778420481647346 0.20805399822563198 
0.15589008465049592 0.03411476481660624 0.06849464091441386 0.05762042072902111 0.1910175485723894 
0.060947486408588936 0.27185727184636344 0.024343122018564905 0.02402078778034356 0.12545884614433778 
0.013522980660013792 0.1778696014452567 0.027670378392673178 0.04382328583688137 0.24252441163674676 
1.0888428555567996E-4 0.014928630003078484 0.403485159803765 0.08568588731818601 9.185579579901858E-4 
0.0637786242880042 0.056668912321733815 0.09162362107692616 0.24891198723194854 0.049291732145629714 
0.1354470238827954 0.08822692735453759 0.053420634061618066 0.02074493999979241 0.20771875868619763 
0.009078741259303165 0.04038547623097524 0.25401337998192575 0.022218945492673763 0.18107390283969352 
0.0464365607398984 0.17416341139129757 0.028459709428221857 0.2477325087552465 0.010428249261085917 
0.0050652466465782265 0.06371546008042307 0.07405490625786838 0.10610593288233916 0.25828766994094887 
0.008159532711474704 0.10199566518866741 0.1287528376178505 0.0025280916099122445 0.2645563463853673 
0.01128234699055822 0.1015531505477831 0.12148787923811015 0.17378471136770476 0.09911627032324964 
0.10698982726805964 0.05478670242375841 0.21885919132820222 0.01941990282717004 0.10619519145608669 
0.03435565057414589 0.2814449567180942 0.07509718021271013 0.11385326713180324 0.0017824199251893489 
0.13323715327540286 0.048121338282455905 0.17450390574372582 0.010608725659840343 0.13769807851676305 
0.06860698918315802 0.06946369685491113 0.06482148157273687 0.09596097587637599 0.20560349629984961 
0.0025384194472684246 0.03653646495929231 0.10990749144784673 0.28216649129378757 0.07501463211281878 
0.17974657326629423 0.05535765455859316 1.7384082503258326E-5 0.08190320488833604 0.1890874540285056 
0.2444760706951879 0.02942037931591747 0.0010198479252128889 0.1253518788525054 0.1064467070485873 
0.35584137220894824 0.034526158039051735 0.09315416909560242 0.0022843395705257103 0.017455718626334448 
0.31003058571964 0.008261421532166956 0.09137761250182291 0.035694193105243625 0.05776307412273461 
0.018991033955015887 0.24757658203886157 0.04138423356400452 0.19602865582902249 0.0015652510922927775 
0.17445717901414542 0.02078711681938614 0.20758573442769482 0.08289369112282154 0.01578724153278069 
0.08426040386145749 0.1646398959700728 0.2085908755645981 0.02980927631554658 0.016619465135664216 
0.10520287792756287 0.06885595333921253 0.07809878250367887 0.23003550582864932 0.0210030130756396 
0.005918222169193056 0.05728478457767509 0.35953882036116114 0.05825052336988901 0.022000350321701723 
0.026513639285844944 0.15831477748719347 0.08968250916495374 0.13576749121161827 0.1012118762274707 
0.030727731239247755 0.01811026618310936 0.1646969923662449 0.005640742359101256 0.28806555893363583 
0.006745086135659067 0.06528832395823636 0.40977175968031404 0.02108549197657121 1.7905160050153366E-5 
0.08692648528495002 0.15552092424604846 0.017966839524312172 0.14153027076112532 0.1013770623229458 
0.15488032920474085 0.16427870934372643 0.015686665972210675 6.31408939300727E-4 0.17110364301053022 
0.062202959898285504 0.015688294048044643 0.26356702811120847 0.0050392562901672815 0.15701579678462657 
0.2047776506789046 0.011709695531408102 0.10740458539182027 0.17189744385417233 0.008352525192640979 
0.02530112796525714 0.21526972234555522 0.08562889519612607 0.07227659921350528 0.10801601389778273 
0.003766320257323304 0.15236360219717168 0.03441071023088748 0.13961754017334066 0.17599534362737287 
0.12601150412739692 0.1402920948532534 0.004193535998695559 5.763459277520349E-5 0.23615257000220896 
0.004368958677822327 0.09531782377883838 3.40486365321662E-5 0.3910578411235181 0.015681133962815244 
0.014024126926973048 0.0916269573453901 0.10856846008380094 0.10899101433157132 0.18293801116827726 
0.08562864724486127 0.0016573081143390765 0.01969731190482466 0.39300256197628536 0.005911044621344565 
0.03659419860984079 0.25609814494265043 0.13628919955451985 0.014845933728933778 0.06255340202645496 
0.32449864845819626 0.05114489432957802 0.0033739620773203913 0.04035044886058494 0.08547893239921887 
0.08823025824631478 0.010482154254944512 0.18890364085923772 0.18662355771757994 0.03045400030356843 
0.07158879993817228 0.018619074496006506 0.20286507943607035 0.05047176937335032 0.16262037190026246 
0.06299153254902641 0.07324754340854493 0.125485918793579 0.1399704116575853 0.10356647261092221 
0.00405672647560534 0.0018981081261625924 2.8005398327545297E-4 2.2440575474158404E-4 0.4986931745437664 
0.025245626631461914 0.01738462158365014 0.14376252171308976 0.1438386795879213 0.17379350510263009 
0.10976071170355794 0.014140715127772352 0.11852776031921466 0.02562920007299048 0.23964477033184775 
0.05268905833644422 0.23769191446892604 0.18514352262908504 0.011148131751885391 0.01480122532875851 
0.13468298640213125 0.23636608273951376 0.0010537947036490538 0.04046725810427227 0.0967432763864419 
0.09918641744071396 0.13049680608865205 0.11084172037214497 0.1610565174192402 0.00296846632531795 
0.030627539489473693 0.019899932316720756 0.02359334006819093 0.2717538830094733 0.15935619650271746 
0.23536850544729823 0.008300283006189308 0.14530132900727827 0.06644913831087199 0.05342919738547975 
0.11106822429967748 0.12025554619962692 0.0021742665327928535 0.20850336154818136 0.06758911129788708 
0.04520442144079934 0.21925378466174458 0.002334080894687093 3.97515932575092E-6 0.2401868103873855 
0.011222045796511683 0.30665813950547804 0.07475673321535607 0.07522379750668172 0.032546833019729576 
0.11289069294997973 0.07731768655039707 0.15748230231800966 0.14817540440106694 0.008016556159884738 
0.20831349793290976 0.09996409930845346 0.014498197655464305 0.1723358213102866 0.010389384341388232 
0.047006671777970487 0.028278519071647086 0.24301139106036393 0.11260732928413276 0.07611260865750716 
0.1283606429017847 0.11405166071496406 0.18440138898756075 0.03271320777460337 0.04913601969370895 
0.27743102324777474 0.08544213372031631 2.6831575753923288E-5 0.00533395496896767 0.13788191220899834 
0.015488594710149234 0.0624842883252879 0.004629389479852654 0.13411154259354136 0.28794214843307964 
0.010878537115123517 0.297271283040214 0.06740621642395733 0.004975556768920992 0.11989908120473783 
0.006053835983540003 0.011357676445371275 0.4540097806190671 0.029164190464731322 0.003165202856154384 
0.03917915718279384 0.3171061036171983 0.0021618142712091864 0.12882710804933215 0.016021863263693332 
0.29587769596134517 0.028708073003364545 0.07745653842919643 0.08376373152022196 0.017455718626334448 
0.2210009859180199 0.1016793231145939 0.005493995671787896 6.404747388228724E-4 0.1770820427532249 
0.161072139508821 0.03764942296383614 0.18074414397159463 0.04038352321537611 0.08542825721712569 
0.0833528902601391 0.08819439974339592 0.002268291147787905 0.22629999678363796 0.10552798656631777 
0.3128712494930618 0.0013521771321088818 0.14588157436474802 0.01842146302775248 0.024566384395395376 
0.39952970578442454 0.0016165102352908897 0.02707155581075045 0.01552333723391099 0.05911752396764443 
0.023700335965998288 0.0894603233456206 0.03269637632652696 0.2603162311278337 0.09896493266719494 
0.13533043110890638 0.09037465024693174 0.011267405865430714 0.08722625907906362 0.18510638154231904 
0.0016940071523842736 0.024382508190473096 0.07334645848762983 0.18830302254783582 0.2178037445465248 
0.024115409237746084 0.08807110225106818 0.3328183148625008 0.00868557408076828 0.050308372743123456 
0.021642278044135734 0.13312856224277148 0.16078904174272293 0.08223156924775588 0.10845745011979069 
0.1676869745375674 0.07831412789594573 0.018993892925756903 0.10839212707978187 0.13604495142040926 
0.046338729362213185 0.07130018454584287 0.13888962046400924 0.23230397265653346 0.01586073317693454 
0.23411809476829215 0.032359079686005536 0.0018550373217121425 0.01939631393399393 0.21780565920810632 
0.0651986809722832 0.11664752222747787 0.07856804585554958 0.14153027076112532 0.1013770623229458 
0.12685324150078697 0.2478638070438846 0.08317781133758383 0.029835579647803954 0.01634937021029441 
0.013234211173047622 0.04086852344073914 0.2946862162326546 0.11322674583031497 0.044931122328081934 
0.033593947935770765 0.15154967751434778 0.11804541694655048 0.022457512914867177 0.18104611175722768 
0.21653889640851076 0.05310258760376935 2.572608118401626E-4 0.19010584685072485 0.04477534529503349 
0.06399582727483645 0.0019519672438608091 0.07021971398935747 0.010275543254020844 0.3577590999935079 
0.001362420301078928 0.010453236384752628 0.18866342847468115 0.17772859163127203 0.13049309278494575 
0.019961829580275325 0.13430687639765748 0.20188457790644404 0.14515511043509988 0.0062416880539541905 
0.09129690886592184 9.826623857861088E-4 3.1518657774510206E-5 0.36302248046512436 0.050712993452626524 
0.053861776311004576 0.0322676102686976 0.2714420814281459 0.04034155518304719 0.10925247971781728 
0.23910239657830484 0.17166647542071306 0.005279042441815363 0.05717326379272498 0.03386194129490325 
0.06151130574847702 0.010534058787102287 0.4098397641326705 0.021088991259527293 1.7908131535071004E-5 
0.12625544437172348 0.031131531563157247 0.2156307937556065 0.12218149276498509 0.012376125775501378 
0.3040897338004518 0.10503055266162262 0.017242867419015047 0.0035017928376284576 0.0747613657248163 
0.09417966448830178 0.30962443054550853 0.003007096873475795 0.002209605047728081 0.09793457086090537 
0.004547138314638285 0.06544874208106755 0.19688021456267862 0.020850852316336623 0.21780446435912007 
0.09367845827859472 0.16353964974192592 0.08348032298222743 0.00341625670539529 0.1644015774206451 
0.05256106154271937 0.0078034156285439055 0.0042745353338888795 0.07699031252036134 0.3686439966668088 
0.2517187284824118 0.03569008050382683 0.07699345267426959 0.14400626130823038 5.893019080832339E-4 
0.00969546460404128 0.15191105720136877 0.14634532775247192 0.19602865582902249 0.0015652510922927775 
0.121333204845891 0.13122790214332614 0.14451555534541366 0.0023669102277453654 0.10983833084376805 
0.20787131345283158 0.2523011554444634 0.02184679993509212 0.021176844221929746 0.003450080230736744 
0.18442918903831224 0.006234030531193088 0.0017920884500962147 0.2513403498551051 0.06760749712954593 
0.14561818779342797 0.05305987231019915 0.04410155946840126 0.01581906964071928 0.2455871221288806 
0.2124366275076942 0.04648932997955695 0.09371446157221447 0.07860475578607813 0.07591968904619611 
0.01656688964653789 0.14911966807893137 0.002306108570928453 0.12459088557802206 0.21462132897662192 
0.06241162932809374 0.11153517130032548 0.15505182671119155 0.1778000079938648 6.705806086675542E-5 
0.01379630532001957 0.11248634187921766 0.3076145955197589 0.056616108889881715 0.01647846611693203 
0.04593916357513644 0.19439635536222322 0.025078992408956505 0.19685422995083285 0.041980546839499484 
0.003450233620614765 0.045381391456574584 0.16045779045676536 0.053257543717275646 0.24221140400902955 
0.04452593963074979 0.022800573353354493 0.09108259532281218 0.2410413597786364 0.10622924684606395 
0.05249790848779877 0.03377273528985947 0.15118918001039816 0.19580117408670325 0.07274112951656506 
0.1763345602194986 0.06368685321331538 0.23094961667561703 0.014040265254320826 0.019004709879339412 
0.019540371445730783 0.44933474267249796 0.012059871266661318 0.0031670223325208423 0.020101533337603658 
0.06790204614337197 0.13096601235658456 0.09756246811894959 0.002363326901574886 0.2073260535614219 
0.13288798728039072 0.06113982044289677 0.05144138440471638 0.10044141016027809 0.1599861064317837 
0.015377390191751399 8.486830114834228E-4 0.1085066392596048 0.2089080261729901 0.17057930926156667 
0.1751243327207509 0.006426622004159006 0.0050889984636924325 0.14351824305944028 0.1759953560953705 
0.18510093779677328 0.17906345463084583 0.025714258355134204 0.09950590059931522 0.01432492185522152 
0.1178771968389766 0.2275338024211727 0.0034631094144006156 0.11325439046680734 0.04492084189581137 
0.2901910206713238 0.10496067303065615 0.0032288946283087054 0.10434751679685042 0.0015104353664227841 
0.037560547946819296 0.02440458405669639 0.028934050714764962 0.33326949936738276 0.08106294064305512 
0.24168236168833762 0.17530091097300549 0.055113241786639046 0.029205962624381243 0.006192118186386805 
0.18526527211195043 0.0209567202503288 0.0013330070118229942 0.2879778049792406 0.009800048167968672 
0.10024466373846604 0.15424382849213328 0.001544147105965911 0.23185490609538342 0.01583007281058938 
