0.26325326411860156 0.16087623216038072 0.006074071292772554 0.07222249757694164 9.951033889211146E-5 
0.09646336033113281 0.017956216576489444 0.33309146820887187 0.04799809037154418 0.007066363035300121 
0.10782228153995861 0.21295007798470775 0.05693126259381401 0.11880589907355489 0.004856622917491752 
0.00906995875608109 0.19351888907834483 0.1009449605937842 0.1975126074106006 8.894326409991456E-5 
0.03422584365730478 0.0015118612257731493 0.1335616461420924 0.14055955407169882 0.19308117903079808 
0.10110598640846087 0.31841970473823794 3.4280542560000566E-4 0.017212196592365173 0.06518227349757251 
2.857943450317481E-4 0.04073867767125929 0.01700613363294433 0.44198434764500194 0.006046161338623106 
5.473325359603993E-4 0.4974336554199257 0.0016540906074560269 0.003971208957533842 0.0016767511118657898 
0.3083150039246499 0.04184448711463555 0.0021109089330469556 0.0563904818501885 0.09262872735221629 
0.07145137949350604 0.06356067224849267 0.1300291337752127 0.08276134632527792 0.15694147439899678 
0.0032436852098607963 0.03240006878167612 0.3265795962068556 0.11804333089536997 0.020537687639635524 
0.2678921277527796 0.002887058969993886 0.04601274578488314 0.012083121626553353 0.18520525348141717 
0.033714628392326584 0.27225997026604554 0.07128063130401015 0.11757311334362253 0.005569091218485813 
0.21847078310561271 0.01925291312442453 0.05827454741980581 0.06062109029380098 0.1437946080978443 
0.0032724414799873277 0.024939782331643266 0.09597459961583421 0.37525031482061 0.003323300530329375 
0.17578708899265738 0.10722659776906492 0.14526972882276343 0.05399769865613316 0.022063117257824293 
0.1725515715937072 0.10433690418234692 0.10169822014102611 0.10305890626475328 0.02004210777790764 
0.0716343454740382 0.09390879866326686 0.270817030060989 0.012973649089163134 0.05326038284871774 
0.06697783043184201 0.05975439201972773 0.2342587989482796 0.11935495570033113 0.021857391452230965 
0.09113681782744938 0.15230497625523415 0.01395574817066364 0.24508869971242678 0.0013766211892168652 
0.014344947561063467 0.07718798857938132 0.018398457387361438 0.19575862274715472 0.19541434106341637 
0.17285866828147395 0.012046919577297331 0.0012064960074773302 0.03038120022883678 0.2919974328309497 
0.08763670302590508 0.049470475776940116 0.10830630877552416 0.02045325492994862 0.24134514672411003 
0.004962699133546433 0.04963456388060225 0.01780553894654971 0.16200820782978817 0.2663631409714975 
0.12489287579230286 0.3422092339222769 0.001829565199737611 0.029509098065428525 0.002646446184151819 
0.1301627582790044 0.018882690088409683 0.006120245337740223 0.2200502189442187 0.12691463085287044 
0.03938785570961585 0.03503807211388199 0.11797484134064543 0.060078763453197244 0.2485656185258903 
0.13267023688513221 0.0021691695926338776 0.22229272706966113 0.008140277317997493 0.13686371537553446 
0.23762817974737907 0.14723852281196956 0.09385782865116338 0.020616613379878655 0.008069250039312637 
0.05790335372916236 0.07590820229174208 0.21890636654432538 0.002653997388587419 0.14723973974615198 
6.067248645443986E-4 0.0903014298221886 0.19848442870980243 0.024134677173953133 0.19037656362683805 
0.31728235591678006 0.01716530704659612 0.10162627421692277 0.05925067639215422 0.006327094416816568 
0.038355852532865 0.05028247287290699 0.14500611403188407 0.21430791329142307 0.05309663454618592 
0.2672663078754929 0.02301921994535771 0.11246273761825401 0.004315860311969147 0.095544526407746 
0.2269454758553944 0.044399591247176205 0.06197454824305672 0.16202016227040286 0.005785130819215854 
0.2028855796591671 0.0028772175610477474 0.07100535338712353 0.21652679559608834 0.007644773788217174 
0.0901634001616197 0.05534422540203901 0.17896410093452964 0.11188099363841228 0.06408017845308558 
0.0817217368441955 0.2284293117880166 0.07959679373907949 0.016791084944450415 0.0959277558880858 
0.02885212401359101 0.003915807911221967 0.0028678575631425696 0.3168475150459528 0.14880298891917604 
0.044500383151367846 0.37696136837896 0.006208488614443901 0.0636328136857086 0.01111184148461453 
0.19740373510835707 0.04236613725325112 0.10373206676660919 0.013928504378754439 0.14308397296049574 
0.13254817257803522 0.20903298955729774 0.12853369997562528 0.02715965714390924 0.0037723560001499566 
0.2763990768033789 0.012008281002136198 0.15367219391316 0.021027080340732775 0.04009625184206858 
0.07007179046265882 2.1703207141764218E-4 0.13117757395020074 2.378010087890072E-4 0.30455581878321647 
0.18663846138028276 0.0053295730262342125 0.08898736621249156 5.847715206154498E-4 0.23280077237171343 
0.40381320870951976 0.016075671818605742 0.0010421103403822646 0.061054346597550956 0.019449750023895124 
0.05647658916277902 0.1578638547438617 0.014600134817938107 0.08980125697497608 0.1837791838405921 
0.2498088656581704 0.03623973134811231 0.011745998360709336 0.13803458749526445 0.06670359848635111 
0.15008339204207502 0.14779893441906714 0.024963928213926328 0.17109000285616652 0.008124736304493493 
0.1786492644637463 0.00433535507217617 0.09045900720805718 0.15934224813338124 0.06819694037564245 
0.2183642509822243 0.02204880467042513 0.04839100051422175 0.1292353612810438 0.08294132626907896 
0.07791269289401194 0.07875192661775794 0.09222523342214418 0.221024403782323 0.03449355003202632 
0.0215474795351928 0.012097530224076385 0.1644554494188395 0.016837711540850033 0.2898999584659222 
0.05069871268842153 0.002689599528642345 0.041236630026549745 0.3417881358169199 0.06452419901648422 
0.024893375159242965 0.07237111373291834 0.007384868626702643 0.0025960171677019486 0.40012441901669427 
0.009426631701608488 0.06670112190749838 0.003079149593694879 0.11256998809293955 0.3090551501740702 
0.011936719287107411 0.0902173191288524 0.028850525607933105 0.10343393570376663 0.26639437801116156 
3.3230166687415487E-4 0.14102436576181843 0.19414282791575488 0.1645910866644068 0.005128695440620979 
0.028495686139803 0.0018747140294615573 0.0639943899735994 0.212140948806669 0.19554205431076285 
0.10943981996394099 0.1000391103228672 0.10398100291040209 0.1119261856824607 0.07516911424611647 
0.022909684090218745 0.3056281041178615 0.10523269897776574 0.07367866040148142 4.217391357218647E-4 
0.0057854692535954455 0.10922378897411306 0.09027499191229134 0.1766735236619924 0.11935831167305268 
0.013781372847606771 0.12710396577384622 0.1289971594500576 0.22872799610561861 0.012320701568027104 
0.05456270106216988 9.958261771904563E-4 0.3552859439615159 0.08627089267237947 0.006001048871718836 
0.02461002387560971 3.6150191310389606E-4 0.19978913430511322 0.17360244452312618 0.10466784240090388 
0.21051038062196126 0.08090939055770613 4.732828427803184E-4 0.018483789910316014 0.19225891399448586 
0.04749309624792215 0.13834570991429584 0.03516455408477173 0.20799868329170765 0.07213437644763883 
0.053490605919124405 0.07498762201887078 0.06814548081990085 0.16048413520656435 0.14369518473183415 
0.013545523733141298 0.2890106532253367 0.002921205700178358 0.19877731138522317 3.353660656040714E-5 
0.12025713366990962 0.017445682743922334 0.005654483443687029 0.29219485872500184 0.06666119995717254 
0.1787948993436685 0.018053384626670325 0.03962216355086437 0.1156295326527799 0.1490359887417944 
0.1257430107445793 0.12102938738994237 0.02068067785489198 0.22683324748915903 0.008179788800303357 
0.07078858805083241 0.0018005472490150414 0.06157096345465987 0.1274419908812671 0.2515355258582444 
0.006396838008787861 0.24367179316777401 0.18464756974105592 0.019018943809433034 0.05384337215708163 
0.0017784837153351743 0.25351472512367146 0.10319157664359936 0.1376649027568588 0.00599942270414082 
0.04895351584989309 0.2858155119089538 0.14585141534217502 0.023725218448036406 0.001809540533544387 
0.18510473632615557 0.030241774045612256 0.11439983985601498 0.10945872883733292 0.06138092556943499 
0.007628922172435047 0.07347740937376249 0.4065705530415346 0.01666877696132617 0.001809540533544387 
7.463897933367911E-4 0.013157042026410817 0.36252178237795885 0.058989704872809634 0.06648529335840196 
0.05851126422080257 0.06092898586503954 0.15007112504727943 0.13826471428792955 0.09545221679578927 
0.09543203511409627 0.26675245712415635 0.027446961193404017 0.016786070685589828 0.09589910934133022 
0.013010073218132565 0.021889680791587818 0.23660588498015953 0.006691577417008121 0.2286916948069435 
0.0349139346209122 0.021208440171707445 0.3068207506891934 0.0032261840664753495 0.13452774093691044 
0.3078110737552327 0.03108048231381714 0.068213023704073 0.01091734246090352 0.08293785512214229 
0.3035365379414255 0.009850264558377567 0.004488095728540739 0.18529190386213623 9.965704900374743E-5 
0.18634140306507468 0.2840741572528043 0.002541851267542566 0.03201496423014682 2.7498004115054524E-4 
0.24292594476171034 0.09423087490657796 0.07735412194943647 0.0212502072036238 0.06536825909641737 
0.1333372332493174 0.2150876652029895 0.03781562267192033 0.053765808356075036 0.06255129228034371 
0.0778711210994426 0.15368628722344013 0.09791769067822663 0.17079871566306967 0.001349249793410904 
0.11421830794230216 0.14322642725188983 0.17893059246199058 0.012974099624424498 0.05326223241936222 
0.023510837119219596 0.10894715529258238 0.008029650198252474 0.23371986842034495 0.12910948514639486 
0.03551836513129425 0.0029824551128623815 0.010042225914168116 0.4244836135794114 0.029249375713839964 
0.2004409116429531 0.0019934993934000813 0.1270514812319421 0.14700427811853758 0.023916494393683863 
0.2358576883488715 0.03280810129245105 0.14865111941314374 0.06443035465562322 0.0206325598482622 
0.15629443141466995 0.03804387895042306 0.12707807094555956 0.15095538030412872 0.029208880403780245 
0.1328105364283598 0.03295730035963702 0.0937891904262411 0.15172161201890094 0.08928850714676505 
0.1433096959633149 0.16721737320397506 0.019325506067403395 0.02619503078323904 0.14440022084121884 
0.08292685755913454 0.133570358413515 0.04804200725591703 0.013657993178321415 0.2286916948069435 
0.04760797075634884 0.02909831765685242 0.1979550326925573 0.03675511876528456 0.19215693630973346 
0.04387325908439149 0.05822496036164909 0.32802304305591795 0.06577726253854568 0.005761085484946475 
0.0902626656749506 0.24726569539760504 0.16377130366778786 0.0032807033697662864 1.4507451277841405E-4 
0.002189382217386824 0.04040021106956304 0.18021391494878022 0.09599683441525049 0.1824141036715922 
0.44519217568128594 0.017722954965575664 0.0011488959740008837 0.018696386680584674 0.0186970957376573 
0.05445811660097995 0.27043830002903657 6.72407614603573E-4 0.11347701624090184 0.06287983114583119 
0.10776908182213987 0.19166012955218764 0.0017301626270637043 0.013161553429132895 0.19099227059497872 
0.01048155216386968 0.4157654440634359 1.0884084427592129E-4 0.0630378439806487 0.011239339434554104 
0.08707770849947025 0.052203453142368246 0.005991798294950311 0.3265873162043389 0.02898441800305879 
0.0071489507705812475 0.03824296641610382 0.08471334927556992 0.21630069782483483 0.15981758498786314 
0.32769853167860274 0.13784811568885702 0.003385799883629959 0.029509146667309725 0.00264645054288426 
0.006108789672727845 3.24075246748747E-4 0.0830824841858466 0.32333213180665504 0.0961566971333238 
0.002387655890957961 0.02703371085740521 0.10873054842598058 0.03035243998893421 0.33321410945528285 
0.005384589593448803 0.2038846042720991 0.16294168333009465 0.10157522411214737 0.03307591628178069 
0.009942344970687798 0.16624875384670162 0.07736690517181655 0.05871683747226411 0.18889844292355532 
0.2587977164982538 0.008615038674153632 0.0777954509261339 0.024879941400409472 0.13774338987014548 
0.07004495302487093 0.03198256286995204 0.1254866374320163 0.12969252907213397 0.1430601677136114 
0.013602824154140533 0.3687214578592322 0.09323780600338287 0.020835250458477856 0.008021678738874442 
0.36091154968690176 0.052357379577478685 0.016970040113725493 0.0052430150586857144 0.06665045981349953 
0.1379459714964681 0.026382783595606186 0.2649845053027348 0.021504746838502245 0.055822005442651104 
0.020477688908135974 9.045627673533782E-4 0.0799113636800761 0.08409828696018855 0.3175483281123517 
0.11556014136004014 0.028128679887071767 0.0939583049076674 0.1137134381939355 0.15039301798507068 
0.00396551161762649 0.12801716664807763 0.22747386022224247 0.0189284328705446 0.12210486626850231 
0.03455058534359396 0.16667517479489663 0.15508635810012472 0.00977589311970777 0.1358613825307882 
9.851325291182118E-4 0.23963001240469176 0.01379370531422995 0.24224292802785988 0.006004938700601504 
0.1306315783091193 0.058517771078405334 0.1639327138178771 0.016715609075608075 0.1308744683506758 
0.0041179396085628634 0.022028718787919302 0.048796595129934936 0.12459355778446 0.306716236447998 
0.02531836858628727 0.1377789613000582 0.2609566360581035 0.021241303320358576 0.055138158959170666 
0.15413866250402972 0.003920602916097082 0.06980799331917048 0.05754757650738875 0.2263642744214114 
0.12972213353896236 0.10622088661449368 0.19963128123172738 0.046713865998091714 0.022063439920911997 
0.07047902739011767 0.13879016647543024 0.16294168333009465 0.10157522411214737 0.03307591628178069 
0.17158543861819306 0.09483039170849634 0.05843245013576989 0.15991947316474492 0.021892760442274395 
0.036520208521439765 0.1815206649946645 0.09541985016563767 0.11192646793836998 0.07516930380789383 
0.029616182282531756 0.16504207470889817 0.00787336896872277 0.2878408547851372 0.010469429474383334 
0.05008450535561545 0.20223521528588032 0.12077753621999537 0.10934315196173819 0.019264962590233616 
0.21128081682656719 0.1268382670435605 0.09565140331571831 0.07367866040148142 4.217391357218647E-4 
0.061179736501754095 0.2835015282364016 0.009852284084292038 0.015242025684765044 0.13086664776494963 
0.14174741648238284 0.08610803157284835 0.26370804030394573 0.0033091359753398626 0.006318660887196532 
0.07160108165299303 0.03425648375605447 0.05606179945833042 0.2868068279374883 0.053405987264347955 
0.3713591429702488 0.016133863372747363 0.0779956571755117 0.02214051178673984 0.015564892884556926 
0.006455117281945527 0.18428420552153696 0.2878595177573028 0.013983559422686446 0.008189337123503204 
0.019371105024868083 0.3288545363143435 0.0291829327906586 0.1168937370700672 0.008145818808155122 
0.01587292488809865 0.08845503550183986 0.020628074253907197 0.33016915608464953 0.04578098415539044 
0.02354414878551039 0.03169554804457996 0.1774751170980904 0.26325489818031983 0.005763370515532913 
0.09765487828277732 9.16537195643097E-4 0.21285614970770794 0.09848929023518235 0.09138323212288749 
0.02438071364411454 0.22486042768240053 0.22820968855814658 0.019331715914829968 0.012275532830694769 
5.125476159738292E-4 0.16197299248933397 0.10900042010010697 0.17222149935985478 0.05720146500065375 
6.256062855969857E-4 0.01605036598454386 0.27444207862611586 0.09153432487405579 0.11943989226180425 
8.016163028896585E-4 0.0717304360406788 0.030067170013464466 0.03979367844005872 0.3598296531208826 
0.04196683524534172 0.1944706304342867 0.014332922525855708 0.12350607221862335 0.12913327414169934 
0.24367302141405023 0.10983592518698099 0.002168214643722421 0.01383566377644262 0.13284509708179496 
0.16995908863111403 0.1414869065300829 0.175415420205356 0.01649898500374493 5.496679003325437E-6 
0.1530486724827739 0.0037140949923847744 0.07749615431589058 0.1365083680609482 0.13038339531355436 
0.0770669452381624 0.0010604589980396048 0.001598186493780708 0.18840722839767313 0.23820116560709625 
0.047029736830738064 0.22096822745377998 0.07647423778295656 0.025615945431476203 0.13774338987014548 
0.006294897231453824 0.06065231625339967 0.32723527678446784 0.011405182760604544 0.09554073069200247 
0.1379813898692962 0.11981237300169012 0.016182632802758248 0.08555033447122729 0.1456383015474616 
0.1281986754660126 0.10747539849861121 0.09832874792502767 0.009642423958719785 0.15698227363520462 
0.07770966632258758 0.1173731062692985 0.1534959311633373 0.025921316728539628 0.13938478893849687 
7.159251658902042E-4 0.11102294478462071 0.36187881083177686 0.022957587539811922 0.0057704073259303 
0.012673182242146619 0.3340883576438635 0.14646725889970538 0.011116862763342826 0.001809540533544387 
0.15078717143043602 0.008149616513297247 0.04210580176448113 0.2520244278811663 0.049106091906925574 
0.2793445910767309 0.037912625052493786 0.027766430570761346 0.0074596578339223745 0.14880298891917604 
0.011616736758254418 0.14720941160386103 0.04207649094002585 0.25184898783598236 0.04907190801826294 
0.02207673144391416 0.2697560674233403 0.022157592201888354 0.009040397144929173 0.18484684840766177 
0.007199066626406438 0.06944425600578055 0.25981588909543757 0.07392121940400992 0.09203903178708904 
0.18143582839859032 0.0044029777636276695 0.03516455408477173 0.20799868329170765 0.07213437644763883 
0.007716850697518191 0.043825125821484005 1.2807683528579452E-4 0.34863599725794575 0.1005517853412379 
0.22891132776250384 0.051028283423423866 0.013642899109411116 0.10010860181886119 0.10730391390862083 
0.2727708317983691 0.15226801561538636 0.024635253325284736 0.021053680742645155 0.03012485524642503 
2.6547615958471356E-4 0.011587579569992512 0.4374020067209628 0.048643291879208926 0.004425169150225606 
0.04578075559992059 0.02684761714253496 0.4131391352325772 0.014193011427733406 8.269658786620441E-4 
0.026803840517290574 0.1293041712308433 0.12031373615190843 0.09026740623897951 0.1360844766686735 
0.01649670376801571 0.13253706638769058 0.12618343679406152 0.13112266752091448 0.095768486286054 
0.10202714066024142 0.03999983182572526 0.03124174573061607 0.0013040845912819351 0.3312523066512364 
0.10489153404335855 0.27795205097639253 0.10327083139096027 0.015084779744594575 4.1654482388238975E-4 
0.01586550882746378 0.27095576646197256 0.01702541399395726 0.048638946725642555 0.14880397316570104 
0.17743356105150035 0.17078225715543224 0.029182109566360727 0.11689043960283473 0.008179822624120724 
0.20099477199903412 0.04124635694558356 0.013886917835398978 0.24387991196672584 0.002439613241186609 
0.11112174274164255 0.10169609005029925 0.10567694990908226 0.15799538768580887 0.023916494393683863 
0.11477955445285122 0.052263894802022474 0.08846563131097789 0.24865663514417397 0.007966308669837302 
9.506481834833007E-5 0.26531613722139274 0.02004183467847012 0.10823044751253233 0.10730183486308349 
0.1559734463981873 0.07268166344988905 0.19470941930535707 0.010923843941049538 0.06675129960833537 
0.007913490884567739 0.014559428199717879 5.44111178209812E-5 0.17294262605506489 0.3062639484357195 
0.2641520018700138 0.21990027070241028 0.0035412662866720268 0.01652379554354765 8.091009295750238E-5 
0.1645785354621967 0.011101891227844435 0.2302517717774634 0.08992129586467223 0.006333850145101246 
0.006724442101444218 0.03740960738722474 0.06987709212862338 0.33870447350692817 0.048120799388985044 
0.009841955747582929 0.33167941347196817 0.002094689939266738 0.01720978584948959 0.14158573786038137 
0.20259324337007306 0.0033124166618616 0.2786913537365715 0.011045643079958877 0.006467639701130586 
0.11102309406714718 0.1362041319782871 0.13221876640651573 0.0020373693646824824 0.12329771591553085 
0.07859733116897741 0.003157091060874928 0.021324126922700297 0.3698480209719894 0.02924318672080733 
0.015423772190670874 0.07030338074764886 0.27909358795525613 0.12452048594999926 0.016774770205852205 
7.927912882471554E-4 0.030882081019311412 0.4034250005731022 0.0038656151774527766 0.0670274443284091 
0.11932389812719287 0.3068883303689073 1.0883196644393313E-4 0.06303270216654867 0.011238422674234742 
0.1464909300947273 0.012909630800684732 0.1364694497099619 0.06129355478056994 0.14401405090285052 
0.1108541849684678 0.0010810966904706415 0.020842384702600626 0.06195528852756678 0.3076070849172198 
0.03376416598545246 0.15947531476525523 0.12852634884130304 0.15532214971332745 0.02394650024592698 
0.03614215008042714 0.00590477995295057 0.13617367927870366 0.3169789460854259 0.005754420980163889 
0.052526524822373855 0.2662053687306618 0.009389479069940138 0.1543229820026511 0.019265120155259656 
0.029140965778632365 0.24685221919173625 0.1526088696771615 0.06377145783972687 0.011425278486573182 
0.0446954083382381 0.41222044526993806 0.012795683035878701 0.019018356278728554 0.012380525358097385 
0.010065154468875182 0.055265544232145206 0.10384883351751936 0.28354205859919934 0.04812143456731645 
0.04760731861738792 0.18180897238835814 0.1939768250690821 0.010924581553784111 0.06675580686868311 
0.0697250062057474 0.0726060866078396 0.17883240542775486 0.16476328430337145 0.016635897684021513 
3.848907400435789E-4 0.12163144067667657 0.14946688833778587 0.17221976091060287 0.05720088759397451 
0.05260431684973613 0.032045989154943916 0.157999725830509 0.011393840930763918 0.24810094364452348 
0.15529334432750175 0.2578864612032309 0.003226431058587851 0.06604595415803116 0.020476413947044976 
0.008382011452483304 0.2815783378184275 0.06953550566820947 0.011567540657235259 0.13090352977910727 
0.22133201955636195 0.2262446957440058 0.001124861454075278 0.052053141909788374 0.00885453824355182 
0.09844537654657536 0.08896678033966961 3.043683619119582E-4 0.12267883315179809 0.19225878162012022 
0.08683595080512353 0.004604113399377289 0.0018930589822988102 0.33712204655152833 0.08056347256353524 
0.17202580379688417 0.09542193131426939 0.00354580907573696 0.00444934930731805 0.2364684191142172 
