0.02934355430903624 0.18761566554602985 0.05632047252174918 0.148495912496702 0.08728279070993272 
0.23388830033626287 0.20927349021290273 0.026522177942268587 0.007777309905776502 0.0336903091344108 
0.07939696553504139 0.30457458641617063 0.07544056712933556 0.04221661383027051 0.011847235098228744 
0.040280986391955646 0.29592864703403904 0.12244845265731465 0.022134996347133815 0.029775730359425243 
0.3391706755457244 0.15918049034434387 0.001296309590061321 0.002045032841510343 0.010226779651865341 
0.0755494067925229 0.0521653705710808 0.008406198137115085 0.004214648580848381 0.3692546921413289 
0.11267970660360055 0.03269966483094936 0.020772808304967603 0.167405078890757 0.1763694483977439 
0.08113843967912648 0.012976889550229409 0.20743823285397173 0.12927120797055092 0.07867140861912893 
0.16621113786893546 0.1414257592825364 0.006493062102907152 0.0021411149278855912 0.1941033758851095 
0.0822671731998624 0.048767459527135376 0.00210998590414933 0.14452388172246902 0.23342994955716856 
0.1133282972469622 0.2979522076023695 0.026831172459224433 0.027530430367112498 0.045136622046081196 
0.17115169629888133 0.05919779751336286 0.16639751920544735 0.08284592619897374 0.03224783784813242 
0.11373029805280495 0.05613181376668254 0.26314629200457745 0.02000363778499713 0.05096053061589072 
0.09286089202494287 0.08606173714601188 0.02421751165884108 0.3030579388215067 0.005191785368681411 
0.11458063039777501 0.10563948541758254 0.03757399303286879 0.0706882062629849 0.1808881864306054 
0.1357146324182645 0.0493959476912211 0.07785531607250956 0.24140737910370572 0.005785485341986749 
0.0017785010081753322 0.12411272241722507 0.28144925506133117 0.09358193625682701 0.007820007141840698 
8.902533909619863E-4 0.009035203135092982 0.39289808166774287 0.03844554168882452 0.07406350208988235 
0.12198455019437138 0.2100618479365513 6.954955342095939E-5 0.011689551108763007 0.16499468051540353 
0.0439191884818842 0.015866619619384237 9.627013083226083E-4 0.2093695136744359 0.24042477953244862 
0.0033601602062830974 0.32903430457558114 0.03197998405296481 0.017212722934305043 0.12842166959270745 
0.09128568022852343 0.169829622691103 0.2215035106412036 0.02686837097478712 5.023235080780106E-4 
0.022091309609354036 0.0033614689918287735 1.3399616331427838E-4 0.5382573785730664 7.20361807307999E-4 
0.018844673728420584 0.20012703777713223 0.2530138756181699 0.0309169261934927 0.007325033406891049 
0.3042710120635394 0.01758488266683518 0.12807535073257317 0.05947474630734688 5.342165539825573E-4 
0.07889296638900847 0.030439774344689544 0.10814967778476696 0.1996527360313751 0.0938197994348253 
0.07628774466298893 0.06710318484302047 0.21430970969852683 0.15011671707703483 0.0052541212623089095 
0.11457486427766167 0.025713277526564052 0.20088293500830168 0.1374111297505331 0.03246690134452981 
0.12795670889516542 0.05247569848240254 0.18152925848146148 0.05528387622483872 0.0938446272063273 
6.100213447358424E-4 0.062147978633659604 0.07118673446901348 0.30942631572925744 0.06942799293198033 
0.08185240806324653 0.13729452239923398 0.1348958204524141 0.14520954763988386 0.012642970248962541 
0.11198618441196527 0.2010663960332236 0.11188362354722288 0.07900244052288218 0.006938918541705155 
0.008362397165682435 0.08346195061095858 0.19631274009057745 0.0014848220617761487 0.22051086550465204 
0.3507228005364065 0.018810232460422745 0.09653704324523084 0.01523437808608671 0.029175814490233556 
0.011255349679778533 0.13307403014627145 0.06297037409060469 0.08255807935502073 0.22088727269687053 
0.033942821540762586 0.14190997369530672 0.01647134890805066 0.06284091405082359 0.2542480368186449 
0.1710307049487147 0.18339532790042917 0.068133489511664 0.003973557838418994 0.08568295113336342 
0.06850485019086686 0.23037917397491664 0.080296460104241 0.08666946267872062 0.04544963742894349 
0.37916181415611616 0.001727769938268208 0.06328707860252765 0.039562701392122875 0.027538763402430364 
0.14180370016604052 0.009771535562748462 0.06791900389269899 0.05546389527323794 0.2361138574140384 
0.2499699431992208 0.06946815360002603 0.0456324270108207 0.023834129934121498 0.1205902901083059 
0.08339570701676874 0.13436099954698008 0.18499662143105142 0.02131311072648856 0.08581825262006648 
0.061736644832053954 0.0964559141795449 0.002645792371898051 0.1818397967381674 0.16639138820180513 
0.1806750436990926 0.06162115129320172 0.04134497011469557 0.0592279570114792 0.16897160847825476 
0.031541191915804845 0.3349617720656126 0.05219542579092192 0.027426403617135 0.06408864827058197 
0.14582639388587906 0.13444353965857095 0.08105663550279564 0.002927976627828671 0.14596547408042818 
0.010692552392847016 0.08563071317110568 0.017985678292842873 0.2788888300527361 0.11699877187498152 
0.3749131761157107 0.02549807232684903 0.0014564293013319223 0.11081165934908875 1.3205267380659335E-4 
0.2219287341057948 0.030682322055983282 0.021580875176280854 0.08860587193272394 0.1470525023388881 
1.1020892855296356E-4 0.19200479038402848 0.025070790517705038 0.22045877409801076 0.07233653725845404 
0.01721101095381839 0.19915477022290748 0.09957539238783993 0.06565191342240984 0.1301213191869593 
0.30589194337920234 0.06429827048991045 0.017858108676158883 0.08827876828170587 0.03362783322566885 
0.025727293643140393 0.2762173512026299 0.021292660896909007 0.001143876778975266 0.18622534410306896 
0.12654793717145726 0.20959808098692329 0.0382557380810723 0.08515757018788109 0.05378198409868207 
0.20388865581409396 0.21862873628110197 0.08122310901204784 0.004736946893353105 3.8493158914999103E-4 
0.03241140016593652 0.061633420197246595 0.33276551651978103 0.011095579147916904 0.0736070976126682 
0.028713319206859402 0.0743398291589487 0.07731304658720103 0.32487950083234274 0.007650987549110563 
0.00404729033765855 0.14775470074427197 0.17726228847149858 0.17303963485753118 0.00795635073726599 
0.022743160062841508 0.4051586534739588 0.03450809678065537 0.030749663094903047 0.01919249825691615 
0.20542528569676116 0.09641074557440343 0.19996238027879618 2.8657084062181114E-4 0.011276804558035525 
0.1705575571943067 0.09963857691402511 0.12189774891079205 0.03705924904138867 0.09079793751124272 
0.12125346048048932 0.22206384492514689 0.0014683187273847947 0.14469665501662654 0.02039654435877707 
0.03728860279496464 0.06755949293558204 0.38263513881222866 0.01992292008285435 0.002266831898004805 
0.22562887529525222 0.0018158642333391025 0.23620784196838499 0.041297416483063946 0.005779796544659511 
0.05743495383884502 0.003906186019506869 0.21662790201490245 0.23446764549219554 5.015972656422416E-4 
0.262012839947639 0.004716057101355178 0.06631068598959665 0.09034030825048482 0.08702629894217337 
0.01761005469056477 0.0805386797266687 0.053871880642784635 0.1771542881656125 0.1854748482023669 
0.008459406557312022 0.10335524381208192 0.38300701372899565 3.3909162376716354E-4 0.014150141132074218 
0.003478662600428712 0.012290338908626611 0.007639055595417526 0.4519685928402113 0.03419655194350701 
0.033459162022897546 0.06630906325253387 0.002906123238811322 0.09537161504662929 0.312797115994162 
0.22289975686379607 0.11001261629603933 0.10080067195064638 0.0200361900147861 0.051043459477161164 
0.020185781940877993 0.3500883774743736 0.03006396127280979 0.09067805214991002 0.020460461137766287 
0.003774324013625277 0.08944364560858296 0.19423673323515844 0.15499904764606448 0.06750975742868913 
0.1039508294627001 0.02194039396270031 0.28144925506133117 0.09358193625682701 0.007820007141840698 
0.001006546152215741 0.0018956532430332296 0.3415258050983664 0.019175007560441257 0.14606902020699775 
1.786840195556642E-4 0.33278176991867303 0.090516407225994 0.002182252172959129 0.08627071838339889 
0.026521723359345082 0.0027931760327790807 0.1037739960581479 0.06786602370328543 0.3092251989453883 
0.035087494905486 0.22434104743093405 0.0742715507269701 0.08926793483320913 0.08740487131519759 
0.04687940709794106 0.08512526756957225 0.19063192574493498 0.031867596589860145 0.1548082861630051 
0.042331577087876104 0.011017503905427231 0.2804748888865043 0.17443710390759865 0.0031139083360625097 
0.26870230455972716 0.09249967033075457 0.06303373447381441 0.0647342012081188 0.021515608700658634 
0.0074377813422698575 0.08793823086108417 0.04161220102901934 0.054664526583010506 0.3190744127329893 
0.07932680570418578 0.02107468974784315 0.3236934436265275 0.06471272104555811 0.021508469371465454 
0.042488568890530376 0.03855115714001964 0.2779235168024156 0.006109184539800837 0.1464053998888858 
0.22577126728781388 0.10634103006029093 0.0011860040686786366 0.1255259831159959 0.05480578410639059 
0.12216627462995068 0.006837594321687048 0.1844181087318068 0.012373584455201593 0.1836055269005055 
9.971966127452912E-4 0.2699887886955339 0.09784995013311293 0.06857250283369722 0.07175720131066159 
0.009423175703176008 0.23923009743304047 0.0025785871973769336 0.007516004321826881 0.25129447265039534 
0.15625176547366834 0.008290561883601522 0.09159570327515197 0.13643519265987344 0.11876279255594481 
0.006283962330706663 3.8657781172236617E-4 0.0021123063236411685 0.17220083468705474 0.3280595902218173 
2.928888390531245E-4 0.14725183211007156 0.2076913867938069 0.050382894099197016 0.10413232801892332 
0.03744180519377061 0.09736075543662362 0.13320354052825875 0.23612659683334125 0.0076341333090246 
0.05830244958806432 0.054783496846509884 0.2902292772760329 0.10511581563582129 0.003001018075527819 
0.15495715692070697 0.09185762175408237 0.006648527344316789 0.016950945764646563 0.24068844472224082 
0.030832752493612548 0.00187032136123465 0.23898810046008487 0.16470063754432673 0.07135595213737622 
0.00990466199312935 0.033140622150899794 0.3215231720336325 0.0781374363397399 0.06720229922135958 
0.042040874535073935 0.14066716651479322 0.18336479989101773 0.07678574793138991 0.06722547837100191 
0.18936842867110407 0.06992641309772638 0.08116996147958364 0.07798975316108621 0.09423423505861812 
0.1642419008809437 0.06214039214707929 0.0656064511492949 0.1955817236990508 0.024443774208021813 
2.6228442085234174E-5 0.013186525519134275 0.11865626660201803 0.25664838237286036 0.12086307614691195 
0.06048013173089159 0.14081454384254524 0.040258555982818175 0.03452026109854605 0.23230268518244268 
0.21461079169640807 0.024976134799337336 0.02219476996789808 0.1442461648477756 0.10657987066051731 
0.062497052525439106 0.004342988663536135 0.1659216589024458 0.02165641880129188 0.2571220833256057 
0.001484726778530063 0.045764342412590184 0.11126286248543345 0.08251091549115226 0.2713027756183964 
0.42832444341692305 0.020518491672876817 0.035381123667922565 0.02270765382563854 0.002340634446737183 
0.3307528181159621 0.06907003640392656 0.008458820128178692 0.026963316460270087 0.07141926937911706 
0.01520301220305054 0.0012004378705428999 0.05609802035285897 0.060907592739582656 0.37954041025748303 
0.270020552558075 0.09203464138404155 2.7379435542072193E-4 0.14016913977484172 0.0072341901940186915 
0.011811334191688456 0.09655405681258807 0.1261523538007006 0.03565703723978974 0.24047529915519197 
0.08077236380258852 0.1144767905046414 0.03331344339935075 0.11397747835962334 0.16638601902792652 
0.2222739459003125 0.08389160018895696 0.015106018988481166 0.04664131474047513 0.14206851184985336 
0.19556543431247114 0.15293753513347275 0.146828781179764 0.013749791114403111 0.007617146579638559 
0.07630181745632736 0.04960322140392343 0.04546287425147809 0.029230225700809728 0.3086761928678259 
0.031543861963072246 0.0017676148812275927 0.24343419856721962 0.017489962224986434 0.21613786441418087 
0.0037095546730560934 2.3353515972325404E-4 0.006788341202767926 0.2439606239109768 0.25565066728480274 
0.0021458587809035836 0.11591293223192581 9.71510595815168E-4 0.3829648921167707 0.011855890000031575 
0.18368408150651677 0.026667217545222593 0.022292532903867686 0.20593318533907537 0.07096928906983382 
0.28857784579271273 0.14717840390553158 9.983649147333835E-4 0.06713023382815955 0.011317229462971161 
0.007580371165022085 4.5986178195489053E-4 0.05875655627306767 0.22733000631471276 0.21605791183053313 
0.0032195248957663705 0.320182034822274 0.036805330705284044 0.08192895210076022 0.07136452242574096 
1.0190942339149643E-4 0.16821203730076348 8.095732872224525E-4 0.008052971576544422 0.33390923230693287 
0.017196924480700974 0.30635508641905296 0.026092817914042676 0.14420133608510066 0.019219218626182075 
0.04802890423257793 0.05680068605450681 0.006881156212140602 0.3893026955587244 0.011601536930529135 
0.020812505939894563 0.032950518088750075 0.18980767754900368 0.12290321623174118 0.14696744115091934 
0.29626827507484677 0.02185896542668745 0.02641106989425106 0.019181148514372047 0.14595771715534608 
7.347298052888068E-5 0.08187993388995456 7.625874109246059E-4 0.04435739425352813 0.383804653686149 
0.26714175736239926 0.05471413736797533 0.12807535073257317 0.05947474630734688 5.342165539825573E-4 
0.11653578910036885 0.10744207594736663 0.048815195760459715 0.1365174913869391 0.10001307801400051 
0.12869797659582327 0.15029344174071746 4.071975829231927E-5 0.0649203099773855 0.16488512532647148 
0.06419407990771829 0.1970635573006353 0.012259517171370452 0.20364699039467563 0.0337147961139151 
0.20819412041841595 0.015648768132692937 0.12460651997137567 0.14911927457382074 0.013605989327003291 
0.005179963791270374 0.25621025328640046 0.007185764156548357 0.1528992387428416 0.08832006974720737 
0.33813572125857455 0.11253485349399932 0.03552519175917161 0.022800116924722356 0.0023501652558832733 
0.2477283958971692 0.0031131548206792693 0.08636009755224643 0.144532171590679 0.030148118534057078 
0.23902633606196458 0.03574487048909529 0.10652876017546008 0.09884919095480182 0.0306566504332894 
0.016060390758684633 0.11029917322488059 0.0015460916882372364 0.14208989692146645 0.24031577184609157 
0.007782486103878535 0.38493565133272856 0.010796042587851957 0.018030756313145106 0.08833467880020472 
0.13218991114750045 0.1426042184054645 0.1514174492539304 0.004156285157340068 0.09105494402767561 
0.026951179316209835 0.0022726737488179966 0.1549525826793748 0.11011616278525367 0.21617970640823553 
0.15962942651675185 0.10475789841147906 0.1929174311574919 0.047033073604930725 0.006560533462701963 
0.015469727655269692 0.16718460623172152 0.06754228430022158 0.12181797577274886 0.13834357013652945 
0.1184598581939108 0.14021140337196714 0.0743971192034873 0.1782171640719525 9.647979734429066E-5 
0.019332687876861633 0.01754112947885033 0.12645774485424754 0.1589173829552479 0.18920298340480912 
0.016745204605289065 0.17783105417073003 0.22413363705486494 0.02742715730956229 0.06409040946135094 
0.14594230173362555 0.037983935159783405 0.028188139751477905 0.11083870811440417 0.1884217263782412 
0.3421339437132316 0.023161536684617776 0.023477846902262154 0.01823149835970807 0.10293466753934295 
0.09104056295661699 0.02787642762613334 0.1469423635173733 0.2353351179861706 0.0076708386958969695 
0.17080875862316255 0.15024446919136217 0.02589130381475378 0.1456026866819093 0.020524259232692244 
0.1858511948551435 0.05164916703867828 0.03392744333802604 0.017720536596909666 0.22034660202373743 
0.026389760330691483 0.37269386901601625 0.08199838929910305 0.022313147593414875 0.006633260261859572 
0.21099255277428677 0.16618541103226506 0.0046113781658825926 0.07661240771591843 0.05100983125547715 
0.09232389424291662 0.09669627991673616 7.610985163548521E-5 0.003242708374361794 0.3188344992405096 
1.2504398633023022E-4 0.21785026584829786 0.028445531845247892 0.2497398803146534 0.013869162813053677 
0.284549916945731 0.019263254818900937 0.08496043928001096 0.018231511665888295 0.10293474266576486 
5.1292158528096096E-5 0.11510619239168371 0.28759584344458844 0.02131311072648856 0.08581825262006648 
0.03986360531831392 0.008872567078564028 0.43877217149826686 0.013603881983725488 0.010707787793055666 
0.11007648440636754 0.035867273423530535 0.33252279033080173 0.02686660333430735 0.0067100422911304525 
0.02273638491468475 0.26309085070793226 0.01963445842609992 0.06347429955168771 0.14101893045224176 
0.16245039851316317 0.03428761233747913 0.2153726106663881 0.09458953236932874 0.004139858615174834 
0.12507213498290287 0.06267605208603363 0.07605933025398913 0.006478207858296873 0.23923529570349486 
0.13057295228656957 0.24873949964640857 0.047501198331538895 0.0651700093348645 0.019490742325634212 
0.0037489384157642146 0.3169830630435521 0.12423398360520142 0.057483246253493 0.007684399182497686 
0.1427749956130871 0.13163374136364508 0.04681966464846907 0.08808215056993306 0.10001307801400051 
0.1436313893040741 0.021855311882211667 8.712048058072631E-4 0.22396870446837708 0.12062247333887967 
0.09693808220327606 0.17404817325754474 0.09785004768211604 0.06857257119529865 0.07175727284716665 
0.04843209143269677 0.08794468610810083 0.28959129995056476 0.042073896254484815 0.04164863343942812 
0.30142896288139936 0.14180032485579433 0.0015828132315825116 0.014133294280709374 0.05467354319793839 
0.15606658763151257 0.2090281500613383 0.1046732955599352 0.009957963997153223 0.030110856647010215 
0.025704572390158893 0.11766417639918164 0.07869224364984362 0.2587744894294894 0.0323177733191964 
0.0727110637364537 0.06566800519325214 0.018098541725867442 0.2334436806200965 0.12148401939707101 
0.2744824367494451 0.11233750212593224 0.09584502916543729 0.022634540374041077 0.0057593685786304 
0.38940653445601253 0.059253073445457195 0.002361968688561636 0.05927239704547792 6.519466184592722E-4 
0.10031198862364085 0.011503297907051211 0.3830091928194658 3.390935530042255E-4 0.014150221638270155 
0.096892996442651 0.02045073161192132 0.24760028104494347 0.08376363374144367 0.06253835442709059 
0.15113871671756737 0.14201645847102565 0.18603922798537872 0.007934789408647992 0.025324895675831467 
0.4078496026364112 0.08942225183781191 0.004143423038586146 2.016877032954052E-5 0.01126221600830007 
2.4925708076184097E-4 0.15180935222630404 0.019843476844555483 0.324258635842908 0.013869162813053677 
0.128715582583395 0.019585685379016768 7.807320855995827E-4 0.278170635266973 0.08369644848436542 
0.021958225799805033 0.06740755680805227 0.20194860791645916 0.21689790910362755 0.0026670205116677954 
0.21748323922681892 0.014414082260561172 0.13780831939572294 0.035268766754790216 0.10325586944329603 
0.25592428979040716 0.017405566053670152 9.651323534425025E-5 0.2397986567944747 1.3219322884240736E-4 
0.0011499621227133501 0.011670993317026859 0.1895976832345899 0.019318866634861615 0.293595076663313 
0.21095822123527813 0.10699264889903963 0.0454425597067687 0.1391400069416503 0.007392280606421939 
0.017644710979482194 0.13203660816337526 0.09669980699750078 0.1552514527550644 0.11027680879802021 
0.11864434620467548 0.11031794373960199 0.12674351244289744 0.008625539219556272 0.14610820144333578 
0.2670552168186393 0.04532112644028039 3.270524628713647E-4 0.0034948967608528702 0.1940587079570179 
0.0011376603313084058 0.013898116764020474 5.317141901313758E-4 0.41190106724569836 0.08278571909865895 
0.18294336055433633 0.022268008003004276 0.0015724796562077013 0.3000151277823921 0.004993233668444862 
0.2561238543700338 0.016975056647613167 0.16229295670494467 0.041535028226674736 0.03130807741182118 
0.02300832345451672 0.004214954880318943 0.07315834600603081 0.4019207203604221 0.00850050422322964 
0.1770999261530104 0.006262582066006731 0.017043538186817534 0.0532737942134404 0.25692543657795364 
0.04903839854108911 0.09376932865779672 0.07724738376776064 0.10867664137978987 0.18785059921033456 
0.18862919554321292 0.025001938377349982 0.10697201739692477 0.04540292172393394 0.14662584557449135 
0.14087930113449487 0.07451847446960022 0.07965021955891996 0.14365561687837092 0.07165635533112258 
0.10258816618202034 0.010744001501185525 0.3124850515023417 0.0021649150847286814 0.08315378354049106 
0.16032659122882453 0.1740771257350134 0.10420934227576747 0.056528927529960506 0.016216306815351748 
0.018997136766638188 0.21692999094499127 0.15943657070278586 0.08234732337060158 0.03204622488960739 
0.0022403340486982096 0.2155163725150506 0.18499662143105142 0.02131311072648856 0.08581825262006648 
0.019051461564270424 0.011688836032683652 0.1053806779037647 0.004214648580848381 0.3692546921413289 
0.07801131380416466 0.11012518783136198 0.3052205978233464 0.0037326232993386294 0.014107589569359378 
0.20524826443168073 0.024971969675033838 0.05570559513373816 0.21922582868254203 0.004977003477670887 
0.011206747726966095 0.07584387812691794 0.14122535410747575 0.1013118619773956 0.17926089009026555 
0.012104537161618079 0.1823738271674221 0.012697536982497502 0.08267260589341946 0.22088016573198666 
0.01678227360809493 0.16749758033097514 0.05723281147841887 0.2243350290349004 0.04544941766903292 
0.0830262633586045 0.04776020371045622 0.09276735586066377 0.11288791265787108 0.18090043859128482 
0.018878663882840225 0.001180865107939093 0.0013408753134764898 0.32128263845680893 0.16984974748702286 
0.18858122251242523 0.011439377294187474 0.0020803075278775316 0.004264676817898002 0.3038392276935603 
0.14005622204084164 0.24690245893393187 0.025244462067638477 0.019330237952366054 0.07927055614383678 
0.034971985876761154 0.17032509314803637 0.1249756863757346 0.11220615129895992 0.06689703727443033 
0.0952338733030945 0.1271132820158563 0.07819171053526708 0.0637505558350068 0.15041107220993105 
