0.022378019249739898 5.527514493853044E-4 0.04284670391589634 0.011273186152046444 0.21265597333259179 0.0977108728800576 0.004764761547390037 0.109456617247983 
0.24622013158216044 0.14534606623455687 0.0015431611656441819 0.039031082288476585 0.024533167458149513 0.010838666034362838 0.03296748361857017 3.7978682637757245E-4 
0.05205594682900198 0.023895614389631847 0.0025158376069329596 0.11329388321485528 0.021868526845759434 0.1137147109890389 0.1446018756187652 0.033275421060060706 
0.10241578535329178 0.004564709516828769 0.015444880757600964 0.16827982142325862 0.10946228523390568 0.006868178373329895 0.09116612203265688 0.0032975895577086584 
0.04784908714976143 0.13240981662115817 0.00427676682339455 0.0010525568241997905 0.0038542392569323727 0.2023048564524501 0.007063362062282051 0.10264660059617634 
0.019033437007186398 0.03946645911866858 0.2835387820895592 0.12703933579478105 0.0027899778226533846 0.013459653115243452 0.007873391612744885 0.008670171470175436 
0.05035123695322795 0.11203497918365365 5.887886832933694E-4 0.11528204386890152 0.019108538674300856 0.1663802666884444 0.0330035781791027 0.005375432212895359 
0.08643176113997655 0.03287729142266392 0.214215414851669 0.026907554489054845 0.03122796043149925 0.04677053822470961 0.03625834371106659 0.026526520832186498 
0.11548142223833768 0.003927026947455564 6.115625634296432E-4 3.091135134662572E-8 0.1008907024481576 0.011224043140150611 0.24291646685608737 0.025955789227043384 
0.012800938682908 4.89839672177344E-5 0.006728347366643832 0.023910840925848803 0.1960296757580673 0.22302263993532973 0.036038263478503085 0.003777818364537677 
0.043162815105557396 0.019681961749356044 0.11283569566666174 0.014173268677062506 0.015429786529289023 0.024568185714637487 0.24484425398877935 0.026526917770380257 
7.299292227033396E-4 0.0023551154084281603 0.1606326613451961 0.007094083737679633 0.145341869292551 0.08539250065932351 0.09799749999811812 0.002625350296351212 
0.06910743575454961 0.026972676970793155 0.017548216125420298 0.0012507746542189241 0.17899411935159235 0.008855611297479303 0.19607250067924184 0.00246662107497291 
9.491146291547639E-4 0.0019098352471385936 0.2800835197228846 0.015937466322890146 0.02624638157590792 0.1428927022727611 0.033121233804908265 0.0016588684238740044 
0.1467188597324559 0.05851302416489164 0.004869268001709319 0.0011983775304328767 0.016391735704729557 0.23404446541546586 0.03591094700244996 0.0038191065012876083 
0.2139493242782683 0.02421515747248364 0.02400923216888185 0.025979710469011014 0.0011483809278556823 0.030184922105334654 0.008989375530151642 0.17315052003343098 
0.0013644169004494277 0.07302342600625865 0.1508188699818273 0.0071296968891660486 0.006160179451458812 0.2422437285111108 2.6393244652416994E-4 0.020047778605019564 
0.04896067412170894 0.1298900937777539 0.01711698433500981 0.2867622409219304 0.013411684687021827 7.967016648245961E-4 0.006009076364321834 0.0034914394209544556 
0.20425961150912528 0.007049331887891469 0.0012419213478536116 0.03359672927752218 0.05964689840238477 0.16245477248325765 0.013842558510119854 0.0226708671948479 
0.05817285923836579 0.02279471576929668 0.008812930333905332 0.1374620512104243 0.01759665068953058 0.02810648382415305 0.22391773412837673 0.0043955225234448775 
0.007130183144802785 0.020737999353304275 0.0014877722254865561 0.11242644012171735 0.15500027144036033 0.018155761486528584 0.0768608485776432 0.1104184978966282 
0.06058461763070257 7.951086451951469E-4 0.010795215465295204 0.004581693999743738 0.3695880386335434 0.01536647550681719 0.03168559038939514 0.008753438245920963 
0.01360534081037092 4.3038553341048395E-4 0.010052706520901306 0.009916461584213202 0.0300887831784756 0.13413760814399237 0.2024174454202259 0.10170996826989014 
0.17445447269426237 0.0033751986091014982 0.09257065334486751 0.009470763939566904 7.809301945548492E-4 0.09428653227545704 0.10127268869168653 0.02674482734374378 
0.16448860438107082 0.06413468205443196 0.025142303957076235 0.04349128263471225 0.07450166191915643 0.026025710258561145 3.5056058547144994E-4 0.10363177276118488 
0.119377897271126 0.0075149519385441016 0.026000553890820628 2.8886033890510385E-4 0.016577236591193794 0.014049873913703586 0.09000229923765977 0.22745756419968735 
0.11624454215736893 0.052978125811752645 5.953256851701336E-4 0.10844019682004444 0.019108617083268012 0.1663809494044327 0.0330037136042402 0.005339933544549619 
0.03228559010238264 0.3185434763761801 0.002715367117077677 0.00418730485732288 0.005526388313369903 0.12520350886043843 0.008187132288944748 0.0050112864670852665 
0.22337945772502646 0.019470542833473464 0.17509043661157864 0.011999137421668978 0.03345923378296893 0.03281598286027457 0.0013582772344066596 0.004227064757083935 
0.017648800002901727 0.05703886167430215 0.04010884385754445 2.9566028733307852E-8 0.09649974127810032 0.036301279547265065 0.22890861820089595 0.026035282904985323 
0.19574423828519735 0.106307184427115 0.007031125455432946 1.4994410869080855E-4 0.18448121041733176 5.087341847785949E-4 0.0011982335678972415 0.006361927177423645 
0.04333104887116531 0.08984835834942421 0.02333222980403885 0.05813124561088485 0.09116017162390885 0.009453798430967246 0.02435502011183409 0.16225933522878896 
0.16278255655965496 0.0036713614134879767 6.03519033399501E-4 0.008761226929817326 0.0023458361305184502 0.05277699188222554 0.018159755331147505 0.25241782474271957 
0.011169921076412584 0.037949327629959756 0.09906205401488385 0.19196820730074862 0.1253983899851484 0.004777626672251399 0.031640541264331266 4.897961897856539E-4 
0.0709865208875728 0.002413946546798508 0.038209198591089635 2.8745252978321907E-8 0.09382083405258403 0.16881254445652447 0.10157587911741844 0.026722795823633638 
0.055074116520571814 0.17372181874836257 0.005497666034687171 0.11539045545642276 2.532712867141775E-4 0.039016572396837916 0.010850727639494052 0.10233943576359697 
0.005319957180463074 1.238477438480056E-4 0.2796569611962745 0.012069472480039334 0.046219129914312616 7.537948717043603E-5 0.15289827338032763 0.005383542128049654 
0.0018730518165639477 0.19917956274248366 0.10312924886320401 0.052993811479179656 0.006446706678354883 0.11970912994336327 0.013226862983833802 0.005102637961029551 
0.022417050649995204 0.07552711114713737 0.0013041970247646456 0.25230657951702873 2.546263401563147E-4 0.039225319078756093 0.0011814348699115656 0.10914530497367587 
0.15214649778318368 0.0023343814721835388 0.1885746536001265 0.034397864327362304 0.011858799053708473 6.344457787380473E-4 0.025247478131118068 0.0859470877222284 
0.006748136371085508 0.18052805352877918 0.035974098021619785 0.03742264028571261 0.09625480015082187 7.631367777428898E-4 0.1121044057871561 0.034723076095083065 
0.0073033954683002925 0.021564591688970368 0.22041206734661686 0.09437548205184366 0.12009487249164624 0.009450251702261216 0.026221434005554767 0.0017672365088575886 
0.12919321074696064 0.02277416352898449 0.023055099837692137 0.03636279148120838 0.2461181449472637 0.039477212263654804 0.0051726368202961006 0.003381894299501918 
0.0023977178619139297 0.03950401243302256 0.044591779861200886 0.03522073916364771 9.722934563828156E-4 0.26983699357340546 3.8174752126370737E-4 0.10957779437920032 
0.0862248015271261 0.012943755026076349 0.0019407700728610226 0.2620206611937733 0.004409122243628445 0.10920925005296923 0.013309777398462067 0.011358407469259792 
0.17802460799578645 0.10491923810821002 0.010309689525546418 0.14257908021465404 0.049818391506339946 0.008677339701850457 0.00769074438005038 7.45372184295715E-4 
0.003811843259889251 0.018852935174847023 4.3420521607615047E-4 0.033351093515085584 0.15774863680339155 0.11401753800294263 0.14498695643915907 0.03201860814265502 
0.09702598926957277 0.006092797913396735 0.0013144801695693013 0.024492871084883457 0.0010923780300432957 0.18243162690126 0.005405158692642412 0.1831148887556499 
0.29956971893514445 0.04497032160644853 0.00674279250224555 0.005420303153460598 0.004331087447836561 0.10728030371088022 0.021722929348794107 0.011357928136197497 
0.049300622351775285 0.020074615641337026 0.012774278838273477 0.25193517744797017 0.1432356208005906 3.434069647958452E-4 0.021352345883480697 0.0040449448358375805 
0.028409399803264564 0.0752943237800693 0.068372766827292 3.708429579233617E-4 0.25132083815348766 0.05928727603433715 0.010184133224269693 0.008011812250421612 
0.13968749810585468 0.0018332497870442988 0.024890090898197353 0.2740569551531122 0.005876880430271535 0.01536647550681719 0.03168559038939514 0.008753438245920963 
0.028915981398318698 0.01133056868434341 0.006963349149455703 0.07228261370544681 0.11556627371574736 0.037892299205738215 0.2239221598802682 0.00438570197817895 
0.0029646992854413896 0.04212747497341858 0.008415622074010965 0.00890843828324994 0.33413533604405204 0.021528418432178904 0.07507456328065709 0.00779745186696464 
0.009476932820759088 0.25352958824088384 0.05052122415591491 0.052555524734613744 0.006258948306114074 4.991998596020383E-4 0.11911906527355554 0.012557863626557812 
0.08122158885794376 0.0051482988940905845 0.1285715613779254 0.03254046307212617 0.02757266143782852 0.03807233915128149 0.01053234091561271 0.1811694102723864 
0.0690244871759227 0.08243760342367461 2.875880087404459E-4 0.0731459544109185 0.22787649161753168 0.003691471837233578 0.04530599370023186 0.001644488101567323 
0.052556789560977354 0.08729900083170362 8.692098316612334E-4 0.19372186968011362 0.12308020202430832 0.016091336877706128 0.021823839912163488 0.009064005345395731 
0.041712126544217194 0.16134094588523604 6.593891409753361E-4 0.02727363720344893 8.94775209228281E-4 0.261212436271558 0.003194479712971996 0.004714730232064144 
0.2566544859313624 0.004657453667312957 0.04811899669163212 0.052176642369773915 0.024465144690763902 5.752404039519393E-5 0.09863998613875102 0.019813110237591976 
0.032979016482924006 0.005682364041522299 0.14830400904601546 0.01073944996342442 0.009348446419050768 0.00453266779842806 0.12796233520659162 0.1621073757786873 
0.04741771297349656 0.0026020711452848567 0.16347940336174427 0.0010869058862406078 0.14088098686148867 5.890099096783713E-4 0.0019921546181842606 0.14760897545972024 
0.20683020881837408 0.0015365566070479595 0.0012777828393013444 0.15140366557101576 0.004817235701333724 5.026701611179912E-4 0.028545055788477776 0.10727343531304617 
0.03975267581577519 0.4317843499604971 0.003617175790024418 0.00544052658434347 0.004747026962537342 0.0040419664187102845 0.007616409387728753 0.0041803802095897085 
0.2832649852009419 0.01765809899219832 0.004416289539770877 0.12758224587886038 0.012990904204949416 0.005810732436233497 0.044652288821936885 0.004809542434745193 
0.015117908779190593 0.005923869621669388 0.00229029617264323 0.031993086602258504 0.24081924738435526 0.008924051482602197 0.19384876839799148 0.002340260053688821 
0.04119879609180985 0.13292906433232704 0.01248258495760577 0.008152215402644252 0.1657214015156034 0.10292256269383769 0.036184387715368506 0.002625599160146869 
0.06634349598907119 0.26529970096764777 0.03337311685904533 0.00215205034235161 0.0038568607336560688 0.06423257864614451 4.778116262168247E-4 0.06623518265103176 
0.06300246572560395 0.0033091805845059698 0.00831867752091656 0.026897401612610304 0.005772270583592772 0.2343269290945154 0.15507159108722615 0.005425255604862265 
0.11760350865838518 0.10060869394032998 0.03152771419643088 0.007771283239784785 0.08151495293734264 0.11993185890015409 0.03144800182275776 0.010368058897061369 
0.16554137326032603 0.07057478422112136 0.040828211478116765 1.4973343271653853E-5 0.00990914645670034 0.007404784035526953 0.045387605042889044 0.16166738658618646 
0.06226477061182902 0.0034168109935495635 0.2146667755943245 0.009331381214258328 0.19018179035388139 7.951318460662503E-4 0.0026893020867360517 0.022559777396355743 
0.03379258689791005 0.13914950894278924 0.2268051183042437 0.006941768750422582 0.009716245985536578 0.0682885452980891 0.002111639832830052 0.015266457738787305 
0.015473475652808232 0.052132947090540706 0.0013674922418044663 0.17534368096737585 1.7695582826149025E-4 0.02726013664627689 0.12046162751779324 0.10914530422708597 
0.009726779270473489 0.019340183920339687 0.057467059828373836 0.22653904019985519 0.017976372445354924 0.1509929248108565 0.01102705452904971 0.009066191844748547 
0.013330889793459942 0.04510601484734394 0.11735076629344131 0.2597162544402193 0.026595192996713552 2.1244397698305273E-5 0.005859156141250697 0.03368346767582151 
0.00718095870724351 0.17469235007204756 0.09329128976417875 0.047873295098544 0.11864611570688997 0.0040235295452777245 0.04845750748841139 0.007139701436793259 
0.13495628279044072 0.002070632257008728 0.16726861708400703 0.14745493813524274 0.014193058240553613 7.593286510143325E-4 0.030217134628822556 0.004223081665602049 
0.09873531546870458 0.26163687417930614 0.053900489762073164 0.06360818427400915 0.018794349490963154 7.975584130195897E-4 0.006060003223172008 0.003495502679635785 
0.001230451925315142 0.057092944217520245 0.0020300308387523384 0.15342890204543602 0.0743109937962663 0.030104323718273443 0.009426704511749593 0.17395116571475783 
0.07563986643551625 0.0018746464221649323 0.02523714104801564 0.0175021655163559 0.10443116157689274 0.1171637520845586 0.15868892549468916 0.0010282320820556635 
0.021019458718075004 0.10395980778961898 0.002394316343099231 0.17534232423786703 0.03470972790460304 0.002077851371453677 0.14997300375201492 0.015294372405642277 
0.07338098606773245 0.03090196227589381 0.1926222768708129 5.466007113712546E-4 0.0290567376833876 0.0017158357969028397 0.16124133988729608 0.012341487192353567 
0.13338600805897893 2.884453559898826E-4 4.8466913784646023E-4 0.22094258342747425 0.004737895245289906 0.012388332909684382 0.026322533923418767 0.10359971045793082 
0.01244596927068138 0.025807127594879044 0.18540608128740363 0.08307105379194711 0.0018243672035437395 0.008801270574678733 0.022256003079089745 0.16225933522878896 
0.20544505184395406 0.013746975356895109 0.007226301536386989 0.0671846408774654 0.031677319328225734 0.10633063851387045 0.06382095084631852 0.005209402058363452 
0.16215192509099108 0.028505596012466116 0.003128785563879063 0.011137910887579545 8.452621571752506E-4 0.16662687499625056 0.016037179501063373 0.11417447971990116 
0.06348460775662941 0.20694882241467466 0.001065777305751102 0.04514900515692514 0.0012596839352094283 0.05483512881881152 0.11783738687046852 0.013746334406259225 
0.06007204505341543 0.0013548514834732742 2.2271810525154343E-4 0.04639243483676168 0.0014415360554361277 0.12166913014192546 0.018009938119268255 0.25248004883505704 
0.06451281948849712 0.1912801197134525 0.02020435679493899 0.07239412972867869 0.12174989022156953 0.00404316764163013 0.02600214950712074 0.0017699418758853707 
0.10256162270085659 0.06764454163133021 0.0908504529929541 0.043108901274595365 0.1807134805093778 0.0031311699070473526 4.428489440398075E-4 0.012787647949317532 
0.004170915193244538 0.01729145731955967 4.1654709967677077E-4 0.01084700705667163 9.398006455099751E-4 0.2989254610786409 0.14846992240996387 0.021946040619051095 
0.003566260278338167 9.197174928826906E-7 0.1918215877796572 0.016392314381652347 0.004580365688108133 0.02245167772633487 0.007436016799624941 0.2550218493360499 
0.04757097911300044 0.1902306525344433 0.023929879204721036 0.007550851006429705 0.0028286330444071864 0.04699605071672328 0.022230672357978293 0.16063201250812575 
0.1312712284067934 2.872417687063716E-4 8.067656817140459E-4 0.095593145964609 0.0030415030825493828 3.173755529800366E-4 0.01802275839402292 0.2528465919483397 
0.0972503551145719 0.001124961716823582 0.30093142791857574 0.06996391771708588 0.008025504243251564 3.9632858811976935E-4 0.013774515186174355 0.009077197954421126 
0.059736068221093376 0.0020313669947286095 0.006097866267833231 0.07298576817904284 0.11634186533447899 0.2141432028262475 0.0030455024788434287 0.026642073949367618 
0.07081806767631674 0.03528444357236766 0.10724915969731592 0.0788372973022697 0.004959702746837266 0.18564775456369845 0.013720106663269819 0.005059600190064337 
0.09747974743713374 0.006149469161234988 4.116469538543134E-4 1.9785274793929E-4 0.014848367647740328 0.0019363905543584308 0.38013702527699594 1.1640589780414313E-4 
0.16833913128203745 0.0038281396816418544 0.155108676361172 0.012214738281585355 0.040832429351347024 0.007748726725920235 0.11477929017530081 0.002365433368467981 
0.007070744619198624 0.17037012977730706 9.302360782814332E-4 0.17211588818727788 0.018549734071238357 0.12719521032580422 0.008317370838370796 2.891983540476329E-4 
0.03363383700590932 0.0021319091179611976 0.06421620135975738 0.15177189766985102 0.02804860959866898 0.03872952851396979 0.010724857311058492 0.17557182340201882 
0.11780079356794276 0.0023283831092853857 0.15135683457083315 0.03672039937235825 0.11345100375943389 0.0502445915039479 0.013836096889318385 0.015317505491368837 
0.010495402549111185 0.25532336433113784 0.008965300971507936 0.04780709014996104 0.11848203759248874 0.004017965324847131 0.048390494620692025 0.007184697156075821 
0.13193912798650873 0.0044866828013034234 0.004330117328720587 2.354605582427967E-4 0.1185195399635701 0.2132531149515608 0.0030547287829656997 0.02672278571316111 
0.04548367732599879 0.019390927172130628 0.011217843371082867 4.114033250094699E-6 0.002722608923292285 0.002034517420675116 0.2589586250854972 0.16173946489176919 
0.011309975806141754 0.03649161790145202 0.0020030916949507495 0.1907402955860907 0.10238046856714711 2.4702444982028804E-4 0.14369839730432737 0.015382283928455285 
0.037565375609732575 0.13755501578276416 0.1273551133876484 0.008920747191540582 0.03548923291912514 0.08314829525143279 0.06294454991679797 0.008712866888065112 
0.08136879326186282 8.871860523442883E-4 0.009438939873208364 0.035140134295168504 0.18631786023744468 0.008643044740649832 0.018258556132546698 0.16179681436433327 
0.035745317735192655 0.13249901805632625 0.02915051347774327 0.0035047029571373925 0.20462185007428282 7.119899873383037E-4 0.08936397885086203 0.005359444253234139 
0.042025948883092516 0.017227529946834193 0.0022155973530277374 0.020669181627827347 0.12065926586326425 0.0050699943361518255 0.13208485072878406 0.16174821370441603 
0.021807588103794122 0.06539137585566476 0.3186775563916521 0.002190740991968449 0.04695332510702148 0.00493292762045097 0.04440331444935902 2.501500611123223E-4 
0.10126026699904987 0.16594746363427437 0.0014810708163754524 0.22474578393704142 0.0031464434822145028 0.0027060788998032434 0.0014436711097386232 6.892211748674154E-4 
0.1008224205774193 0.0019291407436805175 0.01911200433388096 0.19916751364378102 0.0091736660800949 0.011376632072518763 0.15919083219322924 1.39156515445518E-4 
0.07328462734308674 4.792276453479597E-4 0.13155121914603243 0.02387181770817281 0.009360024933498542 0.24248934377574838 2.796574131325956E-4 0.020060768607943095 
0.03294857095351321 8.086159416801698E-4 0.1648775853041448 0.015375488808354194 0.005219285596437905 0.18015188781472036 0.07643708124954213 0.02672277129620408 
0.005670536607429486 0.15169979975349265 0.030229448329604128 0.03144667505476971 0.0037450508687879264 0.0014362046850204804 0.07163848906509886 0.2086521426537978 
0.018414688959989604 9.672245439014503E-4 0.03692246541620404 0.020861961917672166 4.818584868179592E-4 0.16957189907846332 0.24947837492075411 0.005425255136443308 
0.008492805573161528 0.03401853186293183 0.007421330026856537 0.18421556446928347 0.2241880332051653 0.03873854627966997 0.0025958086085474106 0.002263308047223143 
0.3869042586434363 0.0020597607783917594 0.008550430775142663 0.06964988358097474 0.010143263533602639 3.963380796564012E-4 0.01444942501169549 0.009089874561276672 
0.139409710299082 0.0016123785882497961 0.0023144325188415404 0.015066551445129127 0.12322146140280409 0.10995128945542497 0.003360951464915956 0.10990528309491343 
0.027132004886120758 0.00484607558161373 0.08303380916086965 0.033665461007144765 0.2114872900792143 3.687637055162619E-4 0.13882618917346326 0.0020049480515561442 
0.05858682172185435 0.028926236371084768 0.013523706080498675 0.0031637737040684176 0.010236560797815587 0.03717211187815107 0.0068149316787804205 0.3433684478110392 
0.04528831294648874 0.07503831613675502 0.1516056148586829 0.036780755494047204 0.11363747947063742 0.05032717689873821 0.013858838830087705 0.015342682375095878 
0.2987427202254221 0.020125606545594584 0.06522764973246517 0.028256499011827006 0.0580560079836879 0.016246068685174055 5.816120473563189E-4 0.014156823087388498 
0.006183578817241452 0.021008443735265937 0.054640906691681486 0.10539769946081907 0.06902382247734606 0.2140252453418071 0.03163745809993581 4.897484623412729E-4 
0.16455125815686622 0.0016141588469618534 0.06532610426778833 0.025096792989431314 0.1293825312377044 0.008007907135272213 0.003139804849579656 0.10492953718274746 
0.05636626290613762 0.0037914147384998124 0.21985240236228992 0.12836445640057123 0.04682465873100351 0.004934863936649629 0.04406283341033801 2.500707363039284E-4 
0.029208310419712596 0.013975312758364547 0.11212995506285298 0.04546228419543984 0.28559523611645043 0.005319617289708107 0.007668877751414252 0.0020049480515561442 
0.004138152278443081 0.08336420214865962 0.04595997836812441 0.06297616810102685 0.17843532407134344 0.020598488027262215 7.838978768732051E-4 0.10528427700801472 
0.02999586577869308 0.10149314772945141 0.2642086097926097 0.051503498661164424 0.02597624939619749 2.1753705772916025E-5 0.005999622139652817 0.022464239382406787 
0.007288647050870704 0.17595128579642325 0.1321126612028995 0.009104496029968092 0.006631374540732618 0.06641161664726526 0.0013394911227031473 0.1029689128360437 
0.002301001060643532 0.009449744206723171 0.03428833264001959 0.0022015541069502933 0.27718446984746725 0.010416671728082187 0.03060266465686214 0.13476128847922425 
0.04486784604008672 0.02712866910615528 0.026940868694096502 0.0388340055028357 0.015748398138642362 0.3405298538840587 0.007686408286024999 0.001031039116839962 
0.032123417176018215 0.015866536234147372 0.008836539722689985 0.17427482453192075 0.09908248198844286 0.14747992239152324 0.021352345883480697 0.0040449448358375805 
0.006705004481865046 0.11046945290036668 0.1391771199519413 0.024097597113540432 0.0022403202475254442 0.15261830125853793 4.233572173469048E-4 0.0662345043935938 
0.04861927688568101 0.005502814509728438 0.005456018665023822 0.22857531432821154 0.0011483809278556823 0.030184922105334654 0.008989375530151642 0.17315052003343098 
0.038193728434045456 0.10083401342988217 0.05180715744788969 0.03121731586995146 0.0988454824311091 0.17409323290083095 0.0022530986041799173 0.0034324796550233502 
0.11034697902457785 0.16628137486118016 0.0030645853428021255 0.03603754287695957 0.024431799311308205 4.475117769802625E-4 0.15590534474912526 0.00541580563836293 
0.03961969344570304 0.28087694690081255 0.001263076261076226 0.03194691169026916 0.0013874951714058757 0.0064641577095712055 0.025495943861485425 0.11376905152464172 
0.034276272963884205 0.0021577239157680368 0.07388356390088481 0.053904710766513785 0.0038332689832927796 0.0027326318732678067 0.0836264651202252 0.24706219903138874 
0.038876645512026714 0.13831615006067197 0.02390740132637206 0.019472747757252964 0.012665099206368139 0.12974556876680973 0.12953159562833888 0.009096557745577159 
0.19477094528542396 0.11497512625029234 0.0012207083028870048 0.05171227156437293 0.0014224101440251315 0.00864156384099989 0.11783738687046852 0.013746334406259225 
0.0012693181159094714 0.0025428186558977247 0.3734646394350552 0.021251090102250597 0.034997044600908855 0.020960346284952844 0.03216346308278777 0.015354733588066181 
0.012289845208846389 0.29897706268515745 0.15966329250422645 0.003654534946996323 0.008565836919436578 1.7504182020012306E-4 0.013226701594380998 0.005102575700465623 
0.1576097706036063 0.061758523999175224 0.023877181669563114 0.0026775477519734394 0.019043182826007622 0.03899229081520619 0.1929034811013 0.004395509727567572 
0.14800947784132693 0.002800504473174302 0.02805097069600818 0.04150371556336398 0.11718935763145195 0.004027351246050149 0.15919083219322924 1.39156515445518E-4 
0.04538264732891968 0.13455927492886854 0.019424431264041676 0.052293822692218245 0.08688241564272586 0.0029114319594553822 0.15853947534332272 0.001769258459298527 
0.03405158848217203 0.22403552556923897 0.025703288402963338 0.10762611856182888 0.0014224299577697721 0.09487028421550621 0.010998989174617413 0.002042571200067416 
0.20045705978298536 0.11833169327456125 0.00125634548259144 0.031776670516013385 0.0013798283944398513 0.008382867072667386 0.025497790227933678 0.11377729045710586 
0.03443278719491676 0.08876688321497733 7.223971893234067E-5 0.09543941705337507 0.017768084141911042 0.008354994651154373 0.10914410890649795 0.14862762478848213 
2.0055343932852423E-4 4.668851672906431E-6 0.024468550656755655 0.03391533890908812 0.009105973223679073 1.486015953084751E-5 0.42867328540626726 0.0053837613172696905 
0.0014183699702595759 0.05996827384284571 0.0808083035520985 0.1085368558735351 0.13787604789299018 0.09030114743175308 0.02091762709350858 0.002353523920189292 
0.006963866536596762 0.02246890365867968 0.0014672778747313877 0.11833995646916758 0.16315312799287102 0.08919202020475776 0.09800701627258784 0.0026256052370792894 
0.14244122282779 0.0014397975345696152 0.0016967952706153258 0.1308041291059439 0.009798894426762366 0.09641983728498751 0.005313033023967075 0.11402168467670645 
0.002474122995179937 5.994123457114911E-5 0.19449605596689257 0.0029182786284728166 0.20346523276957443 8.855577794583996E-5 0.09223302020555817 0.005376732873697291 
