0.3523232576157655 0.003440329592181488 0.15288522189192902 
0.06217439815105468 0.24143789918896125 0.20331924579429825 
0.26137165400240775 0.09352800606824099 0.15202663300279054 
0.1462457565088546 0.3298306970681623 0.032849487358827506 
0.09488975191402485 0.35252151995203435 0.05952681382053274 
0.013997375348561766 0.4873037114621794 0.006170177700142099 
0.032992597872556054 0.43640632088259323 0.039251141476857904 
0.15329586821788369 0.12914671629736948 0.2252380585757927 
0.0053560401640796755 0.403388233384759 0.09335390600796999 
0.10500721781023493 0.38805360464980754 0.013925954266238532 
0.29653537589806067 0.10611082729034745 0.1043285416634428 
0.09526754389234118 0.2977733998794774 0.1143346781204841 
0.2952423656468493 0.05402778256022732 0.15412614826267207 
0.05871962652541809 0.02941075163609682 0.4139512124298036 
0.36331338573920363 0.09795190300884712 0.043855687021783794 
0.22586155118747045 0.15852943516535464 0.12457184515552722 
9.193050606720638E-4 0.06923712911138954 0.43223195712685153 
0.07742002836963768 0.4175522611994298 0.012362684275463061 
0.13407411846977754 0.06091021564403995 0.31234902766290046 
0.27006258214375417 0.2259639312884967 0.011928491807750387 
0.09299272564699346 0.1804963850116143 0.2351989396245932 
0.4394841942406696 0.0093213828329223 0.05828091774780371 
0.05787544289523031 0.21387838573901521 0.2359312956961799 
0.06162552961558378 0.3097086284054935 0.13448154373571775 
0.04332341832209142 0.3293069260076774 0.1345152939291964 
0.41084981542290894 0.07674473641328682 0.019152620791700957 
0.08638347959326033 0.0018797154859577067 0.41621877765151183 
0.14742241606252185 0.17941383741471476 0.17990096268438643 
0.006534660508014512 0.26694357509769684 0.23530512516081756 
0.09967053100880771 0.37028242119851207 0.03698513347927218 
0.28388111775863134 0.19084670008701796 0.03378468116483303 
0.1512541677350032 0.038464444863897836 0.3182148894726544 
0.2667967492920599 0.13362981672490967 0.10478919375711028 
0.12600816798804626 0.005506802939964637 0.37729588916342405 
0.09804745975621722 0.026415741070081388 0.38221912989242274 
0.3124922317068268 0.16471132352508572 0.03022869581593282 
0.03891690877917923 0.37847680595719463 0.0923410917427264 
0.36109842644451823 0.022692299986035013 0.12365909476893676 
0.061760533619069094 0.34615695316444084 0.10034950237150472 
0.35178080789069227 0.061588879637621705 0.09437878631645687 
0.19277625220707614 0.05791791984891728 0.25886280900298453 
0.20569598600670114 0.2898867820855991 0.01237793190325703 
0.03314976144600346 0.006059355880852231 0.46646479334098034 
0.13584551955901683 0.2558685133032077 0.11724884175311245 
0.23277105835255535 0.2155349268973732 0.05787362292009194 
0.19241649156239723 0.0028914803177498617 0.31059756890140067 
0.011673703538108137 0.002613324680051908 0.4931902629559805 
0.08921060699400397 0.2596193449611535 0.157699016513509 
0.06741934209447893 0.13085913380051828 0.31040957438820377 
0.12960020146382945 0.23392858098459152 0.14602418391891123 
0.31717557181413003 0.025472044960549375 0.16724059806567954 
0.006972619081293072 0.4624301872205732 0.039251466553546596 
0.24517532045182727 0.15540064980371032 0.1058866967173242 
0.006142980803293436 0.0969976866907931 0.406165492135754 
0.3130021405775008 0.07712985437911478 0.11262431843677717 
0.22955166628693996 0.1012356206397793 0.1772927914727113 
0.1939437045533142 0.13411903162643798 0.18245021152773394 
0.08463012529758321 0.05154703945874872 0.3708815309568483 
0.46355911620437523 0.006792341612664766 0.0393307928011082 
0.11212643847996435 0.3263086475014342 0.06841075674903115 
0.46113740370285655 0.03427845301823617 0.01237376303839791 
0.17002747055693532 0.15680878292267866 0.17990096268569503 
0.008599185901875772 0.135781173116941 0.36498533125748056 
0.022135326341776028 0.04025273724754533 0.44437730215803073 
0.1644168888321515 0.011993844150020173 0.3305197202382501 
0.18289200489955657 0.0830883065661471 0.24135305031101428 
0.37728031551822516 0.11493803287774258 0.01706434305651579 
0.40603263166581594 0.025516074308608576 0.07590111041922089 
0.026575214874961322 0.24574275325630315 0.23502287753829224 
0.030119508625426845 0.16216770155314397 0.3148141766780298 
0.1504041751760601 0.2886478481744241 0.0708819865329213 
0.014822300884464996 0.3270232480390148 0.1643837886759151 
0.3144005760882304 0.19196385717547573 0.0013095821996042365 
0.07722490320098076 0.37076793536832187 0.05783319755547602 
0.4061940220874885 0.04359403753807884 0.05777093256785647 
0.2580115746413997 0.04792711938186117 0.20080883773882488 
0.24005435275780615 0.0036422976113179377 0.26495215873075195 
0.002601968384492194 0.37014695543059595 0.13455809976764843 
0.03267368297547063 0.4169861806904501 0.05672216197555076 
0.43825565625070745 0.033814606879861576 0.03601091871277558 
0.13278216655797573 0.03272012501851947 0.33725402181689756 
0.012283477174568609 0.28900695722470743 0.2074455219048973 
0.2193177821983535 0.2526386554361513 0.035860534616946146 
0.029568120153697485 0.19924409975493218 0.2789582545554231 
0.2708213668516163 0.0069166746272670025 0.23042387601720232 
0.49413717749425085 0.01212199513506746 0.0013538760577424336 
0.05274248816451451 0.009645876799782143 0.4443794487897861 
0.16870945581826405 0.04290338348037513 0.296320646175082 
0.04474836130870826 0.29829821015032737 0.1668409826010928 
0.34852068043112255 0.1577962292348334 0.001354030462434289 
0.005039165801917437 0.20585199996604103 0.2978921949985704 
