0.0828501188940147 0.22654129092206707 0.00883767625302205 0.11766129818875663 0.03146666205786271 0.0012730511595690555 0.009366259914822591 0.02672670144587219 
0.18151458640011947 0.0482166341008851 0.0062031459480011404 0.008295013898538161 0.10237899873622155 5.609358635173432E-4 0.15751885950351607 1.857519514523603E-5 
0.05286921709639347 0.14456298736731502 0.004935769732045491 0.07554524998276631 0.20393069161403748 0.001208163126876137 0.01677973416011384 0.005765964603038861 
0.007838657700402717 0.06007185374852486 0.17225765266606882 0.21820019111225877 0.009464300443210642 0.01966044158869211 0.01721580910724696 9.421271022294689E-4 
0.12458841891476033 0.031101351597438674 0.06425787029974175 0.0020389102319575522 0.016100872567818864 0.001150994604142157 0.008452962611120853 0.2575423352141063 
0.018078452143125482 0.039262378174379414 0.03912962658009541 0.1515362779834754 0.00869253550380196 0.09050422287579545 0.16187149379598498 2.9096080790102857E-4 
0.004729109059980102 0.007025141855398886 0.05009939386737238 0.07239567218738997 0.24482525784532813 0.002288743328512753 0.026521303584195178 0.10214173674675753 
0.02998267969622372 0.19132370276747154 0.20913174478661611 0.005173278821417316 0.009275533675132413 0.045323003941783346 0.017669730137958268 3.619464948001117E-5 
0.00699637859350485 0.04464487737702158 0.05567815685955257 0.014904146682821688 0.009787547014943417 0.013448675083438145 0.29448678786008764 0.06567792628976632 
0.04550716592996141 0.07991088909411019 0.08558581437206028 7.278881294594685E-4 0.007421112255101222 6.754283129500153E-5 0.2850866145051682 5.462109840209287E-4 
0.2751895011264051 0.06456468713921032 0.008779232832743991 0.008038243388834139 0.028510091620085387 0.004533472930868122 0.11266564601823877 0.0038312329543947745 
0.003523989801636547 1.1999050427380303E-4 0.0010440901649579073 0.04963846939172639 0.05331135821560778 0.3829456054485234 0.007153740488569886 0.010724267781402229 
0.02721747211391109 0.14994557605002096 0.01997047908831837 0.0014162274847782568 0.11448135145932962 8.053215341005206E-5 0.005038791697595017 0.18713144859820555 
0.13094569520465146 0.12569840181160438 0.03749943810142849 0.15351092267589583 0.030871764879859327 0.014707806843203707 0.00988767357085195 0.002761516925619108 
0.0017704854278068431 0.02261693840587102 0.23520422562504523 0.1561981658364056 0.08285735991480164 8.260830913145941E-4 3.1944364520509905E-5 0.006120947025652346 
0.09156022607001396 0.011602009258418023 0.22427922253013197 0.1742371701840584 7.711924738262752E-4 8.290959621582355E-4 0.0025950450549116844 6.900179117547446E-4 
0.016220529285613242 0.09544912196343003 0.03130081986420528 0.13586720274728226 0.015902363116983544 0.20332506411097628 0.003100655341977899 0.003645459013043447 
0.03873783580841099 0.03720934048934191 0.0023479104285987003 0.0042779966066021505 0.08748707694961734 0.19494807519299912 0.11922932475759611 0.025007053636097353 
0.012547289695486873 0.11123842028697764 0.16206246588104922 0.002235206358316812 0.15924696581816858 7.186947632967173E-4 0.04208479337616526 0.014439881201767648 
0.1092879302245041 0.018519035636592386 0.01194330320603457 0.12734661102028155 0.014749537971951944 0.10628405901475994 0.11547148192005495 0.001010721306118242 
0.02247931741656324 0.16028328531972671 0.0279184617399344 0.006974304252525252 0.009993619012867357 0.15396689484625287 0.1265687617443417 1.4918399819752732E-4 
0.0014089403090768893 0.1768439496437763 0.005821896964243028 0.08972780808608018 0.031182611359049154 0.08803334613670685 0.11247278411841477 3.612658567740117E-4 
0.07226056755529407 0.017131206209623513 0.19653879272943697 0.09101384956343346 0.02844411228743488 0.07532026633459799 0.007156323906618849 0.01836892019559837 
0.02764285900600019 0.006900563347643393 0.014257113656261101 4.5237999293059884E-4 0.0035723557144609046 0.1859380395639224 0.008436175753956556 0.25703087827363535 
0.013094964408537078 0.072805491061078 0.2099769372945466 0.032798465339333845 0.010550688934928242 0.15462767878370096 0.007143647818104377 0.003923063860145395 
0.0730402259588978 0.002412866762998618 0.09396330754644681 0.0040046016284803485 0.08179989371575504 0.07361514729396852 0.039369272514950246 0.1418383253640868 
0.002787271084229291 0.0018863412188461891 0.1391681440843649 0.005003972442254623 0.23300942728744606 3.8920965735852314E-4 0.015606810116899603 0.11017645595066775 
0.023450259071283713 0.02252497219158581 0.15547343625867086 0.0038556130669051693 0.001950911691506865 0.2685786975154058 0.009163372279696358 0.023559107227138266 
0.044931960861641966 0.001533145950226035 0.014395688099981374 4.3344863364951303E-4 0.03752659359067922 0.35157696298147223 0.04494219957303636 0.010672616653455364 
0.1810528652450018 0.007982353823389108 0.001740134214074655 0.24345434723314036 0.024399749774614066 0.03644341798390697 0.004509970096088611 0.004545089441931939 
0.10295614618013846 0.18095818741966588 0.01029116067889635 0.0020062156492859193 0.1417627726910695 0.03523041813927104 0.03253344514307104 3.1479776917201017E-4 
0.08122312975751043 0.14275971744081115 0.008118799218794374 0.0015827235191805734 0.11183806414941812 0.15468996952239006 0.004993907009827631 3.1446660282539405E-4 
4.988432399269136E-4 0.011931971597443703 0.06660343307395541 0.008675889039805594 0.07288058511615582 0.16239619848348538 0.16639004445697944 0.021120328361152924 
0.2112628073871325 0.049566269815053854 0.07169431363433452 0.00840459994707235 0.036471290291849194 0.00755513694146581 0.11842101735560245 0.0038395818997000075 
0.012949669849623879 0.0807902088302989 0.03603637577347882 0.017192622622632426 0.1391002466525957 0.09171305795506683 0.0283282369311413 0.09999016328667579 
0.017720922557964945 0.19271200315607043 0.03423221318937461 0.2343897101791941 9.087721975099411E-4 0.014122957042314165 0.0028166030163248516 0.008718746264519031 
0.049745878856595045 0.13352840607029887 0.0709901418935772 0.008952821072340566 0.001993778158830376 0.2232749550701038 0.015792947146224232 0.0013550939036709405 
0.0926736489215565 0.08901698520708812 6.13050840969946E-4 0.001442234407462593 0.1789916057847615 3.100412233132072E-4 0.12054437991147435 0.02569050463971692 
0.0331777668781284 0.032164057439522206 0.002192476296857438 0.08792137189045801 0.1528514246897118 0.025223282861136637 0.15024533391711084 0.024983202916636603 
0.03372191190356363 0.07230587716360785 0.0981135014259462 0.0025088842811864004 0.055775274691081504 0.013430682627814716 0.12504274971069976 0.10351559716398452 
0.04738593818462557 0.012824884421456472 0.017351123666821452 0.15039578229975378 0.004845249677030432 0.0016673781203764269 4.427677853187352E-4 0.27072151977721204 
0.205644663260981 0.2238951347327681 0.004254159441721618 0.018121471452230073 0.0011502794197137036 2.224430401173804E-4 0.0083100005050565 0.04495343423940787 
0.09256261488715502 2.7330920392408894E-4 0.18902860482413653 7.691450874233826E-4 0.01980654003375989 0.10737049833964568 0.04931013275800778 0.047188166396395295 
0.1655255833978676 0.009871926568372599 0.02112492009173479 0.02522475429574576 0.003297860776955651 0.27110639093693245 0.0071058945352054665 0.0018262485748416976 
0.08014050463234718 0.21746803223516772 0.009720157904761426 0.018201288251815367 0.08772592476982675 0.032717823963693 0.00745651245077311 0.05199862610722008 
0.03403315140544819 0.0011612622117998 0.010903833781056384 3.283102427001324E-4 0.028424048648466586 0.26629757042343444 0.1541974029040917 0.010672736878784438 
5.520724969685656E-4 0.06929369557010447 0.0022812245298377354 0.03515851930594117 0.0122184467319766 0.034494569361871744 0.3515695442705275 2.845302068934892E-4 
0.020554680847075665 0.23570068494954954 0.05189382154192672 0.018716887201169426 0.1609626041526166 4.8148855914061355E-4 0.0025145590536769717 0.014447391315269545 
0.011299258687861018 0.0021070321580839105 0.04079017904717933 0.08426176757949844 0.08884075103058856 0.2626548019670747 0.008992691327908106 0.0069520390838476625 
0.0032245019642011606 0.02980004163181963 0.011174739655958122 0.24314138893947507 0.018942362164570778 0.17552854402980825 0.017095199987405045 0.0068512106879566525 
0.04030417984802611 0.006829615506268144 0.04671123530748726 0.010937319922049894 0.002834086785483671 0.0499324401929985 0.3511169945437891 0.0012423162725906268 
0.16549719941558005 0.006592063819471616 0.21130095049505923 0.004620043553023862 0.06618676297973078 0.04627147146965746 0.0024565417455128303 0.0035833386209098562 
0.052945645237435376 0.0015354319094096852 0.11093207832218782 0.08659686061086717 0.15428177972247778 0.0035189165736667616 0.04931013275800778 0.047188166396395295 
0.09096027015565358 0.08264295193215063 0.09222494988217506 0.11342180092889803 0.09607249776789524 0.001342037548908367 0.018079673949567852 0.01180550365645085 
0.08854427038794893 0.016816117596416612 0.2981156825905908 0.04607007553729415 0.048929310170120956 0.002415923702185772 1.9576356198291707E-4 0.008889250128674872 
0.0015828324613328287 0.007661048681228752 0.06566568829251794 0.012432294771078689 0.002672097798309364 0.05140221305325026 0.11247901099961491 0.25268981803018986 
0.03456909794111511 0.016549874412093078 0.011109842538456744 0.10142622750378087 0.08550621919550024 0.09746869576171259 0.15248213936837396 0.007274136819756753 
0.023691700478816614 0.012113879080477114 0.010092071918951433 0.3394795401020455 0.06836319524461369 7.994752531945024E-4 0.006705143763600942 0.0568253767319208 
0.06810506444184422 0.018192460145524312 0.029393025766058126 0.1173337125885835 0.00555270393585873 0.011215883213551882 0.20548646408832835 0.049385250752028695 
0.1281810302402425 0.13092640539916214 0.01976849832073621 0.09403184167055899 0.02588208805799954 0.004044583627315052 0.0057809899038103315 0.10234481536932913 
0.11384084072175638 0.02603211916653062 0.00448706759752938 0.3045991785821981 0.01094685487674382 0.022094302533747317 9.101970789150507E-4 0.023299607332643305 
0.0013019338058284826 0.1634129671173298 0.06317387071831496 0.12333357318206833 0.039999730021256334 0.1129254390464705 0.0017964162062301355 2.8474173707523096E-4 
0.10005497114352295 0.11233763329236134 0.06910339463782858 0.01684133721270983 0.029903977882767697 9.423683192782841E-4 0.15612813078990012 0.018727905770152025 
0.08845357768178394 0.09034807216688831 0.1431362681994922 0.053440020900922744 0.023080966540831596 0.0040412270020996266 0.005776192224180171 0.10225987876779204 
0.29877829576194903 0.008908063397287516 5.804322336332415E-4 0.13152922952914417 0.04897538091584278 0.001380009603120238 0.004386454006030687 0.011953176402791135 
0.023832954256892393 0.1187084798248499 0.05252881183210345 0.011876381702931666 0.2674795684625561 8.584782474729767E-4 0.007616216337096242 0.03831362900843844 
0.07522430899415303 0.01943524079978788 0.010241764064855833 0.06065784965144729 0.0037747411722462336 0.21632784043618336 5.139721010969946E-4 0.12017371040528137 
0.1495628082927998 0.046080517220923385 0.038746626650438966 0.06577612627971924 0.1889921805117553 5.950396430467846E-4 0.002704521838609366 0.013525426838738487 
0.008269503187105471 0.014088998865403298 0.0908989196044592 6.449339503413662E-4 0.24045684380653493 1.389902865219317E-4 0.13730555417956086 0.013000207707712664 
0.21160795344999359 0.04486992017186451 0.04215359726928118 0.14592123969725754 0.030657857905924235 0.014674674561081177 0.009820541731997102 0.006162784530480162 
0.22233514477868843 0.005784221095135567 0.022049670755106096 0.0021600774349743233 0.14690434847688713 0.09699065788208443 0.007985554262087453 8.546126809444794E-4 
0.019154144658323435 0.013955653716457643 0.009332245715138566 0.3090469246384775 3.2867917747963116E-4 0.1036249932864791 0.006701902420295875 0.05403307273215175 
0.019298987761770303 0.04912506151153792 0.02622385039606263 0.012148587889249904 0.012699882381096424 0.14005240163269092 0.19275132215813956 0.05582926096277268 
0.2526992747164787 0.04284136676390027 0.003622364288337874 0.02256287555815074 0.03067024591712763 0.12255229836270073 0.00821426320036763 0.025161077607955763 
0.004674757283284164 0.035825181627317425 0.10272966969341805 0.08337487311632436 0.0017660523472771816 0.14290136887813168 0.013111459924119627 0.1211214050777781 
0.09927103713566322 0.09530598147788762 0.037344655908466896 0.03669945551876496 0.01864395487650035 0.003337906860661981 0.10452927060083872 0.11336177974980909 
0.2487961473962659 0.06096354545832792 0.016778969584494475 0.01804574094458621 0.09219659974769553 0.015768538136495484 0.0016931710369753993 0.05177898984611911 
0.12347851611242089 0.023533544286008817 0.06067755927957287 0.006126255386673885 0.13354232640998098 0.02656968243314568 0.0058807686839820565 0.1266262766553159 
0.05271131573862234 0.009205242597561102 0.08458990639773657 0.07795858226338256 3.4505307821618814E-4 0.26817416750678713 0.014975258496477626 6.928626458224778E-4 
0.05818016503328793 0.1434064584421 3.66507290510122E-4 0.00469685601587453 0.05577522395154017 0.013430670409736365 0.12504263595757525 0.10351550299440938 
0.18527568276483566 0.09473390141720059 0.07892280746024982 0.029108229938775362 0.1059931540653568 0.0015704013709836072 0.007310903914015437 0.0037602431802761776 
0.024952851867025384 0.03881278229634801 0.019466733483682986 0.010086416899151001 0.17895740202296226 0.030526924987172854 0.011183596177594332 0.1941360080443658 
0.33608569688513557 0.0730801687506555 0.01784686084175662 0.025349396616011842 0.0011514164093340167 2.2266291315291406E-4 0.0083182144956375 0.04449629025835483 
0.016350508277884444 0.08887265484285733 0.28695694569196983 6.826074700783042E-4 0.03818123581196501 0.016575612193536975 0.05460480548928802 0.003056035861072349 
0.07365059531658905 0.012523680108932024 0.19482412129180338 0.03292866426943938 0.024956127752002 0.15723680292482758 0.007176422334071713 0.0016142655252196594 
0.14228885589886361 0.030772897922675964 0.005652349869147623 0.005374504210139933 0.0496093884122954 0.018088812909518158 0.20098452623722066 0.05192306354805939 
0.1038670350277455 0.10415031505000481 0.07712285730074835 0.012862332605677809 0.020698788185157392 0.11576198304418168 0.050508338442659555 0.021390862109625503 
0.025784647796411087 0.207396557448644 0.06922025395092074 0.005566116707715032 3.9339301385183387E-4 0.001494510039055673 0.01192151924349672 0.18821649887252953 
0.03251939026333629 0.23911856311300297 0.02435889107024982 0.03449742794903281 0.026270986881176555 0.0015052282594100754 0.13876665457423 0.011275870818035107 
0.020860343412229358 0.133112789886203 0.16600952294498428 0.003816581273185872 0.025929536606746174 0.03562873438623891 0.01339483608177248 0.10687215116977612 
0.01435199134323894 0.17425535495602 0.01598300234137431 0.026260316820927235 0.018613869998613534 0.009927207509691246 0.1926347064231723 0.055795483916644247 
7.551976948379765E-4 0.01806378582294091 0.10083079232088206 0.013134409528113875 0.1103337591308799 0.2458512513132322 4.07769196865308E-4 0.021120328361152924 
0.05814961682484302 0.01176327251877016 0.1792088258177735 0.02903429067085936 0.023771295780529247 0.10270120852498911 0.0033667914324905213 0.10063438446111463 
0.04332345300345445 0.04909879000899712 0.03814623177132902 0.036628538795211246 0.10452632118926077 0.020784316258600076 0.08724113204073458 0.1266063164598791 
0.19093497723550354 0.04688584487938812 0.16594625926341558 0.048883898744575924 0.011048704922360663 0.008236441168234472 0.018067164555339976 0.016859383574692483 
0.14198111195898486 0.008519535090006865 0.017127862006918324 0.18587417676783063 0.11457169819459677 0.005181602017488631 0.006767840375924575 0.0244186439311296 
0.04819429616535716 0.046721773524238376 0.0031848090431887918 0.12771530560565184 0.22109170052363822 0.03656251865532136 3.0531045552955813E-4 0.024983202916636603 
0.2673208194876496 0.052427625940514734 0.07414656085494939 0.0414711394698405 0.027442094020622962 0.006253637216799919 0.004181449261081304 0.03414419721688006 
0.015820191215848857 0.07879807217893495 0.03486835239004808 0.007883480472776537 0.177551547902905 0.14822266342011234 0.007421672594061464 0.037334970253665035 
0.0235769179625656 0.025133023273062945 4.813873219808034E-4 0.07886183489162786 0.00697571409674653 0.005159897137388861 0.11002260580592677 0.2566474052927385 
0.009176209614012895 0.09771449392319242 0.02164624758824769 0.14265975107340576 0.13354866357727566 3.9948504771958673E-4 0.003078578611788944 0.09709975530278311 
0.11380879109317502 0.0381099596116691 0.10854600771935734 0.015462359916656865 0.17704668837746107 7.623956977270554E-4 0.0083182144956375 0.04449629025835483 
0.0022531071235754817 0.02154044448437277 0.002788075849696237 0.25133265552047357 0.14267608049991085 0.02005857737962359 0.05239810891187526 0.012881421841921729 
0.07072257813585894 0.2938549289187399 0.011907423672703747 0.043648514407776104 0.03711604832204805 0.0013672104195927468 0.0016341774115535411 0.045177989027331604 
0.05792560935223752 0.010801692841397828 0.20911070736287551 0.010759256906882361 0.18517639951218048 0.017772188639567206 0.009021912331413699 0.005481254344022742 
0.08164626327484299 0.21915575012985067 0.11651376854091004 0.014669052159435376 0.05192216587485655 0.005286318326254379 0.008167904838887373 0.01549816339830284 
0.1275194293547004 0.028893729522879354 0.10669372970842142 0.08469624550945605 1.2609689449274774E-4 0.0018475240789979888 0.0032840339636622936 0.15492913243099238 
0.02499054125695004 0.017713881586007858 0.01203656278973926 0.39860316872631973 4.2392449557943226E-4 0.001674562337759605 0.006701902420295875 0.05403307273215175 
0.04842405881633559 0.004721429873330136 0.14307938063217807 0.022869342759024434 0.128783821677614 0.006538260845597815 0.13727383426700038 0.012997204439168861 
0.09264837560245003 0.054140482532105204 0.05574583848614322 0.004664057223745493 0.10439668308321767 0.030758401555546704 0.16407911811252684 6.387138562394359E-4 
0.002302139379031334 0.018342503372744644 0.26205507000723044 0.01663509300121145 0.03416739806079811 0.1699141899288095 0.004479293758017345 1.8751601032928825E-4 
0.03384731108853579 0.09085330490283527 0.04830199952478376 0.25270622609095317 0.05116782660694674 0.0052095172639532415 0.008049239308420606 0.01602509677267794 
0.03904587520142729 0.008543794917880557 0.004555452273806073 0.007052414495304199 0.03405400103725878 0.00792165984008821 0.22547687852520287 0.18196908794763111 
0.002552090553801662 0.020330835839570124 0.1383879070565087 0.19808486860381536 0.1316878792049478 3.4250063803863075E-4 0.004576473582346949 0.008967526817465555 
0.19504743040787753 0.04331851236882896 0.02219534052761051 0.0011274377372584483 0.0350532295915086 0.02533063383179206 0.00979242346134654 0.1736183765917343 
0.0091126105992489 0.09909808232716329 0.017603193497679085 0.12052996396475914 4.673169318495583E-4 0.14024780620049937 0.002206478621655616 0.11636660999247513 
0.04388955848927068 0.046786322822462006 8.961254841542804E-4 0.14680507098268178 0.015098508606275032 0.06762597566277295 0.06414193470807225 0.12161528902634886 
0.0345540652347146 0.22805242578623874 0.0029267988400842227 0.0289209986119101 0.011605035826606071 0.002200193583690365 0.07064201498156951 0.12758155177591568 
0.01208129083100934 0.018228650609927517 0.12918812991814776 0.001653479944630184 0.29388581625991916 0.0027513722834798813 0.03160280831253138 0.02063626508608245 
0.016614911735388243 0.002007991442241963 0.1322913759171434 0.018018887913614254 0.003487745234635474 0.09846046400570359 0.21545250595439963 0.02025152308822179 
0.384520360789935 0.01863514704432276 0.0037111851232400415 0.026813217810075077 0.02436885660386889 0.03850422545674684 0.004523453601053396 0.004558677943573853 
0.17019608591557692 0.1633759396270599 0.0990675867974682 0.005520755345834924 0.03021702032756355 0.014395875975490706 0.01692766503869551 0.00616437448176609 
0.006434215993459559 0.0517530531136538 0.2741570161551836 0.03794552066510063 0.0020452621393155204 0.0026664246522515953 0.012880864392020923 0.12020067254506185 
0.07244884965450651 0.0346847165386005 0.009891851531469039 7.37424804770198E-4 0.2148534001572778 0.08375417574184148 0.06421742148640723 0.025883634991660326 
0.0011636975210888461 0.14606216068504332 0.004808526679006786 0.19826072357484728 0.040161062707300084 0.11331661355360949 0.0017950809431651474 2.8453009061865897E-4 
0.11872033763767005 0.028275751697478934 0.06289609408307181 0.21287329905985125 0.005545378071536886 0.01949001776720725 0.008838906149827075 0.049905972168435765 
0.021957958503322623 0.06734717214354842 0.031076366282135563 0.1382726154469582 0.018564330718158193 0.01210667911708508 0.1183856783453266 0.10135851588442249 
0.057745042875635255 0.17582546837238716 0.0063068135330539 0.00543526144518142 0.10283306995865232 5.634237256413792E-4 0.1582174869756888 1.8657579830284756E-5 
0.029379166480986336 0.003291341749896865 0.2084461446709394 0.164913207765561 0.0032682402670241996 0.0028700000503468024 0.09425348302799896 2.4552688394280413E-4 
0.06253966520071451 0.0024063752472021035 0.07119619977304904 0.15617036076278518 0.03512613408563853 0.03335792929477021 9.423505889580417E-4 0.14260889166158136 
0.10129635632429793 0.017164849117126246 0.012690303324855923 0.20118686520870097 0.0183522827555175 0.13224516640129358 0.020666135862387355 0.001010721306118242 
0.15906906358396192 0.037878761776187826 0.03619762354714457 0.07421194968207992 0.023193096874287576 0.06275187117159445 0.11278229221738466 1.4955589250795768E-4 
0.0036139274463640723 0.005368527695982947 0.03828534555814679 0.12250162295949682 0.30960189489123624 0.0028943062397381045 0.007013521468187285 0.020631525414088782 
0.024563524965447597 0.17689372818035715 0.06026697113259381 0.11167075575318337 0.09458929716309453 0.006809456784898914 0.01811574041136613 0.011729539563990811 
0.023482447671182308 0.004378895444429385 0.08477133513215193 0.17511525335663114 0.18463142979331634 0.017719885513077977 0.00899536105900631 0.00695410299044262 
0.008214376476614391 0.06460376527487091 7.196422200510937E-4 0.003472038609571183 0.008385418987677914 0.296007364204606 6.414700819614103E-4 0.12614569358135327 
0.04456441667536994 0.2510736341956154 0.0036235582097427737 0.022570312220490777 0.03056239686294497 0.12255166922158904 0.008248034987408625 0.025162709328091837 
9.136596017856466E-4 0.1645644414732615 0.024846279888273273 0.08032406209715484 0.003889984836042462 0.053986816628471775 0.03967521786039317 0.141836455900267 
0.10833045506413733 0.07843320420100117 0.017332360381428907 0.026484467027588488 0.08754672721299135 0.02996650924868381 0.004119912294711676 0.15510147699516702 
0.030459733489155098 0.15709952961291604 0.1349063509254563 0.1431389785477321 0.0329078093723889 9.487872388602298E-4 0.002742648901587982 0.006461065747101561 
0.018710378427683368 0.0015136728753669647 0.05444760798439157 0.24030672307942344 0.038553550225606664 1.455340983375168E-4 0.13698766869825463 0.012970110037527795 
0.24951165383684148 0.17950167379341553 0.040093774265699135 0.0019161337447113418 0.010607690013381762 0.012784219565896463 0.005043321578788426 0.006226429135753772 
0.07365156233280694 0.005958424227626517 0.21432764755849842 0.034257433971924454 0.026088223150689458 1.4584340081754787E-4 0.13727880751827043 0.012997675310867242 
0.0116853246668853 0.09650019140223581 0.017591322023779766 0.0015753000563995287 0.008801822725213189 0.09452678853415451 0.0046078398190576245 0.27071125293772375 
0.07220078315130024 0.0023851359663957955 0.02181740315192163 0.002228303022497787 0.15659199767038606 0.07361593396257501 0.03936969322416412 0.14183984108146103 
0.0016783912543757056 0.21066423932880324 0.006935298029101045 0.11867337851231465 0.038488328674264896 0.04720189615516318 0.0015095512576473878 0.08075707769657106 
0.0021589455357900623 0.0010710485211911844 0.12455909164433245 0.014893384370012487 0.008389748662598541 0.1834328080190307 1.369601154774994E-4 0.17505613896605682 
0.1403712617300239 0.005327945486970578 0.0426514274353307 0.008220775499346245 0.0222006790520754 0.001689539197195353 0.28670076166841496 0.00140927633495401 
0.0599600372287572 0.06391747273824287 0.0012242483005306165 0.20055880770921408 0.020626936549208504 0.013232783427298441 0.016920934444329308 0.13041756538445692 
0.16070467076950276 0.03250946335545352 0.055907506234264576 0.029034281952920727 0.023771288642876042 0.10270117768756161 0.003366790421565838 0.10063435424427902 
0.11652931197864451 0.17897474290533275 0.002920387543210933 0.03479213728528346 0.01307904483894838 0.013233093796581793 0.016918123836434863 0.13041951304511445 
0.014652182449453028 0.3532339890751956 0.0034035683818311874 0.08913244479201364 0.025871528557316247 0.0011114242375400297 0.0068133300407728185 0.011171877801875748 
0.1260272692014047 0.005258979636979726 0.23965299751927255 0.009670264254647508 0.02667253835118734 0.0035274932131578157 0.04943031612213931 0.04730317790148592 
0.02626384127936811 0.04117329384569737 0.024624744552445656 0.005612269683884511 0.16816560312858808 0.09989783912806469 0.12178287216208403 0.020485770980849805 
0.1662716559017876 0.039137943556955844 0.0509849706918625 0.008902438515067487 0.005612654185452361 0.13827158136105216 0.0957181460159638 5.728055449512336E-4 
0.025349678814154467 0.19936810840912242 0.004281725433479708 0.03312356782355081 0.09823437083619897 0.002590530950285923 0.017082260040916175 0.12796160434825515 
