0.07747686538347873 0.4122542014807315 0.013290447020660828 
0.35630251415772135 0.04114189989753248 0.10506436861235573 
0.004083164564768705 0.12680537301580075 0.3727937205410928 
0.09845279726285361 0.31083696045236037 0.09273129655539274 
0.20480620126429952 0.06627149707763644 0.2324809368502775 
0.11513410665110509 0.29569058686605154 0.09292308568457823 
0.09208045552292618 0.1548610066826254 0.25657687085920433 
0.3672261770926235 0.06405951244901692 0.06972282383903323 
0.32530791368159917 6.03591105829597E-4 0.176072690339352 
0.08614057708054626 0.27839679751522173 0.13643536049128901 
0.1788049918897897 0.010312572784544753 0.3119208138135709 
9.249004626208109E-4 0.08444439148596879 0.41563437052116664 
0.008133248246288584 0.17333935230764064 0.3206257951700081 
0.0401712170902762 0.2238492126181616 0.23739242778496134 
0.034274701431054024 0.32456857005451684 0.14429903319733065 
0.004277304611209598 0.04208156890122226 0.4545727915094986 
0.11925047438827599 0.18923265240323 0.1984981365288654 
0.14515712662071567 0.02548569919618356 0.33292376919616107 
0.4561289981086568 0.018382692865434817 0.026457846229096516 
0.08763118967516852 0.011111181933544843 0.40435233579264984 
0.46811982616886305 5.995753374029595E-6 0.03540336476345418 
0.004503355053176276 0.39476877007805744 0.10720233013135029 
0.05411911475351531 0.12184473637785277 0.3260417575363531 
0.40700762145175773 0.053441970016129145 0.04050791716929136 
0.04944986387904308 0.29521181250516104 0.1581176474894654 
0.002114083333458327 0.49983920804911824 1.3186681262651348E-6 
0.05781736844640029 0.19091964709316858 0.2532595963215193 
0.19371295394322713 0.031926506774917776 0.2753085909270438 
0.15096662358467425 0.2454209604479128 0.11518149923559436 
0.21321677067434605 0.029669436313299036 0.25784526116977713 
0.013156576110650483 0.40858616273192294 0.08182521948874519 
0.2427678444058022 1.3651887632354484E-4 0.258857082105157 
0.019374476106194926 0.48245756463712874 2.4829192782687407E-4 
0.05976693130625262 0.3283396855699558 0.11253464025487589 
0.10327223705602448 0.36259759112202394 0.03833257789414724 
0.0048672535015726786 0.44438539795255977 0.05175817182778925 
0.09808972010579042 0.33940026340699264 0.06361279769161536 
0.07967879752255315 0.23790685368807812 0.18570274622660868 
0.005067388611020726 0.025434113727945937 0.4704739699090327 
0.02251716245121176 0.35275442047674144 0.12566531809227882 
0.49053704181334923 6.2828766463694705E-6 0.01172818773793595 
0.3377896377807196 0.09514259142433587 0.06919017159178906 
0.4271025974435402 0.03794956593485612 0.03699399932918445 
0.125038236816128 0.020607987403897923 0.355301827613279 
0.010698363299630118 0.0012118209770792716 0.48910909700307 
0.12401163029189664 0.3184900878272874 0.06013182565258435 
0.15163357459084523 0.32074348053189006 0.030912219161188796 
0.08237433077967261 0.13391295967391323 0.2952899097095739 
0.1043709324384582 0.3837055104808075 0.013245543412604654 
0.022583908226966373 0.3766371394580106 0.10718861612300554 
0.38950662414918097 0.004673602472418211 0.11113113652156863 
0.24829778979211692 0.07952415434058019 0.17609112986497738 
0.003111752291644307 0.3415533821153051 0.1581192338985701 
0.050545668366103816 0.17630810562907812 0.27603653089934976 
0.04751047229072842 0.2689593084331717 0.18709500478115018 
0.031774614881289215 0.06721137186856503 0.4043548439812702 
0.11743488409013289 0.006004251464582981 0.37887066353199234 
0.4532891464146182 0.04027633278837692 0.008480689331657805 
0.007761978618789957 0.24105337379466724 0.2548339193732082 
1.3827245951227322E-4 0.31634487816461543 0.18710290898464566 
0.3201448638943201 0.07253896292333015 0.11203090984898308 
0.19809282400025569 0.010128158577770075 0.2940971887231597 
0.028177898284046505 0.15997080366666164 0.31278261115499273 
0.4722813630799776 0.01864653750829721 0.010041537970576222 
0.3350983631958814 0.02914701593627382 0.1388734512159148 
5.519893525064808E-4 0.2077493580833142 0.2927040802546163 
0.2989215647083208 0.03247039166982989 0.17096594901096576 
0.05412985236518621 0.3133738694244931 0.13345077013715076 
0.2841630987389258 1.2086759793168613E-4 0.2180054221430461 
1.3580034002761833E-4 0.38029698946647755 0.1241028281510632 
6.996424547284602E-4 0.26332078725370933 0.23739242778496134 
0.2741620275240573 0.04031777758567897 0.1869169891749442 
0.22072149174016786 0.050547009517005144 0.23264457274050152 
0.35353632033230104 0.010503935920067264 0.13798971847958577 
0.2540702459597232 0.025610786834797748 0.22379414985961257 
0.01973198536700589 0.2945044143014476 0.18936152315606297 
0.10872924426511842 0.25938383066391196 0.13520080987900124 
0.12790372282709095 0.3682331579750565 0.008140913158602199 
0.44858631435448953 6.655949291981732E-4 0.051758086322705905 
0.045639316006026984 7.195575064048781E-4 0.4545727915094986 
0.06834016444908243 0.0034941196192462697 0.43118482446400297 
0.3945931865671216 0.02275815073030551 0.08368660295147755 
0.04298196158168368 0.39999268850768627 0.06019609266356372 
0.007407805469621106 0.1578783978112401 0.3377263760468268 
0.06323754826482253 0.22057859159055115 0.21907859475188793 
0.2950064836699937 0.014674937526318531 0.19106651399751107 
0.03913830804507415 0.13651814630236 0.32723828025982754 
0.027673068809972463 0.002826535921906101 0.4704447000478257 
0.02420851627648269 0.13299355427177378 0.3463494220876328 
0.05146692703034342 0.42960684613613176 0.027194223704050544 
0.4284783758499785 0.007625365548138592 0.06749399063830289 
