0.2644754841928556 0.06020549082790254 0.17446499139715768 1.2210940376157885E-4 0.002181938727331878 
0.0767058875763088 5.052258852490059E-4 0.018777189216512922 0.4004959389122367 0.005828439088121563 
0.002240849646526502 0.18074670549740124 0.1792105519626081 0.02232617772705939 0.11735721044211764 
0.022005135001180055 0.20499689364196624 0.047173953498175075 0.10206155170341662 0.12484240156880134 
0.08781968645805469 0.021065933391485027 0.1866414080167027 3.4278830012236637E-4 0.20491089744241864 
0.2066290990965926 0.012071171270607632 0.06168533921649683 0.14103607258114462 0.08110287174259309 
0.03255608119563774 0.1689366948611005 0.02144768346033872 0.26563641968501667 0.012830601722781762 
0.005217424428346039 0.2944350921955728 0.190253800317434 0.008842370718517793 0.002132893454727292 
0.17104782626501072 0.21845983843234681 0.10933984805637806 0.001444293798939264 0.0042276908149638795 
0.11172631380353451 0.11926749173090806 0.10425619665838273 0.07516911914305367 0.09192415181905765 
0.01705496174487416 0.029721906594783572 0.15237040373737082 0.04352768504318991 0.25908494017629763 
0.0091354541434584 0.10973895178878317 0.28628880313983873 0.08969606225966492 0.007422760771628226 
0.07539326645808388 0.007532692979018747 0.2807633413441903 0.02003763788125879 0.11745786922826774 
0.04232726151591444 0.19937663565105215 0.01246618011297638 0.008949645044842908 0.239486052137464 
0.12103615417827884 0.1071498290365423 0.06709929723575146 1.1052780974435018E-4 0.20748587930762907 
0.19754921238368123 0.05148632137312058 0.23067573909812192 0.0012295542211923703 0.02024288628361534 
0.28859273778610234 0.0032856269735391896 0.02144408421873804 0.06851804318768884 0.1193504108067013 
0.0267942461305664 0.23079810602353887 0.08515913883455621 0.002261826136115789 0.1559645998226427 
0.0011624199191787117 0.11918518160841357 0.1305007163791329 0.157080853528189 0.09456229559066402 
0.19202365630792956 0.14943721561918644 0.0026197952691696374 0.07208023841883474 0.08544934687071934 
0.13500641714514833 0.21893867377589515 0.004386166335345121 0.12410625287571178 0.01952659643435406 
0.1496641333670287 0.016997253540490136 0.14075813252964867 0.11269051641502523 0.08096161124780003 
6.446586021854028E-4 0.0072858062433722535 0.354244979320999 0.043319866976684385 0.09608763739300845 
0.3257251161336352 0.017359359100698815 0.0037407606925723602 0.07671097858011826 0.07810305685305195 
0.3686801054645224 0.02681651208738878 0.010671672092828788 0.0907264388379243 0.003940851484020588 
0.21788983819397126 0.12372096743019786 0.09194650732252066 0.06859777899939273 2.2862852590533329E-4 
0.19337010866311583 0.10248333055167157 0.18576751806589895 0.00614838774039049 0.014440066735804747 
0.02354080047167961 0.16440150486056224 0.06622777695089423 0.00894964522101157 0.23948605685161042 
0.0026265088079706622 0.25906816411619876 0.14215194047758753 0.016258659510890686 0.0808545859396643 
0.11092814149252951 0.0059471378941918515 0.026132233126758456 0.35596801746405454 0.0028781827712328267 
0.054798389572323934 0.11268279924339987 0.10393268180252811 0.030681746827386832 0.19867806025937396 
0.20407258091984712 8.172013105226563E-4 0.2591169857803614 0.02762909530786577 0.009518857369537687 
0.04359414194827159 0.022148328679761266 0.24018562343953848 0.1928092709959121 0.0031722427417337795 
0.005457125827981374 0.0655533111696472 0.17101656878164187 0.05358055443537476 0.2055586157948476 
0.2846161999830885 0.08115969160843742 0.05368175551575909 0.002239986803820387 0.07913904216651477 
0.20346896211044488 0.22612092329700859 0.03513040005849029 0.010297753906887624 0.02782641435199482 
0.01857085169435557 0.15508203514016367 0.11816535755928581 0.2094604930610943 7.919187269967669E-4 
0.03767428748912764 0.13093166098820747 0.005563836549659196 0.09574310865784322 0.23269288077741235 
0.11647576147491458 0.19957761136414903 0.07092694212447936 0.08980810043938331 0.025124304211723306 
0.2201901831509967 0.22325034725145726 7.28167593929612E-4 0.05620580942099776 0.0012196125787587427 
0.005819894153354666 0.1656711959254987 0.08518240383094955 0.1334386029581698 0.11095790349287499 
0.3308149904860026 0.01694263637718789 0.08075395335593494 0.025515548708816622 0.04773143969367053 
0.1341819387871906 0.1325410696980081 0.04162526784340265 0.19262415462960306 8.385858812657931E-4 
0.09724801681795159 0.07488248336436959 0.16382342949993872 0.073637027353423 0.09212513472034921 
0.004466825655832845 0.02819099129901162 0.1789648725370416 0.004054103167118947 0.2863794224605452 
0.07998267607934206 0.13049986676283012 0.02133643359410204 0.04344573011448891 0.2279387840005991 
0.15387730951475861 0.0027252068562939697 0.2992946723701895 0.039888684428264716 0.005880335242803073 
3.673025388591849E-4 0.19224708460214388 0.30604121803940193 0.0016637936714589687 0.00132914775642657 
0.060883930855688995 0.20982240902705884 0.0010488020382510865 0.14818995054024248 0.08112807437211272 
6.852793404266003E-4 0.2998037574529361 0.019738219054252135 0.01595762005654564 0.16527191900934085 
4.7527129042591827E-4 0.21309508248301925 0.2038119186096307 0.01906349169703819 0.06450346091191664 
0.17320613463801113 0.2836238974127828 0.011957728431969636 0.030534315051088792 0.0026902136628432325 
0.0749055037945323 0.29788167451703695 0.05476740351760481 0.059749606519963916 0.01513734454911836 
0.0035626735908416093 0.018699478439612015 0.0992899257689825 0.36028017405796375 0.019908484022218568 
0.012900604124017681 0.031460260435930885 0.04577361099167385 0.15070860033804892 0.25989187297800426 
0.2565789265043545 0.005301093260727865 0.14225262045247108 0.01597263269509411 0.0808545859396643 
0.013023808023285528 0.06835833009207634 0.022836253767981724 0.378625359376385 0.019059453081152113 
0.06090922437442079 0.009223664737005872 0.1672079682640779 0.08206690604588154 0.18177693177109377 
0.16603507301127182 0.0014461158044519814 0.10393268180252811 0.030681746827386832 0.19867806025937396 
0.0013021948581996242 0.26841094139854277 0.04369533719256909 0.17555765933532527 0.013268035261441193 
0.09653121657187322 0.014521566938551063 0.09982027198833925 0.010699861341749753 0.28007194709805255 
0.29787992141049596 0.002967249969165974 0.18177324182124308 0.005149648057987599 0.01444008793951909 
0.03852305831041622 3.439093195793031E-4 0.22927315230041662 0.0025305428360296585 0.23115093070841816 
0.005049643282819317 0.4381428418106111 0.057763373905031674 3.71960878471916E-6 6.248209014115924E-4 
0.19349903294665124 0.022003409872695993 0.20410674790745 0.024985459527562287 0.05750695642259234 
0.13716618669456856 0.027483774588509226 0.036666015097544025 0.13555137573203396 0.16427728782755352 
0.1340462791729964 0.2633013085484231 9.801646791148602E-4 0.027909193978168406 0.07685429392027739 
0.02192980284734102 0.09472546369865041 0.0774486463244339 0.07241126761178342 0.23493544620909296 
8.825812618746487E-4 0.04794767598740564 0.26457713015790324 0.17555705098223312 0.013267989284237414 
0.18976300249833739 0.09530916437398258 0.004489921684762782 0.11344314822459625 0.0988743745128407 
0.21767952684391717 0.15070030870531942 0.019155752242555453 0.11144005434282307 0.003190108840210102 
0.14498901037247194 0.001677488444515308 0.35122209142025096 0.001661234481117784 0.0013271033069502888 
0.16140009970736804 0.08904217483610563 0.011466561254489754 0.1757889716943306 0.06329247589131214 
0.0646086350628211 0.01245415584651998 0.01787332019237249 0.17344677225623364 0.2327242041666406 
0.015953085730539353 0.12065071759890858 0.003627908747211418 0.05683511923888964 0.30527174454865347 
0.015742374543017034 0.09877315798881271 0.07846560864542483 0.11433102576697453 0.19463600671016892 
0.041658190242461646 0.33447662826166824 0.0018609950831839782 0.001358690562192278 0.12227942662095542 
0.015728691251370747 0.13230222113136256 0.27833673958275335 0.020952856753816602 0.05399845518652428 
0.1205324989789661 0.11417502799332639 0.26250680553491523 0.0014767035365797912 0.002084487701301492 
0.0029345660274892617 0.22600656937770722 0.0016033857392845267 0.06647889833949151 0.20532926110006647 
0.04582483369862581 0.21950512786720613 0.10760796100309966 0.1250590321633508 0.002737229323978936 
0.032668928308145474 0.34807314564178365 0.03189109354409275 0.07898004819451009 0.009804147731432332 
0.12844566611289954 0.012788477318438003 0.0014188461495274658 0.0029244147591355957 0.35537833213151904 
0.1847412528426344 0.03579166018921117 0.03760418495871571 0.04857715165418442 0.19408132444364015 
0.06414544262280514 0.1478113953482356 0.1905226911287148 0.08714344736984632 0.011790371348911165 
0.09733474933568795 0.018222785690054703 0.026801479673714265 0.26008766648071435 0.0986602795792848 
0.00684141463127354 0.15234225080769387 0.01929096896706044 0.12253506419209312 0.20026711244042092 
0.025553827789289236 0.012982812635119082 0.14079098210305255 0.3164798348874445 0.005208780076186185 
0.18952092480294158 0.10740764157409532 0.004209301427082274 0.030158043017901218 0.17017289342096742 
0.13586487792505253 0.03546704480667304 0.04878325580112825 5.945294372395181E-5 0.28229539006849796 
0.3868241660172467 0.01853800076181634 0.09063523696904145 0.002727889957174583 0.0031885082836495835 
0.0022580790224895884 0.01155518735166641 0.09029876712643861 0.11316233322919257 0.284769416262169 
0.07611701014609414 0.09336030332571436 0.04983570187418454 8.109939608842801E-4 0.282230485201639 
0.0038584911403468066 0.033195328966605285 0.1810915026381949 0.26850748950411607 0.015126583526350924 
0.08393242666223628 0.0035707556650819905 0.1359498206305934 0.2765358039136203 9.058903988718331E-4 
0.16387741856871818 0.21367140159436304 0.0018679911122817033 0.004236544704084486 0.11797750393539996 
0.057916150769441455 0.0018580921679223449 0.050240874788142105 0.3066790732569492 0.08480975476459497 
0.08458745516819621 0.13357431200847344 0.006838418584910752 0.24864856152337664 0.02785390474429343 
0.27553647626433164 0.003534275050864795 0.07961604001557795 0.1406216553533733 0.0022016255740230166 
0.1258732038713219 0.168476023632726 0.012865410709532461 0.015371706163844263 0.1786085913612885 
0.05593141043341464 0.04770588396307958 0.21223467639547944 0.06904024099956863 0.11766698731843321 
0.009005108946687192 0.084415121430977 0.31148527929192626 0.036645532570795586 0.0602536027734393 
0.12515090545469032 0.14048334130039253 0.006898502874454193 0.10442658958988671 0.12403555070759578 
0.05704829129601498 0.028983809516016854 0.31431240067421523 0.09839286357723637 0.0031722427417337795 
0.27841666956161215 0.1654173742867658 0.05237876950888234 0.002729074668435276 0.0031898930395333454 
0.11592848302506127 0.37392784717312366 4.3397865383959966E-4 0.006067991500668889 0.005294352313401921 
0.022378109200516232 0.05432834997489607 0.18600569064860542 0.16671110733684466 0.07222241232857382 
5.818213910682726E-7 0.008826623839185492 0.3943013868152725 0.002703780341744848 0.0961675087480014 
0.008438037738959634 0.4761840739124787 0.005284205289914515 0.008842370718517793 0.002132893454727292 
0.09115108068937924 0.31594945861406193 0.0019340238508159847 0.017511281096197952 0.07462927939642425 
0.05983465034537882 0.28902075006138805 0.1413681928111553 0.006134351130354508 0.0052943485161191794 
0.2657945391615077 0.22878519230797195 0.0033829846198868935 9.158478915124656E-6 0.0035783612479683277 
0.003570846818634519 0.29885058179520135 0.02316877940977838 0.07105323892842223 0.10481109711093674 
0.27096991905144197 0.06648399150899702 0.09610340263915695 0.06859777903940774 2.286285260386987E-4 
0.14313633705649095 0.021453140875351998 0.07201702805263857 0.08280629416897241 0.18177979820643536 
0.018190999649003975 0.10116703805024753 0.01713683583391336 0.24765875526399947 0.11814314219089961 
6.931318386482172E-5 0.2515726270423067 0.15852646327412936 0.08880821532253197 0.00320218100119346 
0.15780141809763512 0.04375147764347594 0.02145408283596597 0.26571567799899665 0.01283443000755198 
0.07072032957909198 0.007041151002944198 0.005397503591693061 0.06255202747946359 0.35570448950695854 
0.1540607321863348 0.0013303208502629003 0.1496213298215898 0.19515800109198816 7.64806560811032E-4 
0.036404758703144684 0.0746480248072796 0.09982027198833925 0.010699861341749753 0.28007194709805255 
0.04535701881755606 0.41147379323025157 0.011957748848736955 0.03053436718574038 0.0026902182561459407 
0.1272205073299996 0.06420112438899599 0.032212204351016585 0.04096906248375844 0.23689310702400176 
0.22684592865277647 0.17410698409463915 0.0035521958149862345 0.01598735385213703 0.08092910546815903 
2.757632422263038E-5 0.05711889221847139 0.03239209148483857 0.051167651951314855 0.36127596421655567 
0.17891994087013185 4.8408866531370526E-4 0.004695979936247691 0.31462816782992126 0.002687013898168305 
0.4657961582250148 0.008606100958865067 0.001165241873561594 1.1634124666828889E-4 0.025864737450674604 
0.11220577699303554 0.1912323111322895 0.001308026031677964 0.17972088865310376 0.01776599989481437 
0.25057494064506924 0.01432464124809746 0.08281338348417912 0.07621446537877331 0.07693099824127764 
0.0706533071060485 0.12840529305681714 0.07412185609518533 0.14767819269594024 0.08092079841879382 
0.060784111172767046 0.18096588114553186 0.21900529338076538 0.0013684218563425603 0.03865888461863545 
0.09625743164104046 0.01928695123370334 0.02573065947849198 0.19593931935749387 0.16444651109975308 
0.32353417819033264 0.08608190475582318 0.0058376349722887725 0.006240725515314707 0.07913844341683984 
0.053319602588247694 0.005327268799049338 0.19856136343613234 0.12651800250067305 0.1174576545502987 
0.02881255657123199 0.2861731274686255 0.07039774264113839 0.11553479438812767 2.1734355704442445E-5 
0.03017101897883379 0.026256936838263713 0.25822243954273466 0.004843279007082026 0.18182582422103416 
0.01036228076317151 0.05527876711741477 0.34452651949559243 0.08880803428788754 0.003202174473580031 
0.1965606065929666 0.00610624509430911 3.6357943641912046E-4 0.07955704511821689 0.21871140626168584 
0.1396004407538811 0.0363834057840938 0.1795901927373442 0.12532542333693983 0.02024114524585996 
0.12638002063918152 0.15512586236452708 0.1286368066769797 1.6161379352759575E-4 0.09189843534046692 
0.09695036534766653 0.005040630765227222 0.2456784246149804 0.07620492091966467 0.07692136404961532 
0.12016816407001622 0.11496739737751528 0.08622876752069736 0.038249046551028884 0.14157004943837148 
0.08974069826682543 0.08986363496244962 0.3191573874299151 0.00219844705735665 4.202690762836425E-4 
0.03100123797361796 0.2688783498427836 0.0860563576696666 0.0030751885548749086 0.11235574533918381 
0.08920607017168958 7.279381469371807E-5 0.08547237218673862 0.32634969287964244 7.662294499352736E-4 
0.05747855134286804 0.07741849247772441 0.1437245943701328 0.14986226513651882 0.07230904019093569 
0.0066662203128192215 0.08007746719912226 0.20890742866790973 4.143029774341273E-6 0.20559178456555105 
0.23635121344790347 0.013149831400352037 0.022249858368768388 0.020146131498898177 0.20905486538166787 
0.3153656409106986 0.016907548691892788 0.07429321664965399 0.0921600221716464 0.0031885155382639814 
0.19066235328177178 0.051188360147427774 0.13244718433724667 0.0246330887389755 0.10303923833971636 
0.10162011557234384 0.006037269199178394 0.09538433784967579 0.07956146966763711 0.21872356985353783 
0.39483812754213427 0.008157621381881084 0.016613334852406084 0.02498545315924542 0.05750694176516648 
1.3574083609164699E-5 0.17234703564002918 0.11147586604853786 0.018257391552922195 0.19867690926434428 
0.2853192688238135 0.06849421190602022 0.004641938054106679 0.12906937566501925 0.014687216442696046 
0.21378754629997848 0.004068957303099993 0.057454356045447325 0.1009204718205865 0.12484034350866942 
0.005924163470106214 0.24054566440530303 0.025262072211922795 0.1481772766082712 0.08112113590096941 
0.3742819305792982 0.09406368325769324 0.007458382448292221 1.1639910207173234E-4 0.025435170538908845 
0.0014929783622271205 0.11498222041737109 0.11407106153655261 0.06647939984009564 0.20533081005396098 
0.2884952876943082 0.02098414656755486 0.0083506732936427 0.17331494663141433 0.010347755584610445 
0.015145629967693607 0.04418247511537762 0.05068701264243467 0.3066790732569492 0.08480975476459497 
0.05759874671586152 0.009872179665383642 0.3980056310881076 0.004402985280655385 0.03209906523921995 
0.33557769657795866 0.08433662322516969 0.060844630224014755 1.176112654223184E-4 0.026147085307269818 
0.008055465020372651 0.06930268895374922 0.4023967951585041 0.007310419863715495 0.015139406988862517 
0.06385240610278209 0.30585884191960006 6.642171712938945E-4 0.1276270568569363 0.002737259924621859 
0.008379254032988405 0.10463316855679276 0.0016074777757539376 0.3152826770915204 0.07170231240181944 
0.23454408990951334 5.371348334000706E-4 0.08620884119801987 0.038240207704486176 0.14153733448061798 
0.002652859265601343 0.3537754606379954 0.030266195203624953 0.011484681642123568 0.10327319357763835 
0.01658136204730713 0.0016489933685959156 0.08342472770915502 0.2821485065377273 0.11738426854323454 
0.004655366236491148 0.04198557970154386 6.254922253281495E-4 0.02965100004212654 0.42480227422616845 
0.25701368146725606 0.15270108794502502 0.02130516889252588 0.06819631358818896 0.003191647134372053 
0.005165573101339607 0.06411443366441776 9.854321200093216E-4 0.19513074885080894 0.23620870212229936 
0.002707606596427975 0.19783781292956454 0.020553182718715635 0.19930169239143225 0.08063001796043227 
0.013211591352022637 0.1312206505069641 0.21113261145343015 0.11258465744916257 0.033536312366226624 
0.02417773292131252 0.2422413183708154 0.006918884193583129 0.10467923418191993 0.12438362162280465 
0.12288891565873339 0.09563497404222596 0.001554193166866826 0.2776193598264813 0.004471915319451887 
0.16469370504801872 0.06230885106012945 0.04717406311221517 0.10206178885502658 0.12484269165430399 
0.04309906810932181 0.20644846238858927 4.4833300500682826E-4 0.08614565294869475 0.16525060305956615 
0.2566328833485671 0.06374543015811156 0.004565864782060642 0.09752067629632297 0.07928302473692705 
0.09530984592882398 0.08771492989459524 0.1254078823602844 0.19267686769710804 8.388153666813313E-4 
0.004862002133880494 0.21292032272163644 0.10753334490711533 0.1754501673554646 2.003555299695388E-4 
0.108777171920437 0.007186822342339153 0.2793369268695452 0.0866451681925099 0.01890751522789951 
0.08155980484673042 0.1535855419777068 0.12456882916997573 0.12094092244902196 0.02139111580842574 
0.09888433279052548 0.09438160416898521 0.21685665688707545 0.09143139940123879 7.24515268134605E-5 
0.07776124552914603 0.0019865319973067738 0.18265034686097223 0.16881229833086275 0.07117126582050061 
0.050968610186729164 0.0012101640460228111 6.40278146706261E-4 0.14528670206837524 0.3047336450928105 
0.03190587901484863 0.13781697926942504 0.11268077313293336 0.09996963870644897 0.11909252460416134 
0.18604155726207078 0.006536389620819749 0.21608468832223418 0.09110592096220727 0.0018578886073063962 
0.05520689869365172 0.26444607386028146 5.742832936816807E-4 0.01595762005654564 0.16527191900934085 
0.07312584068404776 0.003111008703909307 0.1190903540831519 0.24172852690754107 0.06383896689175378 
0.08540091003708168 0.17686689894245675 0.09983362775315664 0.045308656545960446 0.09457252600915479 
0.29562012766022794 0.013422826102482242 0.023887399645114354 0.006397492422345453 0.1616171698207184 
0.028758996172611948 0.08724463042045022 0.10408549904641963 0.27763328982422475 0.004472139704993111 
1.2699792070847821E-5 0.3488453294871779 0.14136925812059717 0.0061343973570342795 0.00529438841278441 
0.22924662768791051 0.011172232603087019 0.0644823736636987 0.19341148753490403 0.002434188170742714 
0.2450759593705864 0.0903489675477064 0.13340613021156558 0.031235752833514416 0.00118359526238829 
0.3483783960319717 0.003966286413795152 0.025886499160749973 0.00683226610387488 0.11619443950470865 
0.05447590199649166 0.20230378388372028 0.12233771856260992 0.004305324231376572 0.11795527690713327 
5.8115677950481E-6 0.07378814737971368 0.11867420514234461 0.23819030301593758 0.0711035900309873 
9.699840532924309E-4 0.12935347144668596 0.011066447090512107 0.0043245995010287855 0.3557130102396676 
0.10745720165052614 0.0022201380886852054 0.2947902778629682 0.015985872087791803 0.08084600182975266 
0.00867866690445784 0.07641138441691844 0.0909221687745991 0.20966246189411095 0.11594219940841653 
0.17065419605240584 0.008316756465381313 0.056514242346771215 0.21065273169558774 0.05474244501593798 
0.06359580426714562 0.12553853317115715 0.2128213461724474 0.02039554114673735 0.07929144955943866 
0.01931522288861863 0.1913355477277757 0.005162464567786631 0.1627617339056132 0.12275890734382379 
0.061719457078157146 0.07882720824838965 0.03739354274597742 0.3220965028784978 0.004225535142378559 
0.20895135387000877 0.0092104133066609 0.006838418584910752 0.24864856152337664 0.02785390474429343 
0.012978212783506667 0.09036667148118685 0.2200729139838909 0.17596431086177688 0.003175802146045415 
0.00461217820476934 0.4001852709972717 0.09619460359819092 3.7198775245304577E-6 6.248660443986263E-4 
0.04467307808499707 0.04945649076955696 0.2867249864472927 0.004325051623470079 0.11650191208347246 
0.15263149834766093 0.09510748348814896 0.2227358873818039 0.029666276153601238 0.0017782787480305207 
