0.14789074279413597 0.13189145315407044 0.23540011689071746 
0.12090262846258605 0.39138586164976985 0.0014167190343634861 
0.11937183223129962 0.37445171741206024 0.023227923972254837 
0.39393758986243216 0.0026322263346615074 0.13325890911702468 
0.4788774833906746 0.03794400360392735 0.0020737624055951406 
0.08380218971321905 0.3806274699962051 0.05366629893567929 
0.01894468085088323 0.45140200483495285 0.04781369038430601 
0.005804139011551222 0.36872608851845784 0.14525437974508823 
0.27940227728857076 0.15481258021752511 0.09483224064716055 
0.18536361099166235 0.1169289481084499 0.21340457297125606 
0.3430057352536513 0.15807158891129228 0.017608255849666635 
0.1917484083107022 0.24184171539250937 0.09725631659465982 
0.2668897103320007 0.24888329639085294 1.3112663409350333E-5 
0.07549329865314039 0.40319469715506007 0.035562593788830796 
0.05552221187560298 0.2336810818227136 0.23076946219124686 
0.43490812752054564 0.0037071306484830926 0.08062247740245802 
0.006903640961963623 0.1869395911376604 0.32443544271034436 
0.4335424831191176 0.11145142081038958 0.007576687163252705 
0.2279607625759978 0.27322783009141277 0.05220350325857541 
0.29082631467941983 0.12411092410961107 0.11453145583054126 
0.006016521237049648 0.38221833381496567 0.1315513734967751 
0.17631419997847445 0.32832906360397807 0.011123057200653588 
0.1971954603075308 0.1672356407035507 0.16759835555129535 
0.36645224213525396 0.09420443125041003 0.10212770988818663 
0.10902892743282262 0.005040765706180559 0.4041850246815951 
0.21974109618949778 0.22553214941836713 0.08529301072269038 
0.44852280581113757 0.07862071685309865 0.0021759737273858563 
0.27181546695549325 0.005258070565436175 0.2434832521426877 
0.11612435794051305 0.34849657882239005 0.053688401597119906 
0.04499375153395511 0.3863460167019854 0.09780993452599203 
0.12748112618326587 0.22373722539059013 0.2020261311948324 
0.46302009786686554 5.885202974583167E-5 0.0548893967888261 
0.21129330028226959 0.00976878381808183 0.2971907527838625 
0.23167896411699726 0.21591265635810122 0.08254632752376655 
0.465062774619423 0.035833370595836266 0.013187050319693638 
0.002252302005247492 0.3494815520108011 0.16933644197405132 
0.20395283463128536 0.23913070929118602 0.08558573848951471 
0.43839228296949556 0.0337783929381489 0.0419125196273085 
0.061902556472254414 0.25434878994000293 0.20143214851717506 
0.2804124709027629 0.13439223244778029 0.11449487324575461 
0.027914469848439517 0.2563728321390288 0.23471058376445741 
0.4166690710882344 0.06945046570807566 0.07291266134547396 
0.2865929121531094 0.016470928347843333 0.21557636433506516 
7.889428683183928E-5 0.23369677478288853 0.28455622280198306 
0.0020242561330485417 0.31409649922477895 0.20414973508488118 
0.041644056442291896 0.25856506302547666 0.21354573481322103 
0.49375282450479097 0.007084371099520003 0.017599817540989472 
0.14999353787654776 0.06424637013148919 0.3454170188611635 
7.202972779617878E-5 0.21336291574997845 0.3047560401774563 
0.09958194732368908 0.10451129891572616 0.32079831348154786 
0.017195458826497895 0.30401008898395687 0.20076777653675834 
0.035055896694877235 0.4789927195776042 3.9266474100884765E-7 
0.05771889644697896 0.2455660521288124 0.21573364365555436 
0.0022998414209856196 0.3019647705517259 0.21552161657607896 
0.15532245381230306 0.19590576107737817 0.20203180472392898 
0.3147652318834447 0.001475812383390072 0.20142558670072633 
0.023344372906881145 0.40063729736154924 0.095065070960315 
0.24776861778311335 0.05552898521021042 0.2157426450373091 
8.549740262898485E-5 0.2532561995179139 0.2653308065051889 
0.026199907111629787 0.10600992368376626 0.38794166577602285 
0.23255788375842493 0.03908931430809995 0.25673190928783446 
0.4777351242854671 0.02208726516749286 0.018432482068068485 
0.05446421349058782 0.22037280861467934 0.24560944961872222 
0.0067984462634849896 0.11527194964310152 0.46784987953380514 
0.2914596067008426 0.22979112842404825 0.04615978173476531 
0.0439368496884633 0.2728008575384876 0.19751343625097711 
0.38546975338057465 0.04811454468249632 0.097255009876008 
0.22415069352235603 0.20889670258747436 0.09709055188903463 
0.29844799861699917 0.005773257329386368 0.21639966088320903 
0.0022811121054926776 0.00217678452604231 0.5836054200047094 
0.15897383113807012 0.006508571874668893 0.3655454269258623 
0.3162659780877168 0.19950327867722745 1.3112568072961605E-5 
0.3564671366257011 0.027466010416332027 0.13017703592165603 
0.007599131695805411 0.1288480767841127 0.4540919161792321 
0.2536868124217444 0.17971816853526754 0.09717072350644163 
0.09708995255918836 0.3927079217242306 0.02723217957547188 
0.10012791774617946 0.18835878581688315 0.2310797733755746 
0.05286361511904614 0.3310533312302035 0.13017154288678087 
6.798829856037189E-5 0.20139159290965097 0.31672633835454067 
0.016425566332061006 0.49934539785342297 1.3112611481264373E-5 
0.009785811608394257 0.47764425213312384 0.019078029049162108 
0.06346663825047047 0.3204783510785866 0.130181051187947 
0.022025322758159854 0.23746589315442038 0.258938156577545 
1.7487650141738756E-4 0.5180105684162877 4.746450468828479E-7 
0.040155092533482956 0.16247532011667123 0.31564381861761337 
0.09952830217158361 0.4090641628674387 0.005456680450480765 
0.0393680619527089 0.4244465380147563 0.054446730865404226 
0.5092391019411143 0.008985052790887533 3.879203123483907E-5 
0.0029752151702036227 0.050446652070953876 0.5366861897087316 
0.24791214520968333 0.25701565935659193 0.024529912488661793 
0.051790118169738525 0.46225842994703814 4.708557517660426E-7 
