0.040256322987434805 0.12300223352289903 0.155443790552667 0.0072772759360849966 0.17760717542842702 
0.024763744546513936 0.01664503322589672 0.02963030743709626 0.4212287901625566 0.008783638313438084 
0.1820526226976777 0.12732165023265168 0.10678545427345193 5.56653374525453E-4 0.08440138979333246 
0.047645234618820295 0.013196794234599794 0.15143723620392582 0.020430743709496622 0.269641149716662 
0.2423946782035915 0.012942021895015266 0.06107048188402658 0.050652729417129394 0.13836864438717217 
0.23323449395472046 0.029948481258548976 0.07637437084261604 0.15176300759535719 0.009724167656115704 
0.16799833601056044 0.037875318809641574 0.17279108696645604 0.09288662078550192 0.030795624278527636 
0.010995968640205791 0.06918658131905703 0.04285881000653883 0.020820203017479635 0.3572377296588781 
0.027432876891386845 0.08530086619691005 0.00188177456139147 0.05101735752677261 0.3374499571375888 
0.005477171333455388 0.251722815513204 0.19847913026330138 0.03568680357355669 0.009725069514665098 
0.11384702539687903 0.09083999846162115 0.0430306428421972 0.043369304334153855 0.21001086859706264 
0.0315567746582249 0.2219503742013574 0.17126282658737657 0.06797992463718255 0.008536306127440035 
0.01692432885387021 0.11732750158149108 0.09785792812973661 0.18465318148476134 0.08449669812546232 
0.007386058943759163 0.057303370073617764 0.1505573559967862 0.017600425138779185 0.26980012499961903 
0.09177723147037009 0.030589889555323577 0.05408303772976853 0.25659071100453634 0.06800663444639882 
0.25504771179396973 0.13910124817649153 0.04932094750967081 0.05960423957398237 0.0011158141041373844 
0.30924844132338647 0.002911084453128793 0.013305677480550917 0.008986445451008886 0.16672964463813342 
0.0748402080614884 0.11467799838397276 0.10042138438847506 0.14330725248536333 0.06782432577803348 
0.06295528326673674 0.017233187188474098 0.04286197460296423 0.020821740333612188 0.35726410727510505 
0.20183886435405118 0.09407024054134505 0.1274134562106101 0.025772863969171073 0.05206583924499347 
0.05991586833687317 0.045904985085815565 0.08055986351636682 0.08315253012175439 0.23163189707551815 
0.007430234608485609 0.38555117013529283 0.04511930251980388 0.010889936319522564 0.054057372456059544 
0.05286880716635916 0.040505827117972314 0.0015116118750322456 0.17461962184905064 0.231608368023293 
0.00722771201759312 0.1185954480148757 0.2470719163062491 0.1145344657693112 0.01532442735005112 
0.11314894616632339 0.019138150781190282 0.10639944440505499 0.03824986349306312 0.2253455108680882 
0.0075526830176521785 0.16302582119201026 0.06671377141619579 0.22898055414796856 0.03490745395310466 
0.039874639251984305 0.0012397772794616722 3.9895012561773726E-4 0.024627246273006068 0.43535167976219247 
0.0054758153944561025 0.11819631504336078 0.04942594359908535 0.23011337813978594 0.09790057381584526 
0.17733068937507768 0.001160983118269934 0.07246792811821648 0.01852606865244354 0.23173965223554624 
0.11553247267741831 0.07835654918564797 0.1782936899372779 0.011671405025834872 0.11830193683866892 
0.12135085856452943 0.02817885804023087 0.0019609700982261076 0.031789024509182445 0.31858754195556216 
0.10716244538536424 0.04865883398310883 0.08256614963200622 0.11782677687737741 0.14485740190136717 
0.022171156078256374 0.1807361724992186 0.1142371818568736 0.1613172968764207 0.022632294731928702 
0.24168379061016396 0.05722307569037246 0.021988774697145243 0.1190410411641393 0.06428035556230921 
0.0015971921880187387 0.07180088040244971 0.03250883206040581 0.2962141524705606 0.09937804121247759 
0.05463453044461237 0.33980099565334304 0.009348797897795757 0.003265026727661616 0.09442145551765348 
0.2537876326886015 0.013100960561827689 0.10941660995156695 0.004396581420472317 0.12036466089755757 
0.050824860098875733 0.2749681715718475 0.06961324510804501 0.0991530280371582 0.007854296325422486 
0.3956858167709559 0.06907327520759789 0.0069428315475240955 0.01770001997343768 0.011917419615688629 
0.24708842166895664 0.2292556151207882 0.0047695199828848385 0.019694692409521382 2.90096335718173E-4 
0.017221211700592966 0.045322544728121424 0.018615900382340803 0.09690817832164299 0.32347342418423025 
0.13568815967518758 0.002603684132941486 0.06110103032075764 0.07654015627670395 0.2254204914476295 
0.009309400239119166 0.20121141937640805 0.15337245596645993 0.13570244323843123 0.0016169302837358128 
0.05194461661452388 0.1200556738288595 0.0018335466526693772 0.27834217185420573 0.049560535285527854 
0.1532375583426057 0.1422910346229668 0.07460381889036717 0.00630349939998448 0.12468794703153098 
0.15002910484587215 0.009445201170148992 0.1607695722013746 0.08350618018335496 0.0984967369684256 
0.039652410588546336 0.0013871071087154941 0.2348914365769303 0.026494784807019008 0.19868543615914253 
0.006248975106292604 0.042430829358726704 0.18525760037248207 0.2672547534441184 9.71353375801443E-5 
0.003787484701146041 0.02428302349543409 0.1608938129866867 0.1102340915074867 0.20256555829097386 
0.3386886207620597 0.11858693879910535 0.010192674341139685 0.014053036773035009 0.019671890384658292 
0.07979960183981535 2.9058756874783304E-4 0.12650453436799933 0.11745129401551553 0.17714327557539816 
0.03379753972989981 0.10092207695014103 0.12829532752086115 0.21236686229230708 0.025877061363592486 
0.17729176535639063 0.020828135990755392 0.11317476392801153 0.0017330837678541657 0.18823987590049004 
0.025693230150419823 0.041327445696176864 1.830060249196641E-4 0.3620364672980322 0.07411031602062866 
0.01362654170441976 0.10705048378739197 0.20734317634410807 0.1604282919057074 0.012652091867110424 
0.04544571679408504 0.24230918204208426 0.12615635247848986 0.014484412610175943 0.07275571201810761 
0.06379212856868526 0.1830244835743042 2.848738368963297E-4 0.16362044370779527 0.09197108578063251 
0.01088157802479286 0.26891065306283063 0.023251598507921214 0.10023770725908195 0.09868332720256462 
0.20847923734593 0.02142441455781619 0.0031016681875217274 0.09511904165728818 0.17294289760296097 
0.0334154538077912 0.2440122385654244 0.0027707855792053052 0.06772932809972117 0.15321212652148186 
0.13201893012181953 0.19351910843594494 0.004964581341250168 0.16047916253636454 0.010960754386506965 
0.09982174577976093 0.16575400905757967 0.07752863902320921 0.15543316159684661 0.002445620830409015 
0.010179379504219627 0.027169319350196737 0.1349206388981756 0.3153692012262279 0.013781040288161451 
0.037341464444045666 0.09739725361072106 0.23159668210408824 0.06824915052951196 0.06809582373649019 
0.06244823977055784 0.04372409126361526 0.1640489884320719 3.614468184134254E-4 0.23043317438648672 
0.019844114582992785 0.0388141180334681 0.18842076968329097 0.17852754642258192 0.07546879355773203 
0.23858966739226703 0.05457389647697879 0.0038446202914738164 0.08716201048496998 0.11789126719900389 
0.02269114571421119 0.12818848489117562 0.2647549768166673 0.0039057121592563403 0.08146357284059197 
0.15973750940953968 0.1357114143408676 0.0021123559640295105 0.08087328411919813 0.12575443061643674 
0.0896856214322571 0.3173250337262778 0.04598857381221682 0.03453433037901178 0.015456580654547334 
0.02307922362928753 0.1623865051405954 0.002281053605230601 0.10413210044780791 0.20950503769290804 
0.003330042876952584 0.026256964112776452 0.08909942667155853 0.05938997289077174 0.3234889948029711 
0.0394238225934329 0.3064745896700659 0.11407428123743579 0.03982034223165854 0.0013155781933110835 
0.10383722896676467 0.07955565995090952 0.0029688884011077076 0.08314408033482812 0.23160835912456526 
0.22391485800304672 0.0021078038717601017 0.22908037333160783 0.012551029281792064 0.033542171657266424 
0.004400681332499703 0.2464982621913926 0.028806414751696742 0.02250471587195518 0.2016157066782393 
0.11778340279017267 0.020789363102553846 0.12046907435066316 0.1742484041935702 0.06946258946427185 
0.19513315958596994 0.08995437915626205 0.08322464863066639 0.007984048789115178 0.12478865059508314 
0.18485940468067938 0.16472793672186606 0.02625141705050017 0.11771356119212213 0.010663452554921323 
0.1860490619888797 0.26936318509095003 0.013396737917252339 0.03223175696224563 1.9127427604325306E-6 
0.28323869478084857 0.11339064715994017 0.002150589401606722 0.08402758317325015 0.019465107857221907 
0.08678630665657384 0.0634449521607295 0.2640960465054921 0.08126920570517968 0.0054374568470330256 
0.04707367896415663 0.03906355646656188 0.010550751677159216 0.23156604232521452 0.17358094179627193 
0.14965741551769599 0.10120105523999239 0.1954936406736068 0.01932874231635125 0.03545483432869052 
0.19182532403319064 0.012076515266046741 0.1875011331963608 0.012274139758437884 0.09847894141081188 
0.002606437922335128 0.02562278623705759 0.021481689824108356 0.26783091699599937 0.18600198161365375 
0.0573161062868455 0.08782573584961462 0.07793439880449049 0.10815369978975096 0.16978255270741127 
0.01331727826186993 0.04298613294892095 0.2844217726504004 0.1242823151767902 0.03620034077516277 
0.0031943905848337705 0.02553169210493612 0.1371703728867457 0.0010728243149193885 0.3350152266391374 
0.11940317854110656 0.08247723375015335 0.2763324838829015 0.02210029683865132 0.0013999992760197362 
0.11120000449518105 0.07972474691722145 0.08314793127039323 0.14819088535734903 0.07908995381307535 
0.0511353156777583 0.07468057231974554 0.24705763661709026 0.11452784617209591 0.015323541664367505 
0.19735617384102552 0.050403299601652296 0.0271177332994982 0.021402747809897798 0.20571412263503247 
0.034129856496950564 0.23226422074979322 0.10797463758537715 0.12542432090047217 0.0013155781933110835 
0.1834010504127217 0.14952380763403844 0.11769447177433726 0.03402387893112891 0.01642274324000325 
0.030906802459794373 0.03267932253799841 0.04810337066949215 0.20082715157244413 0.19293476534641474 
0.10563388181500794 0.15628129429529275 0.16794543853364144 0.07095666340851768 2.3159313735283496E-4 
0.09191838396414753 0.024218515385514196 0.0027526435340081376 0.2831051417037986 0.09947621886006285 
0.18856368529476514 0.10897748223348029 0.006800392708539658 0.02586268634609419 0.1714514745659729 
0.10063799038758452 0.08550104519850536 0.1554518098668737 0.09363665889228613 0.0689749545221808 
0.23401017973509539 0.1582419223542698 0.004487556085075926 0.0398874665970556 0.0643955465972033 
0.021410601052958687 2.23173493031465E-4 0.06730032280364559 0.2914996202284831 0.12113864858408699 
0.21156492317086226 0.024493083460950284 0.02448017729508433 0.22675748779969582 0.01376667010888561 
0.2918121218581549 0.018371263347000764 0.007734571903533862 0.08495972072058897 0.09828391560060956 
0.10039309911035664 3.6557809709500524E-4 0.15915094767276672 0.14776138137140574 0.09367716954106839 
0.43790486617142454 0.0041221809959844586 0.013436213073595356 0.012188508273938171 0.033542006980136055 
0.0571911915355779 0.04812531822827525 0.07489856235908676 0.15036343193981505 0.17108974075570965 
0.024720877305483644 0.3639735752438656 0.01104439462595708 0.09344984421906856 0.008245335543799267 
0.28494746914360575 0.19091275037055985 0.001232764914534119 0.0220485408483679 0.0018722786389492314 
0.041698023304484584 0.1876381372643882 0.001124678736897265 0.2292201853144821 0.04226849695822937 
0.039061543822201575 0.06809353475394 0.05136282872442248 0.25184745805559466 0.09075694908935314 
0.058796343495762154 0.2078266219461629 0.19831833512435193 0.02266042139739525 0.013775316384432636 
0.006840764018567133 0.11989043602871179 0.05048208585825059 0.04399723837022209 0.2799087530435209 
0.1488627486804204 0.1237006160257499 0.13192979907744642 0.02726098500864143 0.07246526684538257 
0.025966822945712387 0.2266623028621726 0.0076288851252365375 0.15053609574371174 0.09439481490593282 
0.18804886083724862 0.05756749689802914 0.10868535560567973 0.13266138066227973 0.014119369617456865 
0.11443290224284586 0.030150606266733083 0.0034268769189786555 0.3524490053880187 0.0010113859182258487 
0.2562091767894677 0.07843345035117992 0.1480795223370266 0.0056197248939839324 0.012739651356250253 
0.14940846697649215 0.09831524896157352 5.9691417764346E-4 0.2524749662037781 4.934903252307471E-4 
0.06168766728337313 0.09082085626655936 0.16698354688726735 0.14070961377800237 0.0407692921726241 
0.18661282160600012 0.003580863973555922 0.08387899710323968 0.14819088535734903 0.07908995381307535 
0.16786009005206456 0.0032210227780295475 0.002104136391107314 0.09631754237069805 0.2317543762923837 
0.005517540218601145 0.13470736998268437 0.008799808544377756 0.32447376793747307 0.027504171428778607 
0.023577018483893673 0.16010090035223942 0.07810985631429622 0.08688995021508478 0.15263994027330843 
0.32201554434164326 0.05551038909191629 0.04334481630438975 0.027447429363091955 0.05362371366505839 
0.10040881683923905 0.07022264259883723 0.24550441098131592 5.566214637982312E-4 0.08439655139685434 
0.06858680777663433 0.38356681508175133 0.014087905335446285 0.016315658607754472 0.018592951140454474 
0.012789750577268846 0.27606872760673606 0.1129734287123986 0.06445324720005635 0.03490837661189443 
0.1292535721898606 0.1912412892244682 0.13013599536661907 0.03402474927081574 0.01642316333805372 
0.3006444415449346 0.029671751919214683 1.9433150010408334E-4 0.16048300092726653 0.010961016549265363 
0.07743328016912429 7.289117354657372E-4 0.3769281337616738 0.012550678772570522 0.033541234934053345 
0.0713178045340867 0.13181535799600771 0.09317701373964485 0.18356730125696052 0.021313509349487437 
0.0602914305903264 0.3206165400211373 0.005127821729090359 0.10945888701390416 0.006514427534886364 
0.08995313160937657 0.006997639644819714 0.0033512427332129365 0.04473552597750457 0.3579795548979645 
0.3531234206649199 0.014677314756821646 0.0502132921637339 0.013418733695108383 0.07074291830208831 
0.04974972676968424 0.1760241326642035 0.008519347571366229 0.1317959189565897 0.13687316547137357 
0.10284364525019998 0.03491689822446346 0.3551584367724981 0.006492206580518914 0.001624875792460699 
0.1675230663414342 0.08249849780539203 0.02189140421850137 9.137135343282424E-7 0.2310606763318335 
0.11021305171997087 0.032234554068016986 0.06894941303256918 0.029581899623914405 0.26323982459901113 
0.07751424343471669 0.14521503696395022 0.09817977456677722 0.014003415397279968 0.17018140669916612 
0.02345916385286804 0.1649969064325126 0.1273160123089902 0.05053596915531521 0.13628811824312181 
0.016955544355100705 0.31262721881793126 0.0087818387050679 0.1618226032359503 0.0039260821714397365 
0.1114597538340679 0.09612761432242102 0.08429023997878586 0.007844294222016846 0.2013724037344063 
0.005139059515178022 0.04052082998610983 0.13835539966577537 0.2197222999356176 0.10097341958691443 
0.0033776035071337086 0.02293408368810945 0.10013269537770682 0.14445258257182464 0.2303923284744253 
0.040505815157602806 0.019625449302750883 0.30375851945265436 0.13570114113134862 0.0016169147687876346 
0.21648897189631994 0.016812231838558442 2.6927445638052805E-4 0.15466076671755258 0.11446228749453018 
0.009495850842589004 0.06448204087160722 0.18783168218200297 0.08689718543427563 0.15265265041323164 
0.03853004637512737 0.11980684138299011 0.0027684158464861917 0.004490443549424462 0.3373743148499982 
0.1090423423731489 0.2042898569501646 3.7236424077000205E-4 0.013689035094641741 0.1777019606004353 
0.07424681231345343 0.050207039379473205 0.0014238129929727956 0.01265550605295561 0.36248950062984503 
0.04978038344526904 0.08344960933452002 0.11581995270919213 0.1386660637196112 0.11348289620484299 
0.07284062136924359 0.08161717119503535 0.1168484547339368 0.04123400003704458 0.19294933506272807 
0.09982374306794034 0.14578758661414853 0.10654146022867533 0.10816348678459071 0.0424300308361655 
0.1073333182492241 0.24807140155299676 0.00790124650321539 0.089054117055975 0.04958071067336029 
0.019095774651514127 0.12967079432538947 0.3522591804710698 2.9731117781253745E-4 8.16277472770092E-7 
0.011387514246801619 0.0957618173845916 0.16924515232102147 0.13520694794202334 0.09458032709621517 
0.08661677177048895 0.08037264118945785 0.04215513563699029 0.16729008876950197 0.12468752507746154 
0.07881275130536125 0.21787016474242252 0.037013101953616415 0.030497829797106055 0.143502278000855 
0.16955918977266798 0.01673444614077687 1.096002026035485E-4 0.30019675028715676 0.015351493692802318 
0.2998517210119196 0.0286342330623613 0.14499183878313762 0.008988676291065468 0.01858945578500678 
0.2881334075659171 0.15714595654220823 0.05571903613791678 0.002888840892372436 2.178982870442475E-4 
0.09167851420044854 0.29742854538455155 0.0024035263894556743 0.0376103978662884 0.07239786866737587 
0.05491340053372054 0.16778658393846485 0.21203991069335096 0.00976732418759784 0.05909391054310153 
0.1542970677065867 0.16360477557809516 0.07310970898379768 0.09843450729868676 0.011891641653161252 
0.019457955441651395 0.1210193000405577 0.003329551685499156 0.2632425515596986 0.09442145737430495 
0.02135658820196946 0.10315177900907521 0.0015313355291667683 0.14485715055545775 0.2303922333490487 
0.3663908849423253 0.0044344258143673675 0.005424275058746763 0.004395931611842752 0.12034687116779581 
0.024315694566156634 0.006105607094074599 0.1643620755027282 0.16784853426118188 0.13908427572607227 
0.049343308927263664 0.0419215891591796 0.037859854212398326 0.09924327837653978 0.27624033847818785 
0.013169676615173142 0.08942933496351249 0.24294062829035637 0.002339771546511921 0.1534419698021354 
0.09470098030047736 0.007450152352046168 0.10297232246319453 0.004087770463550353 0.2921868381437886 
0.11134716751842876 0.038986605780411285 0.09501224498524613 0.23629322418340107 0.019676709960251188 
0.06137524815806354 0.1871504217019207 0.042109951997518415 0.08552868951709644 0.12500002197455823 
0.0930994636106555 0.012365759009131 0.2949740824331432 0.10041512230041888 2.8899164253728125E-4 
0.2919202650115832 0.03877375343547886 0.0706604547183395 0.1006446120552449 2.8965210701387904E-4 
0.0902329918455033 0.24046187578696926 0.0706606361665179 0.10064487049940005 2.8965285080823186E-4 
0.2002785239708473 0.23376706076916118 0.0024367853126950646 0.06830644275768145 6.749087813513349E-4 
0.04286834376647647 0.1118129407043342 0.2658751158110118 0.07835065095138881 0.003773323191645778 
0.05641559857137342 0.0436795739997692 0.10342351755106217 0.006038056962934345 0.29266939750948 
0.008861564701002633 0.05006140135423921 0.10339466268131135 0.2572475582954812 0.08146840143819953 
0.10750027235619079 0.014817802121573196 0.20329104740234588 0.17367442442231829 0.004486278096529985 
0.3383989226156676 0.034638615860193955 0.0018574471646532302 0.11738964356180788 0.009619914746626892 
0.18279260058250366 0.1938192529524025 0.08082255929167796 0.0011136497798772515 0.042448525909250134 
0.23252987893711172 0.1699904928952036 1.2619844247549803E-4 0.0822476555325869 0.01758854751981711 
0.011828807661178728 0.07442680039712359 0.2999419260744574 0.06179198961645512 0.053174649025588716 
0.024098171322369914 0.18693728922494318 0.28647988062963575 0.0022629277509375353 0.0012790147338009484 
0.04106090099396589 0.03862776984087511 0.3955392129705544 0.013143580664713514 0.01270475212186859 
0.15596223243248464 0.007295912753038402 0.10057536015172584 0.2191149562082158 0.018231393995091563 
0.015600154084858979 0.11153552105477302 0.09892761383412663 0.03613106438386735 0.23877886226926112 
0.14152556901080815 0.06857047238421662 0.1537933822644286 0.13570100678622374 0.0016169131680301555 
0.02800646044066383 0.0747507711315436 0.06951210618038454 0.3153692012262279 0.013781040288161451 
0.006775753024754 0.31140373831197365 0.16277141500307826 0.01042576279860765 0.009725282247104687 
0.006071047335065546 0.27901649140716644 0.08322464863066639 0.007984048789115178 0.12478865059508314 
0.0013629811099306508 0.02757648944154351 0.0220053643770793 0.22043426934695087 0.23014062689660167 
0.3353298634571228 0.017904049986070446 0.0844851731201411 0.06221934251678026 0.005511514023804472 
0.07661866193641145 0.271091609722508 0.013120494400123115 0.004907382036335131 0.13721506610713904 
0.09615317187060474 0.011214547383451273 0.011770312385148819 0.10723380810492045 0.27889959377130497 
0.03766499107214318 0.22678771406319512 0.022005360720629523 0.21434676359068924 0.001315798601706153 
0.13892019396974845 0.015318999695950351 0.26511522462954 0.0781267188675647 0.003762538748696206 
0.07964669524608714 0.19625411749368582 0.1065303253530171 0.11979855143852991 7.519164224486605E-5 
0.09371583819786343 0.009592781484823756 0.2911014293175478 0.02279356414792869 0.08397102152452111 
0.00792680762236198 0.3643045307975917 0.10866424567695147 0.010424563556492983 0.00972416357902514 
0.22704052862794605 0.1366150463733768 0.03184097826054079 1.328993448411101E-6 0.1074797116655378 
0.018880082917522543 0.0612518172646277 0.1847840439403493 0.025449105123866844 0.21192375235863295 
0.09191366267371931 0.13785018959055642 0.003099782127466648 0.0950612017420874 0.17314513297090914 
0.25312973253564286 0.006382414917854521 0.10813693488844438 0.11854802448175861 0.015400829976778866 
0.09996740349106852 0.033319721928107136 0.05903436729521037 0.308375717405028 3.791520544212127E-4 
0.025587282564688847 0.1591722635297013 0.07358540961598943 0.006012005808328113 0.2372162235441787 
0.11279663984625882 0.011545898100841973 0.21372712794584472 0.0629831774570087 0.10167098540326074 
