0.06098161061892724 0.0030076882921502937 3.8491597810835125E-4 0.002889726694726306 0.20532288383058844 0.13854376091595413 0.08470128368003745 0.006990705896598761 
0.0031975399982567855 0.04173563275684193 0.0513213240851115 0.21827247263734312 0.02290193539655063 0.002200106387784567 0.13345694837327363 0.028525165069152814 
0.0017152047965641327 0.022387572174609467 0.04757328717535667 0.1625369438702456 0.01705396261421328 0.001638312720514484 0.2203194159445357 0.028380227066879902 
0.1150024065195766 0.07576384507482811 3.32549765769041E-4 1.8065556120145683E-4 0.005684023250114054 0.007840905342304486 0.1364287045258807 0.16038923182361825 
0.01755649053167461 0.08560062414364644 0.0011273651645517017 1.1427424483774992E-4 0.16173732263774931 0.019525988569460532 0.18834707186110555 0.03138311402099308 
0.09838415713203848 0.009109304548325533 0.002388665602049715 0.011650596190664298 0.007900420994935677 0.21025854847403105 0.027042210320437052 0.1367244849879617 
0.034046967727302604 0.025320115928746098 0.31262975796432974 0.026802608438443933 0.036013169199817625 0.029074338829205893 0.022567721615881782 0.016165560793025772 
0.02468287183007008 0.0678605742213306 0.13040970951032854 0.020421707063726386 0.060357689839874974 0.15168251263162455 0.04674612209866268 0.0010807456317291101 
0.04486590512142627 0.001898887697170367 0.07887498815170613 0.24538824685691635 0.008298443232819683 0.02084864279261503 0.04794167738294039 0.05388750752492206 
0.0549851156425069 0.0030683441607495224 0.003330154643552497 0.268440688608827 0.021911359348228777 0.00950983802821739 0.025245971339031163 0.11542063628291187 
0.1740391153314583 0.010665146602054882 0.009768353062935959 0.11937816604395532 3.89971642533671E-4 0.17313376822751395 0.005672621702122449 0.008681863067876319 
0.1157376748129066 0.09095693162124462 6.433673724142475E-4 0.17583732636987073 0.023951404815649283 0.06895908506169114 0.010926244482703832 0.016743495637562833 
0.011092386946058845 0.12806185010649013 0.04525911169005098 0.004439654167853784 0.18967809421501672 0.002405188439196263 0.11389489723579861 0.006459054557555061 
0.068172033255761 0.16787709051853975 0.008763645402546873 0.15589489249730282 0.012711380239320351 0.013745379943337918 0.03474070093082945 0.03984159170336402 
0.13696191561367324 0.026263862957858916 0.05289834541447035 0.02893920168804167 0.01264540020776321 4.884000718139469E-4 0.005669828907843572 0.23784082446644364 
0.02895492897874536 0.025758219675064933 0.17571813643054668 0.009422393617137106 0.0010185249646145424 0.12104450011466257 0.02231738564646438 0.1186927525362664 
0.004019631094109668 0.002910137864000476 0.0452326246416428 0.12371514783497106 0.29589187216505003 0.0010544982013590968 0.0016355639761863776 0.02669776562241009 
0.03930251026046684 0.034836312189491084 0.002595261474707965 0.012630090065221368 0.00900551824920512 0.387343332643249 0.016711405702066515 5.13771939186765E-4 
0.013026991949541622 0.044228181839407174 0.0036795912912329625 0.041130272957257775 0.10004311107391388 5.138379699208464E-4 0.19843658596936575 0.10545844684855928 
0.07566547658474256 0.09947085393718337 0.07052566449360682 0.005935866776870454 0.017684754140488274 0.036952802664716386 0.026256722883373624 0.17014936469783176 
0.3145448043645611 0.06015914311057176 0.0070738721853141505 0.018504100889840055 0.055460980440181815 0.0038218333135561023 0.03323774545780685 0.011805167355040258 
0.009017966851188483 0.0669571709616834 0.14915275619492543 0.030144814054712674 0.002601211107090318 6.481650003724463E-4 0.00574441611314514 0.238060431035579 
0.021511152161899024 0.013492192557749177 0.00963696290880935 0.10080377756211396 0.019188026799916727 0.10271756296236757 0.04574322254156864 0.18813870880900674 
0.24314007918697736 0.04085611883097387 0.121108148672692 0.041580300498268545 0.01258377114048588 0.01800743527956783 0.017593070385784858 0.006955389070307204 
0.14392744554116862 0.003422949674055371 0.030888073010255448 0.12777485610981504 0.17290738977330303 0.020893478536825993 0.003043413779154503 4.226245472913617E-4 
0.10448200465171532 0.018590497034014 0.09066281270959929 0.020253568029812517 0.0013797581039954306 0.12679927025716883 0.02195575922626839 0.11859894820732313 
0.14543293093998846 0.11724475215373495 0.01070279844671912 0.020254035837623273 0.024625976372473563 0.01243740910960728 0.13600600923877648 0.03730529704566114 
0.08434812242717458 0.10301065870895959 0.009908741165040928 0.12165248363696647 3.96270349050156E-4 0.17593017359451213 0.005764244208437451 7.102549560609423E-4 
0.046447180055626036 0.006574967626851039 0.07504154882082166 0.06875570125236939 0.10200154893611056 0.051454047464861534 7.658824090842581E-4 0.1517785423439031 
0.14203058261855697 0.0031370981061904753 7.980257257642456E-4 0.020652197784701024 6.373028559713693E-6 3.369602741034694E-5 0.08857638241303671 0.24628137451027687 
0.038711735214330384 0.0024003618157456977 0.007296658219890304 0.008118420479828945 0.05709656024156266 0.28332336989062895 4.4608908026013913E-4 0.10409136981847608 
0.07530944189352956 0.20668341921198535 0.0179717939852088 0.037866010113800745 0.001540214929648961 0.014593815137858157 0.02904363590673718 0.12043469905139696 
0.014464186328893795 0.04284548416068499 0.010276982192082005 0.056627302204548216 0.001904057145039416 0.0021149604684250825 0.13200367613103306 0.24325237702212982 
0.1298859858676628 0.014302624362225937 0.02650190977973674 0.03512412507714347 0.04814665154186508 0.12295586280773202 0.020566956940889416 0.10411518536649335 
0.017743922789891432 0.011087192513585226 0.00801386919585907 8.312840202884026E-4 0.22131031609392912 0.014305698815590398 0.20420621689109145 0.024278280297954986 
0.1002113057283824 0.013641798026163813 0.15431046645878005 0.022930546258458476 0.021140994672027177 0.004056347549207196 0.17844955366287882 0.008730150352659193 
0.2359024457216955 0.16092347949449431 0.017539079175632532 0.04817159436371342 0.004726343299574148 0.002613109744128494 0.02756328958218664 0.005662600802355729 
0.0035462710685251193 0.011344257093815698 0.07691909279844195 0.06862740594718852 0.014406180840474752 0.011796113373260541 0.18381519831798718 0.13414605235156407 
0.01010049162212404 0.09330890348831151 8.997557670270499E-4 0.007697865889868474 0.009711429839393784 0.07720630341972125 0.26401576941026195 0.038917852211592024 
0.1738855545993897 0.012882484457108634 0.009396327858880607 0.012130533343599679 0.0215425961940654 0.021456774126339565 0.2439226782864855 0.009204966725865559 
0.08243768271326342 0.055940186709236485 0.0018944732548095426 0.03511833979688632 0.2950727931164355 0.0026204775050264733 0.001636463495358378 0.026712448724004762 
0.011373890073078007 0.05412244082059637 0.0021923660613938066 0.005104122219039426 0.3797233758134593 0.037216647349786476 0.004370689639412913 0.00765225471846821 
0.15684185397183756 0.028691456726191656 4.5052411462561E-4 3.502261738678779E-5 0.08964781674937282 0.012501848622421126 0.11094474389319672 0.10322497165200048 
0.019713490164268346 0.05832931382850581 0.005198731934611983 0.07408040315961681 0.005705674917481947 0.27070784931538006 0.06449825898358427 0.005181340010200479 
0.006589980885462982 0.021080858164380267 0.14293756497291718 0.12752925105608787 0.02948087291327517 0.014961153563185475 0.02787483788438476 0.13414605235156407 
0.0012031726063234576 0.015704313337122962 0.03337145280657336 0.11401553841964247 0.023313641447111295 0.10406707611510105 0.1811584181482662 0.028509949583055534 
0.09900591456907538 0.006216425762777166 0.004587893760475488 1.203293298832706E-4 0.1669834080453815 0.0013465750621699387 0.18153220419955285 0.04365299749232647 
0.150235474268135 0.009867400243191654 0.054668758191174185 0.026450965088974845 0.021891639951583403 2.1729746348749814E-4 0.1146604199740827 0.12706943792196077 
0.0674422886107424 0.009889524097633074 0.1523250688834194 0.031314495703787464 0.004004156301052559 6.660148780668111E-4 0.006133930999960657 0.23020940135037204 
0.03622312373418124 0.10770708785952235 0.04385989744048917 9.604812115940746E-4 0.07601384485607522 0.21866213732807155 0.012889362725929112 0.0073278432957713845 
0.06272798133281877 0.008250836347996187 0.18704758077401898 0.03148146504365877 0.13604662968743922 0.045581003036586513 0.0018155682759983171 0.02800106611707783 
0.12017865884127552 0.00508639636531372 0.2120636787742641 0.03483383087183965 0.008323818380774303 0.020912394195218273 0.0480882744159807 0.05405228583791247 
0.13926955334318605 0.009364764591236164 0.006555685371572546 0.003994090105405953 0.012295521519280046 0.3111248034257866 0.0024432692818854326 0.01851015746342313 
0.1606518474546293 0.02858480466152813 0.139403415983281 0.031141947672076738 0.002121520248259549 2.6437476653071043E-4 0.02195575922626839 0.11859894820732313 
0.002153451453272885 0.00649075078633771 0.017061648790041167 0.013896525762005651 0.05476849474746173 0.16408256115061515 0.24697730114212835 0.001177867642415642 
0.1432408887815926 0.24080349054452962 0.0019060870807973854 0.017519615564455256 0.061029619505576393 0.03009068256616135 0.008816403280441962 2.7005238731846446E-6 
0.001063552805266608 0.08030872173728791 0.0016915012447468061 0.0057812321266343565 0.24881097190517346 0.008586539687124315 0.024197474330761245 0.1320398072383333 
0.054273756853772795 0.33952025904471855 0.00452028756756677 0.02186909079294946 0.024395482978628823 1.845266346900585E-4 0.040248655995323755 0.020115226890671682 
0.04837051615271236 0.15979831270551717 0.0038862432494561837 0.008195078158820155 0.009768979326032821 0.07419824687471833 0.18459173752395483 0.015275767566774527 
0.2809796020040995 0.017460840142277424 0.0723156582379031 3.77124034197777E-5 0.04722531965510432 0.018533852568965944 0.06446111385043218 6.840080171752466E-4 
0.0034069772187373063 0.08708354921438306 0.02929642044219846 0.016365693459188906 8.054796937245993E-4 0.2275283142505446 0.003999050234178719 0.1350096451741365 
0.06852409180674068 0.05214755744041712 0.10034661905057975 0.015891886970930427 0.020541001961607543 0.16330188821010497 0.03328972403646457 0.0478157541788395 
0.08589740694723366 0.011298393992284527 0.02843147067418594 0.015327619900602302 0.08028630458438629 0.023697072390647986 9.438943858247761E-4 0.25523771994224753 
0.19951308665243486 0.03815843137705957 0.004486896794013113 0.01173699337275082 0.03517842686591099 0.17023532086730303 0.033219260904219935 0.011798602130908142 
0.25357531129882094 0.013718331244260168 0.017636647301002888 0.023325606413665583 0.02781704000927871 0.004274365834136894 0.057488252137350045 0.10670873462446905 
0.052580534246440755 0.09191012724057222 0.0026956407524846566 0.0017970618389951344 0.07956482202177279 0.1240911809794953 0.016715258291468325 0.13461644679382517 
4.98049300905122E-4 0.0482981473249926 0.2623781525853675 0.09605792339942677 0.037034686518159755 0.016617857912319827 0.03873489273817981 0.004240207964968499 
0.07329811237166571 0.07662125782516012 0.012260062818016717 0.006740418093588937 7.173085120242403E-4 0.08437140672240963 0.13022121556389274 0.1186914219113267 
0.014799294380076263 3.3672087875893594E-4 0.18601615811967065 0.10296029515743943 0.006438353815194242 0.17708350706462236 0.013805926689739411 8.953655990731764E-4 
0.021720405508472335 0.13587630804076586 0.001809023083605299 0.008753678471736656 0.27509860465833236 0.001639201522733937 0.040256629385089164 0.02012110747470469 
0.07397853349771247 0.005327134382363012 2.1100083196791443E-4 0.009253948655179369 0.04263030530837159 0.09956648586218936 0.22482494942754375 0.0479654906925652 
0.018773948002375626 0.01962510989358351 0.12332338862199096 0.006612871803673223 7.14826326888607E-4 0.08495206147428822 0.13021795490382893 0.11868844995028588 
0.009031583840036023 0.10030386770060049 0.1755840442134042 0.020539307103513385 0.0016666680364839218 4.560704713899305E-4 0.07206270962328154 0.12577701631711788 
0.12220945769181683 0.08296918265491306 0.003155347293440513 0.022996469402991777 0.0026000053830228633 0.23144485493860079 0.010846662406307281 0.027797628714968 
0.061784537375520636 0.054701639738562076 0.10478480891256792 0.020967648613393626 0.1268517867549519 2.6962487036792004E-4 0.022391769127195496 0.1109828406196559 
0.0018950060714585401 0.030059401055289935 0.1450092713237141 0.012228993212125715 0.1900192469665026 0.0015367756391289568 0.11383880992608102 0.006733083294572402 
0.08742814985501463 0.07048260455701438 0.006434071433614272 0.05073240365790865 0.11690592686493759 0.01297368166747725 0.1556788957866455 0.003373475321971962 
0.009478437116306821 0.04693080743141112 0.016480720002582168 0.005122283461687076 0.027345436807119892 0.06429953163468306 0.1864269660696278 0.14794430453567547 
0.10560990538967888 0.002402888896941957 0.002676127188247186 0.08063117521837394 0.10801790850366556 0.18780677121592135 0.013792066441472368 0.0010746252365888876 
0.00406123082611612 0.03453047954633657 0.0012002629687724222 0.02038398730675436 0.08500784329884281 0.04998931418242298 0.2697534150478359 0.038976202746951766 
0.06879617595016713 0.05931074635377854 0.026854193118815383 0.13708676228381872 0.1833811346182734 0.020741148946297746 0.003021224942864294 0.004071723670106583 
0.035967487988796766 0.022969229862703774 0.049188158728988636 0.005959468743061853 0.3543816865073864 1.9168374923818706E-4 0.03205733282302154 8.447805766052976E-4 
0.004458442668041111 0.2321237018111063 0.017799358231737825 0.053611550865779234 0.1531218672102853 0.017187251305887667 0.019146052653166344 0.00658884053673213 
0.024804418952244278 0.0316942558689791 1.7602390033797302E-4 0.12062138919327363 0.01216264581776517 0.3005850784198079 0.010077904810644826 0.002905388272134254 
0.010845272033431273 0.007851774466598028 0.12204107977559567 0.03523495256862202 0.29605260185648735 0.0010550710091529894 0.0016364524213176846 0.026712267959358913 
0.17895309902986625 0.007573943670558916 0.012816786221053636 0.15962639009747473 0.008082861976905328 0.0201740694505874 0.062156138627225 0.05409142197455228 
0.1479974500686374 0.009815866836051283 0.006880960161725143 1.8047090199578987E-4 0.25542833859249714 0.004772531581026066 0.031158499464469927 0.04723112858789804 
0.013191072287036563 0.03621224916005993 8.607642885088741E-4 0.0022155015289647747 0.17556912075503503 0.11451298969143558 0.02754207670414248 0.1320914788007365 
0.20964631741930237 0.01376947843753187 0.07628760043856629 0.03691103882158328 0.030548721734838434 3.0322807064464183E-4 0.01052557025816236 0.12706943792196077 
0.15788791398896676 0.001507880076580641 0.005308413343525264 0.050843342900743306 0.11636416707158459 0.01237142812092743 0.15537485859076405 0.004240532963864576 
0.14353877286231723 0.014227986329673039 0.2754077995346499 0.04683788306531251 0.002129895277970689 0.0012115335183580142 0.006808574050966037 0.013647177451874722 
0.07362180096400708 0.003115941419563951 0.12991083525931202 0.16547573429476212 0.008322962812945983 0.020910244704339435 0.04808333163868456 0.05409835060671594 
0.03206654945561454 0.002375682246330251 0.1613734843102775 0.012108973253596979 0.018655398896843253 0.021152674599488594 0.24046564552758234 0.016223507302001245 
0.017368072396946453 0.05940883790777255 0.023258187569651218 0.06140713706394053 2.0059817383438273E-4 0.0890585723358228 0.0029179494870599483 0.24810403547357548 
0.016564784649001626 0.012489360578748521 0.0017907495159637157 0.0164734363618804 0.31766438771638 0.008373110460295766 0.016547030016017504 0.11161259666070161 
0.15842569098076453 0.02869556375460504 0.028340364682400213 0.010599188833807638 0.10430877592017798 0.005110397418134142 0.0010843893543302308 0.1650560778548358 
0.085383111198845 0.07472663103721604 0.1053572585172219 0.03236590590416223 1.955446091454922E-5 0.044297363178982946 0.16136058440694703 2.8469123552862303E-4 
0.01937993161602847 0.14389334268501294 0.0529137378697999 0.028947622468800796 0.0125779692111053 6.477595350037846E-4 0.0056734134880673595 0.2379911922340869 
0.0016269688440365198 0.15777470378864783 0.005302534776388332 0.050843342900743306 0.11636416707158459 0.01237142812092743 0.15537485859076405 0.004240532963864576 
0.11923839574937753 0.15259344136552963 0.012253081508795899 0.02326335819542354 0.027735136348898227 0.00630962492123279 0.05663249504083952 0.10681137904535723 
0.03228079699098132 0.26558885860373965 0.0926494901857759 0.03981577748629397 0.027545589017534074 0.0010113554021284753 0.03786107935813688 0.0074088079565628176 
0.184584163903562 0.07693646419054416 0.0038621307638203517 0.03304568125199879 0.11587989320645546 0.015526094063647052 0.07114606246857272 0.004453219532152749 
0.0031572142725255965 0.04120928447638646 0.08756917049315105 0.29918524016944903 0.031376817858499946 0.0030155810287866352 0.007423157600106698 0.028516151203032556 
0.04354092211995667 4.138296113958099E-4 0.013348071709001272 0.17391200261482978 0.01354966035055102 0.2465388659369669 0.0027132362511926873 0.007487131361015363 
0.010310871147534241 0.10413442192391298 0.0034704659352587067 0.02606294877725857 0.009229225375216197 0.3108343746522899 0.002064130812793747 0.035945766033012444 
0.2715730333512075 0.02517392054165617 8.029350076530615E-4 0.025979612309252435 0.0030139351456353464 0.1085585622479554 0.026035417453530326 0.040039227058539996 
0.03202598508587851 0.09791990550596799 0.20640528795057667 0.0721569362481971 0.0017875183129560622 0.004120170585914752 0.009765280596018657 0.08047501922452706 
0.011793159164539558 0.10894586040703162 0.10027918178218256 0.015891882157454 0.020540995739965717 0.163301838747773 0.03328971395337613 0.04781573969597752 
0.0665563449949553 0.052305879917254265 3.6997616261187757E-4 0.2639405075759085 0.02395124282535071 0.06895861867139526 0.010926170585342917 0.016743382396444895 
0.010699514217451056 0.0880297896430879 0.26587798377071575 0.03654684004174005 0.025677736423722973 9.427758988937446E-4 0.03529373853131456 0.04064055218402898 
0.24805706223062662 0.04493044783300477 0.017824114997120385 0.015289735195825929 0.00962559509561734 0.013364930775414324 0.001343366381945649 0.15134717607721676 
0.039092557345274274 0.0019280931717651603 0.027567897601294945 0.02085808411549651 0.30373169226109265 0.016643542476166177 0.09435199187670308 1.6910722501945272E-4 
0.14762026021447425 0.022506977743352547 0.07332822228879149 0.0249885030306254 0.13396355481505762 0.07742336966222683 0.01768725259764634 0.006992623840170229 
0.12729921711498893 9.770920566017434E-4 0.06066230611472102 0.2218848513441737 0.009202525248026278 0.0204359692823148 0.05590862211977718 0.0057842561208433846 
0.04315487717878254 0.0067862203938290205 0.021874798849893975 0.21814366290422424 0.14813748148255979 0.016390256736245865 0.044914285382110467 0.004499083930801451 
0.0037943888126736407 0.286513761997646 0.006034691806470222 0.020625438056431942 0.021057289700843113 0.008216949132168546 0.024197474330761245 0.1320398072383333 
0.03506333350014313 0.030806498660010558 0.04448625101108576 0.005260020213948043 0.02144079794181716 0.04420633030013092 0.304687452247874 0.01654397500499382 
0.12718820638299125 0.05301327415583191 0.002510188994629568 0.023125350785637818 0.08022499144661802 0.14384483153541514 0.07115804872960212 0.004377420704101048 
0.002937191724968323 0.15286859859784982 0.05126743015801137 0.015254272724909286 0.001151333974463983 0.14585354558932656 2.513303686149588E-4 0.13435070977234473 
0.026169540535062534 0.022780232016225317 0.0016385012502242952 4.3884299024820315E-4 0.2661826985962786 0.17178237004383695 0.004364079542675925 0.007640681683519899 
0.06369767279499099 0.004283159501953439 0.0028202415121573654 0.0018221912644429098 0.14645970561016045 0.2606855619274174 0.0024289121142653464 0.021359164063291733 
0.017908300736691283 0.09041451306013526 1.2761659776198145E-4 0.07963755827022297 0.10553242781076479 0.08053766960126618 0.018070885532533786 0.11110803511987748 
0.0026634828675334457 0.14859464410812803 0.023359530536790588 0.15942628173838522 0.021829315282330345 0.011831959993273805 0.0014149937116566722 0.13396205035736783 
0.03248288263177565 0.15512122638121872 0.12259007797290525 0.03797424394914476 4.2401959528922626E-4 0.005845788722711631 0.14885316054770445 1.6468833643842879E-4 
0.01901969354595706 0.019881996899877224 0.10211781872990737 0.005996261234851433 6.242940828169847E-4 0.22558317146987344 0.0175265867232455 0.11329265045876476 
3.5387576121175554E-4 0.20782826259938494 0.043640168176129555 0.13764258768990947 0.07076484911257877 0.020078062988702527 0.015558441079352659 0.007333964534308919 
0.13393203699660883 0.005090330631683335 0.0012590212119718603 0.07393708858610548 0.010730917159800103 0.07745399731524254 0.16236496556653382 0.03896294239704924 
0.04953226021798664 0.034731527016341704 0.24314702458244275 0.016748319312285025 0.001008336789223457 0.04448102188021422 0.08890305926294473 0.024233242064792822 
0.08350938535527298 0.01138994977312639 0.12862153237264434 0.0281210208624471 8.685464612688962E-4 4.843172678509293E-5 0.12475975624722882 0.126790685152654 
0.19863650219168097 0.026042839577039588 0.010862106858602196 0.028738105580277652 0.15053063115857657 0.044430183728601205 0.0017550965338369092 0.040127890229408596 
0.17709497690733478 0.001834241377465199 0.14416967773480013 0.12357575218542986 0.006683864254274986 0.0284675475270411 0.004922761917595157 0.016903831050869636 
0.04045045581716549 0.03540192251951373 0.0012160079279659956 0.19036187907688742 0.018934341044683566 0.042588860683128324 0.17719136506079716 2.993013664108582E-4 
0.0016623188214836178 0.005010420449130737 0.0131704384912524 0.012491771808922539 0.044717935113941856 0.12871177706974368 0.19662807454970058 0.10412719797029833 
0.0013409789430460445 0.014892778152192301 0.026070123490555076 0.0023411275431888608 0.0032572124478174283 0.2542818865971146 0.07479380111820502 0.12489365082960514 
0.057955774977195215 0.07079879831287382 0.004044172552170513 0.021858084892009483 0.25493069364885623 0.0743928019880163 0.016651790607768037 0.0018620938351738916 
0.011918020848457124 0.19011397276083836 0.13729531515806406 0.037206050963263695 0.021596784832239833 0.07581649846396567 0.02873213796827828 4.182240807650918E-5 
0.011463434373746115 0.14604984576158206 0.048585593836811096 0.021152467060174887 0.0034835018336607823 0.00386935270775517 0.267673821769558 0.0010800634778593526 
0.005796883783215272 0.05355193486584423 0.012419602285546623 0.16400489282701589 0.02044243352497896 0.1390382751796198 0.05879079866063105 0.04781597024040678 
0.022220113707788952 0.12286730571044009 0.0016426141201572346 0.20320374072901673 0.01495042191372948 0.12549608645329996 0.007583645277418785 0.0060980636093358005 
0.23628877467428352 0.031899681333830886 0.006375351993761749 0.1687223109848963 0.0030659616654794878 0.014840339498316424 3.563608263355675E-4 0.04017605421195039 
0.03233059278034408 0.21605322540684155 0.013218807350925324 0.005872683904980736 0.00416736006043946 0.20255614926047333 0.0013403001525924116 0.026721199174677107 
0.011272953304434131 0.036061338239794 0.2445118617784899 0.0018137145213848148 0.02726219240661587 0.021651587473414297 0.02787434692687937 0.1341436896468376 
0.06313778720685112 0.005852663715199461 0.22916002324386392 0.026032050481591663 0.003020018579395048 0.10877768070624086 0.02608796826495509 0.040607668414591486 
0.006042114083088039 0.01013582134054524 0.21491171392593883 2.0146207691764794E-4 0.012026861112792272 0.20351652609405313 0.008041276560299746 0.04718665251271585 
0.019889387289980555 0.05784464339671568 0.0011398548205440774 0.3410658994621274 0.0300343310510615 0.01412218126239779 0.037632304469680515 0.0017365862573581758 
0.11998258187445432 0.021732383215791403 0.02146337569877372 0.15277368489441612 0.013140414960812379 0.010941560070029567 0.0013085100611907807 0.16044066267329785 
0.182036437108911 0.11992601578076957 7.257817852064752E-4 0.014890121803412074 0.00937401999239306 0.013015624181275423 0.0013082560814552536 0.16040952139415746 
0.004366525558580834 0.2273381429744665 0.008818594751210435 0.09271318668564153 0.001982728567709748 7.404240145965414E-4 0.15161844667881155 0.01632048782593946 
0.06916724854069631 0.006863998116846249 0.00197283944883475 0.006449919507162009 0.005610569167437733 0.0024257613882008927 0.2725333438093638 0.1357860574876924 
0.07371514337570721 0.2191871546586827 0.029283823196990702 0.016014965898998677 0.008823543759096844 0.008507552338372032 0.13797873280851203 0.010775508299515176 
0.014725235812287591 0.03486013638087591 0.06987435912080024 0.010942081679260121 0.0323400374972791 0.2731311837561367 0.06628815294897819 0.0010807456317291101 
0.016029588297043415 0.1514145566073553 0.0020084902534619887 0.004946226087272232 0.0013088901882904892 3.5738970631173057E-4 0.1803735315388302 0.14754138343207637 
0.09820635674228347 0.008016560032295575 0.022183067623885083 0.021648120891132192 0.00665550262093664 0.26506010500416305 0.06529995069548165 0.016464560600532915 
0.00681542277398985 0.0502987790751535 0.015724424314156705 0.16517323925721175 0.017668254390778584 0.011906576953417274 0.0456372798811229 0.18821747476791117 
0.017728749819320915 0.04514687768308362 0.1658430595266302 0.2067076624805453 0.018224930940885866 0.01508960201929873 0.019987124587927747 0.01663852773809978 
0.08510879568596388 0.06302814970406179 0.1347417627233091 0.14412061914802038 0.024951101674574174 0.024721822938894848 0.02725105743376029 9.960761206963603E-5 
