0.19976984489616087 0.26515326226789016 0.03699699241150757 
0.06228438468737408 0.028587434793868122 0.4114991436478303 
0.04250319305219281 0.22985195914123469 0.22905633041616486 
0.05541050969002444 0.05745652264064941 0.38914106156031897 
0.18785487778468843 0.15969932449685262 0.15478629074660016 
0.2219330800508285 0.26792105317874654 0.01172910903385042 
0.1278756216048466 0.2929962557175724 0.08107492428830038 
0.08594164213959693 0.32906593202180384 0.08755641799394585 
0.004200891436537319 0.4575171960159913 0.039833828465690065 
0.42692795626508356 0.07452347751394814 0.0 
0.28777500832537845 0.08579267567192585 0.127884131374618 
0.030863633460531205 0.45921857201121424 0.011734570015017152 
0.23815924658188292 0.10931089656564413 0.154130943782576 
0.36040781683909967 0.08224299399771381 0.05884110454366696 
0.15347582575880894 0.14340153189171037 0.20479441163874937 
0.15108940977748583 0.19608716183941574 0.15461810964141426 
0.08182608508192961 0.13071042450830986 0.2892402159708806 
0.26734513329899007 0.17571771809943254 0.058895876660126065 
0.16673703801425038 0.09969276780636797 0.2350158850204215 
0.020381300075990885 0.3873950752454901 0.09483421811869672 
0.46124420699634755 0.0 0.0406633318816623 
0.31901142972954005 0.14642062359075636 0.03625794491474738 
0.38629239085168077 0.11516308520231013 0.0 
0.0036426634059211404 0.34304819300127587 0.1550195704322549 
0.15219448473906758 0.33761440406040477 0.01172018254708973 
0.396319343650904 0.01810025088915343 0.08715216922645945 
0.20210307733546634 0.24252419500021732 0.05720690165971275 
0.174790844169036 0.04590557692463642 0.28156768531304055 
0.0020845453948131185 0.32368492383168856 0.17616203785581833 
0.13333905568424978 0.12458655786067997 0.24360811648955663 
0.16503699856347565 0.2190525731586411 0.11783041973326239 
0.21407875113562178 0.09825837358047965 0.18965479932814086 
0.4373218815545721 0.02372384015444175 0.040863460900458115 
0.09473188801653211 0.22044694898691555 0.18709112014422374 
0.20546909680992537 0.1746735371073661 0.12264987355694483 
0.06472710345039238 0.4369301204038865 0.0 
0.37508430511399327 0.009103250081533126 0.11753181026496883 
0.2742077671827454 0.04224597730935654 0.18529486274281734 
0.013251712868410316 0.050760451315316577 0.4385647937385243 
0.1494830466412719 0.009688114132928088 0.3426414654510949 
0.2145250092730752 0.056341019246522045 0.23096888022739212 
0.12564472327774973 0.1961108644325714 0.18088469752168174 
0.0972186274054886 0.2863729781852504 0.11785206392230693 
0.23689492303682755 0.1775982325178531 0.0871676390596415 
0.30897171022317776 0.0033407024897811398 0.1896397939073115 
0.3736408345534583 0.040853867272437415 0.087167964239465 
0.11039027666167399 0.14763586011209512 0.24364068661048072 
0.3404217421518623 0.0036807504504567687 0.158681906001542 
0.0038845937806590634 0.41632001800919477 0.08134077601777936 
9.7738432028982E-5 0.020903825499366983 0.48078394192155105 
0.00242480957863297 0.20327330810307812 0.2959638317604444 
0.12025513218915909 0.32039963339247823 0.061214748695571156 
0.10839517902874013 0.006833376203241585 0.3864824684039935 
0.14789616153240023 0.04396867783147736 0.30979766200886794 
0.2632232158563186 0.20249468376104815 0.03571127928856504 
0.26809470376107397 0.004260448432353491 0.22905633041616486 
0.45910120629057033 0.031104806267831273 0.011737534462431282 
0.045220565891284016 0.10498466870948038 0.3515050730543362 
0.09626113078103378 0.25043901865499024 0.15502372572308576 
0.4952474846691901 0.005354776668378937 0.001769943440953339 
0.30564187820278066 0.042050121350782066 0.15409244775741912 
0.047076898336459234 0.35154440776980306 0.10320651686067545 
0.24722762690642208 0.13698197985348487 0.1175385563457457 
0.03682137962573238 0.42090543081193227 0.04449812739861686 
0.10329528257919823 0.39567074947438485 0.003827139167222047 
0.07791767731043947 0.3675186307466589 0.05617385926308898 
0.29419330695997076 0.2080560514309559 0.0 
0.2908675628088525 0.13350308471675423 0.07723617821214766 
0.19980744495506253 0.015404068252297997 0.2869199894643378 
0.06058180005241842 0.31375338303756617 0.12777855982387168 
0.017660067962684333 0.26651759556243565 0.2175439812974077 
0.24225788346641014 0.030097442408592363 0.22905647648597077 
0.35250805582124456 0.06198650992871603 0.087167935622785 
0.007922663235429122 0.12956327092000872 0.3640053300265697 
0.22852172594362263 0.23805558931404666 0.03577717933660061 
0.3226653954120507 0.12003149456331096 0.0588472297948632 
0.107863829009678 0.07618255879580374 0.31760159107179103 
0.12903028050799425 0.09674735531863887 0.2761445897639784 
0.005777184744989007 0.48430502130341 0.011734570028824593 
0.2696937582801861 0.22927225274250337 0.0038271390059121547 
9.687918702628868E-4 0.09404394038633344 0.4075978611835814 
0.12633874886111493 0.372150942027323 0.002955843218331897 
0.1678433251820358 0.2619759806221425 0.07215798659812149 
0.08471107143920267 0.18898172444986386 0.22821659453656967 
0.040062846724363596 0.16562060429972383 0.29594272898984864 
0.3655562352689301 0.13598688266596892 0.0 
0.13759906222912627 0.24743245699166136 0.11684088864689918 
0.01376364641050033 0.22103014847434044 0.2672594406761984 
0.4106946449002439 0.051023554922274617 0.039833838160192016 
0.1480938362109641 0.17771297144546389 0.17608072154486631 
0.2160630607579661 0.1403785229338339 0.1455903309764546 
