0.07176747169123585 0.01020036967595526 0.007847941702699951 0.13413819043213454 0.06307608614839187 0.09220530551378334 0.04124674144695248 0.08017325571010245 
0.002234838229243474 0.3180320639956047 0.09946202577043321 0.022694231487327677 0.0010390828545787149 0.046170712429100313 0.012156545212933101 0.0 
0.14440548830234048 0.03870285347288026 0.0 0.04538345143653841 0.020404120513612036 0.015528915724335303 0.22754319974868747 0.008837279142951146 
0.026473784438049805 0.116574913117969 3.8113743488315735E-4 0.09605761571212905 0.008189252742309047 0.03451596543850512 0.04552121910053251 0.17337963814651322 
6.554608497816054E-4 0.03539589725202986 0.036490221020168 0.14245301522456935 0.17874984860947066 3.72851141848215E-4 0.009682643803515557 0.09825165473741325 
0.022331937818438636 0.20408630848298026 0.010489329138172162 0.0 0.015623617234933666 0.10204049188580755 0.08558099462141397 0.06043477122981372 
0.011381121549613342 0.08574878102815228 0.018503892087733315 0.07589797069376651 0.08300482354578963 0.07575250094091436 0.00462392966850729 0.1456918166450357 
0.05090390485248707 0.09834147001190553 0.014289372292804725 0.03327112078811762 0.006430729766564394 0.01722191589726116 0.09687357471455622 0.1831160903788534 
0.012416277469826887 0.02407566735956801 0.018989576480973724 5.243206811444472E-4 0.0015490700775241224 0.3670294531646112 0.04468099218582904 0.03174252086371051 
1.3114334019060693E-4 0.012553423439723415 0.16677979833192796 0.12401320179258603 0.04111269986513139 0.12679070872505113 0.029694265558735066 1.499518045332762E-4 
0.0701905117593041 0.08799979411333261 0.026532582649035664 0.10655351804165294 0.020809319288457466 0.13272374044922025 0.02889468318971213 0.026787753150260402 
0.0012820827266912629 0.003699010067329851 0.04967808832040828 0.3455411895302942 0.01174944420553042 0.0 0.08732872901743385 0.0014239236544188443 
0.11277867863885116 0.15187833586698668 0.010806929533278197 0.05005063684031366 0.00306071445603979 0.10259849928694063 0.06817534314815984 0.0020040695215174406 
0.025852169626845403 0.01683181702307239 0.3904617463393884 0.013715698166518811 0.030503072304968352 4.520340626446471E-4 0.022523832494312973 1.5303796964978694E-4 
0.1445746986157799 0.14202459465645426 0.008447030863252233 0.03286969999057953 0.008987151682069427 0.08985696413535196 0.001666759787299307 0.0723497787576701 
0.004214715083588406 0.05977391767241038 0.04193424309207817 0.2731352874450814 0.0 0.0710607737740893 0.02584663700657402 0.02447763965092171 
0.23823474728848842 0.03351465185915253 0.16949618462363952 0.0022563255259387847 0.0010416164254660352 0.04439515433819287 0.015132958858431696 9.660729527036747E-4 
0.005545269169027197 0.16588589166086137 0.09492890203871164 6.638489869760008E-5 0.06581331467663765 4.594413962364621E-4 0.1661438461257699 0.0017336113579949012 
0.032490058709858445 0.007118586360408954 0.0019546655396154174 0.0 0.036530429015158794 0.01734620363776988 0.22300932014129857 0.18182427498489617 
0.07505598396489827 0.09409977175453671 0.033607705681824675 0.003607828062588822 0.08978062723853976 0.0 0.09425214163219282 0.1098699197871643 
0.0023847122195873043 0.33535161338278247 0.011773322392156716 8.426262744495393E-4 0.09424176628663757 0.024073369224389764 0.023615030957920943 0.008782483064816231 
6.93877227012377E-5 0.0872307130646567 0.006327074474309733 0.1559897020167191 0.010462405111175903 0.030254111867276355 0.2101281669345171 0.0 
0.16755360434059827 0.06544160580602282 0.015666701589209943 0.11785972022963903 0.0639806666869275 0.008481656728345825 0.059556869949520065 0.002574081623295325 
0.16610582318895428 0.09611543082285301 0.010424432750482663 0.020747570814018037 0.051215247843680034 0.11605672458273492 0.028899595436099063 0.011720403605479093 
0.0030020503459807996 0.017872360001027234 0.1661549405149771 0.01936196806398976 0.007473703528097428 0.01818984349115014 0.030848914788854938 0.23779378112939453 
0.06612997577623801 0.02003901219880259 0.01753213716768353 0.06302475528206042 3.915753505456906E-4 0.17697439350726066 0.14933096006017976 0.007722619547099814 
0.01900308364671849 0.07299570284738657 0.1273790483855715 0.21221159653559474 0.029460594973410234 0.020826381298646078 0.01128479691581959 0.007702354027767532 
0.002278944571906849 0.00590674065270837 0.1542725813334637 0.0013579293948560863 0.00836961137747667 0.12866035995458452 0.1321089104464166 0.06833951966507117 
0.028518281754538414 9.124183482962877E-4 0.22525422507942006 0.17165205746485795 0.011265015072708289 0.0 0.04766317606785871 0.015613199327585392 
4.528886503033188E-4 0.06736418526602624 0.006543006986632512 0.033565182877385184 0.08837188631698781 0.10656986131754427 0.09076718801572699 0.1067787760616414 
0.0337397892256919 0.004032410661935719 0.05746209103313713 0.0 0.0 0.2535543908826331 0.1513693184549988 1.4970145144851865E-4 
0.0014598776532964654 0.13974375157277627 0.03556559201617016 0.12605587591168863 0.0410243085112107 0.12651811163350676 0.029630423574505682 1.7379447878464483E-4 
0.010663084739734168 0.05142452615857235 0.09198324158901451 0.10318410211938109 0.008796811007428965 0.029481026988361445 0.032143006178479504 0.1733594867505978 
0.1342422839334596 0.007183211355529674 0.0045413332912025576 0.05765259852147847 0.16558609877172328 0.007274001886793615 0.049967554215573015 0.0740629271699997 
0.0018087830222647385 0.010768380810449013 0.2370371541397547 0.02584099463866482 0.00674441403279032 0.0240019092509654 0.03234496915047213 0.16243979589077046 
0.08028440313506202 0.0026160515648334945 0.11105410771112781 0.12301211555558074 0.09670227027116365 5.558157754091957E-6 0.023402939235893247 0.06379415926044604 
0.0032756091600707007 0.04892477002735872 0.005036304664952175 0.11668102304020626 0.15851305878894095 0.16683909076260794 0.001070270618733291 0.0 
0.12226715287297636 0.007478845991133568 0.10829487169475618 0.012460138784674477 0.0890143436072329 0.12416924611685337 0.025216822975186824 0.012829626182836769 
0.018947121615124518 0.010525415442342737 0.016794192290103184 1.6047282693390744E-4 0.3319344664192977 0.0 0.001341295090721308 0.1221213849233917 
0.13988081161127064 0.06969862617517696 0.08982626171737582 0.06102589964219843 0.009969206521631786 0.0 0.11637383329103648 0.015661765723580967 
0.1162000514739579 0.06402566745225541 0.016303841267746113 0.001857276268425935 0.012972043111918427 0.2238252691886557 0.03419514182727966 0.031273830246107796 
0.1216074157210829 0.07917609235939911 0.004081632337848472 0.20998154505489416 0.02831772348250307 0.006390074398210041 0.021191585231883723 0.02971276597225994 
0.15504081845835063 0.08542674257217994 0.04779665725254383 0.0 0.038136144702337005 0.0322098770426382 0.021870811660074353 0.120876324483072 
0.021737471984352 0.024081447673439157 0.004144937790294404 0.31585856912107835 0.016595006703298238 0.10676753124621133 0.0 0.012212592947880177 
5.400253093699335E-4 0.023491610599603818 0.15249497442187546 0.026086166954601808 6.621193743065322E-4 0.23202067374284482 0.04757890979979082 0.018019529575814087 
0.010063274616695529 0.047773417696350864 0.06306383919089545 0.01877861628454102 0.1225305854803119 0.0013008538354221488 0.13984835103524004 0.09814435170865786 
0.15604775928836098 9.694088044044244E-4 0.015033476067704443 0.03513300265580107 0.006769828860473644 0.018130045501230284 0.08520180262491311 0.18315820839781216 
0.0025061770268750465 0.13533742643549768 0.015678813171252217 0.0092470508851442 0.1414643904249778 0.03804945878382598 0.1468488888349122 0.012817996636223258 
0.010300078871047114 0.07760388146598109 0.008167068706952607 0.06061572230736918 0.0032723137621370733 0.16939378596395968 0.06184331702575332 0.1092433066479238 
0.020351436342038454 0.022545954272094108 0.003880646178249727 0.2486760095886345 0.04608491670107912 0.0 0.14822304382200344 0.01059209562333409 
0.01210648647674291 0.0016883864715823288 0.15182414293459714 0.025160926177896316 0.167357679143426 0.03210454497300936 0.009587439954533882 0.10157481580002865 
0.05320397575680476 0.12049122576823416 0.0 0.1680212408259808 0.14946836783470502 0.0011445737823710751 0.0 0.008883573898673834 
1.5885977682565506E-4 0.015642686564964543 0.11417177444222289 0.07550674519160916 0.05482810038773477 0.18798363583697614 0.04576194520907337 0.008375534089887844 
4.957291027599472E-4 0.07054548632220452 0.07962101109104808 0.0 3.5384796896374275E-4 0.15591878833341147 0.13320535733750202 0.0603616138205287 
0.003971731619425339 0.17277407371616174 0.0016609763804805988 0.026364008717756668 0.0 0.23372810681505368 0.0479290415480584 0.014456667102439676 
0.006296248611514433 0.3400071400155421 0.014062222417102008 0.0 0.0073513385061853495 0.11177390153081573 0.009373575415924002 0.012810979328590408 
0.0011477155869480584 0.11301385127876759 0.005171601961354519 0.20916692313924093 0.008649255285968787 0.025483260186148226 0.07313089810209349 0.06449732642728054 
0.13114395341782703 0.03386499888646597 0.09402624786537146 0.001068815405115197 0.06796646148914517 0.019533225071286995 0.1533809140542137 0.0 
0.010243144479121552 0.2020717995977748 0.014222066639993668 2.771344946509749E-4 0.20395899217132565 0.0 0.045993742983075174 0.023803932876864324 
0.06131649298739831 0.0019617694269388982 9.719569103487369E-4 0.2675230588630172 7.792085870354801E-4 0.0864103972872645 0.06758397131935291 0.015654436884446052 
0.06881176029870115 0.03830390393441631 0.05737002454472827 0.047256074699053956 0.15020167275340532 0.02984561043016424 0.09731008967010199 0.011171618858897444 
0.06492393472072737 0.016765157063837216 0.22533953956776778 0.0019041929883593922 0.13509916242718867 0.026437541146677825 0.03030584152298626 0.0 
0.25876511117585155 0.1626131105026218 0.022688294920104265 0.001261442243351837 0.006705215923521286 4.280468927999519E-4 0.02838492120703206 0.020026894913765 
0.006182293054541172 0.017836886631293115 0.23075116957052966 0.04842996672310081 0.11114509008632839 0.0 0.08355964424741641 0.0025707989697897377 
0.2685119469712229 0.027148834720175916 0.021853521476489716 0.01165736651820137 0.10982622353546327 0.0 0.0 0.06325566162295809 
0.06939553950713334 0.018599053462516658 0.06694229684549018 0.07461347049317817 0.020498649644423838 0.014887848592690316 0.2279838116951843 0.008854391545208 
0.005366833728714686 0.049046226657096605 0.07533886169395719 0.012608064520074054 0.12467921812580561 0.13340147084156445 0.040014852837344864 0.06047635367236921 
0.003567440334132101 3.524324618540905E-5 0.0 0.012096111915410037 0.4274378001537061 0.047998647348288875 0.0028250257549721036 0.006557883189058336 
0.016979661562353178 5.532789491604016E-4 0.023487266398080194 0.31543705253798504 0.10875031553584913 6.250643421923596E-6 0.026318689511973425 0.010702752277405187 
0.06215096530161079 0.028234554054875467 0.13610456003777313 0.022008163643263485 0.019748370846519696 0.1340046412928953 0.09708458334981603 0.0014237997898514365 
0.1552344987857018 0.021649206660920156 0.0593615009074566 0.0790572023208282 0.012057920412854452 0.01700738050904889 0.032924233112267096 0.1231949835756823 
1.692605034325981E-4 0.045942972317825154 0.004448918894539118 0.022732770424868827 0.060014883709930036 0.06736191625783172 0.22649237889915097 0.07330766117365878 
0.3355067176548196 0.020032309769532578 0.034040783723478595 0.04075507692653444 0.02658300632763467 0.0 0.03236520889576882 0.012839642164794045 
0.0745681206049918 0.21775951175085628 0.021186444049122184 0.04178067740798231 0.002654645978692171 0.06316228767860516 0.04431554611499946 0.03534131965402269 
0.0010231570857452746 0.002951968918884767 0.03708314251117772 0.2595597419087779 0.11019848624589275 0.0 0.0870884783057103 0.0025707985808072695 
0.09362035669491349 0.08006589736406332 0.07622110589745074 0.1619315597401314 0.027225878472825146 0.019835859827399317 0.03246436453481042 0.009239191837832414 
0.1217719500967416 0.01727987219889477 0.0974207676401717 0.0 0.19570552632810337 0.036497984857094726 0.001380356390136602 0.03137707422754986 
0.0 0.0 0.21748745405804484 0.0018654513103798641 0.1924227083795015 0.04818519629031177 0.04171481252564679 1.501556884331612E-4 
0.039864523702468645 0.12839301004540035 0.00905950130264188 5.036975095350597E-4 6.264248572207388E-4 0.2936734758760678 0.01668499866183936 0.012798762376082256 
0.2141244952258552 0.032424170191990044 0.041352551953943474 0.0587898655299274 0.024768245130744666 0.076129559202262 0.02883195845672013 0.02450247214683218 
0.11079550146390017 0.17452264017904534 0.026456948952986326 0.032615698856614625 0.011276010411030423 5.6534821799955775E-5 0.017415761792214744 0.12777102773364807 
0.08530932156110567 0.044531179679683244 0.19551676443615343 0.06631543713418063 0.010833306714675413 0.0 0.0971460690990769 0.001424701512801218 
0.026925048603065473 0.04445999582466865 0.046781399714948144 0.022124643659804353 0.0058801400373269235 0.07302095139394232 0.15805092509480298 0.12321280505497552 
0.01597645890195929 0.051455917637419524 0.006411156718970441 0.014229710986951 0.02149853424248877 0.1803241111383372 0.2001506285108925 0.010731170943670036 
0.034080617799220364 0.018970895447816875 0.028851021669118064 0.13506156916985224 0.05622603635118775 0.0 0.1625582642126855 0.06497059920857069 
0.07237671885065297 0.0070222998680911355 0.0 0.2665844487822108 0.09744539317947036 0.04829582929505942 0.0028284162729956216 0.006565753779657199 
0.01834347052876018 0.07046196021656688 0.12295761379999678 0.09118816525784373 0.13101551864251249 0.019602984579197083 0.03294973358372839 0.013672931244730862 
0.026055220868405962 0.06633527876585496 0.008784058977267722 0.01949642256739667 0.029455588279732037 0.24706580991470484 0.10297965009112377 0.001847894885075176 
0.11602961210185456 0.015027176330301897 0.1511168061469536 0.009377059609678596 0.0056630604942264386 0.04157693070301456 0.15415807445666785 0.008327448419878628 
0.02205299902105368 0.012250777778345 0.002261399985061891 1.0514927737994323E-4 0.26217701142118516 0.07970692001268223 0.0 0.12175193405240832 
0.017901046381157568 0.013789157671733353 0.06831318033677684 0.1763190294554829 0.007357939499405716 0.02320307910787065 0.12878038029776223 0.06448257090425313 
0.03035490250250685 0.10961366648059502 0.1937967205915281 0.008727216864407718 0.016211858954704547 5.7017656368769774E-5 0.022531901266530076 0.1196737707660379 
0.013755022936482142 0.03258718053517221 0.0641641700207437 0.04735925678839201 0.30166310684095965 0.020757662182443383 0.004439412051236876 0.015500221323410588 
0.09708625866670056 0.0071822944863009315 0.003352882772435504 0.024535400499058373 0.05708296096371332 0.03611410484975527 0.0012246869527035445 0.27411089389187127 
0.0 0.24747106476860617 0.0817165936100057 0.01805739644821195 0.02268974365874576 0.03694421698558335 0.0956407819978437 9.630987880487339E-4 
0.012545021734680223 0.048188635896303865 0.0 0.05874972034611569 0.052262587561616496 0.30584496698007363 0.012418000089726827 0.011204025258252998 
0.1138822074461354 0.016785552800339158 0.18448261177696712 0.001985114759454793 0.06163228963606978 0.038726054278402186 0.01628897088144165 0.06658077213392599 
0.003605693951318749 0.05113666027800291 0.09186302605982564 0.06313035248524904 0.0 0.009474104961937709 0.1580636579517782 0.12322273129250523 
0.0063796964548390135 0.007067626192237313 0.0012164912711701305 0.14101034385129815 0.010179162700550493 0.17563569685275998 0.14820136807410672 0.010590546663142011 
0.014394985029636162 0.11134690375287298 0.08180370687050445 1.2455530304290166E-4 4.8773778822646383E-4 0.01484660912123018 0.2758303423149063 0.0017335828268217612 
0.041519352733280154 0.13842151943726308 0.030180712000445933 0.1453991886983174 0.025557871344572474 0.0 0.09568709947008434 0.02381486809553593 
7.794563336634504E-4 0.10961152331441598 0.0776665214504232 0.023640401892695624 0.18401088622089104 0.053926546251105184 0.04388976771362049 0.008705003350452885 
0.02668317400468057 0.24804333193804934 0.026303457146890086 0.03149161982178244 0.02054080110065672 0.0 0.025008733410941737 0.12268037721596108 
0.08329104502843372 0.0821197298119098 0.1228305634305861 0.03841268790236653 0.03157607847122149 0.09460009965393618 0.04749641645341326 0.0 
0.03763805279306095 0.1359136292892687 0.24029499683432132 0.001707589182829831 0.019670232357779784 0.03371740358986329 0.029451755904989798 0.002573321774399841 
0.0010947091208524417 0.15394413919103656 0.109078912755837 0.04771474365287107 0.08388027761992929 0.05392709042811419 0.04389021060870984 0.00870509119332464 
0.0 0.20315255802241675 0.15454925564287633 0.02570784490971419 0.02462078586906033 0.04248175946943575 0.05146164539125607 0.0 
0.019674282082670327 0.06746783645537235 0.09766645383401945 0.0050283083172935755 0.05003337462587161 0.023677079944465385 0.17665149135224584 0.06067406344456396 
0.026335683118743024 0.0019482739808326032 9.084612590900834E-4 0.05147004677763845 0.015377887765848435 0.10273224801166304 0.019004207614240036 0.2830115236113341 
0.0018334924455547976 0.02600295021609615 0.01824230497068926 0.1918612519108458 0.0 0.11886474101700893 0.02048836841118369 0.1232291372615471 
0.024210461579260177 0.09096705127676194 0.1258625171697334 0.03743902675002161 0.1203009162198257 0.0 0.003718375356137159 0.09793495501797791 
0.018204241428199725 0.17319338551455213 0.018325204046218294 0.021939715215280223 0.07646121736628901 0.027805047717041002 0.02379509816672712 0.1411354334434224 
0.10356514899348816 0.12878396693052913 0.00923688563198983 0.11056512514841879 0.0614721257795351 0.008326447641843295 0.001242736643690091 0.07833151646961879 
0.006487318604011218 0.003603804567314921 0.0057501755831851275 4.5554302297385364E-5 0.113584145619472 0.010796015052983643 0.0615946765171564 0.29854211049389107 
0.014773678242071072 0.0010929343579371567 0.2059249497131462 7.704123193024635E-4 0.023343001447592333 0.1805573825119308 0.018658747216928118 0.055249299716365885 
0.0071619222930761365 0.0180158168964927 0.04326846389881085 0.014747309909488436 0.1589732581773027 0.004950933996132477 0.015172820110756416 0.23809162952178659 
0.10286752574328856 0.0669749346348576 0.23515930810477192 0.015500169571779797 0.02870375495975398 4.2536944599841646E-4 0.02119519510059315 0.02971782737672686 
0.00313205333355437 0.3084086455397256 0.012721364615096998 0.004107398179347794 0.008645815850704728 0.02756550481070231 0.07352377997894262 0.06317041187206886 
0.005311982976477743 0.15890717036102184 0.0909352993037526 6.359212529239835E-5 0.22950074452354763 6.70298689402258E-4 0.011291780827835602 0.003895792516606523 
0.1612965173467892 0.20222192376070744 0.00814973201590653 0.0010557831238401602 0.05546673275523933 4.0546956326487717E-4 0.04375139993378733 0.02980463393717589 
0.0 0.030095202490582215 0.2370202360901128 3.4775082573716785E-4 0.11552630354344476 0.10214885344925476 0.004523613505504587 0.011184474433539078 
0.009743600536726538 0.1327269216989396 0.10880610363689015 0.03348655909212343 0.011883214676130092 0.05234501089774605 0.15145729983763268 0.0 
0.05062217515428533 0.029292002415888883 0.23419238342206541 0.023902626866113094 0.0065903828722963026 0.11605371557174553 0.028898846154223598 0.011720099729737504 
0.038092680415613214 5.482833490786943E-4 0.043307713502268835 0.05041780973768119 0.22925337914955118 0.10097416284281108 0.007838342966464214 0.031814642131989375 
0.03115846454980743 0.23475721107166747 0.02545987164359699 0.14038957735654256 0.026479716938380554 0.0 0.03802299539197516 0.006588518775883662 
0.0035021405803419984 0.15234642034547072 0.0014645936187179538 7.034471836839712E-4 0.0 0.17503653405216657 0.036403552398146584 0.1314279177208483 
0.05691629769360786 0.0 0.04093885315523026 4.0376401596619E-4 0.03174652493582364 0.08344328013634482 0.27987262685505365 0.0077210315445534385 
0.2137040158244107 0.027677140948019405 0.040485827855600356 0.009366870492612265 0.0056569070102206595 0.041531753191958266 0.15399056622565072 0.008318399810789441 
0.026913784257800902 0.030055288709260608 0.0037797190786567425 0.23241936964742035 0.01916956840655263 0.006153605725936709 0.0 0.1832948842063905 
0.06855492095254728 0.01010458324595033 0.11105502036805341 0.0011950012953562258 0.0835047182346727 0.028570416917250274 0.09080244680214306 0.10682025459745628 
0.06107136928212863 0.031879049897715665 0.13996684422316633 0.04747399787286318 0.007755364394084523 0.0 0.030437765921364275 0.18248417069604259 
0.12675897182594087 0.0783327452023861 0.04793017148555648 0.007877659853127971 0.18830614464744042 4.2536944599841646E-4 0.02119519510059315 0.02971782737672686 
0.005102979578978759 0.3817701818336429 0.026429544816319258 0.0339439739509801 0.021170390477805473 0.0027216695183707607 0.02958972754044272 1.4987219710577913E-4 
0.050520351097756946 0.013550199152548958 0.17777442652316805 8.388219277627364E-4 0.009989670080971326 0.012814491396503381 0.11202171507599254 0.12329987079899993 
0.05073698566476304 0.0562080110453307 0.07941510590626351 0.024835412235445848 0.008813223668400405 0.23298531494074004 0.04751360225061336 0.0 
0.006509988710391891 0.15001042083690544 0.010928462622514528 0.09572247684489982 0.012457197488801842 0.08804101294355371 0.013904044478799525 0.12297283652462171 
0.08556780596524285 0.00271741637228191 0.12223734721308617 0.03269896752023483 0.21336096196578758 0.0027385377484183972 0.04165679014475445 1.4994683239330574E-4 
0.024553747670007602 0.03078371542696402 2.1657599658997875E-4 0.10107368622362008 1.6414696801894674E-4 0.11520068316642468 0.22812923312898345 0.0013681148934524563 
0.1255815565620852 0.034113937783788524 0.0027149152830715974 0.09361776150454593 0.00851482952406582 0.09735044937390383 0.13860353943273118 1.447518268044137E-4 
0.003173808974214706 0.020218072598889386 0.026216967869022587 0.04646327758918474 0.026178146927170704 0.009999221814886222 0.3621906009375184 0.006576931415184572 
0.05302093156973311 0.020708446809662915 0.006708072512532545 0.03585651807089139 0.09457184368571117 0.004154429475120212 0.21128447533506062 0.07403820210256837 
0.18668039534908681 0.009989138268766424 0.005706882585145664 0.0 4.7530482919009166E-4 0.13274715369951187 0.01704613124385009 0.1481792170927788 
0.14373820097004306 0.024142157881550778 0.11761826030771125 0.014216679308424839 0.013308130701211588 0.02643522183975491 0.08278477467189355 0.07828882271334633 
0.1238511024103924 0.1339729276480404 0.003960188508786806 0.0 0.08640300457236814 0.0 0.14607950462481115 0.007733474176389418 
0.12290411304711203 0.05767383865708634 0.015104314900256993 0.06645623754131476 0.09624172088390305 0.07936294208063874 0.046043312550771015 0.01802562416200152 
0.014592073666833356 0.13335351692215747 0.09695450727657884 0.023797075105856973 0.017557255004227026 0.14300058212836333 0.010657489222101729 0.060401793548851196 
0.01811880549254515 0.00998337436500863 0.01462373398244408 4.037755223362998E-4 0.00119292753877759 0.282646697896549 0.019941104587542897 0.1541409695138501 
0.21528360984338873 0.08408356947803963 0.0198954563369869 7.697043180336015E-4 0.11608184050336494 0.00859222072628308 0.022407692987650257 0.03395082960899334 
0.12994294646742774 0.007948359485181073 0.015684239019194586 0.00925025094190042 0.14151334593349257 0.037962290285911214 0.14685666083852314 0.012836361675760811 
0.026477244701023542 0.03319525707930954 0.001372647295358989 0.057174430346059915 0.03265042988299075 0.10895199057364759 0.1741544596511061 0.06850073902723092 
0.16214578866627957 0.022810524994481635 0.08349310068698874 0.0013727259564599173 6.337090492814894E-4 0.03783379955661804 0.015659009049549075 0.1783523241020286 
0.12294296314828453 0.18013177911724426 0.08519279266189252 0.027904587536508946 0.02719358748343301 0.04616066203746563 0.01215389898908498 0.0 
9.655080757050953E-4 0.13739809982795098 0.028151772578379707 0.0 3.9108096665842787E-4 0.17675095429310647 0.14914242209316947 0.007712869345341134 
0.011705115997397673 0.01296729162460933 0.002231951244023167 0.1700823901231809 0.012880494723999466 0.2222456535187909 0.036917453750177735 0.031250581077924666 
0.1884218884745269 0.011078204113634004 0.015788166158979385 0.007904192391464528 0.19369559302770373 0.05236866943933678 0.029471527425073876 0.0023781107043503746 
0.014727519219208382 0.0 0.13694312286831245 6.25814247101078E-4 0.04976311040743397 0.011567966138972204 0.2841006306964559 0.0025698856626487744 
