0.0 0.15676089762846265 7.785417405081768E-5 0.06087670025756184 0.1893586841161471 0.015133222498822006 0.005755254092496035 0.07291435390827086 
0.07242102228157563 0.018981869126301305 0.0 0.08390400164065322 0.039642941302924124 0.005517502546747346 0.00199255644939539 0.2804518814131307 
0.12051530180268948 0.015039712527420916 0.022957015540226097 0.0 0.09615031156903037 0.009274784863282521 0.21236128494593096 0.024924266483146662 
0.006095211202226993 0.19860397838178856 0.0712193379302955 0.044264808961657486 0.038683697812866735 0.0 0.13920921114145335 0.0031978196746394964 
0.0037394574858285864 0.010668054246311091 0.10983643388886376 1.516952425847275E-4 0.0463384979503579 0.011303539537407162 0.14646577321198714 0.17259761082725567 
0.03942484686784138 0.022124704829313866 0.07884211183499092 0.12022349628129403 0.008590799757837634 0.09146173140244694 0.141024474488695 1.5892461906406454E-4 
0.00573812341434224 0.01873084301927288 0.03492139752757231 0.11962707617177759 0.015351246054915635 6.308959015880895E-5 0.2875593667035013 0.01917952709915601 
0.03254926711546234 0.07276558961915096 0.0747992631643724 0.007257118055431414 0.005563262082901587 0.05064597169034939 0.1012499499712711 0.15621284227826818 
0.23760228104753697 0.01958361715184735 0.06989155317331297 0.06698571912358127 0.004554818829851942 0.01383917998603843 0.0 0.08971011384477079 
0.044769609950479565 0.19397936751520214 0.049180749075579955 0.17132628270174582 1.1399582128806387E-6 0.01365501740680794 0.024687698565870726 0.003187749553494311 
0.0 0.03902028954975033 0.27381293090170805 0.006873356785806762 0.0 0.12300188820891436 0.060563389170835626 0.0 
0.008040495752261222 0.21486955496020524 0.03607573030319964 0.09578640028345532 0.0 0.13816018471483976 0.008357982007404344 0.0 
0.03519293447742302 0.11608249719490685 0.013534160541786144 0.07702192441915579 5.354664827125366E-5 0.03162237052468472 0.15421880348951658 0.07407403447231546 
0.02096490357898204 0.009805354661661367 0.1453690607198326 0.3000204326527217 0.0 0.013337630627302071 0.002607130180475939 0.009450246534426407 
0.08486673331218571 0.05276346416749781 0.2594353977114403 0.0 6.783031098223348E-4 0.02546069294795814 0.04693406515866409 0.03145802911951484 
0.05413876492682874 0.02389007639705843 0.0 0.0024857573914839736 0.2980186267930205 0.05400284623021234 0.0 0.06809164187945815 
0.0019778293450437375 0.06444481798143685 0.022657328688232368 0.007543931773498353 0.2950714879022535 0.014265519222175001 0.09283616062175588 0.002109732104849171 
0.0 0.10596441315129326 0.15575132638931258 0.017749541295382153 0.15462142989490865 0.0103235237315479 0.01896998051298054 0.038869274895217576 
0.03230464827061104 0.07221873139299124 0.11105902114599717 0.004736628531224347 0.03118477589187321 0.10242733009649796 0.1471197977866698 0.0 
0.0449032719668525 0.0 0.02176345597644491 0.11183772258265827 0.07334983148949471 0.0372426223618921 0.18849294150563226 0.0236299687028541 
0.014070520272060436 0.14966166101215964 0.15034585670234862 0.017661876231236485 0.004884572612171287 0.1654072737446869 8.286567730753474E-4 0.0 
0.013286541735589774 0.001761116163038064 0.0014582402290210697 0.0014551550816001436 0.0010690967111706999 0.27599470208741156 0.004516029818170609 0.2013116342763768 
0.2307080972846866 0.06086859887377306 0.022414629494132556 0.07835610904550767 0.0700162354998921 0.012081575796433808 0.0042469002210651354 0.022314375612881892 
0.2867115376592979 0.03800329183844413 0.004838663184522589 0.07482163718623083 0.00153755758748282 0.08674111891928607 0.006889633156464691 8.643531781376474E-4 
0.0010799905726785843 0.07061709050793528 0.014640113969256248 0.10661693611305248 0.047694443076161 0.09055779715661418 0.001705774555215 0.16776827731091015 
0.02498358200636337 0.0015755342904623633 0.0387053067031913 5.495200047574145E-4 0.15037038625071592 0.23136319612033202 5.67308347888585E-4 0.05310634427461191 
0.008654306258885079 0.2819885310161202 0.003995121234642893 0.025934468791035902 0.0365641406746024 0.022235709455341576 0.07745052053937149 0.04480174767991464 
0.1109398863402659 0.06616793004991024 0.0 0.0029649161894955973 0.01595962015125255 0.013051069088814583 0.2800211874560978 0.011695150438128629 
0.2024875977572813 7.522114590795054E-4 0.022983009028150758 0.11066302436390968 0.05997196673950423 0.010186860484821477 0.09163155622474824 0.004252511412514127 
0.0862518078223169 0.15960755597124854 0.05257625561550748 0.006557022578457534 0.1468128422714505 3.438256768868642E-4 0.023603803536133564 0.026558523696571346 
0.15256531098185713 0.06567818241134021 0.0032521051113577368 0.0048665492520601535 0.11587246274883657 0.08965443317973952 0.017689088992243123 0.05327976066738643 
0.017706846846015072 0.007301359689284773 0.13131125618174908 0.11476965046409396 0.13100166984223807 0.055075844349258 0.018724395244841784 0.02674196012670773 
0.0013903756396471201 0.03886093144073729 0.21625429860119896 0.15351399690505557 0.07459761852773339 0.005357725579794507 7.897598262600867E-4 0.009456238385188694 
0.05941105206760715 0.01512503658976133 0.12316381183150864 0.00897517171261508 0.0019874925269306506 0.02255276638429712 0.1338594799650683 0.13536333157374933 
0.003316747399528279 0.03527871858134736 0.07642801131191941 0.14244684653377268 0.003923549250399408 0.07148221282039124 0.0809568290342809 0.0865941581915822 
0.03034543927119242 0.07389710753459423 0.011110360646900621 0.017702091306514775 0.0911700512321096 0.14364026532951027 0.08206177578747374 0.052327718746444714 
0.12718657728662888 0.013994943144602997 0.024757101035942038 0.03767461005965043 0.285604339114578 0.006156781002548469 0.0013435625357322693 0.005369507301317654 
0.0011151659310970308 0.02216507540161844 0.04388367363828646 0.057183868366531276 0.1534202966670768 0.0034956987253025214 0.05547191244631722 0.16472462167792154 
0.13586880772555723 0.011198557108308766 0.024230283570473472 0.10465583568516318 0.15442160669599284 0.01599944930912575 0.015970805889928042 0.03838411583413338 
0.020370875627185737 0.40489220633684886 0.01118275739517317 0.0 0.0015571130538721734 0.026809543400695423 0.005594815100732244 0.03147600539350805 
0.0 0.09845181559806111 0.0746793617041087 0.0037768571964343313 0.12133100303181227 0.01838320047057854 0.18458426689037621 0.0 
0.16602013644008876 0.0 0.0 0.00933598261277739 0.005701031735382041 0.1243553369823658 0.1810894273440808 0.01394509292166912 
0.03228494861610276 0.04755784964510278 0.24905670403959956 0.01484333857620007 0.011497355978453364 0.012937823401772857 0.13264216987302108 0.0010534891561380603 
0.04956193078909886 0.08168128625067116 0.02222678805369732 0.2906533820269257 0.0 0.032057668485014096 0.002413798976781972 0.022112930738963234 
0.024026366063127372 0.040546712007195916 0.010935819409310949 0.018843142856011685 0.016837563067333843 0.1545800589242667 0.2138357258870167 0.022356946658066514 
0.23613955515443774 0.06188365545029273 0.0034126243472705556 1.4710225543770062E-4 0.0 0.19027940319857942 0.009107415024206474 0.0 
0.11700532503009477 0.17150562504442282 1.4328689145366272E-4 0.11392794066564187 0.027385821843277244 0.01598431544815735 0.022506102454396847 0.03226199888422347 
0.00627614150829495 0.014631719765168517 0.14414737048813459 0.010585013612090341 0.064140079380734 0.19499528813642428 0.03343031842995488 0.03226890023629419 
0.17217986310818367 0.0034100078598455403 0.22490651490309518 0.013766225743753194 0.00636593175316194 0.06568570908689211 0.014657318081479305 1.5869635105033165E-4 
0.19475492854721108 0.04960382373829659 8.092978767573001E-4 1.1964328377173619E-4 0.0018532402070402614 0.02671160372215869 0.1585438044430212 0.06845621268393848 
0.0031181506785193827 0.004394561098601718 0.1568807340768853 0.12043285598782666 0.05339266358510583 0.0 0.1601123384202411 0.003667026022177087 
0.02157617684501203 0.05773090956852799 0.15118919152716345 0.09382322857853567 0.018341569584513887 0.13298852466588662 0.0040269938907147975 0.022437282074234056 
0.00183024721222886 0.16092912765063547 0.0 0.014326320848748499 0.06518746827625457 0.0026736650467319542 0.10181790851075674 0.15555963944685713 
0.34194823105295213 0.0 0.0 0.013830346163188225 0.009272787178665962 0.008119912505999529 0.10548167388532823 0.022573845035506437 
0.013618070762205566 0.012149386641919207 0.04871076197522473 0.056197176355962 0.054636570785071094 0.05581099881416069 0.24552588274097994 0.01426114015013811 
0.29674767009605174 6.548817078430006E-4 0.04752767664009301 0.12000199516585446 0.005705862984349365 0.0 0.013684950925092858 0.016270345588920525 
0.039991346313899216 0.09806839421510732 0.0155931851433344 0.023579623434116945 0.12144076308832134 0.2015006361829671 0.0 0.0 
5.759507245337461E-4 3.9951369374225277E-4 0.015136285746545963 0.2419172255713838 0.04848839069618447 0.01876149599714577 0.1580816853116274 0.018608473438496323 
0.1260039582454188 0.2985388377204439 0.02564562872030335 0.0 0.0 0.027555398984461386 9.991761112637782E-4 0.022119775619364596 
3.849725772659863E-4 0.06588298049114522 0.1249162834512693 0.22652002818490083 0.005544134895803706 0.025906438017933655 0.04913917180509133 0.0036667515870344594 
0.022029096152399414 0.03349582901237163 0.039486367006538646 0.2495345127783106 0.005102249827540107 0.04640508037491621 0.016518043551915385 0.08973491107532172 
0.09575378801629532 0.03677592296199584 0.08862846928149024 0.008839591927056004 0.0035343525581831956 0.1914601244734335 0.02708995366216631 0.05257836398412439 
0.017675412493868482 0.004752563484178497 0.12005426126892231 0.0 0.0 0.3270617798770493 0.013653138185252127 0.01845634104212409 
0.18649333940799204 0.0741378077672709 0.18323724446783365 0.009752371622497143 0.0 0.010089979843597456 0.015784655422841822 0.022149342862779836 
0.0010117389296887063 0.08792032449755459 0.17040672099208615 1.3795538177717415E-4 0.002489228208884553 0.10151755774360233 0.002964499933883907 0.13531008749591475 
0.09376106646318835 0.036825044310844095 0.027683311218915464 0.14508157934124039 0.07186399031636094 0.02296638081507729 0.014113158109735742 0.08849592813161619 
0.0470085154837805 0.019383805766843076 0.34860792963844933 0.009118100649424237 7.258148894528699E-4 0.05819245844666736 0.019783965277313284 0.0 
0.0017457608481849028 0.153800554081695 0.025173593066492788 0.02298768064780472 0.021016727737864727 0.02099644969350779 5.428000234148187E-5 0.25523274044358724 
5.268469539325537E-4 0.018383555002022278 0.07104880512952307 0.007355672519189942 0.31292319177825856 0.0536435385063255 0.005962297761076543 0.030608251517023823 
0.03170117189667183 0.09043820467192498 0.02057718971061587 0.023411489375497287 0.002552873068754128 0.1382922013189854 0.019567151833175162 0.1742473244816197 
0.01586273706791359 0.012271162532977761 0.0 0.17847716088081264 0.1721596843876992 0.07932627932731262 0.003573231768372654 0.0389093200327726 
0.05349455803317445 0.1522639541386876 0.03484637868105776 0.0 0.0 0.008762813485109343 0.20063886751770435 0.051092295035524656 
0.02378886691448172 0.014790047619841673 0.030751844119007863 0.11932767710238777 0.03617172202302462 0.20293362647708668 0.04400946425205588 0.02988574702914875 
0.0663566267259498 0.029281511761056894 0.0 0.007627176437788502 0.38222866213405066 0.005367418627309701 0.0 0.00990924929696122 
0.005814634924893043 0.0618476008145059 0.008281162478570926 0.2026900913331824 1.3448265458304188E-4 0.19146598172241355 2.0928199474650591E-4 0.030008453259827924 
0.015886970098323922 0.16898240345006754 0.0 0.010395951323083423 0.0028752605689149457 0.13608873863888402 0.13625259181922225 0.030010920563322316 
0.021897823846859288 0.008410243599871003 0.04923109231120537 0.20889901635277477 0.14421032675903156 0.009367657741013159 0.008184453842848423 0.05197618984960753 
0.01712789640730591 0.0023787507300396206 0.10480147356018375 0.21487432556655997 0.06170973918830013 0.026098091636489254 0.042636293630187345 0.030594092977671277 
0.08912599966413232 0.011056524332794002 0.18938488978390036 1.413104041701089E-4 0.005583917295692099 0.11705095012464735 0.08806056365458924 0.0 
0.1182982402489234 3.7849558666616597E-4 0.08241148300704192 0.25006919833755126 0.0024472096205944093 0.010089620916894953 0.01578409392178742 0.022148554953317225 
0.3390901001297705 0.04494601138120959 0.03721621736583999 0.005945177369242541 0.02061687076845043 0.03232409113655341 0.0025340724426790168 0.01839958838585019 
0.021919949224137196 0.0029054646152351935 0.002405784169639473 0.002400694336922918 0.0014300572596715703 0.4504921697150992 0.001093089095448441 0.01839862271740751 
0.2603347857713385 0.19582702823663464 1.6447521805723552E-4 0.006290669968077121 0.0054652442647045475 0.00517492133100649 0.023884108191322802 0.0035793090380200096 
0.19045268295300258 0.015697460529630003 0.056022331767710445 0.0145733964217659 0.1548650211505548 0.016045390982965892 0.016016665315523447 0.038494334035786615 
0.1305836058136364 0.03515218583481456 0.12571675856504186 0.006403595375387692 0.009818394698248268 0.008978576432380422 0.18460226854956302 0.0 
0.08111732864961119 0.044703530355953904 0.06032649805725111 0.16279186161249348 0.002447580066707732 0.04993100454397617 0.08570588383439985 0.014825076689648291 
0.002259652536037027 0.14775137088284737 0.030631351324162327 0.01231789951691927 0.047695961528191444 0.09056068025288486 0.0017058288621042265 0.1677736185637878 
0.07151176389966114 0.009193929846692695 0.009766869466076225 0.15177354188583728 0.023850123062510657 0.005185262552343341 0.06106932975986868 0.1687839490736057 
0.003253730714096251 0.06467126066482218 0.12803983047061435 0.16684594073994413 0.003565611237050978 0.00461083009590266 0.07316750769551 0.057305601236210715 
6.983975172195093E-4 0.05630362050964112 0.04061710673383068 0.2563836379688766 0.005242294374618059 0.13921533818196943 0.004065344655733534 8.641799349616703E-4 
0.24238592862612382 0.0 0.06465385607291381 0.0 3.4576113891923085E-6 0.19379557147817933 0.0 0.0 
0.004410978516300037 0.24901276212681675 0.026713685258325036 0.01872415525169661 0.003667767357800573 0.0 0.00879677910840718 0.18950497335407346 
0.1851428365653944 0.01830885174144354 0.15687457230487126 0.08120453632132527 0.0016701544259176335 0.04517491588496706 0.013406113149325946 0.0 
0.027638938713092812 0.14358544579989166 3.8961274915523596E-4 0.20211267864879778 0.05289866548507797 0.008313400088049502 0.033231342871596986 0.032896380464658766 
0.0149037763108252 0.03839762159369513 0.22062034075077785 0.01231782254704599 0.02278717057138684 0.024942870278015408 0.0028274880184292975 0.16533362679774508 
0.002122767151265595 0.0014724776086415823 0.05578742903908751 0.044226672181527926 0.019422289719868795 0.07880007012595211 0.0980878252218453 0.20156611204005048 
0.05020830187956913 0.07396012612928608 0.14315960892259963 0.02967547080878987 0.06979486330649888 0.01139772959038038 0.08613898975186048 0.03792898764229331 
0.03764697571971714 0.10740060041049197 0.02456463507269674 2.0708747935486757E-4 0.0 0.011242972086335288 0.1456809696092427 0.17435562651341946 
0.12665604557847082 0.2279268820032313 0.0 0.00449071695238674 0.014269839393848145 0.12487696123956919 0.0 0.002096832321042311 
0.12222166039995926 0.20142924761432415 0.09598032332061954 0.014790526917458843 0.0 0.015821610391809335 0.0 0.051119180179286954 
0.05063056958347453 0.013358056639530543 0.12096400091735379 0.042377540405954706 5.160575089080343E-4 0.0024054523324413455 0.028533821652437487 0.24196492875522585 
0.02952394688440575 0.3140326615447813 0.0 0.019319575273070086 0.0053433121476339236 0.12523563515576547 0.0038490307887674396 0.003188674667394411 
0.08736535163731624 0.0017302635185290603 0.11411924951808314 0.059971689093751085 0.0040443612159537755 0.2190879062218051 0.014657455781801831 1.5869784194645617E-4 
0.0011670967105046307 0.03802822284120846 0.02792884414983948 0.176292681660595 0.0036046689276944387 0.002607892571262401 0.0020487419217590872 0.250967229405818 
0.05808062698355387 0.0595779465458391 0.03223320894223255 1.3015307606960786E-5 0.09731735262694466 0.0979963044517448 0.0 0.15562703664661998 
0.013899685298669435 0.0019333181068123407 6.78476387754562E-4 0.021366618788753625 0.03156211231808188 0.004250337440929371 0.028342959650288362 0.398556100988217 
0.020288316131398247 0.00545244652352152 0.08870681670045066 0.048787872819022034 0.007173804367203621 0.10641959610936311 0.15609160538376016 0.06815215358178452 
0.2585701006155474 0.0 0.0 0.010458056729673952 0.008771061921876657 0.11011673841938777 0.10964944805887956 0.003661390076275218 
6.046981964914157E-4 0.10348612299973964 0.19621307016682135 0.10447639304390004 0.0053725965702100245 0.025104879779685087 0.04827078090974988 0.01843221934384699 
7.634682678976018E-4 0.169401261757979 0.05026079597091188 0.002791642150070689 0.16984474841581168 0.014315287817834888 0.09185612710208776 0.0021115773104948897 
0.28665566624218897 0.12340303975742974 0.0036608728930820882 0.009089962603394619 0.0 0.05791376843240401 0.019689217715301053 0.0025403733172834893 
0.017810220704827177 0.002222627296648756 0.0014144807097917634 0.164742905096978 0.11826274973659197 0.0393324924987386 0.1322272407414939 0.024511221500042823 
0.11890662655482763 0.0456681769822722 0.014718508993927652 0.007166272195596543 0.0028653056245300226 0.15521704824177082 0.021961871465466715 0.1370062619592735 
0.12374381756868102 0.0 0.011070989350442961 0.0574702207870034 0.008450463138561277 0.0764953740500154 0.15631828239343296 0.0682511244799228 
0.020892539646888947 0.2222243474908778 0.10857648067517611 0.001747348228949473 0.0 0.06042940385368496 3.784006727232943E-4 0.0866811232901711 
0.019770668547744293 0.21029151992707235 0.028157248162377795 0.014520721536667178 0.004016069022357632 0.19008425651856592 0.003641432183710933 0.030010920563322316 
0.09701312962157087 0.15988394892064842 0.04350698683834966 0.0025293726022374207 0.0 0.021866310150529925 0.001688319850633397 0.1742194622807623 
0.015764115854330466 0.22309043548852234 0.003283249293214205 0.02131332726268709 0.13187142956959663 0.02419713657940439 0.014869474520069488 0.06659592130824647 
0.049213931215744335 0.016522742078010227 0.24856859365180556 0.0072532304306123395 0.059967942588923503 0.0880899947594001 0.0010235011620158155 0.030144194332111046 
0.011701265796620857 0.04271030354207734 0.10256678686792244 0.026392855024754157 0.002817846900648592 0.1581079573645067 0.0219462595211446 0.13690886888706416 
0.223018475811607 0.10357892956383769 0.0020739643599565435 0.037095125000068535 0.031722084021716036 0.03208300459972047 0.06443472267380643 0.008120055305894724 
0.014307947799185887 0.02486658738415497 0.009740653264591453 0.3323756936134722 0.06804678524090461 0.0011206978324941907 0.023515530198106278 0.026459200316922626 
0.04859462525396945 0.21197205024986981 0.18319191753148725 0.00974995920285487 0.0 0.01008748391065852 0.01578075081232621 0.02214386383553856 
0.05104373786982006 0.09445559988518974 0.030370085287023323 0.12912321894549733 0.1468128422714505 3.438256768868642E-4 0.023603803536133564 0.026558523696571346 
0.2779529891833129 0.022912901061214908 1.488375218970545E-4 0.024006034364202036 0.0 0.003593293790153181 0.01658433281545847 0.1548569709525946 
0.09719308494460775 0.012495656040846197 0.013274349867682965 0.20627849104032606 0.07191022629866091 0.007817012150832272 0.09206470992685556 0.0 
0.014799183932705722 0.005143803275580703 0.09421738666420806 0.19445087538182054 0.0 0.12165191618514339 0.002291640619261136 0.06864715532534793 
0.0564693026923641 0.014230520957554041 0.11769892723273154 0.00850271742374643 0.15089316064329367 0.13303266065882055 0.019149566533300924 7.182740078525489E-4 
0.045954052987575655 0.11269038428449185 0.01158858629973864 0.001105135820267963 0.27693683448711104 0.036182193550147554 0.016908131990588725 0.0 
0.014257100307220563 0.04139270688552991 0.09246751690691274 0.005223767085773927 0.1839286404623514 0.01058883268610932 0.1360159849614966 0.018628261533147315 
0.051945387940232096 0.07651896798082333 0.14811258585669113 0.03070217047310447 0.0 0.009548254590697242 0.030042585980023514 0.15560683931656788 
0.09025217562804466 0.034662932159766305 0.03394630482941001 0.007169465802396443 0.058653742092202636 0.00818299834030061 0.11706875839936311 0.15114290681050507 
3.9672661464976237E-4 0.0010909947719465187 0.02677069380362547 0.4242988708196764 0.002274116168026919 0.011165701186954499 0.016516821863722806 0.0185758800615419 
0.006601680837396338 0.1312152294630829 0.2597873547369187 0.0 0.0014185375034711557 0.024423623365208827 0.046960885008429695 0.03147600539350805 
0.07285334656673288 0.02798060647382221 0.16379024030378625 0.023292612799640816 0.14394965761225617 0.009350725116245488 0.008169659932814483 0.051882239649471217 
0.023453325860303 0.007795447274102973 0.0589044994091207 0.15355926202733236 0.1139448602788484 0.14098548749076417 0.004092428812307872 0.0 
0.06489648539062018 0.14004227097573704 0.013808119221649257 0.03677802923934998 0.003926625429756095 0.21271001722819183 0.03009662991726445 1.5910391871864653E-4 
0.14142679678517797 0.19931964921820575 0.0021638138367341964 0.0 0.02973981551378504 0.030078182671429303 0.09079855269655723 0.00811217377001344 
0.04139349198866623 0.011129878783661389 0.28115129441897113 0.12203332927032395 0.0022899485880371654 0.011243436912765793 0.01364433827121525 0.018538451353642082 
0.15059722755498225 0.05799821829876783 0.050354037715371294 0.09577297560148876 0.0 0.13814082125056143 0.008356810617206993 0.0 
0.08279743670793867 0.019547670504403657 0.08444417108237656 0.07558231993127759 0.2148058347108073 8.197568709971204E-4 0.019043578805026724 0.003657529475902808 
0.24436166276829163 0.061580249754299654 0.09036469567994612 0.005019138445090395 7.513123039417892E-4 0.004894871895338779 0.09176474531436636 0.0020990049533446517 
0.0 0.17590905246729252 0.030846800429457526 0.046941731024181234 9.596479918804327E-4 0.05690465409262606 0.18885609932795366 7.644931764732042E-4 
0.0 0.31589185524957153 0.035593029771299654 4.571337835513955E-4 0.07205294575977579 5.03466619402611E-4 0.003799811456550287 0.07354743055190677 
0.048078382662007306 0.13214087348930303 0.08734761801438536 0.0 0.11329165007575351 0.06332075412825518 0.0035562846470037933 0.05304954078766004 
0.05444311490159764 0.014638660338819493 0.23806693126173478 0.0 3.458837970520681E-6 0.19386432010338328 0.0 0.0 
0.05553686450297228 0.020376083473956433 0.06167937445441596 0.006187306709811794 0.16981106848743813 0.009737133406124839 0.012881496296335669 0.16504509418205313 
0.05071040173630836 0.11935269660551383 0.046215496898516464 0.08530583310913664 0.0018893749831600584 0.011281818667075456 0.031722076226196175 0.15619471288471992 
0.0030084721450246306 0.09802687996018573 0.16787997300018448 0.04314130551466834 0.03559283821291414 0.011670464621866388 0.1393848966450037 0.0025692350050806946 
0.0278807766840454 0.1484438527003163 0.029050603954643615 0.1255661122930093 0.0011310012678174578 0.0245100878547401 0.11896179140626617 0.024832850487911524 
0.04890820929217766 0.08253712075089671 0.0034564985745094193 0.03366456819031083 0.030081462225823922 0.2761678863384517 0.004250216670966429 0.022331801147965503 
0.007905241813464851 0.01767258167743742 0.01816650005315976 0.003850440043356817 0.14534557781370452 0.05064750506849496 0.10125301545615262 0.15621757184214885 
0.2707767590386082 0.0 0.0 0.010951763952451147 0.009185128964558644 0.02333498503864664 0.18320050621556153 0.0036605345455470954 
0.03593333458585438 0.013800827851030944 0.1551376810990253 0.009245931103758813 0.10705238350228505 0.011696994948042912 0.16734118945461035 0.0010522021177770105 
0.25041338934282453 9.302486821755821E-4 0.028320076767989814 0.01747825396337336 0.06719405849479568 0.009352065631012568 0.08412251536796045 0.04511812921987734 
0.08965710414838307 0.012470476786335703 0.027571353088197772 0.02307282349533333 0.1267881546776086 0.05425894808757534 0.1283938673347381 0.0383731057984945 
