0.005308232471002981 0.007379379358215416 1.825282107938181E-4 3.726601558803868E-4 0.01914996403799371 3.9348334453230104E-4 0.007970465145376407 0.23785907030541012 0.019185131445949216 0.20302382732649835 
0.06780228986833721 0.055094778774513374 0.01217130595889205 0.0490865710644302 0.028403897799251194 0.0065018995222358945 0.24416190524786027 0.0157720894569405 0.024176578619495494 0.0 
0.04862235749542811 0.13248469539444235 0.006968512196352531 0.014316677389438929 0.013304144130126622 0.0 0.040112989683927965 0.16495770219493305 0.01743045186427911 0.0646670442815947 
0.016309363564098463 0.08189463579557947 2.2465484899117933E-4 0.015149641604273432 0.03963659316786794 0.0 3.195907039543448E-4 0.1426178169047628 6.710043320532058E-4 0.20817899425063754 
0.09548873622789339 0.03930938680325621 0.005487770476463763 0.009896471424455537 0.0 0.08305639966962448 0.10691002920590438 0.02099422586882967 7.429037702649707E-5 0.14715294364114676 
0.01123969148198892 0.02969194641264146 0.004105908224525764 0.01846166147655856 0.01001917930742252 0.21357412800850448 0.0 0.2093999603861018 0.0 0.009994479306579844 
0.0012871470856119077 7.018833519057109E-4 0.01927684121686198 0.05989689525159222 0.314151603923974 0.029643425044949562 0.06559193981231969 0.0012896682912687614 0.0023049585757358047 0.006466269926582341 
0.1768080424390192 0.0 0.014584470361181358 0.09085276322155036 7.855817307897224E-4 0.12677452048239823 0.03253616750097238 0.05856898726835639 0.001134933415974156 0.0 
0.032852013048526696 0.057234228875947514 0.0330141199596081 0.0027560254297772234 0.0439214058093713 0.10214703518836725 0.09524862133021583 0.01628867358801441 0.11889668787815709 7.432614652724207E-4 
0.011014198492934304 0.018631633108404922 9.55069815590916E-6 6.639378349199012E-4 0.010580846883575206 0.11575105301333861 0.08005338964957115 0.13737304462311584 0.0 0.13117853608656313 
0.11975945555029711 0.10027905120727292 2.8999799457800877E-4 0.018948663665417587 0.0 0.02345163002430411 0.035143498286498376 0.20667642248903662 3.500510931848777E-5 0.0 
0.01969356849421723 0.1634643053288216 0.013201354572130902 0.11783731879243381 0.0 0.06559384428224987 0.0 0.016848390657198974 0.001366115242521113 0.10328918798352499 
0.007358828815961258 0.020249669865243975 0.0019899203495173643 6.92802124239749E-4 0.1671225560926118 0.1755478953877547 0.0038633937491346962 0.004349068590461595 0.12003208071066619 0.0013935542541793566 
0.18527557729784297 0.02824420503313638 0.018297064603153352 0.019582487295301137 0.0385855417801528 0.0 0.0035525007780425628 0.04564958526495659 0.16215319360674216 7.417543207282513E-4 
0.0 0.0 0.20209549351222714 0.018867590990199537 0.016023497929307472 0.04746312967741634 0.0336279764271197 0.1454931693975988 0.04347706942332654 0.0 
0.0398116702789807 0.006113624141199938 0.03103098006084102 0.036530635820303484 3.141370140580398E-4 0.0048571427770125256 0.019757901456470044 0.07263376860132482 0.010483300526808549 0.2803680619646324 
0.0030253391982744972 0.32450482366479144 0.02688347670775709 0.054549558381457704 1.0067933664287616E-4 0.0 0.012235785160246622 0.03287076869244651 0.0010835397569656075 0.04706375299875584 
0.15778498125363707 0.13566478845353433 0.0020230912831521067 2.903673312482046E-4 0.045618261728637644 0.016869092467310498 0.006393570038841991 0.0 0.019863127314779006 0.12283488690737146 
0.0 0.024659439762959257 0.0020966461278448334 0.21358398072511586 0.002145226291626373 0.0873371407522368 0.004066450240449806 0.029666028514490232 0.02273907380722956 0.11900059527323276 
0.20414829458681338 0.014452736028166673 0.0 0.023807944177368215 0.046979920649959955 0.1254692468681701 0.037316728257197535 3.7884168701363854E-6 0.001988792086172876 0.048236143677404954 
0.012073581475430164 0.062159523692550345 0.005451133194451784 0.03961169021596398 0.0 0.20839787526458942 0.05068252645081184 0.11709683784908478 2.1682076163526747E-4 0.009978325116838905 
1.556856406017479E-5 6.661870120247841E-4 0.006507328506448356 0.14003532069766272 0.1369152960089181 0.18430468474181824 0.009989500362389377 0.003743815298685922 2.5893219023079256E-4 0.020822422127713545 
0.1264933290208228 0.03498806162741821 0.008077327627091383 0.0 0.11119010490343392 7.764213879828919E-4 0.08916028362758201 0.00852981211962395 0.046758794536117906 0.0826686457726632 
0.020999669778622332 0.0634219894381168 0.0311618799911157 0.002417784518996526 0.043656619595066365 0.09605448635176568 0.046261399161187315 0.18599612493119771 0.01705553311920195 0.0 
0.08245621326678859 2.1416753167282257E-4 0.022080704237508818 0.048757878472701834 0.00837813240075386 0.026709132126855276 0.02798314975940743 0.07438930318930415 0.04597213216652413 0.1658186630023738 
0.0054696898615297085 0.13657577503900903 0.015165540101277136 0.3150348925245611 0.0 0.0029732563874160754 0.025338210558399823 0.0023122639344391386 0.0 0.0 
0.1122016314308961 0.060980505025879504 0.13399940839587576 0.02254096626221605 0.0030478611019216684 0.004042248388426943 0.14824836285193163 3.1463771118275975E-4 0.011494496903021643 0.005744147641800202 
0.0733296003282945 0.08108193574874543 0.04124228564143733 0.004335431401545961 0.06547229701005218 0.015180330909088855 0.01071209857813858 0.016026876973476517 0.028862588460070015 0.16547546727909052 
0.07055742867607986 0.010835054050038685 0.06315339867662778 0.044608544698552084 0.15556058701207576 0.004519585550963572 0.04671480854985771 0.010535590637278805 0.04647244632850957 0.04803857223571587 
0.12525069396334235 0.008123085448798957 0.018118573781797938 0.11626587741240625 0.013120689892142877 0.01094622255441676 0.026249839285480508 3.2949904454200824E-4 0.13326931948128026 0.04924857233272425 
0.014206263492223278 0.011539901124159506 0.1574589116376602 0.18069780957836817 0.018029383844321147 0.009314203804441135 0.020465763792279497 0.0 0.0746454255374796 0.014733056514681262 
0.008229448819548115 0.09353086663494871 0.02632877289888483 0.05962088317718879 0.009162510561316926 0.03248123704236518 0.03404314614080329 0.014489004613932474 0.05995189077906298 0.16626007773211196 
0.0010660316879884746 0.07738078420312089 0.12383587995320042 0.059166578366958586 0.04348039086193568 0.1418345301872762 0.021915679986894646 0.012012922421439889 2.5478964235371726E-4 0.022895923383743452 
0.030917290221170006 0.2566255765244948 5.455647039130652E-4 5.99795846575708E-4 0.0 0.013233205282680472 0.08327255724832612 0.022348418888115968 0.08296642303668923 0.010677977658381988 
0.010610545548039477 0.007018088126031028 0.04345369816932602 0.09463129561548218 0.0037262733578819524 0.0 0.21418686626205585 0.04912178236035907 0.03686183995238327 0.04219160097412072 
0.038133544865623134 0.0032357055400575006 0.2317498602052753 0.005655817560140785 0.0 0.010433167186636188 0.039707187123485616 0.02031368101196808 0.15391415819928606 0.0 
0.11623625691467875 0.1308413088486094 0.058148041409764394 0.016648829643457316 0.0 0.14876875864119532 0.006054577566530378 0.026222317511588003 1.0685487801742899E-4 5.05063803111592E-6 
0.07962417140289378 0.1383873273879635 0.0 2.9218717032423312E-5 0.030410611082084905 0.02432293963517163 0.0 0.01684643362022876 0.006243598186495748 0.21016614093782468 
0.026220665785010533 0.011945301443624427 0.023280414108269858 0.020119574820344197 0.1573397746114228 0.044718505795323146 0.021995178710165524 0.10497220730227783 0.06209124473694755 0.03072976780648463 
0.012201085574573937 0.01399853955317281 0.07366764482523393 0.005165727767617832 0.15390359078133448 0.2032509037030139 0.0010854337704393876 0.030234301884641716 1.0151888871027219E-4 0.010745460282415888 
0.0 0.0 0.09674435295429647 0.042710100412901 0.0017835064261091725 0.003811433786035802 0.034526122421261206 0.01388528494454467 0.30959965401932804 0.0 
0.0 0.004115468740486933 0.12663825576525392 0.0 0.12430183762106022 0.0067353683068390475 0.043075142254070796 0.024057932966680594 0.15518415582203823 0.02783487433703667 
0.02161817163131158 2.9228867500395475E-5 0.03549809339315544 0.0 0.20300376724273608 0.11774211771655331 0.015700066913564518 0.0 0.0487252234356017 0.05972012466660989 
0.06775319191027085 0.028277607166989148 0.03916715130974231 0.0 0.02890413768598916 0.017182068080312574 0.01272574092845722 0.29074627416184173 2.4217846257259215E-6 0.016738820382460537 
0.0014815926290832604 0.21544732027316293 0.0 0.04435379672090146 0.11634212787084701 0.07537743528874974 3.392375770738255E-4 0.0173819742855479 7.029872875603941E-4 0.03310161293036018 
0.0 0.12321804576639193 0.09886252579737966 0.004095872104617268 0.044459005659038486 0.005966805684940321 0.036999259056176535 0.001448644096028449 0.16157353775295108 0.024635318312458042 
0.037606892219167104 0.014482256650633053 0.18937591607136867 9.40782195455897E-6 0.021135240507040083 0.13879809173499208 0.015321733026188599 0.018966080715825957 0.04091114676831297 0.02629050491417507 
0.22005945153470624 0.019099264381936445 0.04538488861930855 0.0 0.020634142885661188 0.06112029994232365 0.09689486202710594 0.0 0.04344162264155909 0.0 
0.0 0.08892752450763713 0.03567102538419745 0.03845256556800844 0.03205059884826041 0.11895532557684677 0.0 0.0014507483421973017 0.16180823342370743 0.024671102653359703 
0.048387481287611535 0.11934249005296109 0.03308671724192396 0.05811851765842504 0.09579753380391677 0.012578439378215426 9.035556991296512E-6 0.10481891611898711 0.03185415090580371 7.456797352557E-4 
0.0484734824334992 0.1632938952846029 0.021351668987799326 0.003933229337800771 0.04052757684000577 0.04202427444235833 0.029466154277918447 0.11658845731227219 0.008772401313592235 0.030378984196341937 
7.229705142255219E-4 0.052478763977520056 0.08253275857327498 0.1251636894681648 0.003703986977278453 0.12307665897327813 0.019017291969402956 0.05071773097854672 0.042899620270616376 0.004378392266678307 
0.010371601602768545 0.008684528194006811 2.5114874241405794E-5 0.14860149986542273 0.0 0.016434638174361627 0.024628167761530134 0.009571128923431753 0.25774449708640873 0.026260409220619656 
0.12215544547307565 0.13750424173082404 0.0 0.017513952163525994 0.0 0.04571882543291763 0.04683529020685233 0.04852271987816538 0.04865210162461337 0.03813026231962513 
0.025395280014369706 0.005073495917700524 0.006186407656065284 0.20802625449728895 0.02917071907318612 0.12341590130369463 8.286608390810213E-4 0.07982904723681677 0.001082855893538674 0.027311618610515242 
0.001138294594133518 3.3161739552100124E-4 0.04676499064604659 0.08012290103844238 0.06953359940685297 0.1861281267035595 0.002309442138326328 0.0252246927357957 0.09014184425023856 0.0 
5.0459827397501E-4 0.07790874060204965 0.05509186806352711 0.07704775883414008 0.21844179413024498 0.0 1.6885749251521263E-4 0.039901597242010915 0.0011190750736300157 0.03303683187208071 
0.04268347507242163 0.02319805722057514 0.16588401066460376 0.01707648429157829 0.010493364828140872 0.07619983415671586 0.147836578979205 3.135420156010317E-4 0.011454468422571912 0.0057241441998470595 
0.014202927392023765 0.00939418200822486 0.013372772381314213 0.038390924168186014 0.0019195810021225528 0.0 1.0795670693542744E-4 0.414032853027846 0.008905265482156415 0.0 
0.04317203132798797 0.24115430937567278 0.03017989611070337 0.015337026058946353 0.0016068172953784508 0.00748986501814181 0.11163336003805482 0.0 9.078036947451036E-5 0.05084184833324352 
0.04441549871234883 0.14015110723858973 3.8688085529651464E-4 0.006281432467372572 0.0 0.11362863813483436 0.06668293636389805 0.004319748712153715 0.11836062055281232 0.010758916170449613 
0.0 0.0 0.0 0.27003173927173424 3.9966735313269256E-4 0.13434977733421855 0.06769477348401932 0.02906242208572675 0.0 0.0 
0.03274101889889262 0.001807237820335682 0.014688966040189431 0.38345114678871345 0.0 0.03493451043761782 0.025121734047997935 0.008878508125952709 0.0 0.0 
6.595007629122379E-5 0.13440697896193962 0.0 0.0 0.008608929835176901 0.1398706564738723 0.0474397769031151 0.043552435499755016 0.0244329947991766 0.10338594259717683 
0.008215325775720867 0.029887318098846895 0.12320380715447807 0.06634320895236166 0.0 0.0564544594902529 0.06762533346199485 0.014547609147320848 2.8746338874691195E-4 0.13657390174536502 
0.0030789414557330654 0.01508210955978384 0.17334647361301328 0.02896907959908216 0.17119926047431422 0.018022073767106513 0.04025679256994278 0.027789030680487055 0.011646567941591227 0.014040131441595055 
0.0014045369332889052 0.10065322160120656 0.0032952823629298455 0.00743213257336014 0.002834978112706463 0.0 0.12886853258441675 0.22710496342930037 0.031545880783127166 0.0018249466144924366 
0.006705636377171518 0.03560272625098369 0.003751837502109164 0.0922999646082665 0.0 0.038643530893081646 0.027376149260481885 0.06324981675880212 0.1995167782643336 0.037175922815305476 
0.08485090698815397 0.03431113655818914 0.018393405401661234 0.020187221888873813 0.2726931058172878 0.019955562956310124 0.0 0.0 0.05337570815018407 9.119181111136923E-4 
0.001613654468137188 0.03965598697617241 7.830227183162277E-5 0.0029726918346479206 0.06449385745345937 0.004997822056399481 0.2734263318866239 0.02246704704693882 0.08340681902435323 0.010734657678382822 
0.0034465800343385154 0.009391134645103131 0.04667294494979999 0.019485755596472296 0.17196625364735113 0.047066857867730384 5.52868624229466E-4 0.20716911901520066 0.0 0.0 
0.264337803419775 0.02294224382749762 0.03358428147851315 0.03753585982857366 3.557051377691677E-4 0.013563398195368965 0.06523512025155455 4.53269728021482E-4 0.043010127310955104 0.019584763098136268 
3.844407525917638E-4 0.01779346323204092 0.06608779936012812 0.13990087733955697 0.09019252714784423 0.04645342957978609 0.0915710780033777 0.0 0.04959477317229427 0.0 
0.001184232978706069 9.622839303213927E-4 0.2842829229378292 2.8148017303685185E-4 0.04422204161128996 0.01635278681751693 0.015980587735101297 0.0 0.019788074028355283 0.12237075244335757 
0.004853654149589909 0.024371781111885503 5.545039637258773E-5 4.13424497724641E-5 0.010232881361341357 0.11194442240483529 0.07374083937839092 9.699531246187637E-4 0.0707950853228372 0.2096282859369825 
0.022671804737565946 0.0012514376264075484 0.01017150293606702 0.2655240984783001 0.0 0.024190707127655066 0.06611373060295016 0.024583597121116855 0.08842305465699195 0.0 
0.009540274121873894 0.03213857237471896 0.002463697548912904 0.14322891670241666 0.030172185584120485 0.03293507724596712 0.023093083227789035 0.192976697332253 0.008789163326087973 0.030437031348370648 
0.14658562381443815 0.0 7.284436183250636E-4 2.479784816793905E-4 0.13864846529288732 0.09652185862030745 0.0029293011868448343 0.012545000496605216 0.0 0.10300651874445715 
0.1798977011811016 0.04422281764271027 0.010665706999703891 0.038722633218469804 0.003152384710822993 0.006250660241455556 0.032563630080505425 0.18518835023218425 7.97316189483852E-5 0.0 
0.08601298293618084 0.0 0.07109013838534828 0.06397493636036726 0.01312693381122552 0.06801356171117678 0.0 5.392627736881369E-4 0.18859660216643537 0.011893714103501664 
0.019901232527651205 0.14807908414914966 0.0 0.06063300331951163 3.986647900959832E-4 0.029535372990222748 0.03471340930506835 0.15999286054917547 0.04595668701810229 0.006532561917672787 
0.14095662757397415 0.07687731988420214 0.0 0.07455986381830054 0.023125284563411785 0.023659819520711146 0.0 0.04729745639306654 0.11186075527423395 0.005761107236937389 
0.004015391533650644 0.00856786608656986 6.253132792062394E-5 0.0 0.35758212270317924 0.027762267598678354 0.02748053779626212 0.0 0.11097174311255333 0.05243789906985724 
0.03240642450979192 0.013340596245045066 0.001862408349903775 0.003358608217041711 0.09663585933445878 0.08663680775954025 0.1073692899765985 0.02011153402112446 7.440938149245374E-5 0.14738866538833512 
0.011456175254350004 0.031197534097047584 0.04662429007114584 0.06848305084924546 0.004559055693884763 0.06345326744789986 0.0 0.010612138746392967 0.26491548211407334 0.00457033708625665 
0.02226768105742981 0.0 0.0809566405006228 0.00887748479705227 0.0 0.36934853463598116 0.0010169396855460415 0.01844135228708218 0.0 0.0 
0.0 0.0 0.15069636109807846 0.13352069554798954 0.020610462733616122 0.06105015707262975 0.09649229431434496 0.0 0.04336444143162948 0.0 
0.12182377314619336 0.0504996521955769 0.15750986218422458 0.00791063627856167 0.00617015802321579 0.03322796911450326 0.012041833742200293 0.05201649188500064 0.03669497349367946 0.025327600818620146 
0.014972130695332325 0.0012713181057930354 1.1418026269335646E-5 0.26934754902181385 0.005088870219310276 0.0 2.6045847734699904E-4 0.018007501641297087 0.1947664969901001 0.0 
0.0 0.0 0.11263510676930864 0.04562198176277683 0.15044808088991252 0.016143969618099305 0.02209615913612338 0.018725236044703643 0.0 0.1362408202153992 
0.035071325104004236 0.02936652634108132 8.492535224563628E-5 0.02695727715872935 0.07607779407764878 0.016422397029112672 0.02460982376298353 0.009563999981613554 0.25755251915586475 0.026240849466388615 
0.01710602379506264 0.1419866743510341 3.018519003484009E-4 0.0956544113618117 0.0 0.013344414017454577 0.07402522745507088 0.0014011532457896588 0.14686633470631597 0.010681836444163838 
0.001805912013249203 0.19370626597764698 0.006312776619071432 0.031063878234662137 0.027764814410732298 0.0 5.436970464733484E-4 0.24262559851138044 0.0011415321816127255 0.0 
0.0029943474921258696 0.08847913023406484 0.17141569660231995 0.009002339720685926 0.11998996843083914 0.005868123646452145 0.0 0.011281741827538598 0.028760001478123437 0.06958654064019651 
0.09149547947257938 0.06605141914416177 0.023660237053140597 0.0040569456199776015 0.06715462107827204 0.15186804822162275 0.07615600687077986 0.021313565187337038 0.0023046769677107547 7.457799263730344E-4 
0.03026975284768054 0.03120236290946151 0.06839491277305035 0.01974584542279955 0.003823269674185807 0.030940579596822535 0.05817289581503076 7.509793721484471E-4 0.13062447905772975 0.1292933671279216 
3.559915380387922E-4 0.05496422366867333 0.01392952710862598 0.03852092320227722 0.09716290325331842 0.03203774963870439 0.0 9.831843735989814E-4 0.16047306621685628 0.10602399261687598 
0.02094232117223078 0.10743091659694289 0.09353599039820434 0.005278391963975108 0.0 0.1883193421851358 0.03322877366685163 0.003069759727264997 0.04101270977774084 0.011235856628818357 
0.20608342144995603 0.2107630793373212 0.0 0.0018143464861364793 0.010707862713559349 0.0035093054320781618 3.8278884642174813E-4 0.0 0.018549625941698903 0.04932364800216979 
0.073693671279038 0.029062020150723233 0.009991879738275797 0.023283844909731382 0.043668448157926316 0.04519014131728419 3.7794455659684604E-4 4.476858830976353E-5 0.00977836271460292 0.265763890183965 
0.05480539346506511 0.0031699049680129197 0.007920918977223435 0.0026555724845633046 0.10371894417833807 0.004309370793066473 0.015883481886660285 0.10493494748198225 0.0011608362837259285 0.20354089977766357 
0.27568289464345 0.027565648826796827 0.0014312283204606345 0.027886529273638022 0.009631264579750434 5.173455590836354E-4 7.183011462521102E-4 0.03254559295294503 0.02456589841451485 0.10385105705737574 
0.014725116462523748 0.0019521089515819395 0.001936601300166519 0.030903328217874223 0.17590484060512995 0.08077702283391454 0.07771064275356165 0.0020068296106559858 0.08111907167160674 0.03814123961284196 
0.07461152666024927 0.04124847386008202 0.0033200772006430628 0.009241635827292495 0.033606599327787104 0.018380368171187274 0.20108088143492373 0.0019941789115242568 0.0806077113826646 0.037785290629705835 
0.03944148032128683 0.005882833204839095 0.1046752371243505 0.013509636943485464 0.12416192539703887 0.0074382684870926245 0.03396757999951189 0.1687444233718388 0.004702220825166438 3.365410790920355E-4 
0.15429074257473327 0.0 0.06815719274360524 0.05900640217403952 0.025256825120781687 4.1765859882381405E-4 0.05081173872762064 0.0499137100165981 0.061273269942109895 0.032385321893129565 
0.02607387091665698 0.13870563489830323 0.0019171134014455793 0.0743280603713753 0.048873614555012546 0.12569010493256763 0.037382415272767124 0.0013756334284273544 1.9882356742430645E-4 0.0482762711522874 
0.0014506085667712694 0.12787580632319795 0.005222024485077115 0.03441386896812058 0.002100386288448059 0.024251862531175745 0.21716498236924275 0.03204527592102629 0.02921555044075879 0.02890433903727989 
0.012358954441443325 0.06828395665828192 0.15431239550287124 0.03448133058071639 0.0624369176547858 0.04904157196328453 0.06538919663625463 0.003492396762063925 0.053305240027601224 0.0 
0.02094747773074191 0.002844786292844562 0.0017148600106189403 0.008555956776053064 0.18793263910613273 1.454382884564522E-4 0.0025106069112498155 0.21663207897366307 7.429837348255382E-5 0.060716386927961885 
0.02309877519918227 0.0017815968176545835 0.037607886232566265 0.006805626487475533 0.07845197566425983 0.17901291119389787 0.14559246756811525 0.02093092716338851 2.0594897042993966E-5 0.010184337138481825 
0.0064017346219967675 0.23803229517856125 0.020464435218262366 0.014066624344519002 7.405855246407929E-4 0.006319492758967165 0.0 0.15005064172384872 0.021660823460636643 0.04864161468635832 
0.09935906971678576 0.16768925189552167 8.603226069212658E-5 0.005980722242996864 0.14386178348405151 0.04082128698153659 0.0 0.028273436999874058 1.336107030344524E-4 0.020902416422209517 
4.4303538109960905E-4 0.0811885586386677 6.395006287868347E-4 0.003914670388189805 0.008066860107865748 0.03867041918663595 0.12821907680189581 0.018358942015263346 0.01958028247634767 0.20389675289517104 
0.09846275580525171 0.05350738984838452 0.0 0.11232421411610684 3.520653002393559E-4 0.10350824413784442 0.0010203326546416407 0.0 0.015805856712989803 0.11914811545748817 
0.13806845097250695 0.05444901895508495 0.018764285901939546 0.005025604078366557 0.016059954275359816 0.1926128709258787 0.0339863628401295 0.0031397477670661884 0.04194776640083251 0.0 
0.1239678829309458 0.018898196697543064 0.012242565349329906 0.013102641632135328 0.025817584789059992 0.0 0.002396481564742284 0.03054716914229807 0.10850747062255198 0.16683856967217625 
0.0 0.003470537332598583 0.09657816931357883 0.1665169832158873 0.1134703938890606 0.010035785820973434 0.002839621408896112 0.012059027402259004 0.09688903224409397 0.0 
0.009604288569104648 0.026169468349571443 0.14351477068933274 0.013526027054892363 0.012674560023860054 0.01020727191902729 0.040112989683927965 0.16495770219493305 0.01743045186427911 0.0646670442815947 
0.0014654663943080002 0.06347541403834606 0.10529141902480993 3.385040391963281E-4 0.005783942764796158 0.01868636939456031 3.277812537445197E-4 0.05667249391518141 0.11085924788629338 0.13845143810438335 
0.036682523576596834 0.002490050598033125 0.11014475463355437 0.007729746070914649 0.2579492568792413 0.030220395415356233 0.0010455784264809605 0.029124148014574146 0.019901362214228637 0.00959769186927993 
0.02530356963711048 0.016736432713322313 0.09943948427300899 0.21918592034951867 0.00952077692631749 0.0 0.0 0.0540196654371574 0.03698027686395468 0.039139395294080837 
0.13601204482888415 0.008026929912365163 0.003524139381986272 0.037067655283011584 1.832424071342687E-4 0.0038313243503637308 0.21535952121299293 0.036801678595404105 0.03165109739540664 0.028826075628664724 
0.044846565515019796 0.07568797738075732 0.07338291406798446 0.0 0.027139079096713304 0.06997558049726131 5.853351516735847E-4 0.10940605132766433 2.1535192050298746E-4 0.09997445779073892 
0.09391940429672012 0.04305840892848557 0.001226159950962647 0.048872238074237496 0.0022097452012261884 0.1528830783044666 0.08587017512627809 0.009043664069102344 0.05361037380144792 0.01750930188552053 
0.004518969406769756 0.0 0.02763605382198911 0.05736293904636489 0.06612273629487193 0.0034855691595933316 0.17045964034194336 0.11320406537313181 0.04403420665802805 0.013817771858896337 
0.023904419444766747 0.003884540848663436 0.04498226958533283 0.1933552118097879 0.004094353631983291 0.21825278422618175 0.0 2.876995188527256E-4 0.016456710989817085 0.001598856304894445 
0.17135868804355414 0.09312105932916732 0.0 0.19721915763841397 6.576757662452331E-4 0.021603012668174142 0.0013412834822443536 2.3446299627752408E-4 0.02078770765413775 9.165449769160353E-4 
0.07217428500856943 0.015461801976214922 0.06625767248542584 0.03178106979120182 0.004637309298404792 0.04719518982679812 0.14236150947846304 0.03372428029831168 3.380884970882287E-4 0.08898388604536843 
0.0021588305356252725 0.05305383357773515 0.021822641478173806 0.005538418681317986 0.0 0.27458926505971304 0.040841240851834784 0.0018385321893725239 0.0 0.10146895894645709 
0.10766811483829694 0.005182834311602322 0.12782819597500417 0.03700899371435867 0.007096158318827731 0.05742708990102838 0.10794952162145788 0.0013937830861416964 0.0015128750946615933 0.04814545403070864 
0.03601586951183349 0.18475592279726324 0.16637284410461284 0.00920872536315097 0.0036868608275425737 0.02291153664757655 0.03382414629547359 0.005824345770916128 0.041992605292660454 0.0 
0.0 0.0 0.35642572994781035 0.01338277423378332 0.0 0.052428409511410895 0.005431856170618807 0.05498974306324427 0.018622056815466966 0.0 
0.011249220467829267 0.03781951787297608 0.09195181131369437 0.052278252641828137 0.09270034179357069 0.030010813344217045 0.07810250375679932 0.004548588400767787 0.028030840259254928 0.07740855799326422 
0.030030423672996534 0.0 0.10835772420001653 0.04829369484989894 0.0 0.007057835740725151 0.03394567914544664 0.00464168884717847 1.611862908195904E-5 0.2691935335945162 
0.16272591990911223 0.07031078594030765 0.012515531707511206 0.0 0.002082683789809774 0.08498025100164186 0.11341292243032408 0.05561903919194574 0.0036406036384084048 0.0 
0.04486926743113494 4.8390092779255486E-4 9.592958912456991E-4 0.02044574115274953 0.04764338761771813 0.008556986467740422 0.13704783716608146 0.03242454213205662 0.0015752286508554235 0.20677460877479945 
0.06218562456798669 1.8665885581548863E-5 0.2261506425773774 0.024799063781665014 0.0 0.011839338196031802 0.14032673608139606 0.0361504235739524 0.0 0.0 
5.197725712659853E-4 0.037729093445362315 0.20221502321562587 4.7815836386745994E-4 0.10716688900293175 0.031960332889602414 0.014507241279199641 0.10349852943571751 0.0055418010329359455 0.0 
0.3732402514809578 0.0218218907995721 0.0 0.0017195289112382694 0.010148270826011644 0.02594772927384846 3.8278854211398815E-4 0.0 0.01854961119520048 0.049323608791077354 
0.0011056897328888976 0.031193458950158858 0.05072469568559691 0.26938672309263295 0.05674822089129056 0.04293435235433849 0.0 0.024054055293670995 0.02930094105469732 0.0 
0.0 0.0 0.32326482370598336 0.0 0.04986008375404891 0.0022462854088138398 0.017272958385611156 0.05255221732488902 0.05324651557057923 0.0038488068791071397 
0.0 0.08753990464027359 0.06792325670251512 0.0479777446056394 0.16730978705545996 0.004860941390327548 0.05024309062427587 0.011331324083328256 0.049982423237871 0.013827544076008953 
0.07062175067282717 0.014063022549461455 0.03272542904183501 0.0 0.013735471875563789 0.10219054822547792 0.05499199554835386 0.009737526589031636 9.967347714323052E-4 0.20388389088382491 
0.06467111509828796 0.009931130438201144 0.0504075329938332 0.10836693185947692 0.0 0.00996075194326906 0.04051837970645372 0.14895319840434987 0.021498556021140522 0.04818176314450197 
0.08067067407525473 0.013109229841728926 0.010900166861897946 0.04813004631684404 0.1452698837749292 0.0 0.1324729999619217 0.02337632721341007 0.0 0.0494632067452823 
0.05701891248334683 0.006521819902320846 0.03971692867250664 0.0 0.05443457719025969 0.2975125121395975 0.0 0.028113269851008014 1.3285380724696426E-4 0.020770725411012613 
0.040986616535891474 0.008188349628652962 0.006680325447751447 0.18539252085694063 0.013011999032908764 1.975869776325375E-4 0.0 0.034057047487176514 0.12075873966199852 0.09090240910779813 
0.01830323728208867 0.10223990880965732 0.18840946859738608 0.01506620139066958 0.016053347844500476 0.008251683168246635 5.410758801724767E-4 0.10238833551002077 1.9746997715607755E-4 0.05093059376146944 
0.0033891312963685795 0.03851878713140675 0.03037975254566137 0.12001452772120959 0.02588399232387549 0.08570085659053565 0.05995416626331192 0.019754295644805304 0.08275799017452658 0.03807442220961648 
0.049193433023971445 0.026802754523326696 0.052543252056129974 0.04399627892687551 0.1428541579872822 0.023650129755861463 0.0 0.0472780859481637 0.11181494324200071 0.005758747803284445 
0.08067523244062054 0.2325768980524333 0.06644820205464334 0.01716865061464099 0.043660251211097 0.039095557589543 0.001329269674260935 8.920128296328253E-4 0.01618031602016062 0.005083699577429421 
0.026343795022234856 0.1501385729434616 0.018950897932698586 0.08011144272222681 0.029174618778752055 0.0015700416658627147 0.13652156114735403 0.028898902981819814 0.019747445849651844 0.010698624583247726 
0.002231529061137164 0.001216856344402437 0.033420291948922105 0.10384334775716335 0.0036879108221583067 0.23276240640888987 0.08321667397758263 0.0012103486682792067 0.004207403173814389 0.03603711085003119 
0.016319360563322352 0.0901654354886222 0.02679994582507445 0.019456863780851385 0.09875825990739727 0.0371646025302994 0.049175409673230426 0.026246567557046407 0.04338956057935663 0.09526779115790897 
0.024659009806451596 0.14392039911290871 0.06514887472781088 0.0 0.04023843279607376 0.06484572969318077 0.018195260687260007 0.00915060814946548 0.11431957746200981 0.022873563155355724 
0.013218603984213956 0.0019030663818893664 3.486939365260525E-5 0.13969747951532888 0.14594223065312295 0.0074056118151552735 2.461969083705183E-4 0.0 0.02085008490173361 0.17246927134709927 
0.12703283134628832 0.29295782839102724 0.0 0.004385872326369524 0.008917507842688788 0.011692830634228425 0.0017813135319971916 0.0347091391432046 1.9722517809333794E-4 0.02078952981766407 
0.12330133854450066 1.0916199718036303E-4 0.05033424478784388 0.0 0.037558498371517764 0.02563858547550526 0.027141747553547434 0.03293299130939818 1.6467171055164616E-4 0.20490486813296963 
0.003973678746071338 0.02118376716766491 0.007011431627017852 0.0 0.0463634550169619 0.014708250499388755 0.19625481084602445 0.0 0.1966471273885651 0.017343129709694944 
0.0034959166663905555 0.023022813169629057 0.13762915638954182 0.02725218785779155 0.012559235250137175 0.06068592765879539 0.0 0.021207185696931283 0.20736533191839399 0.011244966025691748 
5.343971434570807E-4 0.006557053214100209 0.1514581348108513 0.02283970950334637 0.027894759054161795 0.001259931210119751 3.119392191934631E-4 0.15889659327696426 0.1340897877802483 0.0 
0.1487416668872979 0.00869634075982435 0.0 0.018233779044504145 6.952418408724632E-4 0.011245974888214138 1.6590393273636678E-4 0.10238076777948378 0.012422894903234404 0.20628368975729325 
0.2723564833195416 0.14854399300483948 0.0 4.216983179118281E-4 0.031322652162797227 0.0042731267551837735 0.0 0.02524044393333358 0.020276248125234552 9.422814352797803E-4 
0.015259845451397589 0.11249723847501358 0.09564602040557532 0.09157675851338556 0.04239648016199174 0.009912430859152006 0.016367952431354495 0.020830153672653607 0.026584133064336997 0.07625321113918257 
0.05547118401875389 0.045355210292716754 0.09382052905173316 0.010529041336395976 0.0 0.05158249065332902 0.027023130645919137 0.1712444435853528 0.04583241346003412 2.3198274027270985E-5 
0.15003190667810665 0.01828521818772247 0.014926091724914955 0.14133927976964042 9.226436705566112E-4 0.0186139037305319 3.773649399523471E-4 0.012471444883040307 7.343150769711617E-5 0.14512448502854733 
0.1276522430623226 0.01837793859584501 0.0 0.03965422181023405 0.0053775010048035116 0.007493466200687128 0.03284922456262804 0.0026386508026013723 0.2622905219252139 0.00452505112257739 
0.01847083915020103 0.019039925079897855 0.0417351089346554 0.012185559410730157 0.002336476896654276 0.018908409701040414 0.03555062516280406 4.589385793881896E-4 0.07982724303141936 0.2747053186500401 
0.04356101949889455 0.14155075744920315 0.0 0.07613402451833272 0.006062468975801668 0.007213554873925626 0.06534445897554998 0.026403997804928515 2.874580676458227E-4 0.13657137368939062 
0.17057629027878904 0.01480455232712746 0.21333755638351307 0.04664350816114199 4.420129330264171E-4 0.009241828569949513 0.0 4.7138928784010875E-4 0.019806634302008838 0.025367039047041528 
0.02339368099342139 0.0031013007057659136 7.592386006893783E-4 0.0021133865960211223 0.10432554570342094 0.047907192084400585 0.20240909232259285 0.002007351173965845 0.08114015404516206 0.038034875941098854 
0.036178059177805734 0.05029388305342091 0.0012440141700256072 0.0025398513057404816 0.13051586116545555 0.0026817709664627306 0.05522697216946676 7.067772037199224E-5 0.0191944484946392 0.20312242362174693 
0.045106521582102106 0.02033709047669962 0.04216400623571988 0.0 0.002075183482097644 0.08858895127253162 0.007972293768539113 0.10575803483129596 0.17531841414046706 0.0173851539384233 
0.01996775803650403 0.002874733904302809 0.0 0.21053872457438236 0.21995021821333044 0.011161032193746074 3.710445117715765E-4 0.0 0.03677458130617088 0.0 
0.08132268890287965 0.05378892110516121 0.0765694126370999 0.2381670017785242 0.01145847248637217 0.0 0.0 4.778748987280368E-4 0.008368203191467201 0.0304083677279459 
0.0024019476882801553 0.01305960770479237 0.0015312596416463893 0.16412976042642768 0.03118188550747676 0.0064941182913661345 0.24386970138530648 0.015753214008474514 0.024147644991832404 0.0 
0.12022994846927636 0.0018723935528552882 0.0 0.03795585528505319 0.0033744768583598064 0.13200181772779326 0.034316874462494935 0.04112220463280795 0.1339913737596311 0.002399025389921817 
0.1316348832839209 0.010558053077270419 0.0033669881666276284 0.10850311564677802 0.12102628515961245 0.0174610331102008 0.03466604170252727 0.003343030963898446 0.04731261371058906 0.02712255707442197 
0.00957374808063124 0.00196253736294092 0.0693255502179609 0.0 0.0035690330581476634 0.06796617685228082 0.010286687677058093 0.07132645690399868 0.06919723126571037 0.21400570481075856 
0.04157769036018108 0.060368413125436365 0.02227791928025135 0.17404618772545571 0.023873629863819586 0.04760379397211314 0.025127042054541467 0.05206346102524325 0.055544302002400146 0.0013783805648574946 
0.025704669289834524 0.008376441108226468 0.031713003624219034 0.0035590028049890788 0.0013589819842999436 0.22135121741996477 0.017805923831285528 0.0 0.19125191555490326 0.0 
0.08633617464334242 0.0 0.07135725786432462 0.06421532063948478 0.013176257948157208 0.19877328403823957 0.0 7.741537544293819E-4 4.428085092694376E-5 0.06909147464553063 
0.0043690639798723814 0.12397573253346755 0.05234674826366658 0.0 0.038630269719168595 0.016446277313648328 0.02700729563590792 0.03276985134111064 0.001592004245011566 0.20487453263215902 
0.0018443698149620063 0.26820093892620406 0.0 0.09058029066615231 0.0 0.07198422901201253 0.020800664268377584 0.017330714353493593 7.03013754518989E-4 0.03300638834981326 
0.003121675456272324 0.22659522934987958 0.0 4.5678816767666803E-4 0.10173340334285144 0.018979997482472314 0.013393357843295445 0.09449677512799882 0.04307847417042049 0.0 
0.015160963687891013 0.07465875166483048 0.03257101134694352 0.15199885219493317 0.004169932921798464 0.01780334722031365 0.00284472288210791 0.01962517019025252 0.1841125503286255 6.637340461908509E-4 
0.04651530770107848 0.03638011342193202 0.021151548410974743 0.0 0.0021909777034465473 0.1855869076219397 0.013576369143321618 0.019650586744949895 0.035618016289188974 0.14165373557019975 
0.012192954347275171 0.12133456577845518 0.03665953166661175 0.026169494356394544 0.038147509293430165 0.10568304322322407 0.15593587984282614 0.0 0.001226634645199181 0.007018473438838423 
0.001616322584662503 0.06697810635609261 0.013927474517145147 0.0697653968864867 0.018155566239598044 0.07681283294790538 5.157502876891933E-4 0.23015431671862344 0.001082855893538674 0.027311618610515242 
0.0 0.027929343624268348 0.005857905983941743 0.047446926166490024 0.0014840465396666468 0.10971530925660784 0.18047967522575664 0.11540615469829466 1.3221945326978324E-4 0.013863963183252453 
0.14346144357195237 0.011065108392975365 0.0017715907361161016 0.0032694554290375335 9.691473435560993E-4 0.06960330844228937 0.020701230076497205 0.15348527527579311 0.049855110013919256 0.048237653762918914 
0.0 0.1013595116019431 0.004823613911179974 0.015137928302833259 0.09441605874268864 0.005237980513782765 0.025652119909644944 0.12646575638597446 0.003524086316252138 0.1261798908208577 
0.019608320513085267 0.10833713437500538 0.0033291536592104268 0.07699965653181386 0.13466405511526408 0.05067663290311024 0.06705424016949062 0.03578909980190789 0.006409543687804763 0.0 
0.06541106780201858 0.2203519846293376 0.016891871801263867 0.0 0.008765018110132255 0.13666639005261644 0.04131167238249786 0.005648311857901786 0.009326024823353743 0.0014023573533886021 
0.0056899200409367585 0.003102722443340337 0.08521456979692049 0.2647782436767158 0.0 0.026926113041906886 0.08657212651656848 0.0012416463862475414 0.004316200020016018 0.024146428456416902 
0.008591151289950413 4.742141220274975E-4 0.016987939735933363 0.20289872532853256 0.09794679645168983 0.03430254908140557 0.0 0.045562766432893934 0.028600588674701916 0.06920083184486502 
0.08875730516010871 0.09990963478416609 0.05039167426192504 0.11127322313955869 0.01674025769463004 0.06056181952884403 3.91094734394804E-4 0.023544913217560814 0.05252791587897511 0.0 
1.330568837322138E-5 5.693573759293601E-4 0.005561494619177476 0.09734322988257346 0.09624088019204408 0.0993905077046824 0.022432093383129986 0.10954588119927551 0.053155983468027454 0.020900806729828494 
0.002994606721852034 0.16446354344674194 0.005440959955899007 0.00318880952568471 0.12149279961723279 0.006560878598373132 0.0 0.03836511571240492 0.15936269958969873 7.41510029223263E-4 
0.03378572758344792 0.00458829344318243 0.09482294180490032 0.044865611579951066 0.03602058144700237 1.4025445079364742E-4 0.010300249655796012 0.21650854695877259 7.42560056678568E-5 0.06096806646169077 
0.18647022798926796 0.02684589254155824 0.04374769988651386 0.1297575467622126 0.04839591552422137 0.010715061280584784 3.562183687351845E-4 0.01519550729191358 0.036507239271824574 0.004540162843826128 
0.04334743501378551 0.017844629190810878 0.002491191982385834 0.004492536699967966 0.12926191938379528 0.11588700237583272 0.14361915546500936 0.02690156125507802 0.022708135620557183 0.002631036196109313 
0.19726255828972414 0.04971392529980462 0.011753403140450073 0.044381531454500016 0.036357802937513305 0.0020780454187049676 0.16172492194815594 0.0 5.8926111139136446E-5 0.005125288543871785 
9.338779437701836E-4 0.14418847274687668 0.0 0.08375217816425043 0.23744981472982485 0.0 1.8355086522304172E-4 0.001965111977818473 0.001117662209434781 0.0329951219296685 
1.368659461952444E-4 9.164694810317081E-5 2.2220407713725788E-5 0.1307964412691031 0.0585569937505294 0.09721228822923757 0.12708410037079373 0.019146655398923195 0.0 0.06985950981230138 
0.0 0.01706733454648305 0.08857750239078262 0.2010970186563818 0.0027379150826871133 0.121043417270493 0.05771997540491386 0.0 0.0056076106071850755 0.011259398355089163 
0.027131020837447707 0.1955583607238674 0.08288881611036672 0.0013300452999807362 0.00784286102598286 0.06346993189616339 0.03460253607404662 4.2765064868609037E-4 0.04043039421372996 0.048210706361072206 
0.01425216644650667 0.057102208606514444 0.02321476635310423 0.040927711283508035 0.052439156123655836 0.2566917780987679 4.5953200452727664E-5 0.0015984688320056502 0.043282399584961176 0.012604862301698957 
0.021904595660995136 0.03696859551861945 2.925648456461907E-4 0.0 0.008280348544826786 0.22428413454919957 5.867392430167856E-4 0.10966849257884112 2.1586850278316558E-4 0.09907320735679427 
0.014366601215235272 0.0807620048592487 0.01652039035439371 0.2012330816453581 0.04839386625381312 0.017380579103665483 4.1180138604280053E-4 0.11731099070188518 2.1721729484234167E-4 0.009996574002369826 
0.14191142337219947 0.03925270735632074 0.06969156247054048 0.0 0.02934686468735959 0.0013233126953926875 0.08916048188930709 0.008529831086984718 0.04675889851155283 0.08266882959922424 
0.05852892020511364 0.08147387096035474 0.056537535081418365 0.0088880365832607 0.23957846719567247 0.005734747425007124 0.0 0.0028820483028778416 0.009913664994412567 0.03788421870851643 
0.0011598561942693813 0.11690772727740112 0.0 0.032061030743243506 0.021496250392513173 2.0232213276113266E-4 0.02842728365410687 0.031939640548155644 0.26021821000071194 0.009145976666320239 
0.08269879567545949 0.013438805768902374 0.010859461986225526 0.2261506598757044 0.003702402118916874 0.0 0.03239056684572202 0.0011213522446352924 0.13431083119010315 0.0 
1.7795877397133803E-4 0.2785974715897965 0.0 0.0 0.0 0.0041744475513737465 0.04743933471163256 0.04355202954261779 0.024432767056491063 0.10338497892520752 
1.8473027155748117E-4 0.007654959407840217 0.011515998905511525 0.016385758749158808 0.12696798927384087 0.005180160370057031 0.2727127214909381 0.03359306803414695 6.025855015582838E-4 0.030867273691597686 
0.16304839147102843 0.012575839751830938 0.017393224066398223 0.0032566275839705458 0.07940098246491999 0.04073701672873373 0.10321239404399324 0.04863921794533663 0.005465743652612529 0.02989778535064151 
0.017268826232299143 0.08890667740252185 0.041895159692456496 0.002535261912931172 0.014629539518421787 0.0038034846789033933 0.08070296023600197 0.13616422003651313 0.04239895743673524 0.0784821836032685 
0.0 0.0 0.09112376982147069 0.08073790925581154 0.012462829549213204 0.03691609021023588 0.24025620337116635 8.85373898986357E-4 0.043365586137805945 0.0 
3.673944881789903E-5 0.09703349569212961 0.02413275066607779 0.0 0.04903161950819249 2.573662875024104E-4 0.15990111189176484 0.043552539801846785 0.02443305331283804 0.10338619019228715 
0.001601370882823306 9.083856740843225E-5 0.03320029196075608 0.2717368878773922 0.0 0.027480038088005494 9.293973193874114E-4 0.01378466410031081 7.131045304803606E-5 0.15533234247046096 
0.07807074648074344 0.03808308701404306 0.0 0.03896104712572534 0.16092659960659195 0.0630848235049106 0.01822907951040947 0.07165745817836915 0.0011189501239202715 0.03291450356762778 
0.02283819933073665 0.0012606222703798727 0.010246154385855537 0.267472852662395 0.0 0.02436824936205638 0.01752343662528278 0.1572139255814577 1.0240444984833007E-4 0.0 
0.17781501957824766 0.08152129886213764 0.002321454840127222 0.057221999972595354 0.003764618135347252 0.015262510742650498 0.08351437817792622 0.00890383965462696 0.05278150188965235 0.025095927785136227 
0.01954641216185144 0.0276040596216287 0.14680023238661535 0.004342254276387315 0.00261412533101387 0.09915050558008759 0.02260992647292303 0.10992630025506991 0.0533405778025597 0.02097338878471232 
0.01657995399861071 0.04517654569436187 0.24775060422535033 0.0167572561864864 0.021446810501543265 0.01727187580263096 0.06787578320525865 0.023406554151981774 0.018900983978393977 0.027495043498858437 
0.0692418233020914 0.049986302269754014 3.841052105888942E-5 0.027112559105446157 0.05108342754335005 0.1188206116896845 0.029003574145947793 0.10199975934620902 0.055152241560448095 7.433796783557965E-4 
0.024490836717231054 0.03458673189371568 6.112155176425221E-7 0.009862843393011491 0.0 0.04096362008469321 0.019661237229810672 0.21190312422633825 0.10752889920581213 0.057898161171465824 
0.14229629396115986 0.16042555801814612 0.0 0.0078009295664119216 0.018839162379532606 0.009729294807270613 0.018244727196430652 0.00915810299001029 0.11442440438426367 0.022894537386364863 
0.00148531717436082 0.06874644883960299 0.0069555142496801736 0.12814903097832459 0.08261624355242282 0.042551284162577786 0.08387899443469342 0.0 0.05149841402224031 0.03804685402781623 
0.0028063525686650255 0.20370666741014376 0.12788603627615439 6.821011233875455E-4 0.011362379704542938 0.0010065289150983042 0.0 0.0189435806277552 8.382349432443504E-5 0.13408591301185238 
0.006512326509036267 0.017920305684598962 0.0017610154233951769 0.022144547633213316 0.26669122072686935 0.06576771973115483 0.0 0.016893052187879214 0.0013697365259456242 0.10356298583946992 
1.2692969401098674E-4 0.19871058353561635 0.04943323896213962 0.019004097390064322 0.10812372848364377 0.0025488623718935453 0.0 0.004318511197531079 0.01729229975845597 0.10369231034917371 
0.020991122027755268 0.00419362857410939 0.02333949428269137 0.16105962071187144 0.0014852408111802012 0.08255313704017744 1.7317114769726486E-4 0.05891384402981504 0.14762770507369066 0.0 
0.2488229313101467 3.388137044507148E-4 0.05863853896277417 0.016759063000710124 0.0 0.15000971072098995 0.006105081722726135 0.021475032536007514 1.066910817957912E-4 1.2926608047383021E-4 
0.002319028660570593 0.0010897620812944286 0.12404754282570886 0.0 0.00268713789928371 0.10511468949978278 0.027326954020942054 0.032746123090803575 0.0015908514941241011 0.20956947806727805 
0.2299295306961153 0.06722763061174816 0.022895879996536705 0.0186946464595451 0.05224814716853494 0.05777818116764413 0.0019201721957569124 0.02899924606220601 0.023755613630947567 0.0 
0.030264147565728827 0.023669909444322023 0.013761783249228185 0.0 0.0017742351565848483 0.12135716854429676 8.345607967564351E-4 0.012332193272533307 0.022352933607715442 0.27597663096986585 
0.039595159984946 0.00494660332267864 0.11215231465294397 0.014291154405600089 0.0072901260182241835 0.05238217828390213 0.10202302274059291 0.1580520397504188 0.0 0.013031580536191268 
0.13176810331916705 0.010163206989006029 0.16333553397328981 0.13646860137926808 4.384137413265984E-4 0.00875724804121724 0.0 4.671268641265213E-4 0.019627537598046668 0.030464844059257465 
5.910453081218555E-4 0.003433348714084706 0.08595240488397107 0.16530427659401334 0.0028370393333960256 0.07757903644489822 0.03227970007337425 0.0011175140683965194 0.1338511106666459 0.0 
0.050036277286344646 0.16346908445034872 0.046238776172851 0.005863004803701716 0.0033334833806105816 0.0 1.1825152738059749E-4 0.10769714642291389 0.11745014875514787 0.010758465760824171 
0.06131065073358411 0.03331790648992836 0.1419268415978129 0.18258356246303825 0.0 0.03756311372172132 0.0012657398630146115 0.02015641739502595 0.020470408527255457 0.005110494659734367 
0.1711457733144375 0.021826340201991 0.0056872466553086354 0.17221137098291936 0.0 0.008379218265712158 0.0 0.010757018867058382 0.05078819665357539 0.06290114148375842 
0.06191636439661767 0.02503710224683325 0.021894720876863012 0.015974230977246952 0.21578316631220287 0.01579091831951298 0.0 0.0 0.04223641545422817 0.10607863738648904 
0.05373685024714834 0.026212957299281404 0.18678841519047698 0.08984719501432646 0.0022444460009391283 2.3508381716022704E-4 0.017264493162861647 0.06807403410731869 1.704769115382086E-4 0.058778301256220404 
0.06181171609813858 0.005131757058333091 0.19720325953865983 0.0018485190471503093 0.019289078875305368 0.0011372540791809442 5.672479366209668E-4 0.022295981852636763 0.029006994552940337 0.16736262597440296 
0.040067071989926796 0.2269674390792568 0.023476740990425717 0.14012863664810296 0.0046188690587485575 0.02096826849531553 0.02122473949203047 0.0 0.01977863869592261 0.007016791195405681 
0.024629124239230745 0.016431564313125067 0.0 0.001058105112832094 3.1538017191750967E-4 0.016354497950618333 8.21247364517322E-5 0.32312464587363837 0.11926414280810113 0.0 
0.005206655459554304 0.014327423125995416 0.0014079454640146284 0.01770473726614378 0.21322169557776746 0.21432896626698356 0.004829193835855322 0.02089584315806126 0.009306831692027456 0.0013936184151595343 
0.055189592723107944 0.07386706186686018 0.0 0.005764957362742147 6.56777694924828E-4 0.2363954263327317 0.04974310731144006 0.04383968504568524 0.03248053237323053 0.005712323449970593 
0.0 0.0 0.2102577653226449 0.048615975616216174 0.036229821911880435 0.008499918441553624 0.04076999212119665 0.05465089603070812 0.0026452549792039767 0.10055374955032707 
0.0020361595059333274 0.013409392832314753 0.12035764702612367 0.016466676044855355 0.015417321235551371 0.20782860379530085 0.0318266621548347 0.053082743573126735 0.0 0.04475976543091859 
0.009490857731322655 0.05376274249551929 0.005561035475496159 0.03319286607331101 0.0028345740448019077 0.3281888320347275 0.020145602259761725 0.04392100583596319 1.8115860804551908E-4 0.007017472371122896 
0.043724241592427035 0.03156492785031548 7.794489126803996E-5 0.0012716084309399803 0.012782731484947444 0.10927638648606387 0.02276088882842237 0.02964037947336766 0.11683225552800536 0.13352273801538705 
0.001068759888650097 0.044287887931776265 0.06662599261171658 0.09467199648552521 0.03848041708357415 0.20859913689830703 0.0 0.020758018093099944 6.029626898099187E-4 0.030886595054236448 
0.014544857155214239 0.039631376778582236 0.19696374682861734 0.021598508253662663 0.0 0.02446225182549197 6.277599208120013E-4 0.20664603499188028 3.49999625405096E-5 0.0 
9.300227549979172E-5 6.227535010094689E-5 1.509906983700397E-5 0.0888779641938728 0.03965081913523266 0.06404438890692231 0.03223403508484325 0.010407254113595438 0.0 0.26609597393430984 
0.02863310893166639 0.08647606135660525 0.00934962236643058 0.0026034376884099424 0.0 0.07549828371880954 0.03636119843803855 0.14619190361634352 0.12127262689397744 0.0 
0.0977927243963858 0.054245180418665724 0.11189905556947692 0.006278074788484685 0.020827735388100063 0.13157466746612173 0.03355337065538202 0.005816630185827462 0.04193697715312791 0.0 
0.0341523899660449 3.023603102111117E-5 0.07986158732568312 0.01958980419870206 0.08752116450497248 0.12962256780260634 0.016866029682381947 0.07256051433071226 2.4305882216363016E-4 0.0609873470741018 
0.006459695476999795 0.0425411633891188 0.2543088190802713 0.05035613014914411 0.035808654592944536 0.06931045228641118 0.0 0.036764451147507086 0.0 0.011298124883060414 
0.15913536827707697 0.005822070931723016 0.12140776130188259 0.006811558877567734 0.02201924258909331 0.056091938108383976 0.029478106563049243 0.0030155020765251592 0.036653328984924086 0.0625615651633335 
0.04332927023286202 0.0033419646406574527 0.07567006352137667 0.09389330947579917 0.04190721374174606 0.11192157146661313 0.033287414827048355 4.1783765841388223E-4 0.049786316984031236 0.04817109259484379 
0.0 0.09342103422800714 0.011677759979629752 0.0 0.006728403639055188 0.14832470103650605 0.002206559377473352 0.18424106849070376 0.0433141450080994 0.01472190590505002 
0.11554351728109773 0.09388834117244187 0.15513475103736737 3.652576669232636E-4 0.0 0.01803281545946821 0.0 0.0 7.877928994713149E-5 0.12236725489242414 
0.0 0.13545497179048027 0.006446188186393413 0.020230046680565134 0.12617587014215695 0.006999940030491706 0.033990328156808566 0.16885743185480567 0.004705369912000889 0.0 
0.0010938346902221608 6.204832203908064E-5 0.022677839007633538 0.18561298807260632 0.0 0.01666722272200526 3.512386425393453E-4 0.10358595586122245 6.747279404638815E-5 0.17344598415060158 
0.02255367558641757 0.003438179207449359 0.06883248149752966 0.019582462992364706 0.002875739442811409 0.029084701167548733 0.023198224902760932 0.12787134911349604 0.04020986296737233 0.1643544779534264 
0.009024785912095209 0.007330930976276555 0.10002862246355596 0.11479155283315856 0.17950721764890076 0.009181908570738568 0.02196277506313595 0.0 0.04317959081537208 0.015238597080000183 
0.0363869848952524 0.01572212655127252 0.021253238255366822 0.0 0.015684227835417126 0.029923321201743798 0.008321429310970564 0.1907607803536958 0.18366176130980755 0.0 
0.09072132337375671 0.12428391998246277 0.018424357615761215 0.019718723017054258 0.038853982099014424 0.0 0.0036065670967243475 0.04597173487480309 0.16036611798435313 0.0014537654716406054 
0.19024557253487073 0.022750216109919418 0.005313100402802336 0.016928427040986817 0.0 0.09197290602927179 0.0 0.0025766673106488954 0.01684364285886262 0.16000475571803396 
0.026226773945360056 0.01993643409104201 0.14945927235309733 0.013800192155818776 0.005264066851165122 3.2886805650438164E-4 0.23965325625096065 0.016079147159958913 0.03093902022604548 0.00181967823492151 
