0.0 0.03564729957298345 0.056254942167990436 0.0016628218512025057 0.08096267725212206 0.02846127015722 0.008394151151065926 0.202991003235491 0.0 0.0 1.669124700133102E-4 0.024580676986306962 0.0 0.03142169943133862 0.03197182811210403 
0.02493020600748224 0.03506678823104396 4.383277559191577E-4 0.14934599099583568 0.0 0.00966662313024753 0.08562839420340357 0.08700017957289559 8.256937447868062E-4 0.03688687143289864 0.006618456436820782 0.04950827996731026 0.009782363820492596 0.005833717975272263 0.0 
0.01884467386759109 0.0 0.012065471762668938 0.003499985068992059 6.485023741874726E-5 0.14296109012684322 0.02232036132014202 0.005577270592534678 0.06876810632242782 0.0012293225052261937 0.19441416787677665 0.01639582043683233 0.0029652036605500947 0.014168178619672763 0.0 
0.02555966254848662 0.0 0.02777790261825276 0.11563586835264034 0.1746249531164335 0.056032619572788586 0.0 0.0 0.0 0.0 0.05637259076728529 0.02117607733411107 0.013871843664966917 5.945246995427123E-4 0.016790374197074485 
0.006300555173147891 0.0042259518483291104 0.09357703897883363 0.00830883069476931 0.012479013035116886 0.14324775222475541 0.04298135084594367 0.03659048276149349 0.011840909993225507 0.0569709789995692 0.04542957246875275 0.018768631433952798 0.016468394495726676 1.0417001685423746E-5 0.003106325686163156 
4.126454552129244E-4 0.07380812068502997 0.004849914331070665 2.5393799667498135E-4 0.016373555126505488 0.07342536470957879 0.1215900774499649 0.0335155852068786 0.0 1.1731413065772427E-4 0.012690993168161021 0.06887461011454549 0.03449311257197581 0.04604284756166693 0.014405058372906296 
0.017414747649568355 0.0054196134272131696 0.08181975750125879 0.002147254292101961 0.0 0.0821652670204889 0.0116615463775648 0.029347595270423864 0.075919458389179 0.04690838585491871 0.01369726272356131 0.05436804406082436 5.730886494669221E-4 0.027215326213334872 0.05356519293233501 
0.11405934022297981 0.0 0.03243371337462014 0.0 0.03082443290495791 0.03950727610592859 0.16670316528367124 0.011736765318939415 0.008540918976963437 6.333723803783655E-4 0.040500043480535555 0.0038036939225633997 0.0 0.04787559627262379 0.0060331214741092 
0.1250581398228192 0.023443681186731333 0.043353208441430216 0.0 0.10883998087058437 0.06699644254362783 0.015205047884500379 0.011717442313629624 0.002599688351485846 0.03579195894058262 0.05941489990479043 0.004209603357029359 0.0 0.0 0.006111644701212461 
0.2029398528867861 0.0 0.1339804711081594 0.06062246664192708 0.03259407256517634 1.282669511528851E-4 0.0021840718589927585 0.0024328862371784843 0.0 0.0 0.02319784240520221 0.010303369754228934 0.0306423695811015 7.249068995028843E-4 0.003423609034606776 
9.246728748391678E-4 0.042239242313168966 0.006459319572534576 0.006962640440549013 0.0025878395461384953 0.009596852967473748 0.015177394460851514 6.206046909014026E-4 0.010531309730514667 0.00865745765015086 0.06497732006826011 0.16418610228906141 0.0 4.925591209293644E-4 0.16877595656599081 
0.0077696578064344 4.525137565510605E-5 0.04138375896231591 3.9761518330018876E-4 0.09372113774909377 0.022645651084488776 0.17921757231579277 0.02006129632645739 0.0 0.06185782537352851 0.03097751391454577 0.025955057714228454 1.035664521723593E-4 0.0055602147416735775 0.011630207918651403 
0.08861625190321754 0.0 0.037271190608701404 0.19098835724952828 0.0033359511921904734 0.01747619327482785 0.13662591689946224 0.0 0.005151333263047939 0.0013790369230657646 0.018526555366835753 0.0 0.0 0.0015561122302582317 0.0 
0.0 0.13267314749011597 0.08494517474560206 0.04555563165943867 0.0027705980258226175 5.388341794139261E-5 7.249824164930054E-5 0.00522245116125473 0.20174560618057882 0.0 0.0 2.6881591670280067E-5 0.026475184456070694 0.0015566428173222836 0.0 
0.10426886166304425 0.0 0.16454651132177842 0.06277999922428258 0.0 0.002843620710582172 0.01876453734179617 0.004747472589194858 0.11816655686295995 0.0 0.0 2.3073338473870528E-5 0.02552189822325574 0.0 4.138423820546141E-5 
0.03440661995046122 0.0 0.0514615521345511 0.03923514477739725 0.10772594012675564 1.562938885689353E-5 0.0 0.01861530416433273 0.21912381674386797 0.0 7.000814434322864E-4 0.021885678918894504 0.0022211023898225076 0.0 0.006601624263933255 
0.008608485183617003 0.0016137660645788089 0.006545201844173882 0.0 0.010693851143764962 0.005838218131389783 0.352819078850634 0.04947384930867055 0.005176770910606541 0.004217957726344866 0.017486613431732835 0.00478633152068226 0.02980270544261 4.09924284128679E-4 0.005757477276676679 
0.09412575725349591 0.009909957595511958 0.013510021824185783 0.014830090970174178 0.04933262450955462 0.01095456951254745 0.005029931553087608 0.019422403857862144 0.042696050295403076 0.0052093366201598915 0.014102828578218811 0.019445571878786004 0.02800722177713591 7.922296829925895E-4 0.17692930762879278 
0.0 0.1443565937925616 0.021602428038496605 0.010691279964563065 0.008078741120455252 0.02995954320698982 0.04738092858779153 0.0019374093897799414 0.032876738860843614 0.027026930329292747 0.0 0.0029998518620536177 0.003203473636816241 4.884063802569294E-4 0.17108700779010774 
0.035433131223814154 0.07985020441275549 0.07381472854564869 0.0253761461349758 0.052952234917501916 0.04337149164108677 0.0 0.13016482450983033 0.05215200140100131 0.00257548857683262 0.0 0.005130102316242679 5.337979642981938E-4 4.154293249698031E-4 0.0 
0.03893556750879814 0.007222813557659633 0.027723809168544385 0.015267259657816164 0.0010948709887591678 6.254408798852045E-4 0.0 0.0 0.18660745368501458 1.731121441647025E-4 0.04544027200282417 0.0 0.02090350620485621 0.15552350357551545 0.0012599267726523115 
0.023529536447868978 0.0214274903672069 0.007063667796622469 0.043745884506240354 0.016055400054501238 7.749854656881021E-4 3.460976365228649E-5 1.5726634018372354E-4 0.0 0.0 0.008054021175567753 0.006529094267431891 0.21868471457621944 0.1564560117899564 0.001233703198175133 
0.009905419415577738 0.002990549729576605 0.05357844367660049 0.014542108831765259 0.04941855831535691 0.04593940864846001 0.010884457066182532 0.08750046557655221 0.03383643323077137 0.05067893876007768 0.10162891068824587 0.027226361701988003 5.085425943385014E-4 4.7133577349235385E-4 0.012826791619107783 
0.006672497586408227 0.0204212869898094 4.9447260047705E-6 0.0 0.17314785957735968 0.017162198584813628 0.03428175773206358 0.0011709701127886499 0.0604106657341104 6.727169356039946E-4 0.02034001301717549 0.059838637867346924 0.006830147581422762 0.003137365229112943 0.09817460015670439 
0.07882953125526561 0.06606088187127897 0.02477613909437827 0.02804894806490434 0.016210464672878094 0.04442259374895095 0.010683419958314266 0.016826756486556477 0.0 2.4381731258800568E-4 0.028649972571495742 0.010515819470481597 0.14977478423544968 0.004407524141645348 0.022069975240697384 
0.0 0.030296243059945858 0.047810449084797126 0.00141321377980621 0.04545912005810046 0.0014808907336163542 0.0052294636553483435 0.12646115785607454 0.0 0.024943720856614917 1.1403211391351116E-4 0.1717938874754991 0.004468098569393068 0.032877753811770806 0.01059769511060163 
0.027716131377310535 0.020564518827725378 0.03084244868207119 0.011837578169172481 0.09556400545570923 0.012596378567974626 0.03086371354539349 0.02631472008123354 0.0030459751242142164 0.09234616139167266 0.013550405835357977 0.11695166451719295 0.0 0.010449815920533711 0.010221393144803479 
0.01183470998302777 0.15112211274466272 0.024385883206800726 0.020936255018753517 0.05142288385080292 0.01942161535528993 0.0 0.12567094489313393 0.004768159799170052 0.0 0.0 0.04044226614440263 0.024884520767203454 0.0 0.028915614139373075 
0.04510773949820147 0.004193051168674658 0.07992517826581033 0.12260548472881283 0.00241165556255125 0.003788500937772882 2.0577448324761758E-4 9.324673559332004E-5 0.003139770562523721 0.013057641945781333 3.0392654185267936E-4 0.002542005515721671 0.01762781702457805 0.2018022117879271 0.005749737540933316 
0.17327222368401168 0.0013374446198278693 0.002117060558876898 0.041198855554621 0.006707884335060857 0.017364186860395616 0.0 0.03799712428793238 0.07868588828758474 5.274591940096052E-4 1.1410511670228604E-4 0.0033234819642784337 0.0016332575836792544 0.13766397620566168 0.0 
0.07032771074716931 0.022650401448826005 0.14672859899992938 0.005597636998162645 0.054178208117990664 0.043036654337543424 0.014164106776771306 2.274511577142836E-4 2.0769077839949993E-4 4.146063130174885E-5 0.07142241424864079 3.1851529320679387E-4 0.07279344232608657 0.0 0.0 
0.07181911061077038 0.0 0.03990319952672054 0.026091984494364263 0.0 0.022062154728068106 0.19209036452006156 0.004398153672357728 0.11644167938012477 0.0038946642652561737 0.0 2.310162790639014E-5 0.02555318975128394 0.0 4.143497800696065E-5 
0.0869273780751994 0.0 0.010240776768529377 0.0077552953625351214 0.073533517732977 3.615742950388021E-5 0.06870864591355261 9.713293893451404E-7 0.17571421004659366 0.015241093032716636 0.0 0.01833844586446831 0.0027843871085447467 0.0014311862276988523 0.04054872718227821 
0.0 0.05020342034071126 0.2127479266832662 0.03726007462728373 0.0031572796471972158 0.03150111085805009 0.051496519643293014 8.322673485596535E-5 0.0055717334439106155 0.0011275309294412578 0.0 0.022509570527611555 2.793880741586397E-4 0.07514666556793856 0.01018904547125196 
0.021720716966811847 0.003929317384618032 0.1861365670496223 0.2009363840589163 0.005954339180981763 0.0 3.33885875732264E-4 1.3088756536189691E-4 0.005094285621642833 0.020844737377262952 5.498125611621493E-4 2.679228721930186E-4 0.02874096915873392 0.021877036670419195 0.005746414311831498 
8.230793621792289E-4 0.01209805480916434 0.09898605064090846 0.0 0.12326853449794262 0.030403275180137575 0.04341636249793691 0.04369467212701239 0.012010466116312759 0.05778677595547704 0.0 0.016201730772463233 0.028499525847354285 0.003655636687173471 0.03281536863935325 
8.253574351564409E-4 0.006628734248130352 0.06626431983330927 0.20187644049140843 0.019299435973699684 0.0 0.047270065689759645 0.0402415114861158 0.013022405815314768 0.0 0.043128814336617735 0.020476938594524013 1.683543586230241E-5 7.90862998075058E-4 0.04109781911213317 
0.06072520429450188 2.749771169820054E-4 0.03581162721404454 0.17633813251431094 0.022395247033464374 1.80460950805633E-4 7.606428568048256E-5 0.0 0.0 0.10533425284348333 0.0 0.021306665177812503 0.017287873383618587 0.01068443985307093 0.05355042900204788 
0.0630893997271936 0.0 0.040393555032082515 0.008259299360338134 0.0 2.264026293055826E-5 0.043315425920452316 0.04422504918771313 0.14210528297527986 0.10383066307559677 0.0 0.040020939699056034 0.0029598430497274216 0.001521371290622745 0.011418816584186375 
0.017544096534039197 0.06077547308859254 0.05062965372025915 0.030652182763713953 0.0400290538621087 0.1977214109756616 0.0 0.0 0.004680492599487346 0.009339648301515825 0.04108735620876705 0.003900392903435074 0.04074388651096475 5.518959150447259E-17 0.0061218440117178936 
2.9617820505335924E-4 0.11069360204533492 0.0606420942761465 0.02717752850514451 0.0 6.72251998724558E-4 0.03145494646053954 0.03378106556086504 0.08752754449460005 0.05399972007583371 0.015772070216682085 0.06260350157378282 6.598978644271563E-4 0.003797201200129293 0.011907405456532337 
0.03359079477702305 0.1997380521651734 0.034982480180054246 0.03286702476802957 0.008368970861047835 0.03619525071867807 0.0544856756065624 0.01474398900845332 0.004878115810292201 0.0018829919079753144 1.5174702140186372E-4 0.019225223161989553 0.037722159893110924 0.02253681027750327 7.897481922410997E-6 
0.0115218885709278 0.0 0.047869597926068375 0.11809756248048194 0.029906011539308466 0.002167939065367947 0.012889635731298801 0.034928274039595746 0.0376825566773578 0.025474277500983106 1.0726921492599217E-4 0.015394422291842284 0.0015134301435317386 0.014747952689523369 0.15083007236141432 
0.07917836015232672 0.0 0.11800504763955202 0.0038794965165522307 0.02046770567926947 0.0 3.717913788304644E-4 0.02163844107453951 0.1819574912553924 0.04000053107414011 6.925163458997034E-4 0.02125478988785689 0.009813172724634136 0.0 0.003822219862848977 
0.041924155994656494 0.019077589920869244 5.236229728808458E-4 0.08395144287884654 0.006613171445294445 0.14098621808003858 6.635183591378341E-4 0.03528748311163527 0.0 0.0 0.0052935935912668 0.015609977918825702 1.2833987895760244E-5 0.032319157824477925 0.12098401013556292 
0.0034173860882945467 0.0010317446049922796 0.01848465172155541 0.005017051608938995 0.05890562885673021 0.010035698914643796 0.005979428109907008 0.04806879574397439 0.018588205067910278 0.027840715357660497 0.03965482578949016 0.24591498709023885 5.173164823160469E-4 6.831827656918692E-4 0.018264661292660828 
0.011446849236350021 0.0029126610372091073 0.01565721850799956 0.06507628323322318 0.12073804499058582 0.01849850585366742 0.0 0.047533858765262456 0.006738478647447174 0.0 0.007537524660371352 0.010336343628674879 0.02736221507873534 0.15262604716344183 0.0166134015157863 
0.09296085971607386 0.0 0.026434186566353286 0.026903127678843397 0.011994817691467308 0.03526851778810858 0.00817490131165129 0.006173560612130972 0.0044925394309876295 3.331550622389757E-4 0.14600614761541347 0.002059492554067731 0.0 0.13556878346190626 0.005811930423157325 
0.022803854530177796 1.495363615585453E-4 0.003434889684989006 0.021882732551930982 0.0022075762946597898 0.00818666873915864 0.0017257343317484087 4.464543540881765E-4 0.007576077255572074 0.00622805421858778 0.046725910684192504 0.0011240277268813308 0.21030549563033027 5.097019143268347E-4 0.16872199423044798 
0.01456761844849291 0.08579780014755728 0.02901637311800731 0.030698674046257802 0.08708040452685636 0.08707146136592216 5.609369262420398E-4 0.040219320100427385 0.009529435177055064 0.035521198035522325 0.0 2.0356865025049657E-5 0.03956855545014725 0.0419801174842503 0.0 
0.12099973029675676 0.0 0.05120477495164221 0.030984957366855782 0.01649035895143621 0.0389279685964602 0.10571905728840339 0.0021776096422138893 0.0020963171076857686 0.0 0.019662209369859428 0.08003482271950695 0.030636776421913335 7.376193591892532E-4 0.00342307211730115 
0.10928763201026762 0.028251480444713147 0.003672042666644632 0.0032975663573141267 0.020497713841004378 0.02371198178545883 0.0 0.0 0.03657103973868553 2.6155587485054737E-5 0.045057085375237546 0.13997899207753633 0.08968303654875363 4.827448438831615E-4 0.0 
0.060863049852406564 1.1126642907552217E-4 0.003640965617224809 0.1249974998213716 0.0 0.0 0.023852116277949077 0.009167683156905547 0.16113337157274474 0.004687951046390349 0.04237778140274891 0.03513642546927648 0.029668834931738438 0.008592483730147246 0.001918080254091771 
0.0 0.35029180310298086 0.008419749652234422 0.07509170735909552 0.00456692023765747 0.02019988942102503 1.2498390710148145E-4 0.008965553976242576 0.005079074936390162 0.0 0.0 0.0 0.0264569292006462 0.0015555694758963884 0.0 
0.0 0.06499556533460192 0.0021891008854874974 0.013822570403267287 0.043988378816105025 0.0 5.453413915654042E-4 0.003012301130274934 0.07329149248413327 0.004095736067447648 0.12857311633300367 0.1114857582950661 3.013023325925053E-4 2.557165775066924E-4 0.05517759739786255 
0.01390824037939475 0.002206932809827697 0.21589884507637966 0.0347115332462087 0.14483674655374132 0.0284265289490649 0.006816760900945422 0.004847948018066803 0.013553556867483121 0.0 0.02408878672744199 0.010226571815901041 0.003364524044687312 8.663848306939358E-4 8.562995636050415E-5 
0.004838930680983814 0.06250217792189622 0.010077346759211634 0.0 0.08527834518927686 0.013944460816394938 0.08637247409971348 0.037192464793535635 0.08335351102442481 0.039724860233292546 0.0 0.01623230600206017 0.028553308962160004 0.003662535452040203 0.032877296432411114 
0.030575810084018423 0.044989410421063865 0.12956940690375932 0.013385849589521433 0.1949626645841015 0.0013637553053877504 0.0 0.04776766199389872 0.0 0.0016160780471829524 6.823949741239196E-5 0.0017869804699408498 0.02578290567263719 0.009557881178524248 0.0 
0.0 0.0 0.3911295581682386 0.0469190376500128 1.6421301486944066E-4 0.003037046564882556 0.0 0.0 0.01429578214658626 0.03625865580183597 7.229268198504147E-5 0.0 0.0 0.00955803320219777 0.0012647620216939047 
0.21941372077928079 0.0 0.0034344037041075534 0.02091851183301871 0.01520697761371691 0.0018780255786879482 0.10553854536929366 5.73622099533048E-6 0.003979279651061739 0.08955535426572055 0.0 0.0 0.030206931010561485 0.0015017232496968601 0.010546287290334229 
4.37512439684302E-4 0.0033631172643391397 0.002456915516272623 0.2800930876345641 0.02347755644468679 0.0643370793624029 0.015472757885421212 5.633353248410232E-6 0.0 3.3233852368804925E-4 0.0030225493302908483 0.013130003579377473 0.07221581790904329 6.855871877969863E-4 0.022050609826855732 
0.0 0.07200512030272659 0.0 0.005746954611421846 0.043944593448507686 0.13958347516071412 0.10821788554052462 0.0022475072359168426 0.074610383831726 0.0023717548571627715 0.05331471703937793 0.0010932586260086247 0.0 5.3356199679110203E-5 2.21880635858298E-5 
0.010776853988340954 7.06692604240025E-5 0.006208943174218205 0.08780355110712179 0.008300929734514325 0.020593268409357886 0.0 0.1241934841850489 0.025268521885691772 0.0 0.0021497496135430743 0.009960310892633505 0.189390484786813 2.4745772216774935E-5 0.01655457520751975 
0.026884493771753514 0.008366676701906479 0.1359551325662912 7.161623465379406E-4 0.03297502976459715 0.15763334261056963 0.001581680052178033 0.015306669470068937 0.010168339098198921 0.0 0.0050659001706040985 0.01991574450313003 0.007238578505009627 0.025582495228194783 0.05407020675163984 
0.0033577748836033307 0.05004233566556294 0.00431084955158958 0.10511778546704792 0.0017124461205779075 0.017085580344664644 0.027930695136461816 0.19835014334841874 0.005979580404688442 0.012790213210513799 0.0019284231427307813 0.024539646402219256 3.0613000851315367E-4 0.007498261935516311 0.04119685812931968 
0.19553888449417986 0.0 0.055603093274771 0.0565894892946641 0.025230546256394173 0.07418570188693555 0.01683667231736338 0.012974818503090344 0.009441858175086571 7.001836926072402E-4 0.04477219227339045 0.004204926736238735 0.0 0.0 0.006104855024786802 
0.011167753785248782 0.0020935323337146886 4.5806529614144997E-4 9.406968656595565E-4 0.008461524073009454 0.0 0.11401417811211022 0.015741199845424367 0.0010071423828813216 0.139720923739618 0.011536512225007702 0.0 0.019473289415417493 0.12161276342523396 0.056487393755102706 
0.002292791182013234 0.022912484379336778 0.17819303189753377 0.0605651784905466 0.01257412386984019 1.8190895190408844E-5 0.044929357351221895 0.15616955187141918 0.003145510158418226 0.0 0.0 0.0 0.019812707222867994 9.157937417074099E-4 0.0 
0.0012691615107862377 0.012683075335805826 0.10255941592813379 4.8737258598878985E-4 0.0055733475114737715 0.09409156934820377 0.03519930393792488 0.1930126285098601 0.011922561909999083 0.0 0.03973865817242119 0.0 0.008900047320023695 9.154370017118348E-4 0.0 
0.08697596048641251 0.03485959329305032 0.01667715387653284 0.0219331815318697 0.002334837494877442 0.013897011104808284 0.03297721438680649 7.570414298495967E-5 2.2228086336965742E-4 0.011574193219051475 3.5074318067613517E-4 0.21589674862679642 0.02351823684736304 0.028920808462163827 0.012938951211622784 
3.543637170199915E-4 0.05015337878075532 0.03265070946093961 0.009153102141137072 0.0074281962639121905 0.03281252468179419 0.005107018780850612 0.13544995298963702 0.0906989949928231 0.06983291176566686 0.003873000514469973 0.0 0.0 0.06094936813166584 0.003322884633060244 
0.009464790014772113 0.007022583700789749 0.010532397048606978 0.0040424181185108815 0.017928553437032414 0.002748180082951058 0.25512844126204304 0.03614015574162479 0.004076451156199816 0.1235875544035547 0.01813460887956911 8.485181356490615E-6 0.0028757506365095146 0.010655622079052582 9.766102720587916E-5 
0.0739086274899729 0.0 0.03127671961191353 0.018926122117819445 0.010175755488955246 0.10481297376392498 0.0012136982022633764 0.03773274983573372 0.006142544941232612 0.0 0.015159456447377758 0.06170641286883212 0.0016260937124208796 0.13706014799613228 0.003432883447436402 
0.14156620706043074 0.036595677450713 0.026661264222439997 0.028738754041624653 0.010841515402667751 0.014240472751542917 0.018948660209029983 0.0020521670202731045 0.0066854363412066535 0.023300455198377684 0.19249609885550883 3.0188934341036444E-4 0.0 7.433474290822492E-4 0.0 
0.005682740751937199 8.054316698217736E-5 0.003725672530025084 0.010455826792196534 0.011511780881875074 0.0 0.15511463709478987 0.0214156742774451 0.002469136470238252 0.04039698507396996 0.009856673098356196 0.08305471376187164 0.0219259212294242 0.1370011659615558 1.4677425634731944E-4 
0.015084909950331966 0.0028278512706743824 0.011579697158233223 0.0 0.018809532851163553 1.6009198993503868E-4 0.23897010564100699 0.03299305623444836 0.003808073546338261 0.00310276299929699 0.012863290876555905 0.0 0.021698538282271605 0.13558039423872958 0.005757541523180391 
0.015698991215763566 0.021904524629162255 2.7472484120534026E-4 0.09360359481445263 0.0 0.007820285631837159 0.03449194553717082 0.04956174408189463 4.703762942794451E-4 0.20322569450566547 0.00657630553736266 0.04919297706380591 6.574477408216482E-4 0.006418304553675616 0.011634976827311912 
0.00884367082455215 0.004031661147489255 0.03580812427932031 0.006664166975463137 0.05000611489760383 0.018006822758679958 8.558646002117824E-4 0.003794367866620392 0.001712741237354852 0.002660316715388118 0.09159157614938176 0.0012858153351729032 0.019263527308660048 1.248348452877357E-5 0.2561012273635991 
4.396987423766979E-5 0.015860890269952785 0.04662677193106386 0.10962429259492412 0.09348374719950855 0.09358129545175899 0.013537513246048934 0.005392925105499975 0.015780912216102623 0.0022344323529510115 0.0 0.008337411130775966 0.038101097373150476 0.05913187385399056 2.2331878857744308E-5 
0.034412157808112326 0.07754939347316266 0.07168782434809633 0.0224281121784546 0.01687337293400472 0.03615839631922406 0.16496008871198997 0.0031350305407517654 0.050524817927988186 0.0024951313070332745 0.0 0.004970039087994335 0.016001030334134025 4.1333238229544474E-4 0.0 
0.009649266808546171 5.431939303931819E-5 0.015313212701419094 0.049316201700248384 0.0010355891734846804 0.0 0.10308700512220546 0.006925585436522609 0.0364386876424301 0.021741200852830423 0.01296087223327468 0.017870994547374418 0.025739377107871893 0.02709157242659129 0.17692477794375966 
0.04122137378226382 0.0 0.06143509625086471 0.025207695054083434 0.0014403030366589103 0.0 2.170096786867643E-4 0.01285155870757612 0.10637164709678935 0.023384156078138343 4.0484238294650755E-4 0.01242546813252195 0.014503949385501832 0.027350022260842752 0.1767026847263765 
0.0 0.204348308292355 0.005455478969821364 0.1068920492681786 0.02804519351003344 0.015885502704848495 9.82892605469702E-5 0.007054963999474785 0.0 4.269838679025461E-5 0.06044456619832559 0.0 0.023968013377460885 0.008263400424084178 0.04001650664376142 
0.03224694776389386 0.07637099827036599 0.16359635581466306 0.04308639816040398 0.01866354785566152 0.05396207461318515 0.0031062164984392874 0.002823078443929704 0.012617635320906208 0.0014249718229516573 0.0031588319961061125 0.08792353456244216 6.0688130354834485E-6 0.0047937530666102126 3.0425041466032198E-5 
0.05652984415203701 0.01754521515344016 0.0 0.01523147631106868 0.04849504665515166 0.007420277999229934 0.0 0.020093517266637894 0.09425051486406842 0.0 0.17069881800191158 0.0 0.017494605650616724 2.490770663027372E-4 0.05326431090294913 
0.0036997030873803394 0.05687902848289991 0.014970355681441214 0.004845453174382638 0.012048054631849952 0.012487923719993495 0.16157357790037746 0.01295597359785755 0.0014767672888827325 0.01289857661304239 0.0 0.17824029044509923 0.004625982732472544 0.015330296250871296 0.010591303845957153 
0.015650911419804445 0.09306366766110959 0.06960548605444669 0.02184346840776561 0.005562029173587681 0.03354888334886611 0.0018205247506739644 0.008881685907753518 0.0029385461711767015 0.001134302439040726 0.16707106574472874 0.01919038405194756 0.03766326222392296 0.023160098516673982 0.0 
0.005340891985850649 0.021120667517959095 0.10993893979675107 0.06957510013393849 5.877100720750384E-4 6.159724542839844E-5 0.08928832938794704 0.005115688696606192 0.08455602864517348 0.06416703784167076 0.0 0.02159295110105828 4.910555641447301E-4 0.014367503976229556 0.015275764595434201 
0.0068862534016313134 0.021064697224646593 2.0420485424845386E-4 0.0677490155468984 9.722593023652299E-4 0.008270591092219302 0.016192195940333564 0.034233252032503256 0.0 0.014387117257046977 0.0026138990743960495 0.0550677881483596 0.003337916175170448 0.0038316836877249996 0.2669830753976095 
0.11917846970941819 0.016223195761811707 0.02026235627891044 0.01739604240447624 0.04272736175785583 0.016137507177672705 9.166746794042716E-5 0.10446182275894238 0.09342464593686592 0.0 0.0 0.04245078978192126 5.03457031107359E-4 0.0 0.028791885190947077 
0.008089954219505908 0.013186629691034539 0.11915740900322473 0.13323930101513615 1.660029679815687E-5 0.008643395743344304 0.0 0.09455215592164896 0.004580694988150735 0.0634816065203351 5.496478034986736E-4 4.110612769381932E-5 0.02853368723881048 0.021967107955462455 0.005740887226521397 
0.015113082582751116 0.003906818632558662 0.011423799958205064 0.02930562020584437 6.999950101553099E-4 0.04175129510210357 0.0 0.007634418385055307 0.2255539670556918 2.0924207522692896E-4 0.05492403123203721 0.05715674658570861 0.028964201118099095 0.0024648734342885424 0.02168543146144524 
0.02003513057786389 0.1149493062488897 0.038947183300863726 0.011876420608953272 0.008416288119144737 0.11217207669547391 5.142203242021475E-4 0.0368697278672429 0.008735793664070875 0.0012314649337421858 0.023185139328001408 0.11919932283106177 6.21341291567303E-5 0.005455334078826274 0.0 
0.0 0.0487577836816362 0.15574039156139396 0.004023411337600883 0.11785404257881968 0.11494993068146879 0.0 2.8142614081029033E-4 0.0 0.0 0.017255822631131318 0.004141031858594804 0.039344584376052434 4.849785407062267E-4 4.148082833808102E-5 
0.0060204320710859315 0.0015414153104762992 0.0018696989259798765 0.02995873857349603 0.0340847619747602 0.2324074142860044 0.1500557189603062 0.0 0.0 8.531108526611089E-6 5.459963092867927E-4 0.021198790845087974 0.01481807169741163 0.008592483855478773 0.0 
0.09258122233941148 0.0 0.013854436023733928 0.10743345149818816 0.035884284083931066 0.001730923131090129 0.0 0.0357288112132298 0.019233620517537964 0.0 0.02188273758148636 0.01773951835791236 0.0 0.15646158811984257 0.0012337471692308688 
0.1558333888846729 0.07998213971087972 0.03411224235447249 0.04462393989590947 0.0 0.0011331319065691972 0.0 0.04413659642470039 3.3324203024300215E-4 0.0 0.023605068054538013 0.058698097510015715 0.0 0.017846300008089705 0.04186045224206801 
0.0 0.16197870113886204 0.0 0.012674001895068619 0.022530895177455105 0.026637219906623096 0.01257415374864238 0.01149223239846619 0.048622796925789157 0.0018537076746744012 0.0 0.18098714981388522 0.004697273707014848 0.007163681653290221 0.010573238261490637 
9.684434871516692E-4 0.014433121855139022 0.06526748719533103 0.05234516814484102 0.0013988911195936646 0.024354200606273538 0.02444949363917706 0.17341820472551636 0.0034735525934706944 0.007220340112678578 0.0 0.11616225004906858 3.2663054039635875E-4 0.008000396171308063 0.010204269004797343 
0.06111097441031873 0.0409887745072235 0.06216580647110212 0.037582161902213404 0.019080539238125287 0.007128760735166902 0.03655638859900822 0.057559565464634956 0.03167234517134498 0.05606677340661635 0.03938286644239751 0.018396821687826092 0.0015568905843059424 0.028028722143951152 0.003106809945766692 
0.0015976941316823805 0.023811109678308896 0.10767533951653728 0.005414157119869752 0.0014565663850017662 0.014532592704222962 0.023757192215643628 0.16871196576046926 0.09398844322313489 0.013626373235542886 0.002054493781019044 0.026143925471861156 3.2614325390378546E-4 0.007988460713635358 0.010189045681079395 
0.003203392993579554 0.14633163420485254 0.0012835694178309214 0.20579216390986704 0.02923810286558199 0.0 0.04537131236016188 0.0024274197159233177 0.0 0.0 0.00697679131985808 0.020573464239285695 1.5950259588226196E-7 7.945621577489983E-4 0.041290048860542855 
0.0 0.023961114352119645 0.09557418076345413 0.0023518041715526686 0.06888921010410216 0.06719166990705182 0.0 1.6450199007896342E-4 0.0507387472612422 0.0 0.016436290696967674 0.16842018084205918 0.008620724758879959 4.849785407062267E-4 4.148082833808102E-5 
0.06747117744303835 0.016578124905415166 0.08064211132526727 0.03447605560833999 0.0 0.0 0.18932573828697255 0.00232205383889372 0.0013888556964432477 0.0 7.973707383156432E-4 3.6281653351169735E-4 0.04059563187093978 0.06563545311193496 0.0033613678634550697 
0.0439654033056852 0.022662555597295686 0.005806313069799313 0.15703753840055154 0.018165449699776678 0.04589024525947036 0.0 0.064169597271543 0.008551426340677815 0.0 0.009810890887542929 0.013125842292285934 0.034746534441321746 0.06327176577528414 0.016638657513354145 
0.11127746137703931 0.0 0.04709049642529725 0.028495331255725294 0.01532070445440264 0.16035968896259253 0.0018403105412410233 0.0021779512056579937 0.0020966459201953 0.0 0.01966529343590179 0.08004737637888025 0.030641581875869853 7.377350566053001E-4 0.003423609034606776 
0.011350424034385116 2.2895121776712673E-5 0.045364987827258896 0.0011163011470497449 0.19923829466075135 0.0 0.0 1.63943968004774E-4 0.050566631769053315 0.0 0.016380535669187766 0.1678488675187144 0.008591481618972307 4.83333401148387E-4 0.0 
0.0 0.06403201284434898 0.0 0.005110595884672382 0.03907862052454604 0.12412743478204102 0.013053244329287532 0.003298491474408397 0.04878230432505916 0.001580702790535013 0.03553264442411368 7.286237680464071E-4 0.031519030242426485 0.13743327252351614 4.159991483204185E-5 
0.0 0.02035552704271003 0.008614070285014278 0.006064417240357983 0.0 3.2675330671847267E-6 0.04722223704563377 4.916714848518884E-4 0.3389831659699112 0.0 1.5174738510472538E-4 8.559262382116921E-4 0.01121791882748059 0.0656354550486932 0.0033613679626416613 
0.0 0.0848776948730402 0.0023863932191637892 0.1589474109430685 0.020186595392863813 1.946450332702866E-4 6.857094186721893E-5 0.005190570836990335 0.0 0.004858254618360902 0.0 0.17471399605651786 0.0 0.010968568095371346 0.041325809774685765 
0.021837119245575368 1.2718187992636406E-4 0.11632809665551386 0.0011176553993560484 2.116237193256097E-6 0.02202858048827177 0.17433407862471406 0.019514646727429863 0.0 0.002926636569275046 0.009658461763831451 0.1161475618150404 1.0356426920593445E-4 0.005560097543856703 0.0116299627779435 
0.0 0.09000842141490295 0.08355149816955415 0.02189708847858703 1.5933487487661808E-5 0.011784382623188759 0.0214899846990651 0.22828780450370223 1.7910464742571358E-5 0.00916412053857014 0.003911837966323173 0.0 0.02970500110360244 0.001575019807631496 0.0 
0.08023520985479661 0.03427565524856449 0.012252901887937966 0.021228376487408655 0.10679890687880697 0.007763991931675558 0.058145256231140766 1.2601269946760486E-6 0.01666581292001588 0.01188989078140335 0.02289083517849688 0.02359252559063949 0.06283328460205997 0.0 0.0425856705715351 
0.18366550379531257 0.03322542520673886 0.0018617347967747153 0.03272750680718427 0.1365582319612956 0.027472031368930967 0.03999431482700285 0.004942336004096897 1.8044174366864753E-5 0.0 0.017741364355194085 0.010063954477721643 0.0032887363869759764 0.009730186277856323 1.0869413075010093E-4 
0.09655949736065483 0.0 0.14926041465478293 0.023074848622609185 0.001482689971291506 0.04240887415484713 0.05843017385479267 0.03683335541071508 4.324674105551008E-4 0.02327734382893727 6.423229965264094E-4 0.0 0.006322153418877826 0.060451235767710255 0.004340429120950813 
0.0 0.03362944226002733 0.04012819775864643 0.11816712625536396 0.15486417288860382 3.911627414014691E-4 0.07797618482166625 0.0025411918882669404 0.0015780091714237496 0.040580416135695664 1.6906235804593666E-4 0.015671529939198722 1.0392252545336491E-4 0.005665789835213429 0.01167224727539408 
0.012986150037096597 0.008710160175381636 0.19287276038553083 0.0 0.021684811289344963 0.008108813607544075 0.03917010650571575 0.03334592977313365 0.010790952271873716 0.051919245701385924 0.04140123930697992 0.017104378474969147 0.031080979129575192 0.028024353296770284 0.003106325686163156 
0.09613254555487728 0.052132098341942365 0.0 0.0755387299102629 6.440425378432978E-4 6.693029184802205E-5 0.10823934714820567 0.008371945739316034 3.76735222861174E-4 0.11451444410064558 0.0 0.0 0.029503645151849223 0.0 0.01525430459540605 
7.253773728649373E-4 0.03139649978696224 0.1365485734731775 0.020598816494873523 0.06364336924148192 0.0 0.06446930964533058 0.0023341951320209266 0.033364524008561 0.12660018674828377 0.0 0.004925487858550714 0.005163232975175917 0.01119649338634801 0.0 
0.11308488876637993 0.05145928601179431 0.0014124040004836072 0.22644795952341856 0.03217279321260594 0.0 0.0065779901106463295 0.0024270546398107253 0.0 0.0 0.006975742032898468 0.020570370056480075 1.6912252002470113E-5 7.944715202072122E-4 0.041285338809236675 
0.0 0.03939781064839276 0.04701128031598601 0.1289842135450398 0.002152204281067502 2.9636746352131895E-4 0.20707736158057452 0.002539775028777705 0.0015771293412625738 0.04055779023800393 1.6896809613388826E-4 0.015662792166971556 1.038645827151507E-4 0.0056626308340655416 0.011665739331468552 
0.05677174269304464 1.5089661384472028E-6 0.03333010619153735 0.04117029866086664 0.11303919365415885 0.00209512296858767 0.0 0.0 0.02413809181224217 0.0 0.15638967573385693 0.019826212602930184 0.0020120942263975113 0.0 0.05335534056681679 
0.004402081926305583 0.12211370116337393 0.018604988407028115 0.00836948191759417 0.09946661227962546 0.0 0.0 0.023063263800853606 6.717254094132716E-4 0.022434419541156186 0.043786973093687835 0.11211817127964088 0.0468976408486592 0.0 0.0 
0.12160379522421087 0.09752833742950166 0.06397282510455252 0.0 0.023211447305965072 0.06824891909616276 0.015489301275165207 0.011936496060310949 0.008686264311295917 0.03700514526221231 0.04483040128570456 0.004210393625835632 0.0 0.0 0.006112792040225845 
0.03153926353450806 0.011186745366214805 0.025118370180898478 0.004517018991109663 0.013879042799276224 5.8893059347968E-5 0.014476225846312063 0.008140751142997485 0.29234600566386026 0.0 0.0052177102714752845 0.020512560681918725 0.007517191477561075 4.280339478585782E-4 0.06583895108911836 
0.055249946229309246 0.017147972161432185 0.010854460468013725 0.00828208563598823 0.21969354335455937 0.03639177258796656 0.05478150521423307 2.566047634286634E-4 0.01109028126841933 0.03710693344382199 0.023539602890362568 0.02484612654601081 0.0 0.0 0.005823872913907713 
0.10448649080182236 0.05385896020329294 0.01379906088753282 0.04012527770069977 0.016803703162348284 0.04245014971454191 0.0 0.11449723314203025 0.009228559749939188 0.0 0.009998430751349503 0.013161196037480108 0.012943709930326414 0.05461402484618582 0.01659642030957883 
0.0 0.0344556100730133 0.014580956133399514 0.010265182292524669 0.0 5.530922634789472E-6 2.5875079038578604E-4 3.5603075273010667E-4 0.24546559127678202 0.0 1.0988380943006249E-4 0.10181536467920564 0.026647048322237337 0.0656354550486932 0.0033613679626416613 
0.09422478801838828 0.06991190079394853 0.0014089062479252892 0.024767216522751077 0.10334326164457563 0.016472903521548822 0.0 0.003364973936852817 0.032730519195879396 0.12328967074174788 0.018090015758335565 8.464316240323434E-6 0.0028686791469823385 0.010629419835025949 9.742087810451691E-5 
8.377654366976067E-4 0.1498475063189963 0.0020033941446085507 0.0 0.03153838593833284 6.190137951358592E-4 0.132893668510661 0.03663135318140242 0.0 0.0335053439904525 0.015117677859010087 0.002846337976297661 0.03448702218087794 0.04603471785321209 0.014402514895883291 
0.0011851251739923043 1.723221952533026E-4 0.0022693574795979786 0.001034070988383061 0.005134070121553959 0.15835732450500786 0.026514822447460035 0.0 0.024241861080897445 0.014411411491895771 0.014117122440435476 0.2419420979581223 1.3920055382462533E-5 7.240618984888323E-4 0.011820848716178443 
0.029733810169580703 0.06069983591461782 0.002269079473063888 0.008130625808093659 0.0813624727122786 0.01637860254308764 0.044599549646176115 0.048798833000109794 0.0 0.00291922301424902 0.002283693163807143 0.002748669785526608 3.6478073733060444E-6 0.20124450121346213 0.0 
4.933871652671405E-5 0.0069829478010047024 0.030326067309218736 0.05203114975229062 0.0010311465314421936 0.0 0.005580056910379743 0.0134088282335945 0.036264587278628614 0.13226658200292035 0.010791533402286979 0.04283156610612314 4.514836757204306E-4 0.07195273151076854 0.09814470678909291 
0.2985987271805913 0.0022876111219608045 0.025086914461255508 0.0010468734337818137 0.026812001059009327 9.612127618568288E-4 0.0018009689732850216 0.023533335762672043 0.015377726985563115 0.0 0.010106085461902996 0.03645877213837858 3.4811492312148036E-4 0.0404492963825923 0.02104678335590076 
0.008537733623597457 5.598622023918271E-5 0.004918903324001458 0.008705067326239083 0.019850238789050734 0.0 0.0 0.03906091994032289 0.007947371127108816 0.0 0.0011582794861560522 0.0 0.1549234732099495 1.2515810821264796E-5 0.256764407837291 
