0.002378118009659065 0.03128600279798403 0.04133495708820256 0.004936545137216212 0.0038202689265079554 0.16130757441008162 4.1763715447675577E-4 3.9555617714855004E-4 0.023979972661805384 0.1483846376189992 0.026730159195765355 0.039788233263393334 0.0016202728438869686 0.012637190451584826 0.001467533967746461 
0.009101010467783536 2.6798210247565885E-5 0.0074875413263833296 0.11339221139141446 0.012074905277156607 0.013070752278072207 0.0026241200429543343 0.0038352909188398682 0.10957810008939248 0.07057123567006687 0.06841323857153529 0.014155781554913547 0.03233034807774992 0.024517484375651453 0.02085839884578849 
0.00917164909364556 0.020229784048815133 0.0029125847699433332 0.004352940086729918 0.01929101983651679 0.27962221413134625 0.003690080922831893 0.0011091904878517704 0.08218031435254065 0.0 0.013141981199055327 0.009020483936782838 7.653487150557328E-4 0.02455835283294839 0.03231640354500928 
0.015681182416591992 0.010333408110739193 0.001400987762869831 1.1551608525024359E-4 0.09757994689387464 0.14277995627506399 3.717734102708783E-4 0.0 0.010406739032948973 0.008765081876843862 0.06292668563482799 0.0 0.024192141337437065 0.12602336982526913 0.0 
0.11836851160774416 0.0 0.029826440326238723 0.001238494450844936 0.05055806589568676 0.018108881897871555 0.016700043429956946 0.009020700270091457 6.07166962089678E-4 0.1347548506724874 0.014763060012050874 0.01948792508130815 0.020567799954090058 0.025722824343382883 0.041361230294947086 
0.012306771782814608 0.0019530685064362123 0.10563021326876877 0.06196068195088243 0.0076893764371639625 0.01801226350633796 8.35999168920507E-4 0.013806821008430949 3.0892140118619454E-5 0.026013268101194954 1.9676533780276326E-6 0.1911998397276106 0.009776407208965929 0.023410737287789137 0.027968974681279887 
0.017857520071559274 0.011767546467024803 0.0015954260610466233 0.0 0.08575515037987899 0.14635698339239706 0.018681504626864045 0.0 0.01094019663803485 0.00921438684851641 0.0661523568953895 0.0 0.10702079298978867 0.025312159400640334 0.0 
7.805449531234152E-5 0.015997566660895465 0.003466866597309817 0.20142561743771517 0.012187434699966656 0.1002098231351925 0.056910341838560224 0.0 0.0 0.012275467480587852 0.0025844672197301672 0.0 0.02663509236137432 0.04796092125395755 0.02079566635401355 
0.0010727564775294418 0.09960353266790935 0.005421813153496303 0.08300127626299587 0.06570854084353787 0.011705951211705963 0.034657937512363235 0.021453917998718854 0.07121012649789593 0.016321525243428912 0.0 0.026359668807779988 0.015621203730353408 0.03432992241637706 0.014189605877459358 
0.08810381882140368 0.0032328487226082666 0.02891419209686486 1.3076658489176717E-4 0.031230138036030544 4.416844853587761E-4 0.0780079196035911 0.06562084464636804 0.0313761247297316 0.0021716084374326307 0.0 0.0015333849506744943 0.01256541996280865 0.13458386962334706 0.024297727501313437 
0.03632913592939939 0.0062595937680140976 0.266189723157215 0.0014682988739359963 0.013281539806599102 0.016149652660176986 0.0025371630426629915 8.932294113667613E-4 4.770288026074396E-5 0.007706318698764536 0.14655665618998356 0.002109772501853295 0.0 4.624197059411625E-5 0.0020578756317483848 
7.641023672920851E-5 0.03245337161038188 0.01129463305356809 0.0025370284478630763 9.105610734818766E-4 0.06317439731894549 0.04466750531495757 0.0501381380150096 7.696079525890133E-4 0.0030154949767067837 0.08360961545107669 0.0026474012904087497 0.008656424558631977 0.03911635403458143 0.15830003041397497 
0.0 0.04263904641465119 0.05651383118969129 0.15423868414583547 0.01059126543411194 0.10993862479928798 0.001312100757946778 0.035708360579151936 0.0015408575560571598 0.012761595460739647 0.0027301625251031345 0.0088669308722534 0.004146890120407911 1.8120916008537575E-4 0.05891622116661224 
0.04674224190522378 0.0064957076557986 0.017170441006911195 0.0019219733146078949 0.01727325396303048 0.021612461594905194 0.032661177639592656 0.10149710852645528 0.07542036864951784 0.0 0.07789325392197641 0.029064575275099307 0.05392058715366859 0.015565386016993742 0.004247900014439613 
0.016836103604267558 1.25491757682042E-4 0.021807380521440746 0.060307637765158226 0.0 0.0324901413709271 0.0 0.003940515721609187 0.21258462387330623 1.898504957338533E-4 0.06039091300538899 0.008392183769411633 0.006672515303438824 0.015477903739894047 0.06212819776789848 
0.0054273378930280655 0.012972994250358468 0.1194423755473558 0.004663557779274741 0.0 0.14913553606545726 7.699824394143665E-5 0.01609172862114658 0.09562117897757454 0.0 0.0592611776631211 0.00836134073859105 0.0038809561146712977 0.008626987896866906 0.01733707670374681 
0.056057041716521906 0.01797998735615517 0.09938822869397702 0.0064047138212431284 0.17634033601505286 0.01566106889141885 0.0 0.016712553414277496 0.03771615577179649 5.665152439786119E-5 0.0010148439593757129 0.03115270907692558 0.0 0.031773314714533867 0.010312502140877573 
0.0 0.052350259798915146 0.01595476416590402 0.10625286195851227 0.007221264118682354 0.07647569178024483 0.13683424671862998 0.021738411471993083 0.0015629260052285557 0.012944369410001965 0.001987847712520281 0.003899009898204941 0.004150499255532565 1.8136687064089656E-4 0.058967497327072314 
9.644494793348025E-4 6.793764840549463E-5 0.04023846046356197 0.013481300874146798 0.01294863788808362 0.35359936460205565 0.0 0.013500804269253028 0.0030045491318591326 0.0 0.0017687491112827855 0.005482795488090604 0.014267616264166064 0.0 0.04132604829021278 
0.0018928789902458436 0.02123813357879952 0.007909158335771365 0.0031290086323005777 7.397329432251268E-4 0.17443995973799872 0.02416605015271659 0.0030301295237323707 0.02306056715789003 0.046468835930397356 1.853485294370527E-5 0.05186998196248628 0.10315879637168063 0.0254222956583383 0.014005575389079887 
0.02732241057034229 0.032675591835615206 0.018697606922071994 0.017246220660571066 5.326461931385401E-4 0.12892867488823442 8.112318125491432E-5 0.0728842556879581 4.148263605675154E-5 0.009190564409908305 0.12303251455683473 0.003895681567756847 0.004203051897675781 0.003142803538790025 0.059509350288259294 
4.4912351067066364E-4 0.003291993371517437 0.026442335903615184 0.01559918661088574 0.11211031070040989 0.019741898634875906 0.02326765102880185 0.02235684059344622 2.08307655131421E-5 0.021058765178296322 0.0 0.01927386732729919 0.1683148295143458 0.02187468446037326 0.04670035220972593 
0.0015211495937955282 0.043014939152685415 0.06240472508225609 0.008606643858525078 0.00892790565549339 0.0057184350225434775 0.025239204686517115 0.0 0.031195590729292906 0.11073669035306145 3.3014178516995786E-17 0.022887113845403685 0.09305377360077449 0.06763124523676768 0.02100827531007573 
0.0146121639664714 0.22874226786841612 0.0040553668501147055 0.006753669939185513 0.012101973923391773 0.020420679557468773 0.010786355377028534 0.0038088957069590066 0.031240303098233 0.05824768763612736 0.0 0.03449044638024635 0.021753217230348718 0.029973559751225294 0.02318445543641393 
0.025637275216699267 0.0035627782945583954 0.0 0.0011447462036971395 0.007471528488570889 1.9438555791820782E-4 0.01619642130614277 0.1410686114864583 0.08205526611281186 0.0991395064928268 0.0015209536873372301 0.00428264676452628 0.10334039093138385 0.015692752030151642 2.0255889636485095E-4 
0.0027447045602047183 3.5877473496501427E-4 0.0933525138860357 0.0015212008279269149 0.03015885035968637 0.021180339806022172 0.06936982679051448 0.0010448542961901505 0.05354898875918128 0.14465822943483603 1.544426711462517E-4 0.05876522197181716 0.01719359879348132 0.006108465131061176 4.24582371868062E-4 
0.04103065031724242 0.0159910939584963 0.06530154119139694 0.03028566171152924 0.003605192341520915 0.008136468431853774 0.026045116708221218 2.311350495117726E-4 0.13403837461879867 0.03277285103907186 0.0106585133157781 0.012703583708028003 0.05132825563873372 0.02554353441122421 0.04400837526619281 
0.016653836881136263 0.00256848542394339 0.007933769956715768 1.3189589970096877E-4 0.015394435721374382 0.20758237704586552 0.002751942425893462 0.0 0.18978967560330923 0.0 0.013771669570693387 0.00945269379582208 8.020198363135663E-4 0.0022840162833821535 0.03225252466222198 
0.00601045696473018 0.007320418988440353 0.005897546800356187 0.03222902035290422 0.002485711248978803 1.0933672711787703E-4 0.01608066930161083 0.18209543357732869 0.0042259975491963555 0.21922475017967386 0.0 0.009165814593753374 0.002996142348952603 0.0019087654743643384 0.013419809692261156 
0.06571785001883894 0.04143417890486025 0.033392553708069456 0.02312538496031282 0.0030458720026272455 0.05327941547413555 0.002405640207382694 0.009996162445272735 0.0 0.023889704884160017 0.20086700895886442 0.011466789769407227 0.023343021779407547 0.0034421703487375094 0.005275009500991481 
0.009876288673304673 0.007560248730996697 6.910807826992509E-5 0.029341449986844962 0.16604269433306848 0.16964750090095188 2.4267918782487375E-4 1.7574471975210252E-5 0.03797788351491293 0.04247396389983098 0.0 0.0368551862257597 3.646996036577064E-4 5.342067850572133E-5 0.001323199753628286 
0.008062296055233282 0.0012794757872271038 0.07057276154938621 0.13399173426014085 0.0016231898378526396 0.031528284433256955 0.02042011307720572 0.08784506520387413 0.001270172195369276 0.043146976233159544 0.0014616595786807924 0.02983462952799865 0.01721561868222725 0.037497150573778885 0.015580423328977942 
8.490694549098531E-4 0.00757291559470266 0.0026661241329401343 0.12207493639588685 0.034545972048205247 4.885799693785021E-4 0.08246067380151773 0.07149573874405604 0.0 0.0021390445858638593 0.0 0.0015103914316446155 0.01666501109897834 0.13424663695377828 0.024236843626205266 
0.029677706026145875 0.0012080562851382614 0.1930433844247667 0.005589096695857868 0.009704949325641785 0.021808498929918107 4.3626835665420337E-4 0.008377048329152564 0.0 0.011530293214354032 0.07380890156954067 0.012257956940419718 0.08358765773640726 0.0501002128601859 3.86519231200361E-5 
0.06353402252884895 0.010082765868916165 0.12674881991317044 0.04960793040144509 0.004618394272764128 0.013260510425630116 0.03570717001529586 0.008418304310179911 0.0 0.03774863868297899 0.051131603771612175 0.031620367648484964 0.01617112471750147 0.026520119552670297 0.025790332788930094 
0.05642506382940148 0.002296830251582902 1.2603645508877634E-4 0.013688316869216767 0.024069616271531046 0.009201090498401305 0.0 0.3068769953945672 0.009533046941374836 0.021820102885893172 1.256794562818138E-4 0.0037285400946724476 0.021934699003725116 0.03087199496061272 3.1140937363063626E-4 
0.048902148868050305 0.007017381156837276 0.04587078966948659 5.593695866988284E-4 0.009044181298042697 0.010247581715950676 1.0053078672614388E-4 0.00681048683168307 0.08716234258741708 0.007250740618603879 0.06945466932318584 0.010091874760613202 0.023048803240004263 0.15526871951971263 0.02084326161007684 
0.01796260810063684 7.311832523151337E-4 0.11684065667972332 0.004096779616284176 0.005904166781462521 0.061940693015010886 0.023719484308446358 0.015317917244415315 0.0 0.010216124577542385 0.034745179014074944 0.0 0.014173354431296109 0.03395127466211099 0.16128376612028292 
0.12182427207736436 0.09583068272995428 0.08983432459273175 0.008052077022411832 0.014690226337011952 0.0 0.003596614604404352 0.089696731051882 0.0 0.0 0.0 0.00855230048287685 0.02983455667478953 0.018773945850458905 0.01991866189115437 
0.06437244642623283 0.046236673198937595 0.027396801379868326 0.0011702379912111283 0.047087700831849405 0.0030695526589516863 0.0 0.007273921558903393 4.895944575435064E-4 0.010100088094516001 0.008066977517015298 0.19068258182669912 0.028030257826226403 0.025721336291019282 0.041358837568717645 
0.01443656872667158 0.002291064482111957 0.005289927633755233 0.21429553936257337 0.02195980518456416 0.012853815348318393 0.004585590082365508 0.0066329861050895365 0.03992911853009565 0.05014722118189479 0.0 0.029514895523107893 0.008745589365603703 0.03775937665268405 0.05239318646994033 
0.0060130586308293505 0.0023484362027992294 0.05739199659505102 0.017702717874107207 5.193563857503844E-4 0.0013830411830852917 0.12709022233829986 9.211992857366533E-4 8.000469409094109E-4 0.0 0.010403810147836645 0.19539407524261837 0.021365313339176187 4.4043168106326336E-5 0.059029191166688214 
0.04539695379632762 0.0 0.32180465540382414 0.0 0.015782508049351093 0.019774371468895612 0.0 0.0016669069690333027 0.0438831313322154 0.0 0.0055619247405200075 0.03308740745014999 0.0 0.012652206150587448 0.0019174865826984651 
0.008526726651913445 0.005594949049978773 0.005828542703841178 0.018987268891976182 0.0017878582411460287 0.20350469640423385 0.002659955563143671 0.02801680943878969 0.028922578966092682 0.03054760169159299 0.004846827564436221 0.00684207530222207 0.023895548600738562 0.12447833850195246 0.006520349952360904 
0.08047421910883812 0.0033839577298651648 0.0524411442680707 0.003964665681572635 7.787122531029917E-4 0.01285799054707722 0.012581766534158987 3.8725409566650674E-4 0.0 0.09659314889135574 0.030579236405619298 0.014545818952762605 0.015790044767608584 0.017294442516323342 0.16054428713780036 
8.023373048732156E-4 0.08612946987851573 0.004681618876150804 0.07240995069107582 0.0030652302524337882 0.007676100044980108 0.02272671318085891 0.014068264760089103 0.04246028332563418 0.15069126596616664 0.0 0.03183113400000129 0.015622109889525837 0.03433191383615644 0.014190428992101541 
0.05380157804087767 0.03503080167818275 0.1746366779322786 0.011326346917769627 0.09290442520084911 0.002531717859164109 4.955875303933413E-4 0.014242811479942672 0.004939296331816143 8.759070508971363E-4 0.01523473836724274 0.026093763917907263 0.029837071679464595 0.025911632222831327 0.012850574509731615 
0.024880740740678444 8.834198470537036E-4 0.016111750973620324 0.0012180837593593387 0.11802529650199356 0.020145299238064483 0.01285938375067091 0.01888763579908693 0.0 0.14774181250874258 0.04187142068896678 0.019917243732245335 0.021496268623716206 0.023674222021183824 0.03293149725884033 
0.1543708651686573 0.006498378001336416 0.05013283366156022 0.04048301207313642 0.14830914004308204 0.03401702280707263 1.1453332276544918E-4 0.011646829682851972 2.486283075706746E-4 0.023039966351056273 0.0011231517865383307 0.008723186474869552 0.01789296021407921 0.0023370256224237622 0.0034501986147476 
0.01934549220270537 0.042670094067370185 0.003339782626226384 0.00205395579672179 0.06610956240838188 0.0 8.752410315712168E-6 0.0 0.10148437421501487 0.007408887272847188 0.16923650381966335 0.012273722352118103 0.018915305139583213 0.03517910666634007 0.023053611119639477 
0.014501354555753377 0.011100713132677542 0.011081407519520822 0.012032875414391611 0.030728628231665858 0.007242507368760725 0.0073705695673447 1.0442541918966281E-17 0.2122937382327604 0.015283914703420113 5.034477834451335E-5 0.007840706247554112 0.010846409358715814 0.14785757737618713 0.012838392936296255 
0.0017007222511082473 0.015168872208508415 0.005046707200954167 0.2258926626747967 0.0 0.026012342120385022 0.0467453007463296 0.08449492059679424 0.0 0.004110493953449691 0.014379223806836063 0.014956595320373972 0.028829102410111707 0.00112755375511381 0.03231119452887843 
2.9322527382466003E-4 0.10034507445969092 0.026820340234068065 0.10330906416671079 0.006504107973435638 0.01818972741108605 4.3535755052921313E-4 0.14124225251101222 0.0 0.0 0.018847791110486047 0.0076104532426574615 0.038951843911058576 0.018799854465034828 0.02081793162052746 
3.297954306349505E-4 0.11852420737663961 0.037039323585623236 0.020633266359293318 0.0014823758727179517 0.0013764977011102195 0.0723806980112246 0.0 0.0 0.0036850476283529277 0.18479400733492016 0.03657796673268022 0.023751612572902047 2.3368128422479814E-4 0.0 
0.013443406468706674 0.11990277344696643 0.0030935194340277125 0.009286759351393175 0.0 0.015296809418867355 0.23974715259568027 0.005134232577025824 0.0 0.009205004251358813 0.006586505597080922 0.01567797249910967 0.029631661889578713 0.0011267547927155388 0.03256081753470756 
0.1221866573889721 0.0049737118929859695 0.039295572831558 0.011017925253317885 0.06166889045970618 0.10278311841546899 0.0 0.022654379736887872 0.0 0.01510910144806912 0.015931399600997764 0.025425440797644912 0.029578330101264365 0.050055193418423696 4.1520525266966636E-4 
0.003090614103888599 4.90476396115627E-4 0.026610185909972037 0.015603229957891592 0.1382939305557603 0.01749418315887561 8.119536212990114E-4 0.019692338360277527 3.087708528778075E-5 0.026000590916988177 1.9666944710486516E-6 0.1911066612934706 0.009771642820478238 0.023399328408756356 0.027955344412190664 
0.013270387888602249 0.026720687545915334 0.0054352173968204975 0.13506553661263496 0.009092801585068559 0.015159019238506823 0.01973491675994287 0.02310675921973429 8.353679926973302E-4 0.021663919004265616 0.2116811960032687 5.623487894311345E-4 0.0010076818048046947 0.0032268221549180123 0.01369800966657708 
0.19680801627028913 0.13001207613406088 0.0014170865616536033 0.001331236502018821 0.0012167488958236999 0.03723063829264618 0.043735459378510325 0.0 0.0 0.041398278546814625 0.015636225890684478 0.008053147847798467 0.017643143014937784 0.007570040519847773 2.0115963190915306E-4 
1.4543684678190334E-4 0.06896223863909205 0.008082447315344798 0.010216501250669743 0.0016390933427633968 0.02832303581331116 0.047357416717696006 0.0 0.017330620912597718 0.009495245656253877 0.00659974081973259 0.004067995255761655 0.12670573125260878 0.006518904908401737 0.16554098130841646 
0.003040535483145808 0.002383336981392594 0.14199502927463425 0.024256494197836844 0.00689085306246172 0.13702573546198235 0.039030459605206555 0.010621302778869924 0.0013695088500023456 0.0378761434702722 0.019667208323858397 0.010631201010130216 0.00695606058005715 0.0010486166606421365 0.057546087997530956 
0.03831628764185691 0.05718123421568695 0.029104735019805022 0.04087190280794762 0.10403525453653639 0.11338439468519637 0.032967861649660965 0.005546242345443663 0.0015801006072379603 0.05423605964066373 7.469860942539105E-5 0.004294704338557319 0.004571716313959893 0.0013801789190919114 0.012820370483541779 
0.0022463989958904276 0.09061287728790451 0.040477614718487674 0.025603432184503935 0.003359304863506403 0.01304752554375688 0.0014000692617758468 0.009868449633068219 0.059858989987143535 0.005460341994623768 0.01785101045514461 0.0011442809767547493 0.009695514485020729 0.021293061089912142 0.19862139527775116 
0.06222090844402403 0.04063354922433739 0.020513354205972202 1.341561090919032E-4 0.014116544453202677 0.21799668543447015 0.04065533146303912 0.0 0.0 0.039841815352769296 0.01031789590179465 0.007107803692984399 0.016952183480758002 0.009498815214604052 0.02251858858965816 
0.0021479328306597337 0.08664105279751706 0.04828257719476894 0.026320566174751907 0.003053433643027515 0.013380823827439003 0.07304092273202917 0.03002656028759014 0.09074126023419231 0.00827742522899672 0.012727032498895521 0.0016738398123320643 0.014182476573276261 0.031147221794942597 0.058891231869429524 
0.05117897930780003 0.06300773195955174 0.03130696600456821 0.005373181379270389 0.02986379807669219 0.05374488134121356 0.07544977646385226 1.4229516127018921E-5 0.0 0.0011339630135809044 0.0015040191467114625 0.05303507365877424 0.09503098833770172 0.03192295572787989 0.008776838089365413 
0.019424860084944887 0.003080150412404855 0.0319562709637246 0.02769198212680197 0.2250003329096146 0.038404470647118875 0.0039344461211196875 0.03400449280663306 3.5552430717813576E-5 0.02482288233110671 7.742370045540261E-4 0.008329507696749132 0.009076934461176632 0.022228705432752578 0.05183049158031344 
0.010866285190015782 0.053449648899685474 0.07943954075606287 0.015361621053074724 0.01406046147316704 0.00721410634112651 6.492342969834112E-5 0.10403941035359472 0.0 0.022311749425843956 0.04762687844912425 0.028656987210154646 0.09833913684798377 0.0 0.020869319694296277 
0.01562789750304114 0.031467668442232456 0.0060183870749635025 0.029597036202363643 5.147188062261354E-4 0.024504863597846965 0.16145741832801322 0.017835113890961495 0.031144118781238347 0.033720506953790155 0.09146118830875564 0.003292230139982182 9.331243690564302E-4 0.02966371643062053 0.02319667508377088 
0.0 0.007045436754647706 0.07144298352279146 0.004543753876075371 0.0021790030223346095 0.06538819226771454 0.061992661564079815 0.008059180778944238 8.273482843041642E-4 0.0198972263940845 0.011736247937602754 0.002277486171361133 0.13691594514734923 0.05048702001920297 0.057546087997530956 
0.005407666425434327 0.06067410673624055 0.022595258442928753 4.2737058211498083E-4 0.010095561831835423 0.018783970218334202 0.013652600994590598 0.0017081381684589843 0.2913164050464247 1.1302828196401654E-4 0.013210848780863366 0.0 0.016738493331981148 0.028890233143701628 0.018259225816108823 
0.06259688940062519 4.6658026470695294E-4 0.08108017262806343 0.07416107387082199 0.0 0.07158854979920329 0.0 0.027545412852738604 0.0 1.7313212824190749E-4 0.05507284695085728 0.00765316219470026 0.03191575246380238 0.07505479199194072 0.01409188854430947 
0.09431566008187324 0.014796857800834564 0.013678232850685612 4.970756167361034E-4 0.002311955845523825 0.03994989577662977 2.8620393219703995E-4 0.0 0.01744737223168561 0.009559212346254314 0.006644201341385446 0.004095400148785899 0.12534098537021518 0.006518856342861344 0.16553974803575375 
0.011607612842353765 0.007030508427104515 0.00637290960615899 0.04193569380209639 0.007662307179213262 0.0 0.009203891143191853 0.1705265939238448 0.1816872685270574 1.7440954365049952E-5 0.013561359427434132 0.008663402167971868 0.0176074933891445 0.028157059694399578 0.0 
0.08123903257261218 0.009350257395007448 0.0 0.022615998883777036 0.005703046132764963 0.0 0.05073091754176347 4.690906964366253E-4 0.024066788359356276 0.0302144470813418 0.00709314588048923 0.016875218897683328 0.20202434771925362 0.043430560783161244 0.007088132994032275 
0.0755568047938117 0.013625166004076398 0.14849135831632299 0.010106041911852513 0.0015419559512068897 0.001163719663256119 7.740552164877868E-5 0.0 0.03302696782813741 0.028600617336167432 0.009868593231405045 0.024926504447287293 0.04759778771657766 2.9973153837528612E-5 0.106393085262759 
7.622740914391127E-5 0.11457949045148663 0.006478376714377666 0.09574266777758059 0.008971948611021881 0.016586473891640263 0.028250830814456417 0.0 0.0010149575378995282 0.01090665685927307 0.04191117200867023 0.025523881225447236 0.1163880269685266 0.03454871483309669 0.0 
0.0 0.05224546557251247 0.04386550823015259 0.002623589680145733 0.004349683635408861 0.00928113677844241 0.032998697512566795 0.2381015886344623 0.040088290566203916 0.01816247841270376 0.001421737117856675 0.014926660609262283 0.0022282924781797326 0.027002901678532136 0.013288566772768858 
0.013650100914235819 0.003878606310192051 0.0014664484459169735 8.00364668047684E-5 0.06213710104619649 0.06471640839972906 8.326153753474583E-5 0.0046581500522964525 0.23637218255993891 0.03906887001354349 1.4255766469843388E-4 0.03391188555141845 0.01645149082819671 0.0 0.023811126744995748 
0.1745257993908987 0.0024250358766876473 0.002574349220328603 0.0049005894198492885 0.024375565596211093 0.2186384408392622 0.0 0.023649335993753257 8.227787185905149E-5 0.0 1.2769873416223807E-4 0.008155443087864032 0.016430955351814422 0.008644249849161153 0.015822333207661826 
0.04195457829507547 0.09253865363825516 0.043732765977863165 0.04374122573416252 0.0017077816869760336 0.0067388589210043565 0.03475862551680212 0.0 0.0038579049326533154 0.032552083295076396 0.11166293009806078 0.0 0.010782363458708663 0.024183248334264044 0.052366258783562485 
0.011369648370196956 0.0012805574282736864 0.016885339662240765 0.017795955426192323 0.13285632234230288 0.01390338167751286 0.15594547653383856 0.015732956133733798 0.0 4.861212260575387E-5 8.574415659962912E-4 0.09174475108034344 0.023444552557905642 0.018773325568671683 0.0 
0.09249422471470996 3.6549829327581744E-4 0.005000860400281555 4.123375175955516E-4 0.0 0.12295660779901231 3.0701761948173563E-4 0.04499775375273021 2.446243737398204E-4 1.4550212701228688E-4 0.04628382064809755 3.361436935568165E-4 0.09229973031281533 0.0738878887405438 0.020795681821303372 
0.019521983511177402 0.16669724184978538 0.051544614618893356 0.006892194297824103 0.02161915239030114 0.022869560240770456 0.037054026797871904 0.048202845214184276 7.509719154745157E-5 0.0 0.04773829365910798 0.01454750717640695 0.03339775859217114 0.030205819112112276 5.069023909459195E-4 
0.006068190588191588 0.07987707917261466 0.10552909008959921 0.012603112552047307 0.009717133082638264 0.019641742859137494 3.9782222017080584E-4 3.7678888218809306E-4 0.025413612504152087 0.14275838873607988 0.025522119678699107 0.03826220299948633 0.0015581292101350004 0.012152506073864092 0.020607829950384206 
9.492590522909651E-4 2.3438754086655988E-5 0.10837700022313047 0.16859484671620648 0.0 0.011311472159167876 0.15762194421312317 0.02458791517737187 8.157817476735929E-4 2.4392782947317278E-4 0.002175131811960699 0.019604797908052404 7.959233443943346E-4 0.0 0.0051459500002706245 
0.007959992668822993 2.920810071075372E-4 0.0026098429514188003 0.11958466133319923 0.03334275940681401 0.13052035884095575 1.867081714137794E-4 1.3522401996425646E-5 0.03125172834436859 0.0 0.0 6.617435588841156E-5 0.007082398441490685 0.14448380055187418 0.023849941020417466 
0.0 0.18718093626777588 0.04010557839584768 0.13844805383177583 0.001350272391088742 0.0 0.0033333082277873113 5.308043348303858E-4 0.07711024945170573 0.023100277799817732 0.0 0.008504551038836591 0.018853507697069425 0.0035106596920302553 2.0115005629130296E-4 
3.6766133439277206E-5 0.015615512295954516 0.004877831557248177 0.0027050219535915705 1.2899591947024129E-4 0.031223865255264948 1.9646360926129635E-5 0.017651063123109448 0.15862267785862738 0.003379361502868894 0.09369842029503561 0.0029668515691653537 0.009700957266351382 0.002440041020808523 0.1583000621494433 
9.826693417026282E-4 2.4263708618924116E-5 0.04399736161317294 0.07543230910147501 0.1767867800104326 0.012096060506260276 0.16855494558867198 1.9155188608342778E-4 8.272019017234998E-4 0.0 0.002204442981383237 0.013660811054772496 7.966525683776372E-4 0.0 0.005150664713293559 
0.005069110875644351 0.14334388725700006 7.474992574793024E-4 0.0022298371985663284 0.14847128076262417 0.01377573133423767 0.037622757521322284 9.486258321321873E-6 0.07050022945349335 0.04141759909604741 0.0 0.03579525485896795 0.0017373047368483782 1.5171888927435585E-4 0.0 
0.049448703385538716 0.009044220756663992 0.026629730628536158 0.027912255555751907 0.0029663610972701423 0.03538891542332487 0.061490858805879775 0.011885934290321682 3.8891637536578175E-4 0.010141150253332764 0.0 0.05714519396603792 0.009500022360267176 2.7941439123868074E-4 0.1988206001588191 
0.0087114587502123 0.020823045571552873 0.19171780864147053 0.007485509843706631 0.0 0.05438142197742244 7.47481484466492E-5 0.015621485090640572 0.08510995525018142 0.03877363377335178 0.062091412380801986 0.008997996747044447 0.004068260724744177 0.0 0.003505043759905268 
0.0908335732873774 0.07120029204324843 0.008726159355082246 8.119956222377638E-4 0.019439173566331038 0.017305538184340177 0.02373692708007825 0.024267506259848765 4.6645719196459756E-5 0.01029115101287331 0.046249607126101606 0.02127919255557679 0.14438561188115803 4.4302103207904615E-5 0.023078105730941583 
9.415451345831407E-4 0.1929732681565875 0.010443073481194968 5.604356616210903E-4 0.01130221337296426 0.09293118946057244 0.001101081690059316 0.0 0.012035661842891893 0.010137043041143604 0.002134245028652451 0.0 0.0972109750563739 0.04796092125395755 0.02079566635401355 
0.0 0.08366998530900893 0.10925014944613311 0.010781112272809548 0.06886849981171575 1.7096045160029013E-4 0.0 0.06180636894420539 0.0 7.032444194584814E-4 0.02673784007187787 0.02326396779367497 0.026556414176568937 0.055313570980553804 0.034436068222256325 
0.013944902076268247 0.0017372196830414645 0.001974762056758347 0.17262475087333487 0.01658693492704319 0.018858928045853367 3.7726363346985336E-4 5.852834029781911E-4 0.0 0.01168730152866297 0.008963405261449056 0.1957410377849856 0.033776260385985496 0.0033610567663216605 0.020567779957855418 
0.11177631131433242 0.020444006934023436 0.09070979704856348 0.060377535638389386 0.026391774746154586 0.015389425210490833 0.027341995610890263 0.0015246223138743868 0.03529294692754404 0.0 0.0 0.0727224967443568 0.0 0.024854802655719113 0.014309690361764268 
0.0 0.09133098521872614 0.07887106223543332 0.005219974998186867 0.007728097167149946 0.009059759848828779 0.05644688294159424 0.005982093600006736 1.420877893169354E-4 0.008436520487020703 0.01816001947698133 0.02229814881001689 0.0 0.14483104867564112 0.052400802064747204 
0.0 0.08548193531638061 3.991647128606653E-4 7.333881111942816E-4 0.030200546775969003 0.030069869854703186 0.012126082705130345 0.0 0.007861943395105585 0.006915624201047513 0.04592391977572315 0.0019769590344575587 0.26472332849111657 0.0014232144209207493 0.012828012171733672 
0.010831887680238043 0.025688108329623368 0.04510751110899577 0.06616155148725401 0.01305945381260579 0.1000029075382389 4.445429846638924E-4 0.014121886773042734 0.0 0.021625945708609075 0.046111184872639266 0.02774499774432724 0.10026561245126495 0.00844551663981334 0.020790440858875554 
0.01918833085066645 0.1711421946638677 0.002815444529378834 0.10046945817522371 0.03358038066716983 0.03434552637727965 0.0473741124540573 0.005413179915780728 0.0 0.0041530008087348 0.014706384294431071 0.015296892340818737 0.022941245159553775 2.1313729763524546E-4 0.029673781325711298 
0.011796785673480022 0.001357758444282121 0.005831590492640037 0.004697912626449839 0.11263794130679201 0.0 0.10624442839628162 0.0821441300965981 0.04593978088049196 0.0592944739297852 0.01359092172741552 0.03178770596953747 0.008942924723146874 0.00915107056913084 0.007082457078719027 
0.0017326366696702128 3.136205081548605E-4 9.071339756722157E-4 7.307845370093616E-4 0.017521412664027233 0.11144701544090467 0.10338464261040813 0.07993305306235603 0.003088200693105753 0.10323450525625716 0.013349041918897894 0.031221975080394277 0.008783766060989406 0.021755016744732163 0.0030414434869729815 
0.001702815747756611 2.121767058415656E-4 0.05396467821786572 0.08452175470171625 8.18358606988004E-4 0.01560188234306342 0.24360734786889354 0.04082037696968936 0.004260732803314231 0.004152535927686776 8.541919682394832E-4 0.03573441194987149 0.010994620642956322 0.001180367981020747 0.0030477015072846903 
0.13615472682129331 0.017797498768282717 0.04863524246322517 0.003194993011482329 0.0036915275191289807 0.03462515391804261 0.0015817042839328596 0.007845317558465306 0.10653221021504494 0.03425599042935357 1.457128150515522E-4 0.05544352384668417 0.009789287211557283 0.04065805037644833 2.0217248305352283E-4 
0.0092041586240828 0.003587185780108396 0.08779779322938179 0.004277122908954983 6.525932883547207E-4 7.837276949230653E-5 3.2631921622836925E-5 6.039511599690735E-6 0.07510295191809559 0.01824441541666703 1.2210119233816273E-5 0.14777553688821196 0.04756841538206035 3.5718099208468233E-4 0.10641565540953528 
0.06276763034364467 0.00996114043643748 0.030017878560459 0.0010282154264131254 0.03618398867037973 0.0107992944451694 0.18275362273252022 0.0 0.04745870136272335 0.034703754214028965 0.0 0.047562174938656235 0.004654564120960385 0.01822890127784961 0.016553085496875005 
0.029633100252926783 0.0044811010103042465 0.0024203836221226615 0.04690631221306568 0.0015416150175680769 0.004422003987625018 0.10953375809421352 0.0 1.3781995216390232E-5 0.02407275918424478 0.20753091170123888 0.0029227768837692732 8.806039528143867E-4 0.022580277409594066 0.04393793186854476 
0.14479013500013066 0.014580941637867372 0.012000893240989428 0.011670163133611862 0.0087593346084134 0.01541922540537027 0.08564900015525345 8.238244891977084E-4 0.09530722491778257 0.03272568924640831 0.04219884886742071 0.009486102616877061 0.023155806172648962 0.0035571003319761355 2.2189730430500704E-4 
0.003577661776501675 4.676549433659676E-4 0.12168294012871865 0.001982851682969805 0.0023535174597384897 0.02149912609530479 9.820970016839903E-4 0.0048712410592134416 0.22816945621454715 0.03668474329488206 1.560438670125379E-4 0.059374474776138074 0.017225011769410915 0.0011540523664790817 2.0210376562950234E-4 
5.738720113344501E-4 0.014232812509771771 0.019709779003491378 9.422132969351916E-4 0.1197438500840341 0.012160503555203312 0.011104993823111925 2.8714637557017316E-4 0.0 0.005703972231462583 0.23088997748353746 5.1301635222531926E-5 0.036768718909733884 0.027153608018832168 0.020777940952451016 
0.0068092293883727575 0.001008554365407763 0.1832043235931406 0.0061450766074907515 0.04613614488279687 0.04682210172709201 0.09489548250666832 0.0017428607556843436 0.001183944265359373 0.016124267326216326 0.03568245086906876 0.005276250348127572 0.014266771142230062 0.0 0.04142166134397281 
0.006244563383289868 0.0010759526489694993 9.327406196958055E-4 0.013833395490788184 0.012586661852780632 0.14399997727871558 0.07537795359594904 1.1664185261592326E-5 3.5322757376640575E-5 0.029872919463710346 1.726109652978717E-5 0.21307333350089466 3.624806284262521E-4 0.001946260376726198 0.002057033071577781 
0.003848778679530339 5.030940563542848E-4 0.06217912271432194 0.10283135521644997 0.002857501863111859 0.028467204648711362 0.083600554784293 0.004484508327232107 0.12134168765430453 7.067105364577716E-6 0.0010189768127643805 0.057787957422712866 0.016907669565128364 0.00918072195760278 0.0054675393976101475 
0.0066561412195576325 0.005217445285502877 0.07421274893900519 0.018964812042403363 0.004327253346627523 0.00993291523894954 0.009861462128718839 0.013508518741846477 2.596536146916859E-5 0.0800023038643548 0.09302670564028101 0.00939086389159551 0.010701595251579115 0.14919296052743586 0.015557090804728389 
0.14477406099262632 0.0020116354896879103 0.01929950868834949 0.0 0.006841360395350687 0.13394401970550499 0.0011988771834632692 0.03175609290563184 6.198359145846417E-5 0.0038567080166224585 0.14590860848891338 0.009124997406012548 6.802129275836469E-5 0.001525699322197001 5.069079413424051E-4 
9.927435905354524E-5 0.03567791917853944 0.011149502895356144 0.006210984454988515 4.462218119795827E-4 3.854022157699956E-4 0.02177621209222485 0.0 0.18680689998502498 0.003842923707024224 0.19271101579242872 0.01448900439666941 0.023590827496751628 0.003561534457341972 0.0 
0.0 0.042011914776137006 0.05721987296586913 0.0031186069192747313 0.1003769112685195 3.99865507171904E-4 0.12191585780705338 0.0 0.03289318585245712 0.011278291322690733 0.0484579654433253 4.241812897645342E-5 0.013569519874539448 0.01171747759672144 0.05966116358867413 
0.06044883806555707 0.011985621849829629 0.028807298379578197 0.15313495869522625 0.061033077991264825 0.02855418295165593 0.04308935696447902 0.0 0.003737412161154796 0.0036425044686437154 9.799997072594514E-4 0.05588686110198522 0.014467756072839203 0.01859636819655663 0.01614924633240578 
0.26696881934075817 0.0 0.03361789322026723 0.020065478833075148 0.028334590685652628 0.03181496649973811 6.364428471878049E-4 0.012180451914849708 0.0 0.038638391635991906 0.016253620752702036 0.015478797357515587 0.035370057996575735 0.0011548217496815988 2.022385040928142E-4 
1.7014309504118216E-4 0.01954619898786484 0.0010618023742363539 0.18160551490712956 0.00837238518239587 0.01547805880965118 0.026362928228407207 0.00776270100628214 9.762383642352389E-4 0.010490583550526619 0.03986179391833693 0.02458650252804436 0.1118102685431698 0.03318984936787813 0.019991500788795483 
0.20045683072927173 0.0201867989816622 4.735736365781161E-4 0.015242144963064095 0.011310787224798995 0.07386250614217238 0.0 9.184463760425533E-4 0.10463941668794659 0.03593008857837642 8.778814762122921E-4 0.009485554503659977 0.02318316019218634 0.0035571003319761355 2.2189730430500704E-4 
2.8715530873091083E-4 3.578054029140386E-5 0.008994057043894846 5.875889135859343E-4 0.004954025559501835 0.07809014382736709 0.1383911697738844 0.023583163175809815 0.002461553871089804 0.021813740460938154 6.936898147237115E-4 0.03934036277927825 0.17878130640124668 0.0011821907193140064 0.002576877977986738 
0.08380808464163436 0.016486617784893 0.03378715126036486 0.004052872262892371 0.1374760065284703 0.02495115688809437 0.03765225247901791 0.014333289732124381 0.0 4.6757419112064274E-5 0.012104194371704504 0.006865577381577305 0.01657874415438994 0.007600674020860474 0.10592427728563286 
0.1112616966623902 0.015910944938067315 0.039806571352679745 0.04974649743419471 0.02002306014718753 0.011774156482962988 6.561415016223029E-5 0.00598045235826917 1.4204880624080546E-4 0.008434205850963666 0.01815503711062039 0.02229203111027086 0.0 0.1447913129613785 0.052386425428542355 
0.18445050970157087 0.036284865197453754 0.08112473511701401 0.009124280680177094 0.03523464686324191 0.03134335679207496 0.04316442149332496 0.017830121817719865 0.0 1.4743306876250015E-4 0.010379220134476947 0.0 0.020037578299771642 0.009471175034506497 0.023076884285739327 
0.008736080804622143 6.511638091526669E-5 0.011315625209395793 0.17582541582876082 0.0 0.06425523426755671 0.0 0.05285043026735952 0.0 1.7073738414105595E-4 0.05431108553377131 0.0075473045170714684 0.03147429736986315 0.07401664256128043 0.020831919471816274 
0.11187848581566477 0.07284531776533 0.051130688832274174 0.001999956852646539 0.0804152126385251 0.002191377101201554 0.0 0.012311659256504162 0.01645320338359954 0.017895826171873686 0.014312221106442287 0.024513694274881415 0.028030331519408404 0.025721403913911957 0.04135894630351285 
0.05594374498638371 0.013199351418209443 0.021392679396773733 0.14083422755966118 0.00957151774938568 0.0592318401649636 0.03712357990273568 0.01565145500840677 0.11029153233927926 0.014040552111559749 3.144090192705534E-4 0.004297368788777891 0.004574552623419374 0.0 0.013978112034289019 
0.06692053918312008 0.0 0.08209424692128514 0.009945711290958103 0.023152275460096846 0.15400684716071988 5.617645632058471E-4 0.01075123442714446 5.746172977504475E-4 0.027325700227187572 0.05826429197260794 0.038756191176790855 0.01703118343545721 4.432701012067906E-4 0.010954804134775517 
0.039255113420417674 0.005944244649857233 0.002900033685233305 0.061754228056027455 0.03830351543784018 0.1679666687530024 0.09201101603699208 0.0 0.0 0.017229702095974585 8.064860181337708E-4 0.008749160178170639 0.031095789237893978 0.027338628981895957 0.007524229549163176 
0.053931620741004604 0.03538810173549846 0.03686558364173333 0.12009464201127401 0.01130821903133596 0.0 0.0028054414304982773 0.014416584535728721 0.028912414355001706 0.030536865979147673 0.004845124185312414 0.006839670709098346 0.023887150699617204 0.12443459157670053 0.006518058427060879 
0.0 0.002179773906015149 0.0570656964411213 0.09216014309143193 0.006263480552068766 0.12098996134345327 0.03446282395733866 0.009378318666197757 0.0012092387044131089 0.08722069463767732 0.01998037158820369 0.0038773056118722084 0.00695606058005715 0.0010486166606421365 0.057546087997530956 
0.003346235190038176 0.028904349878764495 3.234341089754294E-4 8.891894148440944E-4 0.0014741987574487295 0.03658338729115412 0.002010945116492135 0.13244084250931415 0.022349540792550606 0.1208601710101273 9.883192400253817E-5 0.02434347306850307 0.0 0.12617126706600004 0.001678641572390176 
