0.014558449213625032 0.01605467886786835 0.26392828459546447 0.0 0.09446225678433193 0.018884286200476476 0.022408455751697923 0.04066004560656826 0.03085386892649497 0.0 
0.11140904984357694 0.01720988082847679 6.454169660733449E-4 0.20207059123047968 0.018045385962872328 0.0035520094634483817 0.02170599722858073 0.12178978537106319 0.0 0.005743536183948481 
0.11139109308958249 0.024045190738135984 0.11601999805698351 0.0394132196354182 0.038303541439649154 0.002792738753766396 0.023522118271127417 0.0090112372399651 0.03507988113007592 0.10149751215580893 
0.02956007491796432 0.014494656336687657 0.0 0.0013252347956403305 0.17771504365310942 0.017595009676209222 0.06126309289938925 0.18762193566834534 7.174857900434157E-5 0.012531818950072656 
0.08862528943305177 0.01581043134051772 0.31222335259216377 0.008950664213688623 0.0 0.0 0.011201055932771823 0.03636495218069574 0.026971411008611352 0.0012717200427294283 
0.002381127140073591 0.02304545038374019 0.0028043763726387444 0.0 0.11086362108499215 0.0 0.09010210197203004 0.03332356617874023 0.10109716345622088 0.13776085735138605 
0.010792781712695642 0.03133433462540636 0.0049228213604290355 0.0 0.18476621385924494 0.005902646775570388 0.11660957750628909 0.04545744888339755 2.877384744117781E-6 0.10155077415981512 
0.058419451761822214 0.29410155239337354 0.015360349742590438 0.002364147146017359 0.012525272366869133 0.007018872517496002 0.0 0.016328372004458205 0.07407188660993717 0.023064101702781618 
1.2570822194245862E-4 0.08936660533595728 0.131258777664285 0.05616960663611189 0.12169521124174819 0.0014669846955465114 0.0013234249654530455 0.09466841577854732 0.0 0.005737739544070532 
0.0028714685301569785 0.06803393112366855 0.006409252664124179 0.004281806638940345 0.04059063784385326 0.03897241654728351 0.00444432087046276 0.022666276861379408 0.2741284329046881 0.042049520273964996 
0.13045689702782362 0.012312842908394192 6.169013384467232E-4 1.1988146942607859E-4 0.0 0.26629390420363447 0.03884354032486232 0.04769387205857148 0.0019499666589527698 0.002790523600131139 
0.0458454161766255 0.013115688605911413 4.868251328818069E-4 0.14229406394809355 0.11623882652578266 0.008794173846548178 0.0 0.018670337696172174 0.057674935875664426 0.09794545789751634 
0.07428121833618145 0.012611856800549343 0.007218037290464843 0.12096189985619048 0.10273669558485327 0.05223408390257664 0.02275838379806471 0.1087617616610174 0.0 0.0 
0.008048599078822558 0.027363677667236054 0.18939614098485197 0.059097054426003326 0.0 0.034528147199510896 0.034498948386415325 0.036527009477829435 0.11232128338680022 0.0 
0.006595897076003085 0.0022702988133108362 0.08490836375555905 0.03557568443230171 5.595610268984998E-4 0.04198957191224254 0.08355637097470422 0.0032531832173365457 0.2059498829430916 0.0393443272120142 
0.1509692755665515 0.00637752494408672 3.8335428728203646E-5 0.015763188178813566 0.0 0.12905146035895573 0.04177449947576247 0.01695880255202642 0.040840248897773566 0.09851198209941524 
0.0 0.06541019772946192 1.0168523710104301E-4 0.12959729092348699 0.0024979481906592595 0.02162277130125877 0.06625496392378374 0.028313050428062456 0.18765133720193305 0.0 
0.001930947504386913 0.010616536932724178 0.061458694811582774 0.007438878026762626 0.026539597437722974 0.21901136020416948 0.027743975518538893 0.008677376484050602 0.03888252164100436 0.09877516389580203 
0.0 0.0 0.1944829574281608 0.0 0.07558836318973476 7.39119269870798E-4 0.022895843938693792 0.039556566174455465 0.026710274560793126 0.14052299412477948 
0.24436941773454995 0.05472346984195714 0.07785043110027545 0.035433667230442986 0.0 0.028857610877444866 0.041082072694225445 0.017231308873018283 0.0 0.0027651288313464135 
0.03419441822104696 0.10414944391749328 0.10024602889075189 0.016819550534241737 0.0688633630016312 0.12348523985816288 0.04469521309688703 0.0 0.0023943695537890284 0.006780113435709095 
0.0020667133075693758 9.501849880254283E-4 4.7161744510318903E-7 0.004474770023244772 0.2857888274571952 8.144840679426618E-4 0.036671490817185966 0.01624409841709935 8.81360236837743E-6 0.15400277460055195 
0.05641527080572518 0.08319629420894137 0.016066252321731096 0.01824988689347204 0.027218710993466528 0.028805965603250938 0.006333514215015994 0.11217711231110251 0.1521749447087909 0.0013095776593284143 
0.09841711491290109 0.14314822089876506 0.0011180010898561386 2.029005964178279E-4 0.0 7.680686137790318E-4 0.02046981299652832 0.02764920965636916 0.19115248312649266 0.017436445651076528 
1.4794345803903E-4 8.395478495236915E-4 7.72933403062262E-5 0.0012118729831178325 0.15841754255484225 0.14135906770860668 3.0845681835204415E-4 0.13834598919205116 0.038169815541706203 0.023001066740154463 
0.056308473506813665 0.0074639682859397784 0.0033408872952114532 0.01373968659897433 0.034146342850482694 0.2502067842541209 0.022460859357447148 0.10815011022592144 0.0 0.0057347598138428124 
0.12500883634453705 0.027994162891158015 0.039824917090638234 0.04787524699601336 0.0 0.016844097661863802 0.22399619498498077 0.017203684945309328 0.0 0.002739557655085422 
0.02859531632797609 0.0016862297361137217 1.0945092768202751E-4 0.004642186628203025 0.005644184721358044 0.27530557761454366 0.004088285868479064 0.016857361796895096 0.029213820688245747 0.13529960381683317 
0.05341895222608941 0.008450090110879124 0.008331462127731682 0.3262240305362448 0.0017023772885290936 0.002883828183331485 0.025153503673125285 0.040269584275505865 0.02744094338423048 0.008795090399695026 
0.0 0.14440780575530593 0.015927186350797654 0.06082702072101054 5.8121029140882125E-5 0.07150298402458227 0.14228603881561372 0.0065194311138503745 0.023130226341146618 0.0393443272120142 
0.030833529328867845 0.05369828486903427 0.1235875118182829 0.01897030199354705 0.0 0.0035216692479353023 0.013028619684525138 0.0 0.15871466400153245 0.09820940130588787 
0.0047110968658266115 0.11162039086287893 0.08748022133537267 0.051501633686217484 1.274390043384464E-4 5.260244002945626E-4 0.005534905487828415 0.14527508360960212 2.3766872525028153E-4 0.09354174820252657 
0.015188572221540157 0.005279798063638776 2.476254190388355E-6 0.239246784363505 0.022848145212296386 0.0 0.03523382701965297 7.270475303356826E-4 0.030227733760817325 0.15166848107077527 
0.049562989664786686 0.017106356171306472 0.2516576693904373 0.04792823836730763 0.017640793235114888 0.05501327910353724 0.0538413340975282 0.00776932232979816 3.6024002661074422E-6 9.165701761114266E-4 
0.07778546213950477 0.00398460404092232 6.751522631887794E-4 0.020949671453559675 0.043839218193713336 0.12951852792800223 0.1357570717426418 0.005997322846903816 0.0407864004345525 0.04170260720795522 
0.044796917991463896 0.0023681333021915523 3.894284621717549E-4 0.11561953741782253 0.029412575536544236 0.06559682239416956 0.0 0.2426953000139002 3.6049821789781305E-6 2.9488270856789387E-4 
0.03428000717160003 0.04876259215482326 0.05869912292692829 0.08592428145350026 4.1012058125341E-5 0.053751832653911404 0.03372658855241947 0.01997525203522751 0.16451732804627367 0.0012591361683939905 
0.22432918798939483 0.03758040539156206 0.009472553305410187 0.15770829854383603 7.729692617378654E-5 0.025446668924473323 0.04332379810323593 0.0 0.001287056225348388 0.001257995281762965 
0.019949950268742214 0.0016338829523266404 4.258289667681471E-6 0.05106520334073395 0.005360878147927273 0.05595817788690466 0.007675533043986705 0.0841927394684111 0.27120225870626397 0.004588270528177234 
0.0021207084556700323 0.011996978060263536 0.012198922292159735 0.0037488073843154643 0.00312795861934779 0.028404388492891498 0.3086619874398282 0.01890122756441494 0.010217145230283631 0.10144648263963164 
0.012823187887820674 0.16318956004117324 0.05311798493247461 0.020067755194144846 0.0 0.00381140791148547 0.023772439260561294 0.03453126044709259 0.1886271703716798 0.0012597982682858997 
0.04835535945036876 0.006465353991478079 0.054969866494625014 0.10228652700176341 0.08820525816332511 0.0 0.018467925863770353 0.0889239448066211 0.08974601716852794 0.004835279560692237 
0.05432014392626833 0.016422100186994956 1.1058800516503832E-5 1.8202779483477052E-5 0.1539995291398882 0.024324729251971294 0.11357908087076296 1.9617729201645094E-4 0.11476447797408207 0.02361937478481114 
0.00698994336185919 0.03453004029895441 0.029055704401658288 0.07803668343848236 2.677123118473957E-5 0.30146561949764045 0.03818913666956198 0.0 0.0 0.012823508891621177 
0.20394438564189737 0.005873081123342784 0.08902739386839555 0.006995244299575562 0.101002648893372 0.028470332437215477 0.013473941879537892 9.151601559037757E-4 1.1703601782188257E-4 0.051196664820461146 
0.005717555604123842 0.002068996831645244 0.07977454763239661 0.0564127146823594 0.17216615105249652 6.510210890303974E-4 0.05996487892333526 0.01114071356154634 0.02101569144790385 0.09397791002465335 
0.017187958688770596 0.09753803207068806 0.004903068181377522 0.0854090090496724 0.027000713697846342 0.031046389340715273 0.19420279436993043 0.0 0.039774801992885876 0.005457553258070396 
0.029206176464433103 0.048370081859481155 0.05432623069748916 9.07000052600779E-4 0.08633406985979752 0.1251824786199553 0.01286783085378259 0.08296010405885443 0.02229009788985321 0.03892624627192149 
3.305669324707043E-4 0.0020358658409802164 0.008754477139512159 0.2394364528920712 0.046639416777848504 0.011523205118306581 0.14301683561606532 0.018674140839230063 0.03154936124986329 8.823466114301774E-5 
7.603715183790556E-4 0.00205890140350052 0.17165411510168221 0.020453264645087055 0.028705518016838513 0.16229553025157636 0.08608929178579315 0.02588680496562699 0.0010351664458065422 0.0019296875358146158 
0.07553589762751352 0.12509948215993344 0.1393702654605266 0.004303555210535927 2.6818663173672683E-9 0.04139140012866837 0.014414042453275436 0.039681296980968415 0.02227196669266693 0.03889458290954572 
0.18112529940986125 0.04056074181360063 0.057702321235389806 0.0387471682165944 0.0 0.014172062898606518 0.14889111488875542 0.017191368450480086 0.0 0.0028013096988323987 
0.14834429173188676 0.05207640114039906 0.14016585078882215 0.0 6.135371508222228E-5 0.10240015644160835 0.0552447600138512 0.0 0.0012879727971453825 0.001258891157928518 
0.22688508742778465 0.11604482528209707 0.001308998084549802 0.08759079785796162 0.0013677043538944127 0.029444247589184624 0.0 0.024966064834561423 0.012932787712329233 3.102235479758271E-4 
7.259163546201909E-4 1.3642176666632584E-4 0.01891766431541592 0.24218687746888132 0.0 0.05082056957416251 0.003387167790436667 0.17895145107621355 0.0 0.005487652000723645 
0.20765288387617 0.019598790074678792 0.0 0.0 0.0 0.05171402256738524 0.026442176653323966 0.03197090195524871 0.14648941288091238 0.016452443417957367 
0.05384596856886847 0.017671867861154367 0.05259912362806827 0.14562426072280854 0.006073212367455769 0.02775135916672786 0.04716881036957213 0.1379865834561875 0.0 0.012391316612543517 
0.10094888516600443 0.005047291385192192 0.004103486072502938 1.2127518196804047E-4 0.014514592408940975 0.10450662459701619 0.10376352987076573 0.03729805453204963 0.0 0.13099177920676697 
0.039023068606770704 0.021040143792563908 0.045754505409614774 0.026739314267732458 0.0 2.7297220445379674E-4 0.08235197156372032 0.2691682572235422 2.82992795586157E-4 0.01655716209248914 
0.002982541198583824 0.001026586628895476 0.05781244875195803 0.04244275705117419 0.02049154194728784 0.11019678572061523 0.007006321976432976 0.17308317806205034 0.08558798573912155 0.0 
0.01954746943003756 0.1946282263010731 0.12672618117343062 0.03309379113038737 5.293974471761708E-4 0.08485871302513719 0.025803431708678104 0.010081260846842983 0.005277180123560284 0.0 
0.0 0.04629624369971986 0.0768809344236702 0.0019622629946777193 8.282256466976947E-4 0.04929292023471116 0.24782433575902832 4.991786509734503E-8 0.044531100399762165 0.03355944214796217 
0.13307495460876448 0.012559941624166808 0.0 1.2176117108897758E-4 0.0 0.006285117980852345 0.014411504832276125 0.1972204076599263 0.13670745622271746 0.0 
0.07836381251235101 0.03942856732899452 0.10494793235521634 0.006777110427141839 0.2648346323292771 0.0 5.048323531791207E-4 0.005034376562423733 0.0011250460259688943 0.0 
0.11756330113276575 0.044200270379123587 0.11660252591747303 0.00821770086067825 0.12538478499590935 7.336496459902004E-5 0.009601464936164488 0.07468762161112541 0.0042594355212612345 2.952086852142896E-4 
0.008931665010320312 0.21161864591237325 0.001292276718392165 0.17459617974133035 0.0 0.0013421155492583908 0.005348744703534192 0.014495912184892188 0.04395647693556683 0.04338924863731577 
0.02727743448147803 0.002520517417688989 3.8758567783503574E-5 0.2579880128223238 0.04112838161572781 0.0022123060681850807 0.057412138228828395 0.09004874220541802 0.02067110986171882 0.0027961775603904037 
0.09942148035594173 0.004970923457732139 0.012395158680825974 0.06256185870826889 0.05753964463050655 0.19650275367037826 0.04480640060599545 0.0 0.0023034689844497656 0.020957334050513372 
0.13779587753916073 0.013282552465792246 0.2237439213629724 0.0 0.07100250985376995 0.03380379105484608 0.019021874160526038 0.0 0.0012888974023015983 0.0012597948860649465 
0.051891606265823786 0.025444827243138162 0.0 0.0024141231696981624 0.09746346359257073 0.013976477580460644 0.031200671464531364 0.0060770689257864064 0.26072767609455305 0.012520279256541903 
0.24832453294936122 0.02375367314432033 9.873574721867096E-4 0.06947108887370207 2.3168265099386305E-4 0.0014950430878615266 0.0 0.00573865099717495 0.1085744551942982 0.043194847302285684 
0.0 0.18359399799942272 0.0055553832711515505 0.03204710319638006 0.0015947487156235966 0.03845117200721931 0.03257496304472388 0.02913942981765636 0.12255078547793037 0.05529297683753407 
0.0915072941034114 0.00871284910960781 0.012899909838445661 0.0 3.0276382884648434E-4 0.20882339828943772 0.03533827830872873 0.010881601186587814 0.13242169468337528 0.0013928857260432454 
0.09674995452560206 0.10474742183464673 0.042994821908994486 0.09628596748793627 0.0014634134837548398 0.0 0.00461028795978439 0.04584626120145022 0.02332111424121111 0.08440024186579302 
0.021827379535955056 0.0 0.0 0.05163830769346429 0.048217648309606446 0.08640226450263262 0.0027159894110222547 0.009955324755289595 0.09589170433847412 0.18380612779813596 
0.03572760480679273 0.025022286736530175 0.04810168342822798 0.11566039147487839 0.15886713997209706 0.04619089833561222 0.011727271398607759 0.05029309313834274 0.008398052507770717 7.681135164229687E-4 
0.0020531552157969073 0.10472149617038119 5.358011545510367E-4 0.0013137748144611157 0.11992310215245683 0.10580870891870951 0.00449590507328336 0.11015612124783127 0.051747170017699524 0.0 
0.014307755212357618 0.0415392436812697 0.010923056085838347 0.16309059822486477 0.001509752909915111 0.005891296928343181 0.1913818006413188 0.04481222039299563 0.004719699410612367 0.022967343742040593 
0.08114432875197704 0.2355837093487719 0.0015893589563621279 0.002188843425294985 0.0 0.06778687260819925 0.010600411269474124 0.0504596794816612 0.023729692146785865 0.02838617277260195 
0.0033014617219989757 0.041673910540468866 6.991771238992609E-5 0.08910975055600279 0.0 0.15216659207656527 0.12994790473947007 0.04128366216617346 4.776438042431164E-5 0.04285702043643316 
0.004705428665173194 0.034308647923338015 0.024929443904573547 0.15518132392929615 0.07027543982195693 0.03077989598560879 0.0017925923113283756 0.010010553332795002 0.13367984591106707 0.037153318001546316 
0.09814836424855637 0.0158196598863515 0.08134242841671102 0.0010024193712527643 0.01839744842514302 0.030966444619083364 0.03063404478279962 0.02740321137905064 0.0045162586830139306 0.19430206220762775 
0.03716788514630338 0.005990760072378321 0.02226350420521355 0.0010064813333339278 0.006225354946613712 0.0018160370629073978 0.2162857304955136 0.01295823985628742 0.00451625826649645 0.19430204428788242 
0.027539884083464947 0.0 4.2812890649633725E-5 0.0066565016836140035 0.08468751877222136 0.10176852167704808 0.09896097034438797 0.00811037686728356 2.0542299322294432E-4 0.17379150433353274 
0.05770784939918744 0.24230024177373288 0.020973838710240573 0.10721215636055664 0.03239522097928843 0.021304426202569463 0.0017118426462929093 0.018715477329298073 0.0 0.0 
0.12356745074654304 0.153255016853985 2.2534286222701864E-4 0.19553102583985346 3.196397139354274E-4 0.0020626280944007957 0.013157347330312779 7.778750708135777E-4 0.0 0.011921546588640329 
0.03834321904358419 0.0019171028866834152 0.02235722205179853 0.14608286049290964 0.0 0.026794316546070736 0.1155185879945344 0.0 0.001690822417241693 0.1478866791251207 
0.03694803438977292 0.04024337115960474 0.0493242178933199 0.002081186893361372 0.04124223079263156 0.25114546826068546 1.5694024816939627E-5 0.01560106402860414 0.028565675680921124 0.03915544418515677 
0.026337438761445817 0.14935044648328694 0.014318008717973663 0.06363253187560418 0.048046667345624114 0.04351031992938714 0.03352853005480554 0.06006507979623477 0.009894283722838819 0.05270288056782484 
0.08035146519361817 0.027656865165549317 0.054215324298187706 0.01630623269979211 0.02876289159037343 0.048300382850646015 0.006977699427014029 0.03938664751916025 0.19782455044660724 0.0015287497384073058 
0.08547249026961762 0.03058822814553297 0.03578524270714103 0.0 0.016454940484618194 0.18239852549409813 0.00379771568704851 0.07411642092252929 0.04719704164321988 0.026608797723053152 
0.0039953243978627625 0.01975416044175026 0.1486515775031902 0.15218196108377757 0.0 0.0 0.03349423205752708 0.13454939518290226 0.003823692332365863 0.004847869177316458 
0.13218383415932675 0.006152983241919917 0.10024092416888464 0.01681869405016591 0.0688598563458678 0.12347895175068208 0.044692937130106275 0.0 0.0023942476278558536 0.0067797681792066584 
0.15595773186852824 0.007797650417037215 0.012817531043604091 0.012447623098807804 0.05096362035451592 0.03461154586522516 0.027410146167526406 0.13818315772546275 0.03812489015514196 0.022973994777661946 
0.017609705526379166 0.0598695873803268 0.06997639872416894 0.0044864959352806325 0.18554225487987722 0.0 3.4463913628836616E-4 0.16206879122132803 0.0011250608999158276 0.0 
0.031288605075525444 0.30282297140260145 0.002540957675195202 0.0 0.001583035446190109 0.003438705212355088 0.021013605559716812 0.10118151408903664 0.0 0.03857384970556297 
0.12977339353289163 0.012413573222900895 0.1220188206085083 0.0 1.3187764540411112E-4 0.028263150378202918 0.031700234567857366 0.1508056668414568 0.025877504828310867 0.0 
0.004003266096726566 0.20418720026223133 0.0010447113691638642 0.0028726781947712404 0.011551960499414067 0.10354597651007807 0.004399759583754096 0.1078004188854851 0.061637698381238754 0.0 
0.01074594988517657 0.1427849291400402 0.0 0.10661190762955468 0.11775754416927389 0.0023076672097552945 0.12013320202515375 0.0 1.2056722362443297E-6 0.0 
0.02086893946303733 0.1621329264973256 0.016541831830474293 0.0702465692266119 0.13420875320199224 0.002467040157654051 0.011232694995074288 0.0 0.04396418311591017 0.04298117515778877 
0.0 0.025666638542730633 0.24580015025330812 0.1029875997139507 0.0016198661522145007 0.07158450358070129 0.02946845593466152 0.0 0.025594641735531505 0.0012668063229114104 
0.05309062791354739 0.020151291815737063 0.12369158517442223 8.524586084135062E-5 0.07676683157698196 0.0 0.015041170062007062 0.17946572548880557 0.014547606542920996 0.018195584581105685 
0.11786731968397485 0.14618540688156875 0.16891166824236242 0.03964610020011638 3.196611270389452E-4 0.013141678911486114 0.013229378483283658 0.0011422786894937273 0.0 1.2891587955419372E-7 
4.1654257906724977E-4 0.0027821461744702626 4.116198036162275E-4 0.03564465823612224 0.14142126836377236 0.10407141050950368 0.049465803788677876 0.08016092409987724 0.08709506411395401 8.814837334989666E-5 
0.013849167964668231 0.07859110052275649 0.0039506387009459725 0.108191777254032 0.1687210677037134 0.04994739908195198 0.017784908499273878 0.0 0.038198253663126375 0.023018203504361127 
0.0462033172628201 0.13414059900924505 0.012852890795058473 0.04881933051152413 0.1358249393174338 0.06903758797287456 0.024550518467374556 0.025616500968742188 0.004182841842405847 0.0 
0.1356916372590842 0.012919852700900299 0.0 0.18472789900523298 0.0325871089878498 0.02880309382657512 0.04328697596541812 0.013329217821931772 0.05107061366973238 0.0014748559145757072 
0.0034925466992891787 0.0885907812380119 0.009574345868811292 0.0033205720062469096 0.038313724920149145 0.2875375124508684 0.002968522921411004 0.042611516620799705 0.018575425192476788 0.005613934107906201 
0.06051899437412431 0.028506743661896206 0.13338891329345076 0.0 0.06756322356030367 0.041527425087362776 0.015962044135764825 0.0012124721760993328 0.15226962588641116 0.0 
0.05602664702515757 0.0 5.529324376293855E-4 0.11113244634679315 1.3063294051892262E-9 0.001024141854581169 0.07658140047540286 0.120707015331945 2.2940064343577086E-4 0.13466804093487952 
0.05224953935737372 0.028171485749934836 0.060475879865060145 0.035603552027166974 8.80997532796415E-5 3.6364549554976E-4 0.00382633096072227 0.22613345070500487 2.3774771234413096E-4 0.09357283597327273 
9.227193425971928E-4 0.04706344136023996 0.005292543015773431 0.012125447577961213 0.013806655970780415 0.00233835970718404 0.06357382196862704 0.11932637308782983 0.099607126129582 0.13796721361304845 
0.051228432824548725 0.07287137263564446 0.08772063729943842 0.12758867425965906 6.11416118736347E-5 0.08013432731363782 0.03998743533326207 0.013715603687764815 0.02584003455116256 0.0012577997230577174 
0.04723646460595613 0.0 0.047782825694117466 0.10665223713365007 2.0258926892399202E-4 0.02911515219560202 0.19608100262503417 0.024127708895049012 0.03845274664466713 0.013862082905464477 
0.02349694223926102 0.0798850517095035 0.07164216594014378 0.04600989770410242 0.0 0.017398206293703936 0.025831639203512894 0.12288734227990863 0.11165555371650983 0.002640082821416726 
0.007959240247320604 0.023107805189849936 0.0036303817630450475 0.08475092855153646 0.03988688342565732 0.004057092784282849 0.035839341844499474 0.020828529067017466 0.0053062579030929155 0.2755998985642464 
0.008036496858699744 0.04560542077937162 0.002292505628569761 0.03993430781171173 0.12214840249464858 0.029170316972896862 0.19408377199092405 0.0 0.03821862117832279 0.023030476934811736 
0.0024478184432800585 0.12485135452082523 0.03240326651387455 0.03896193630283908 0.028587745709399617 0.07836264924185074 0.07262494490405876 0.10531629941880034 0.016687328560625794 0.001709744472148624 
0.08675753845171744 0.129009000608432 0.016348653589877204 0.0 0.054733326098731855 0.1706843183918988 0.02605456752646053 0.0 0.0014644470440880258 0.017380546011545532 
0.0028737385976527665 2.7488966369980595E-4 0.34486493294509935 0.08855124895996148 2.952807877044076E-4 0.0019054404753313834 0.0 0.0073139416332532745 0.011831336599229931 0.043132145183132936 
0.021028881411097836 0.007156425186872331 0.002575058448651674 0.0015120707533282209 0.24548932190430114 0.195963956663368 0.009132694175754743 9.846380325878503E-4 0.007515883915859109 0.010524160667006495 
0.002753961767064709 0.0012661519713822367 2.5833165166898023E-7 0.005997648764912212 0.3654576957769363 0.025030548850230438 1.4930609391353171E-5 0.019061074713376102 0.0174464329530331 0.06410215311356075 
0.0041612028648663575 0.0013794679513301105 7.131715409897422E-4 0.13464706059756992 0.16415545022888092 0.0024304497374285066 0.11129730317320555 0.02676223989441169 0.037402148785901514 0.017523228082991373 
0.24702156113275037 0.023629036378550804 0.020507224530176324 0.0 0.0 0.17324849581373145 0.0 0.019031283754543462 0.0 0.017322703642603996 
0.03900469573313157 0.011791924225425094 4.194132954678835E-4 0.12452189790764182 0.012139317711755596 0.1764087616178591 0.0 1.9704880019001214E-4 0.11527431364140542 0.021200319088187647 
0.01875242343645931 0.16625928365573805 0.023984169265458658 0.01408628928474159 0.1782730370334328 0.0010777490567381771 0.023917190260838456 0.03820556576265496 0.024920265608215066 0.012919848115373377 
0.2162191563919369 0.020587264684284963 0.0 0.09521164798616728 0.03245793734745367 0.028688921597321834 0.043115391253950586 0.013276382299397437 0.0508681754925312 0.001469009751361145 
0.04973775242569898 0.051701124457906464 0.0216446810625542 0.07599075124871274 8.548905347197074E-4 0.0 0.029463596217425725 0.030320730649640724 0.15642242128515046 0.08442391853586197 
0.005457750482427654 0.14433710786785617 0.12360829386808275 0.064823087414905 0.0544680839113679 0.0027710084678860256 0.0428445278651494 0.0631723782691244 0.0 0.0 
0.026637529068684315 0.0 0.0 0.06301795962160761 0.05884348170860448 0.004106932487696896 0.11896799024940671 0.010328041873254711 0.1224516890052417 0.09610112233008393 
0.055122055474139564 0.06003830445010458 0.02455187745148899 0.03697693488114152 0.0879595541932247 0.031083813167729492 0.0 0.07188853883559713 0.029772145318560702 0.10369148216428505 
0.09507060731247825 0.11993806422766927 0.045830279605452766 0.034290565748959924 0.04884976807378522 0.038613510334327104 0.0 0.014177795278942631 0.029471232432042128 0.07593535371622105 
0.01622322534073485 0.09728163755153181 0.05593598048836845 0.017031682752120726 0.0 0.04204932476243126 0.006122382663230512 0.008218008044816125 0.15910885596255409 0.0986911632354774 
0.06250019162114975 0.08054545374829 0.012930125041978798 0.008638182663163761 0.08188817797627249 0.0521097410089418 0.05213904212262925 0.048007447217385486 0.08601709200381413 0.01828411576896658 
0.11418611491543973 0.040568842679411965 0.16032171186184324 0.0 0.03414360056522121 0.0 0.043179266049419435 0.08204085639882393 0.025757949538506898 7.017341687245982E-5 
0.046093863718770244 0.07633878279177758 0.08504716597484903 0.0014266918102456628 0.13580165741000783 0.0414393612446055 0.014430744317891642 0.03950360271673958 0.02228644650540271 0.03891986968752711 
0.0016377599489329749 2.723394601913804E-4 0.13020570453932595 0.03138174722953222 2.945266734200829E-5 2.3896490255870481E-4 0.11121154325210568 0.03497686337490526 0.1916128207611267 0.0 
0.09282663375375767 0.004504067427715816 0.012937304915150615 0.06408004298609053 4.5416057291232616E-7 0.026541539146072463 0.011283925842117175 0.004138523166650552 0.2717700796601345 0.012313179620099158 
0.03445199733556941 0.1049339790240377 0.04263069623657996 0.0013717279992591092 7.399508367580659E-4 0.083658901895313 0.06032992126547613 0.0031288830591285166 0.12957537098206617 0.04184134527615656 
0.015355708680034628 0.0024290465584858277 8.804863710972564E-4 0.08673798564915082 0.14569403217320462 0.14945882412136063 0.025124985198830895 0.040223927530468245 0.027409831462460586 0.008785118724864354 
0.06154690349113427 0.004462823749261962 0.008496490850662487 0.0017518312900162043 0.28768447299352323 0.0 0.015540176511810912 0.018241581465305527 0.0871483203753641 0.016304108593970492 
0.15090552194109447 0.02344725399233176 0.020064209514780516 0.039464130719051596 0.104228214893138 0.036817324621221684 0.023528042849901277 0.038443996516126136 0.02973531409358499 0.033772683571787115 
0.010201721485482419 0.10224528292296266 0.07347739419449681 0.21782866627764078 0.07132176543322567 0.011547938879648672 0.013212587103853873 3.9114552506396575E-4 8.984512994811488E-4 0.0 
0.2436147190363018 0.023303152291899356 0.020224395470679037 0.0 0.13967842066452985 0.04670401559665404 0.0 0.017962016409579205 0.0 0.009274884840463293 
0.006397942895989434 0.01948687035777777 0.0016282425858290639 0.2346113885261463 4.721944767055709E-5 3.786857181843374E-4 0.024862200190062085 0.02333479700240704 0.19070523472279255 0.0 
0.07414253173436199 0.02719574730433353 0.02160504716848364 0.03506737945089372 0.16032230961283853 0.03738919927758177 0.0 0.02055086709582738 2.0102224113767185E-5 0.12454693981569727 
0.005291214932043467 0.13993286480525594 0.004394345305032841 0.2886112725754742 0.0 0.0 0.02941107079885409 9.536064362236108E-4 6.474220575831307E-5 0.0325131999044626 
0.02375918654292719 0.03969551546700387 0.011730716297761928 0.0 0.2974912575447366 0.014449785709937551 0.07276585403011834 0.0025142819174131447 0.003215482514062878 0.0363678848266734 
0.0016480004305055348 7.864765188148438E-4 0.18673438370645676 0.01946591090303206 0.2592802932670861 0.0 0.0032240518567713014 0.0 3.832164666979972E-4 0.029937196653163006 
0.11330590161646838 0.016280814045506145 0.016679849925445 0.029696666626228302 4.1189919412746727E-4 0.003478984784181389 0.06543104787011769 0.015970563327823106 0.21773636263264617 0.02140842586955251 
0.05224718317448758 0.018542171063268057 0.00911170407377957 0.05531877786579813 0.17438661805700936 0.0027981980095098166 0.051433636576292886 0.12074508417317759 3.9415179390459406E-4 0.017596849092443693 
0.04331034530386195 0.0030084198620510686 7.147673921942473E-5 0.1162841081077517 0.0011429940138372365 0.14410642698577958 3.1445177654781844E-4 0.04332964982378326 4.4816120426964073E-4 0.14932445708277986 
0.004787567606028116 0.1266132748649515 0.002219061828018468 0.013299549156454628 0.002362164851756064 0.1024321258679498 0.02597473666511339 0.18138466944145148 0.010342162959609512 0.03256566097213395 
0.021645672383070535 6.233404733106683E-4 0.01763531448694886 0.003072431643852533 0.09351787252725619 0.3004388430219627 0.009448043370763054 0.009571884343795975 0.0 0.044644848333266686 
0.11117185300494065 0.16170005578562407 0.001262892667914993 2.2919626631547063E-4 0.0 8.676093696133938E-4 0.023122675801893092 0.03123251351496105 0.03327757468974244 0.1375154346327027 
0.0 0.19083234956149536 0.12193917605042592 1.4420109102001918E-4 0.10035507556992672 0.0 0.0023137786421345854 0.012921066519696406 0.037154125191672056 0.037153046796876886 
0.08035126314386222 0.004294285726853444 6.369570125008563E-4 0.028560912826790075 0.021565332027944268 0.0634577731846441 0.019568174274822908 0.07309188676822789 0.006471972697350222 0.2045624718172232 
0.01874008742874725 0.0653363028195418 0.0020842877490955137 0.12949329506388813 0.07160406638554824 0.0 0.0019003415810614679 0.01252197436187762 0.00574845498944107 0.19379683227474484 
1.3079670942475245E-4 7.422436759140529E-4 6.833498896473586E-5 0.0010714160702580962 0.1400568403360062 0.02048989250938538 0.13944796989385116 0.1381839105659262 0.038125097864680844 0.022974119943081236 
0.04734781421847528 0.12231199465824091 1.887951787840449E-4 0.02930168490030404 0.013883768961723313 0.15126660473862566 0.004713435551115733 0.019435061771026548 0.016151903207313804 0.09830524427623805 
0.2754196699176894 0.01997093881578643 0.03802142062086386 0.00783936751127122 0.0014654456937219073 0.0 0.0025819488104111736 0.04564097840799959 0.02557816366327462 0.08450141416654879 
0.04302253934736742 0.0040963826689287145 1.7030866637871367E-4 0.007223370605201153 0.008782507312155413 0.3313186145504357 0.042557082916637005 0.023024707353135675 0.0399018351814535 0.001529714155987599 
0.02164498085677026 0.022372093880058293 0.004854780171221436 0.055915942636995175 0.12183009933122849 0.005059358294539577 0.0021669842517144616 0.2694365511063696 0.0 4.2286915706341076E-4 
0.003959525835787643 0.03832179082590332 0.1226808332675066 0.16421176182913721 0.043347709209776424 0.0 0.06911835062337954 0.02155818807323482 0.0 0.038518032032650716 
0.11926473432329811 0.04237321015385133 0.04992241452471203 0.0 0.022925951342732374 0.05535213252403587 0.14217612828665624 0.012894151389581913 0.02423271911082305 0.0314199774355254 
0.2603059847023843 0.014064115870742617 0.0 0.06257402283539887 0.053776122166403144 0.0014379271058013344 0.0015830449868004365 0.09286066402330571 0.010802699497040569 0.0057531209234679285 
0.006370598876565493 0.15093910333089486 0.014219475990378252 0.009499554766916708 0.09005380666073044 0.08646364411299813 0.009857822753304876 0.050286764013783576 0.04396334268214606 0.042980353515527654 
3.7745618792761355E-4 7.058036590954792E-5 0.009828865171682534 0.1258306588648281 0.0 0.14750852861300892 0.0030712718294709806 0.16110621101411648 0.04930905985452331 0.005509558932394135 
0.18794425975491097 0.23309860745957345 0.03423443901785101 0.04168927033765559 3.361349306564869E-4 0.0021690713677137 0.0 0.0011426689102967303 0.0 4.3938778566656036E-4 
0.03965549555169251 0.0028754572090265835 0.1433006526737766 0.1769996242781753 0.06899100317477498 0.0 0.018438608594046512 0.0186131260283599 0.03190218370273683 0.0 
0.10674521146318688 0.004959799202577079 0.1755693781459132 0.06544258050224785 6.353890616854295E-5 0.1343411629392082 0.011325726473529375 0.0 0.0012883723608663 0.0012592816997446237 
0.008171712249147407 0.04622787837983796 0.2291910582088023 0.0018921161849782737 0.0 0.03665313266301804 0.033241709308275115 0.13353498819117243 0.003794864404667616 0.009357869850904338 
0.014544341642575733 0.005064571297832611 0.14757129464765462 0.0 0.018116651544338256 0.13531838828399825 0.03997830990943619 0.11371542341341903 0.02583405476127976 7.012480340681466E-5 
0.0156015107467818 0.023007739919622894 0.0044430843755261795 2.3517601275032892E-4 0.15761577960524925 0.028771147991398422 0.006325858931293239 0.11245692299742607 0.15217241760608383 0.0013095559117453658 
0.004721567481228967 0.24082427236841952 0.025530580291027505 0.01827050819815773 0.1056024372771431 0.0031381834378540964 0.0027429228040821802 0.03975248799505597 0.017137206031241956 0.04302623014530514 
0.1591884762431238 0.04812596058338971 0.0017117365529127028 1.300606931803933E-4 0.015543026796475833 0.02431696187106915 0.1135428127596362 1.9611464861616233E-4 0.114727831341545 0.023611832637939794 
0.005445247339758718 0.04230468387052213 0.1439587471592268 0.1353015368769054 0.14802609121269264 0.002900832887519647 0.022443863424132883 0.0 1.2057681488426595E-6 0.0 
0.0031323128310256076 0.02730650663815919 0.018010425214633464 0.004703315800283155 0.008559708814109697 0.01398257215112109 0.37930143802689903 0.041299898990290844 0.0052881305421732736 0.0 
0.038099461815253095 0.056185745262122375 0.005950413821879685 0.003784016413884064 0.3787498017304626 0.0 0.013296783854844204 0.0 0.0 0.005737641096041261 
0.02770233821847778 0.24150017040530086 0.03489832419254025 0.02049634843249665 5.847336997156427E-5 0.12363103170390405 0.026572184490536527 0.0 0.025472960485713247 0.0012607837116851107 
0.01613529031374482 0.002600703607087769 0.016189545903902643 0.005474223835970827 0.005320097203188026 3.878921132281471E-4 0.23104265328460885 0.01159410577152013 0.1107293453326758 0.10147080009574964 
0.008553832292903168 0.024834065075192837 0.1785691149558603 0.001457478344443806 0.0 0.025712948036998622 0.006528184792970313 0.02828173324592603 0.0 0.22753169425264333 
0.03840411770128604 0.21114956932702458 0.003277465274464003 0.006341586058982513 0.009359366707246939 0.05972478794997476 1.223720044436713E-5 0.17616668216580517 0.0 0.0 
0.241166079741244 0.0 0.07435923897523933 0.0 0.034192218894044196 0.0 0.043607146609595214 0.08223428156742169 0.02590213734773631 0.0 
0.013669870973413255 6.702848203824701E-4 0.0019111142051818578 0.1989809833720245 0.13893709409015767 0.05391614740083076 0.022922024439327216 0.008406943691052018 0.018019775188719726 0.042961813785777174 
0.04593401960670463 0.0022966314196230945 0.026783277504985572 0.17500285957883324 0.0342407599846275 0.03656764212148307 0.15737623674183215 0.0 0.00230348443175929 0.020957474592638345 
0.19641834115268608 0.06978488398064352 3.2205145917680446E-5 0.0 0.027278936177123153 0.0 0.0365990338875705 7.552184775666804E-4 0.017963262240610973 0.15170218329106733 
0.0 0.014477978173113398 0.13865038089778567 0.05809300732067297 9.137303568631494E-4 0.06856650960944029 0.1364426559370711 0.006251692040743709 0.041262859815757766 0.0393443272120142 
0.0 0.028231309429398815 7.186847117953793E-5 0.03161933334288142 4.667437417933931E-10 0.14125668116479667 0.05149126514299457 0.036828680772264706 0.0 0.21122603197428888 
0.09209142870235491 0.015313678904770152 0.15906466561535182 0.0892401071610566 0.0673820389708393 0.03208011056103262 0.04337693800645501 0.0 0.001288634896800266 0.001259538307777527 
0.12284876862639699 0.00926284315330395 0.06746120078157444 0.08004951065435707 0.023067579952869594 0.018869753222802266 0.02390432199009793 0.0980115445035853 0.018439925885929128 0.038881749530943976 
5.094261715377724E-4 9.525737487162732E-5 0.013265330692979426 0.16982482433134163 0.0 0.03563609387325216 0.0023751294083454062 0.12548325929327656 0.14793843271915103 0.0054876706819016055 
0.043706989550049355 0.003084656293728153 2.3480308800787742E-4 0.001134257858705345 0.0 0.007521614950086508 0.163826507783406 0.2506290317922351 0.02482729981716414 0.0069432169371206704 
0.11320158375861367 0.05007874075954911 0.023524040114622276 0.07375637962040865 0.04602727235824065 0.034459142142910036 0.01672479417387835 0.0023777449169591195 0.07603718487806796 0.06445970410984761 
0.05282811343292585 0.002641325670783692 0.16094666740333596 2.3838313462558414E-4 0.028530437803572024 0.06088500198673143 0.1385386395938177 0.05099868819464198 0.0 0.005418366813666933 
0.17331853971969402 0.0 0.17532323051841747 0.03587604013157221 3.862676257889147E-4 0.004475397947445601 0.03729971926732953 0.024105614696351856 0.038417534738368266 0.01384938913435666 
0.037232397121680326 0.006321512642868114 0.04600802501424823 0.01798334261942903 0.051372537671494786 0.024855171430136914 0.011310483453384774 0.05442376746471132 0.05492689713536279 0.197353131592964 
0.07336460909060404 0.003835030841502416 6.020129605982348E-5 0.05537867367978421 0.04253844422369552 0.12438585686866782 0.003909974722085417 0.0 0.02247997293775414 0.1775467167468121 
0.019900862571593653 0.006531323013317023 0.019440042746554833 0.053821084043236406 0.0030801029850505658 0.2084420749462314 0.04835743953350232 0.1414637726420508 0.0 7.56122575786286E-5 
0.0809896355456127 0.0 0.002537316060227956 0.002775877874884708 2.733409797175635E-4 0.05309346599024474 0.00807798669565979 0.16891233051207258 0.12363218954895647 0.06140947295584239 
0.029538187382695893 0.0024872507281237634 5.006385307117969E-6 0.0024661824365524955 0.0750650173753854 0.2198523930079545 0.10967016605249855 0.016831818877714823 0.03953077647595546 0.0056191722469505065 
0.03225504545688548 9.021054511358727E-4 0.1812228044849989 0.0 0.04279863472949979 0.0 0.12615530176034603 0.01668454823442022 2.8790589505185087E-6 0.10160986148084328 
0.13749684769005344 0.00395956053482894 0.03676876631420632 0.007944598618191034 0.06027879458971404 0.0 0.0026380973705361897 0.11837315673457624 0.0 0.135111415304284 
3.34485952444807E-4 4.8743802030784046E-4 4.1256886929978687E-4 0.030632700331827 0.06044335402967495 0.0132022404106732 0.006412720903624348 0.05333382382042665 0.15380240249027557 0.18161877771096516 
0.020603387678574944 0.05981715012155063 2.430291384724826E-4 0.09576316380166831 0.10851907459601029 0.03433129898080192 0.06001261467411364 0.0367351998792216 0.021068164202352576 0.06561555849218607 
0.0027366102232640912 9.902899549061822E-4 0.03680766205186453 0.026115074982807924 0.07970068396023051 3.013764654147119E-4 0.027759474406353866 0.21352365663482104 0.02101776374136296 0.09398717690072678 
0.11243392849883324 0.060621219889607864 0.1301358985415173 0.07661401941837503 1.8957873089095784E-4 0.04621436473429326 0.009216142603861333 0.016582660401517096 0.0 0.04872016768458271 
0.034491500884818865 0.1001380607175717 0.10893699046165418 0.018753394224817338 0.038975169060348674 0.021319313032998697 0.0349518952677324 0.098940964799456 0.03958204296139275 0.005626459612336388 
0.004430283191847809 0.004825828370061172 0.046374749173457734 0.012797942617047798 0.15269765478588124 0.006288654182641876 0.0030885785402786216 0.0 0.02137100621677779 0.2515864672518159 
0.0039061551530777364 0.03780524914291722 0.12102721106665422 1.0125955414618353E-4 0.020903079940863687 0.04561569714946256 0.10381626083656358 0.12955642688140367 0.0 0.03847921282533474 
0.18200210527664398 0.06466298272568309 0.07605475962993265 0.0 0.0349718612648322 0.08443562800968935 0.0 0.013195982719526315 0.02479996806086241 0.020113716968419897 
0.01215425624184441 0.034597110321995674 0.2509294894560539 1.8522359116339743E-4 0.039224895233846854 0.08370736687199005 0.011487804788005429 0.06289946841620771 0.0 0.00543694286386093 
0.04471227317139515 0.2250953843996452 0.026848783892159375 0.0021938753956176303 0.004649541819866771 0.005565280750571382 0.09765886863915688 0.01703775607243591 0.07728993040706487 9.175372627702299E-4 
0.023336003823224254 0.002494444811097272 6.595237744254536E-4 0.006041416812369572 0.005250831818573652 0.22129730891588162 0.2019723379670337 0.0 0.010235481959935337 0.031468640726785756 
0.005698027543332378 0.03233510176076472 0.031580790018711676 0.0781365574082091 0.0 0.02130920836836494 0.13362152977877154 0.13849217232090702 0.03821014763298203 0.023025370790620506 
0.08521143122281555 0.0 1.3246779383619664E-4 0.1993550866614561 2.2175550907787932E-9 0.0017385285627686921 0.13000049896189822 0.04130037103204528 2.868809493798355E-4 0.04289675895439886 
0.04184544253601112 0.007465075717794492 0.14410537772631013 0.24759816929784165 0.0 0.0 0.0 0.03671487892022399 0.022411834955627777 0.001271703826591609 
0.1626630138021387 0.01548792704295746 0.0 0.07162831392434314 0.024418307789377248 0.021582853839714925 0.13870275272856358 0.01322169348769703 0.050658636477435154 0.002637736524810221 
0.0 0.040265425016421635 0.09162125187976258 0.003437505132197784 0.044931987924827964 0.02599731906252437 0.003282006553905747 0.009035441141968437 0.08852038922451409 0.1935840889865347 
0.008942189255742992 0.037827144853259546 0.21534683000123148 0.1849927720853491 3.0241255317666583E-4 0.001951461602195266 0.0 0.05121229360605783 0.0 4.3935325020286767E-4 
0.028887219334282156 0.1588247377255778 0.031061409460098804 0.15806410206198895 0.0011935312373446692 0.0847558070196991 0.012597622868565809 0.025653717562192316 0.0 0.0 
0.12108714595520904 0.016140464887706946 0.007943307451222743 0.02971992222338524 0.07386097538827045 0.11677700635862624 0.022480704747238362 0.10824566672530733 0.0 0.005739826785771782 
0.09972740268557508 0.0 0.0 0.0 0.06545396920479561 0.02365544974633876 0.14721276654612714 0.0127800731438653 0.15152354737536222 0.0 
0.04028786998000549 0.019754984773142442 0.0 0.0018742892613169 0.24247721867424357 0.024006909719817452 0.1491609366213616 0.011681759017964867 3.845277668029971E-4 0.012531350569175976 
0.14794139068254034 0.21518154532610376 0.001680588139210241 3.050017919234439E-4 0.0 0.001154566855192234 0.030770385866299828 0.04156251208396453 0.0442898473443166 0.017435002363099007 
0.042648157896220645 0.04358141496338776 0.026510534214309593 0.21461958244294776 0.03332062947259139 0.05670205149204853 0.018930434078038693 0.04088541662892 0.024523435254468467 4.2155913345613623E-4 
0.0 5.938216645219934E-4 0.01302704662515567 0.16677427467708061 0.0 0.027309654298722796 0.12877286009757669 0.014509351078805157 0.14955663890335064 4.002837674378752E-4 
0.06793780205114093 0.020538999183846836 7.305278738762273E-4 0.21689039978578353 0.022747039903665105 0.03558759238210471 0.0 1.9712796388796032E-4 0.11532062471225434 0.02120883624563841 
0.005165206828896145 0.12237965415466759 7.473272366294593E-4 0.100827601663913 0.04244855433939515 0.12639613251008025 0.005351213390235058 0.014502602701566898 0.04397676483039869 0.04340927473072807 
0.011073232441208834 5.429619366813772E-4 0.0015480915552775513 0.16118386812458518 4.5416084636261024E-7 0.026541555126745053 0.011283932636173971 0.004138525658457202 0.27177024329302096 0.012313187033870115 
0.06603694545311374 0.0 0.0038743128814761113 0.04535692308489522 0.0055704975617578605 0.0741051984475117 0.14783077926630422 0.018798773819218594 0.12228600752434213 0.01701735927395718 
0.04262545251396951 0.07423456677155786 0.19396184385703116 0.02833174949621323 0.0 0.005187241594065424 0.01945388662651471 0.0 0.10388116591433172 0.03356373623797979 
1.1870165372811208E-4 0.019188529982707158 0.1607929717190843 5.349576657672938E-4 0.03125515891877877 0.00924392172322506 0.01163624627375947 0.2666243188697038 3.59430202257147E-6 9.14509714209457E-4 
0.0015404774623381245 0.013429392375696183 0.047099822942675625 0.1508884301564212 0.24557493307451428 0.0028000549659207485 0.039003706493265115 0.0 1.2056616755213223E-6 0.0 
0.31645283894374276 0.03027053836599693 0.0012582408649471518 0.08854312112911328 2.9525368484224166E-4 0.001905265581153642 0.0 0.007313270310362554 0.011830250639362442 0.043128186223950704 
0.02633332842199161 0.03322129230987457 0.006568464477985174 0.01987474521391801 0.0 0.007875445534655136 0.05847987414995413 0.17451119012254523 0.03698530699998692 0.1378888266932847 
0.13991393550381157 0.0 0.0011552297144851583 0.12949342337776903 0.11253002891728381 0.010594925422285007 0.0 0.009630081522344581 0.0 0.09799340931307732 
0.08602565601705728 0.12687623714548812 3.309725430740178E-4 0.11865576325827779 0.0 0.001123585598087631 0.09571746823607451 0.030084727378443126 2.8755533177088935E-4 0.04198753955087526 
0.0031487608967665547 0.0010837992232074862 0.002124554826029602 0.14699222809603288 0.006730611129120329 0.015733163478062983 0.010827254359788005 0.008011717903249258 0.12752443991378798 0.17895116027725244 
0.03883377079559136 0.006259269329593754 0.038964350978011375 0.07215363721023721 0.19137683912607906 0.004867129283546565 0.019251691255099627 0.015549703550967785 0.11399547873915052 7.822204833797359E-4 
0.10412865356969851 6.405087281651997E-4 0.012435726780268741 0.06278541613341558 5.700708384905934E-4 0.12204869114511765 0.03231846814421386 0.017639806635469345 0.137651357388955 0.012191652733542831 
0.09263119971888502 0.06247476681664472 0.00405639527632775 0.0016580003386315978 0.003788750641390447 0.01894631589351664 0.14412191998419357 0.1213556853070009 0.03606110820955648 0.01604643175763368 
0.0 0.0803685013525368 1.2402054312230982E-4 0.19457725805719095 0.08963393815957954 9.981050384531745E-4 0.03474602880087552 0.03588444153137728 0.04201515606382594 0.022466935038983938 
0.16618340464888703 0.015896400686455574 0.013796206196318316 0.0 0.09528256582293002 0.17324894524991646 0.0 0.019031333124943633 0.0 0.017322748580655568 
0.05362880712746335 0.025558954788214194 0.0 0.022211079642236894 0.12391991622489927 0.11889128165699443 0.00779792946864687 0.0 0.15055058067458765 0.0 
1.386650187488382E-5 0.0022415676498570808 0.018783529746921965 3.211860610219268E-4 0.0036959298385984777 0.1964097418270342 0.011653694254987804 0.2670241089739358 3.5996915023696248E-6 9.158809767241252E-4 
0.1573155626095662 0.176558907289289 0.025284339618797436 0.0 0.05168284789573573 0.017923367725546098 0.007819728229343514 0.026553888785758328 1.3120731095034327E-4 0.03899575625813072 
0.005014409403524272 0.051648896506189756 0.02612034222150704 0.07654571590131522 0.033634038079105345 0.1151298111588555 0.016925954888198008 0.009643462030849037 0.1259241060295508 0.04318199223448434 
4.6057245665391723E-4 0.027377004978843985 4.3517168501045824E-6 0.264421331646357 0.17644755134283016 0.005314417859779423 0.013055944546856511 0.01014697494544916 0.0026478489008597106 6.092030664402691E-4 
0.08307685982327799 0.007946780572425673 0.07811262524259639 0.04446210331768741 1.0661708148441699E-4 0.025990471966292297 0.025968493059378338 0.12353838910258859 0.1122470954663194 0.0 
0.013274237469934393 0.3510539830888753 0.011024232402778156 0.03735984115052156 0.0 0.0029122632877969807 0.04288895096051849 9.349942566991814E-4 0.010350619030319813 0.03259228765873554 
0.0341684091426781 0.017631402167538102 0.006667451014612818 0.003940684309890427 1.460861033444757E-4 0.11754399170282155 0.06551978185435715 0.015696113006095642 0.21778486107231046 0.02141319436682044 
0.02835277992803557 0.04136698335708592 4.085109947396804E-4 0.07141658719276199 0.02622372666595919 0.07808458219983593 0.0033058548037879897 0.050231143278092354 0.031511810888221234 0.1705207496883606 
0.007551581378776656 0.002599244052068473 0.08453730794564576 0.06578321567456157 0.027766230495459336 0.15664831592939418 0.05657754313201119 0.014575404931869651 0.08519285014672297 0.0 
0.024607029132906886 0.0020634323225228613 4.146130558886956E-5 0.2664853190698384 0.002347865628554968 0.0505264631967908 0.05883397223513764 0.04015663444526085 0.05579548104069431 0.0 
0.0 0.004367940019912551 0.00744799730969532 0.11445041403628999 8.35684014422853E-4 0.021729394771872274 0.21461789824106414 1.2919915134877352E-6 0.1043388147900276 0.033571883840315814 
0.03315651073851962 0.18756841885615783 0.19072574398283723 0.007332852001520811 0.0018135862791553705 0.0 0.043402076666189116 0.02368649099549477 0.013530077928972288 0.0 
0.17436767742342224 0.0 0.11393885178374245 0.11383270330458896 0.0710366867956376 0.013086296492018047 0.01320279750208012 0.0 8.970835983524861E-4 0.0 
0.012723465035108484 0.0 9.921925622438303E-6 0.009127097210234244 0.16628789561766674 0.1335963219961656 0.004199498681913014 0.0 8.563193442816465E-6 0.1775467167468121 
0.0 0.29214323058747865 0.08876630059404257 0.0 0.03282964351641911 0.06504336042989363 0.022023921241702018 0.0 4.3985976133591013E-4 7.027949382898065E-5 
0.06177230792520006 0.03028978705178067 0.0022467562470257613 0.0029439317604568306 0.01929738951381029 0.099734853636574 0.0868324397263286 0.18834541975910837 0.005266331959093899 0.0048654796061245184 
0.02321157514610672 0.14065816864567798 9.601666570546775E-4 6.58273819517932E-4 0.017657871320263144 0.010119055807275307 0.049465677595991006 0.035379896848667165 0.0 0.2236698444236521 
0.01250628994340494 5.209329453365697E-4 0.010243065630909928 0.024725877238061855 0.0 0.007506728728770016 0.0 0.43643840790468513 0.008572267789214195 0.0 
0.011769877230957031 4.902586490412819E-4 6.681814345203621E-4 0.013737001436125145 0.0 0.004170527190395397 0.015419533090195989 0.3637220034774289 0.09025303534244623 0.0 
0.008336730732565058 0.024203761125717968 0.17403692024387407 0.0014204866415552329 0.135211009740611 0.04135104791644361 0.01049849600260087 0.04502341758151926 0.02228644650540271 0.03891986968752711 
0.008227695654149209 0.10470672704004749 0.034081900507843224 0.013400697102520526 0.0 0.0024535249194179635 0.00920153703122155 0.02146764851572093 0.11726712959865833 0.19040746960002175 
0.0 0.07910863819298755 1.220763870079423E-4 0.19860368476878526 0.0019521396905447536 0.04828789797617117 3.3502963808292697E-4 0.023126630273846947 4.481206982093685E-4 0.14931096072164665 
2.7025197493061513E-4 0.041798508023460475 1.7378989065498082E-4 0.009748041632371715 0.061709447582496996 0.0025124426859336945 0.08993793023179003 0.23613265443187395 0.018640909143164918 0.04191825038504779 
0.05270765752607901 0.08806099614461972 0.03109795294388794 0.0 0.17262935321487813 0.013357135340141704 0.0672635137940386 0.041133485919841103 0.0017000965358265963 0.03420128339889992 
0.0028533016282444525 0.0248741757466212 0.01640614407388624 0.004284367288659897 0.0063759879545144844 4.6536014690231426E-4 0.276900585641763 0.030150073453046558 0.13894064470598919 0.0 
0.17749883086678497 0.06306302785191333 0.07417293825062025 0.0 0.034106553208863966 0.0 0.043497892626850145 0.08202825059594226 0.025837241754080854 7.013345428433663E-5 
0.153565861927091 0.0 0.1587711755668221 2.84868184115024E-4 5.631612782833898E-5 0.007604378635479742 0.021434564553650757 0.015229459562994265 2.5690575014234606E-6 0.14524440482119008 
0.0 0.09566294739909242 1.4871548819183394E-4 0.18953709444443836 2.2226162413652104E-9 0.031223727687412522 0.10002647698651979 0.04131633318064603 2.869918257770759E-4 0.04291333808973858 
0.003398207489662705 0.032889139256233005 0.0170301850987577 3.317534372978126E-5 0.20950948409477976 0.06527417258176357 0.044175003965486355 0.08780613653717644 0.04042745529443982 2.2644925739193092E-4 
0.21224075286521243 0.010611716234029725 0.0013987073079020148 1.3953402570829714E-4 0.030731170161766973 0.06111093205610414 0.1551235112046818 0.0025608700553648596 0.021950514303833178 0.005444431979361894 
