0.04287330345316856 0.13064515892126546 0.09143830074076827 0.08917707424346002 0.008874961468854919 7.762740198975174E-4 0.0234830730017773 0.0732385533210728 0.04055095241293799 0.0 
0.18363828819498926 0.0 0.0019465515770067487 0.20882164831949027 0.004414656958361424 0.007811219099812463 0.03457236971614971 0.025038842453439073 0.037760617263103126 0.0 
0.01585520159410793 0.0073762321150343405 0.03276187729328975 0.12439844591588804 0.06278820994569397 0.009617199691836028 0.04768631183343199 8.196669489619784E-5 0.01826331678572851 0.18402281711165966 
0.019111399963966953 0.03982508899542163 0.01793564640993136 0.04514149113008346 0.07264932105000685 0.053376636310976694 3.8811735708636395E-4 0.034288407441933 0.09930316225391132 0.11973840553604784 
0.0026447411602752656 0.3265965308985429 0.012362436722790334 0.059733032069917515 0.0 0.0391487220968242 8.877865581865402E-4 0.0 0.005068633649957844 0.053925804747629064 
0.004681838465653448 0.0252554625499727 0.0327477053285144 0.11717085000184475 1.996801128289875E-17 0.016011914503639573 0.1205723621580819 0.14673189459211727 0.039614111124618066 0.0 
0.11848117006954438 0.006852980638015191 0.01735983397279433 0.07393887367249775 0.03945974721286884 0.010672023424316345 0.027506649196808244 0.0 0.20624761783425025 0.0028131881646744437 
0.0017635645510580883 0.004503048299655604 0.024656375335985754 0.037035075964021204 0.0020677784570799535 0.05666237343376968 0.022298845651546922 0.00739605913749823 0.012494312191103255 0.3325012180334652 
0.007897501761275606 0.13525783099368757 0.07340928937583531 0.05116868990406339 0.021622489286913873 0.021351454095441102 0.19043683008255957 0.0 1.117149429690408E-4 0.0 
0.04006402922698157 1.8692604307137686E-5 0.042028382225865406 0.093311496842254 0.045558199934071036 0.0033328383547872173 0.0 0.11529302832060508 0.15787753181669711 0.0045611506425809025 
0.0 0.0 0.04419775902354659 0.07775564616309433 2.2528555388902096E-5 0.1295250125349528 5.168883284463146E-4 0.1292167954310178 0.0 0.1213415136996638 
0.01850339999172623 9.888892999467703E-5 0.003529699893564559 0.023124088848521702 0.294932789148119 0.03225180396274929 0.0666297381108539 0.02491771721877208 0.037577950526984275 1.588019665340702E-4 
0.010576107435634157 0.0033484400646047953 0.0017656220042530908 0.034858319102274424 0.12787512996047723 0.0016304471411521517 0.09615086519395008 0.030863804009189783 0.19412586670657953 0.0 
0.03520963232048846 0.09466257860564724 0.0 0.0 0.033355989697211354 0.2281427373488916 0.0010765892792744456 0.009686626183465892 0.058165045355187656 0.04037439807443105 
0.14258735079902554 0.13892763770818115 0.051790811547078645 0.04835889418840799 0.023378341878348516 0.0 0.0950113745686274 0.0 1.1147203287035228E-4 4.627914127882797E-4 
0.0 0.0 0.015977689617548908 6.828004442876776E-4 0.13508836760779394 0.0992070592513668 0.182225195917157 0.0 0.035747686079896694 0.03346672346121056 
0.24342939052501028 0.01601621170146494 0.03339374731340793 0.045938594166575225 0.06908168864472153 1.759129422003595E-4 0.03786190507758561 0.01925858911649792 0.00195466978271636 0.034244455058928605 
0.018222610611547358 0.17733851011207005 0.0 0.0 0.013788745647817314 0.02306754903772972 0.02124378321841333 0.12474715596450248 0.05473332448791644 0.06725841510303174 
0.0121031693760329 0.03688123748873266 0.02581310867568248 0.19134656630557118 0.0066698468837784845 0.0 0.017610698960566322 0.054923906881658185 0.030410441404089352 0.12530049840242818 
0.07842771992966502 0.10446678992438145 0.013849694530091805 0.0025474171263298213 0.013161680506760578 0.05541747285111813 0.04792215506406789 0.17391506103602591 1.4913904781392286E-4 0.010685109448141532 
0.1127893259891776 0.024362848780119434 0.12632952411117226 4.110483514087129E-5 0.006708028851270764 0.0 0.038196216764805745 0.13916823790708818 0.021104114542839773 0.03418293178372039 
3.2797630378495087E-4 0.04050147690897015 0.1512662150685613 0.020822187321000954 0.06394689679438452 0.22368685586789042 0.0 2.470010059536718E-4 6.636327588666188E-5 0.0 
0.04314865956858611 0.03162551245006221 4.7952763840998557E-4 0.16718860019462758 0.00690542352838358 0.015155034718804876 0.14623836884042757 0.04717236804213848 1.5594191213354485E-4 0.04274464133969493 
0.028764226854073153 0.08632915653418587 0.0491781981119565 0.019239269514834356 0.013624652606090587 0.005295981262702035 0.16950285809416665 0.017657915928024383 0.07374467068765407 0.04323617617719193 
0.020795486895225538 0.3314473924400091 0.0023229481729649636 0.005159448985235078 0.0 0.13756315612696246 0.0016110350492600084 0.0 0.0 0.0018994845871847478 
0.030829615148892705 6.327965011565125E-4 0.04103840738382443 0.07991489621074416 0.010746622449604212 0.002464870339326006 0.08250839075546285 0.12753707140616977 2.924037298234402E-4 0.12582894963141883 
0.055826048293325395 0.16742970907852892 0.06838107410925381 0.009445448277620143 0.0019244127224960573 0.08499136082690326 0.006087005656506542 8.519756941969938E-4 2.958945459176353E-4 0.10554715053410037 
0.12175143698129219 0.025658381205753766 0.09530912266073234 0.02626587388140058 0.0 0.1059364678716432 0.0019893671141638096 0.03285865216298059 0.015546732191863527 0.07535736502692116 
0.12283516501858315 0.0 0.011238691371871242 0.025105973353240163 0.027847929100491456 0.26280842902230356 0.04692395662276208 0.0 1.1192875386844783E-4 0.0035869245138379015 
5.005761693783876E-4 0.0014949587631033266 0.2299362371277691 0.0 4.284495185115131E-5 0.04874770958101119 0.05633804792214876 0.06194207278350569 0.05771207256514756 0.04516526154252902 
0.14099707888589771 0.03816892127054741 0.0 0.06030229049449897 0.0 0.09148143329103524 2.5056458473279083E-4 0.16939888470166578 0.0 1.3906740398070082E-4 
0.0 0.0 0.0 0.2604059446261982 0.009178975597072191 0.12024314827603802 0.0 0.0 0.07716517997919471 0.0343082322022789 
0.2560278029250766 0.0 0.031936073347166256 0.06554419072191738 0.01311373003897905 0.05708806114110777 0.036964848271141944 0.010441756274677435 0.018231514717649173 0.01108834424458003 
0.019811921850050537 0.0061079228551119595 1.1132923814719839E-5 0.002811528997105272 0.19140211486143105 0.054821034645640435 0.1963229690389447 0.02386099783306922 0.006823485810943312 0.0 
0.0 0.0 0.15216925339431206 0.016494368285458107 0.07652486990221347 0.14779788747992767 0.0 0.0 5.207654935658337E-5 0.10784137393359634 
0.07070511943225946 0.022385537979876684 0.0018904871771852005 0.05596171028962847 0.0016919400239441328 0.012101507225700529 0.11141416066604931 0.03085771761169 0.1940875847375321 0.0 
0.02372317709460385 0.1654635926418178 0.26210334897170173 0.03592486420809835 0.0 0.013088872237802716 7.828452498605805E-4 0.0 0.0 0.0 
0.0158894937492746 0.07689953735063221 0.01478414353021132 0.018379268388104053 0.14659900004241305 0.007152314431750028 0.038632759827222175 0.02230253668951896 0.1613021877788574 0.0 
2.3274693415335413E-4 0.0011478505354642413 0.024648097245015137 0.024082397870478445 0.3183349962744062 0.006552660746948333 0.0 0.0 0.019100596898238873 0.10813245978005359 
0.17060495916990012 8.938048792664909E-5 0.0 0.013199465549230953 0.028671179335044712 0.0024763747900395103 3.136034955472636E-4 0.2222610177108463 0.019597973630355463 0.04334592021929306 
0.09530610193935057 0.028956289309595772 0.030336578554329044 0.012800152987491523 0.007989181775477677 0.008040399678759316 6.86720860557165E-6 0.197475005838783 0.0 0.11963204411714586 
0.008677016306959514 4.04842037913008E-6 0.011323260110142086 0.0 0.1471879041256895 0.002525749336280283 0.0 0.08723187653413958 0.11945174451183621 0.12597504707224147 
0.007286430343578016 0.13625273664498458 0.0 0.029994477683562736 0.08732630523985238 0.003830042014423366 0.14634188673841114 0.04753260909519901 1.5616360697282794E-4 0.04270356247458801 
2.4162095113747323E-4 0.02983753783515505 0.1332071683765941 0.09871444217340344 0.04912825870026347 0.1354068291690189 0.0 0.0 0.01642341655130042 0.03797483144866834 
0.1762889501139368 0.004649404540572443 0.07198595311575046 0.0 0.016703707391386165 0.18147039318725988 3.3622376686907234E-4 0.04966933431274958 1.526096567489877E-4 0.0 
0.0 0.005947643521136654 0.020148492089330134 8.900359027548241E-4 0.18229481839990289 0.22312119587967744 0.0036840302333351004 0.030850944623424262 0.0 0.03563189813774382 
0.03995469620675339 0.008789629572779437 0.05794463507466214 0.05558539166282856 0.047051425069000063 0.062475555122971566 0.03652672832273745 0.18447187150959563 0.0 0.009279300852619606 
0.011305023383953328 0.14128648280456518 0.037252656798930146 0.015718308686751257 0.013249494385192115 0.003097856534706125 0.032617711214962805 0.12621623258790124 9.019658390060235E-4 0.11986293318635459 
0.1697201552464306 0.1218824390334253 0.0017802192862747374 0.009612577698355584 0.03015442334988529 0.08690060654011295 0.02860311794724219 0.042306442753232705 0.0 0.010100152099485327 
6.282041592305732E-4 0.07757632473923724 0.12064432123307442 0.021239641958522307 0.1136932195333179 0.004248689364812646 0.005294783770785966 0.0 0.018807038215423746 0.13912687013772224 
0.13870240252020025 0.08130718968880588 0.027267475645008993 0.001668429115269429 0.053892516297874414 0.00795224571184565 0.02116310325317123 1.936268880389899E-4 0.16179930375421278 0.006517525706403808 
0.00325722852162968 0.008197705666097845 0.04507014610763113 0.06769755335325002 0.0037797557795442955 0.10199340935128065 0.0445805719790938 0.013630600219988936 0.01467984941736498 0.1985773941777063 
0.16168347867494204 0.0013710346170076094 0.08350968140285703 0.02672629682137584 0.021186754623575443 0.029521905480211837 0.020914810138999172 0.10429892752546914 0.051722586866238256 0.0 
3.238975616276067E-5 0.002551728336113056 0.24164088253152524 0.18414248354644744 0.017798084493680824 0.0 6.98132929582108E-4 0.022183338108879933 0.021005566351053984 0.012886196698327601 
0.02889393692944547 0.0 0.0030838282925493726 0.12468067990234329 0.02740682208192029 0.2569960005724937 0.04547873386746019 0.0 3.6452527928214237E-4 0.0135544708314635 
0.01859023492154861 8.349885493541887E-4 0.25288759262453897 0.0 0.019380002230227893 0.08008676883117859 0.002560703908088405 0.1129802541641277 0.0022658168289153274 0.013052452308416139 
0.011551012776075127 0.06238137599161928 0.022644773935112092 0.0 6.172874762233984E-4 0.22332724134132093 0.03739083845022493 7.737740095618516E-4 0.1421594239848111 0.0 
0.12782134065488188 0.04040209301001862 9.24720177711409E-5 0.015998809815590216 0.011172359253913982 0.13016417864001936 0.1622679530536904 0.0023855098449364143 3.6734587708006357E-4 0.012255736810733782 
0.0 0.11229422790801849 0.019323555787515843 0.061242677869698364 0.008860592364253315 0.050656229489603403 0.012354709014658327 0.0 0.15838436158092645 0.0778011050903689 
0.0 0.14032059734876084 0.018060936591403943 0.030029555038623684 0.07890484715757332 1.1529538373707299E-4 0.07336013875601882 0.010447554603508201 0.01716267888111079 0.13333448935968242 
0.1050312721928123 0.03289459931546302 0.07085432474218509 0.04719031369517674 0.008946280859694525 0.018491922878955496 0.02417104606653919 0.05405712750967807 0.10013368346775023 0.03917406008589346 
3.704353761938795E-4 0.045744706742653705 0.0 0.08784293691058344 0.0 0.014573497492506431 0.004694893698799331 0.036300803335912714 0.27072754191503373 0.040469684866306414 
0.005622160234964036 0.02565583723974868 0.10295205840174085 0.032287482900833483 0.006175459533368902 0.009552219307948561 0.015899244937186627 0.22168580065305518 0.0394865762944729 0.04285171629614518 
0.11110534637557508 0.0 0.004187580355850614 0.25614239725635723 6.485041997303704E-5 0.0 3.221595389373781E-5 3.676587929250302E-4 0.1029754516630915 0.026025407505964816 
9.086822278460104E-4 0.004075788593863357 0.04302322590392717 0.04550337252525351 0.07706053635422776 4.6877885407093304E-5 0.2776333862064528 0.023426984323247378 0.02939134236084488 0.0 
1.3713239882943508E-5 0.0010174226491610385 0.09642151687389759 0.11671467117538438 3.9563310368032626E-5 0.04684679034253818 0.05060058629776911 0.1574343254743322 0.021007427090139637 0.012789264652606684 
0.02189812514563833 0.004875038324160354 0.0327717817207827 0.3365190226758649 0.010081892291431775 0.035223912260052795 0.03005484823493252 0.006439666943750064 0.02318977037771217 0.0 
0.031898350199403985 0.05501471717388108 0.11754291042207014 0.11528286200430145 0.0 0.021333537089863602 0.032593865855492184 0.017903084045511133 0.029251558072442466 0.08043020973189025 
0.07946744614179653 0.02143974331304862 0.030708236989298116 0.09927431889158231 0.03567438980090483 0.07027949665551644 8.530767382013559E-4 0.031880236696193595 0.12981276352154944 0.0012161295222154174 
0.21413517428268947 0.05318508525990811 1.345291015363762E-4 0.0019515199436929403 1.1156257194511525E-4 0.11175046664930809 0.08380705925363098 0.028144917862225702 0.00966126179858385 1.9396950315123153E-4 
0.004583555228568854 0.07305466980735678 0.08618533716062508 0.040299066027055006 0.013927024186860596 0.08369547438768608 2.2845355932243474E-4 0.17387901918146392 0.006818311494699452 0.018247283423006765 
0.058185258193377165 0.0 0.009708207135990802 0.1609383388269424 0.0 0.010985103171591765 0.022041655361139674 0.0 0.10480685369941532 0.13520482030168085 
0.16210152402131464 0.060543237956563446 0.10972410868275022 0.08277860574761853 9.656352465690767E-4 0.007290064552715316 0.0278694457977137 0.031610060303667954 0.0011515185192385669 0.018381644615896697 
0.011211380369299091 0.12644069429578653 2.0211749760908073E-4 0.11396918235899256 0.017755719780119056 0.011975094741679388 0.025735060110474533 0.019571986514239505 0.1608241837263875 0.012990623566580106 
0.0058990260320589 0.0 0.025847950398281506 0.017658316170884973 0.33373866457203405 0.09166419029958978 0.0 0.010762108020641507 0.0 0.017214009745984242 
0.009699368965123788 0.0 0.15128787761442927 0.0010862139854349775 0.041147488698468605 0.05320919926090392 0.042583197473413686 0.17889890189682978 0.022892515413890896 1.1816684549550716E-4 
4.9952493200029284E-5 0.003130615075792951 0.004926365714528179 0.01801089957995191 0.05087184509040074 0.12497912574564395 2.953188655675439E-7 0.12156372554011688 0.1532019062563541 0.025175616418037557 
0.10371765477940184 0.05095389658178298 0.13424914027330076 0.0669497804929104 0.027853314014115525 0.057743064693061036 0.03013711474411746 3.3972086065535965E-4 0.028755807279165015 0.007983605669752156 
0.003715298680215887 0.02076708923180557 0.09632746746294585 0.005302812933049115 0.045268493451302814 0.1135435202845135 0.03710621922708171 0.062478828114202994 0.04535924241853366 0.07051055854540833 
0.14777457750710807 0.10612249268537641 0.0015500289433348692 0.008292538499009763 0.010384880185927911 0.00842075887098002 0.019239775673686774 0.028104629740163974 7.866798544812846E-4 0.1700592317393944 
0.1835463586592856 0.0011063934272613242 0.0 5.5527202721660787E-5 0.14493018605311586 0.1162964949151584 0.013586216319932846 0.021647935774470193 0.018255655790828856 0.0019149072609472738 
0.016328511857064583 0.04010584176248439 0.022452291784854538 0.02655104988200379 0.1192565072654508 4.036955119518783E-4 0.02088699219458487 0.23404059676727992 0.021292026994252523 0.0 
0.380094400082681 0.0 0.0 0.003100252826742427 0.04673582744903609 0.005703938157510362 0.0 0.0 0.0010380325433142507 0.06443341271411433 
0.0368405893527396 0.011661237083621124 0.011840907397052578 0.004996127889687961 0.01076706700840779 0.012318806648616452 0.14686415787298174 0.25329697615769536 0.001157439208525721 0.011800757878754274 
0.0 0.0 0.0 0.21471289886348185 0.12784429715468718 0.0903150279370562 0.0 0.059745749417370035 0.00737546662310861 0.001178713879546831 
0.1299989854984647 0.08736509405201619 0.005050326936827702 0.0 0.0 0.0033093994074108635 0.010162162018390954 0.2477705027004659 0.017662359374259834 1.2683705778071005E-5 
0.03903298442126261 0.0354672352988108 0.042241788562970325 0.0 0.004296367105231874 0.0017593681851020594 0.3119419957800019 0.026479198592494063 0.028102342025455296 0.013244345677802423 
0.001310598514234506 0.1608659913185663 0.08546152145034665 0.0 0.08641911459078895 0.012654442743543038 0.06720385581310627 0.03545700543490762 0.051740967959074124 0.0 
0.019531609033919387 0.025062501581432174 0.034127991683752475 0.1516456596106409 0.06098431496804211 0.0799932153397885 0.002557712617585439 0.11284827609347442 0.002263170011241333 0.013037205064676927 
4.946593706435121E-4 0.12284254013702109 0.17369600741977922 0.0012928476200084658 0.019228555448329358 0.012921394330452389 0.03355896026816291 0.07533730277252115 0.001046939114017483 0.060059851359350186 
0.019141853358276274 0.32783602266921097 0.06383413502647364 5.434748205450526E-4 0.023418539721225474 0.011409984629465058 0.021179775405908166 0.0 0.0333616822984385 1.7916079158905219E-4 
0.027504684108026208 0.008326375930009315 0.04694266624286516 0.1838955890921311 0.09281848154124804 0.014216902709079337 0.03295061486490197 0.04670312492025327 0.027547507312699577 0.02206732700316868 
8.615196788280368E-6 0.008300086931241235 0.0108727146646651 0.013883793061056469 6.281139289411882E-6 0.003029805968191897 0.006458531923986213 0.29065289167748 4.398147514879575E-6 0.167102548818634 
7.450346142642128E-4 0.01059538092015996 0.14763538695749012 0.009225708232764487 8.019906900786374E-4 0.27887979790849027 0.0068950035270657975 0.021965035722827965 0.024315247403524275 0.002779944400443646 
0.007489929440953837 0.014574794625242618 0.09907106861848228 0.02046269947662121 0.091580248247814 0.03630914009206806 0.0 0.018960760844853732 0.027129652818480506 0.18719712565931435 
0.011159131725090343 0.03332648012741858 0.0 0.09207371040574577 0.0 0.007308370780474592 3.957534935065347E-4 0.18121438015768793 0.17768811646420266 0.0 
0.1709686465900288 0.0 0.14343950053160787 0.06577427252690315 0.0 0.04071740654987174 0.06829197640367744 0.0 0.0 0.012239715353285765 
0.1644068148864017 0.1441709871750979 0.011630352492635453 0.016200013576651726 5.873488485537565E-5 0.0 0.035009072388640386 3.6760296615012005E-4 0.10295981546052571 0.026021455704471855 
0.0 0.11188962542935203 0.004201260691460232 0.03638763677498786 0.20427956606101197 0.02828523204086356 0.0 0.016532266126311625 0.08718747690679417 0.013872155549545465 
0.036505091603814425 0.09149643180945752 0.06575605728091576 0.04379477162100367 0.006351217354258559 0.053341419311302 0.04937053543935469 0.016225105156891302 0.10046698783006125 0.03875192167000024 
0.004625360720094153 0.08649201685410952 0.012433373513313086 0.021638349711602885 0.062998167587283 0.002763034895708202 0.12455808305335027 0.13867653620570816 0.03628734472480528 0.010951946575597553 
0.13380976797704125 0.0011346726672000558 0.06911288143928809 0.022118769374969458 0.005668207567630458 0.051144892067344516 0.018267533027528343 0.0 0.03468684326312963 0.16499757955012057 
0.17910297523265847 0.008326970709711203 0.0065461916024940866 0.0493711684157188 0.0411959601051857 0.053392429988445164 0.054830853196920964 0.0 0.028036731206882513 0.07985991668451956 
0.004546524849085827 0.02200357437214225 0.013990995102579836 0.009551715838825902 0.0012390017319105224 0.011323806494253363 0.15051977963300764 0.08787557065218753 0.19940091686370723 0.0 
0.04153204843671159 0.0242920962493241 0.21666128700982734 0.06429722800971172 0.0 0.053998834330514014 0.034823607252347684 3.4821967448653453E-4 0.04100300901954742 0.023148778756308937 
0.06837004254860651 0.04592510668169372 0.1664881178137476 0.026976339220480903 0.012118188474766502 0.05009843975824923 0.0 0.12589872947068828 0.005912976718969187 4.772141476577827E-5 
0.0030143487662302503 0.08839078661692933 0.0076431132450569565 0.003431720575308095 1.0735162909744277E-6 0.009185591447230046 0.0680746427599309 0.09079755989788774 0.2301431977679425 1.517509865726029E-4 
0.03255979760292949 0.09669680236964698 0.05196092900179744 0.042540111029277336 0.025648942831080428 0.020843963645848132 0.028677952795193647 0.11611582475759881 0.054156686621631187 0.032522612718092044 
7.306170889274271E-4 3.715978978266708E-6 0.06866748510109291 0.08311944474485117 2.8175381526094213E-5 0.23625903002764267 0.0753635675092405 0.015478269850841104 0.02148041767350764 0.0019214482782019206 
1.3937531838397515E-4 4.1482573922287775E-4 0.06385801808033117 0.14046528891512677 3.784719484503013E-5 0.044814743393943285 0.05011823047933095 0.05510356135202112 0.10375139378859775 0.04280378865719072 
0.017472085414580087 0.19828949874675872 4.907246951474441E-4 0.15658299975027692 7.082460736610978E-5 0.03416335925783605 0.07282484380642332 0.022386917180990035 6.629720026721759E-6 1.6007155169417466E-4 
0.003504203148905797 0.01441046522699628 2.818280217867266E-4 0.02179312756900071 7.613570685826163E-6 0.05216982734972394 0.05618724038045975 0.0749422122115737 0.18995488849669578 0.08783417585482248 
0.011427995819209032 0.06164657805915897 0.07993454757750144 0.053653055564967085 2.294411072476927E-17 0.018398383999396112 0.13854287182175565 0.09956859475783578 0.039614111124618066 0.0 
0.042589230992442564 0.1341307309818903 4.1454877164624586E-4 0.02636316541023642 3.6924136244658555E-5 0.0023970672036889968 0.15053902007882883 0.030536141702147954 0.038090513692961875 0.0754560177374791 
0.07826912774412209 0.0 0.12074397638087948 0.02125718642010218 0.11378713290181486 0.0042521988857109425 0.005299157391142735 0.0 0.018822573287062244 0.1392417923210917 
0.0070062248671852 0.006826399849607186 0.3485764413565068 0.008201896133319196 0.03479771734030416 0.016622738418226153 0.0 3.911232687816754E-6 0.027099944611555928 0.051907799014588356 
9.700040291507877E-5 0.00434565036200624 0.01569416891717897 0.0 0.15624739591601858 0.11997894141506373 0.03454929331600597 0.1693868165411835 3.800462540466139E-4 0.0 
0.0 0.20120073293244722 0.03217368857993185 0.03651335705437298 0.0259114830245611 0.2054231210077919 0.0 0.0 0.0013171899757949419 0.0 
0.03984671886935128 0.027929332482146147 0.0 0.007348521001039748 0.032441318701743056 0.11643225046037503 0.15312285436454395 0.11117626001005301 0.0020519133581963583 0.010949197871924717 
0.02056660928523882 0.2319479200310408 3.7077250669500134E-4 0.0 0.017830594813559975 0.01202559315178864 0.02584358364600213 0.01965452065889298 0.1615023717291124 0.013056600730166831 
0.04067220761032559 0.0018361659037642597 0.1588324690713395 0.17869738531204987 0.0 5.299337989574515E-4 8.613291677195458E-5 2.5765725469412838E-6 1.3136217833866777E-4 0.11944670121334246 
0.030792511252045004 0.018010540660736513 0.16063607188311602 0.047670971971954884 0.00953775232023592 0.04152074093243735 0.026884918807791855 0.007594397996612731 0.03179348395783081 0.12599157188175938 
0.30328332574742045 0.0 0.04959868168063166 0.008360612892620677 0.07368413020960855 0.03771999964316598 3.522847072845969E-4 0.0043826866981858895 0.023177211726587835 0.0 
0.009199399013254263 0.0024819314455702384 0.15207359353207675 9.733004993594105E-4 0.09808243562901608 0.06928989490435264 5.196508867521551E-4 0.036962055900520485 0.12981463095542808 0.0012161470169625365 
0.0 0.04218972783339048 0.1810554583125607 0.0 0.045357345975508334 0.0075444875182178305 0.1684962511335919 0.005160019865074014 0.04057833471190009 0.01094992259690426 
0.0063095590873379175 0.287117868648176 0.006535847040845219 0.0 0.08544491665864624 0.09426360669804755 0.0 0.00760316812694077 0.0 0.013074842638298544 
0.01848272689505649 0.20975919957646724 0.04554758057271786 0.02795862038513392 0.04662260034093868 0.031557945738702534 0.012792853533648016 0.05317643560457859 0.01343821973757741 0.04274810179274077 
0.14049208690822756 0.00370530623934989 0.19804698984353278 0.004431333595573123 0.02289526768151934 0.08152742241675415 3.36223765628857E-4 0.049669334129536266 1.5260965618606247E-4 0.0 
0.039713169933257644 0.14519366007353512 0.08545417419696308 0.0018117344648679536 0.0028827599934456967 0.15913864043528658 1.0124261197758135E-4 0.003529150236669853 0.05652268343636118 0.005933331787308555 
0.06565589543350746 0.1676443701007935 0.0 0.062007220894165015 0.04629578129433998 0.07817164341836541 0.0068032151815160214 3.5873473108122343E-4 0.051372117635783934 0.02267377297058653 
0.21904593623769017 0.005777067535311986 0.11803674989609272 0.004439301331187223 0.02293643439482719 0.03238325641433467 3.0008971174079105E-4 0.04524845854333905 0.052329229880813156 0.0 
0.07047968087866738 0.06180476870794113 0.20099090295183447 0.01643960277981517 6.413953619312513E-5 0.0 5.473131979425602E-4 0.015130816163507154 0.10119149705067784 0.03421058615566195 
3.0872893615326805E-4 0.036492757423289376 0.14835722263878018 0.003602571886805299 0.012017233728336754 0.017277954839483203 0.01859735679871548 0.136736344815544 0.10338805170798249 0.02413675149108506 
0.0025306654694645754 0.01135100603846685 0.11981899595211762 0.1267261646206166 0.21461236110266688 1.3055416101012636E-4 3.015044467594017E-4 0.024849550698795575 0.0011931027778272105 0.0 
0.09017091386754338 0.0 0.038532042262148694 0.026780244262150595 0.026745591121239583 0.03419387893893206 0.0 0.2718561147731198 0.007944000895137636 0.004549585459888267 
0.1554857675406132 0.05341076663362108 0.0 0.0 0.02487863506972863 0.01942594373887681 6.965095700514659E-4 0.12486342606195679 0.05478433846833952 0.06732110304503883 
0.23328634306029047 0.010643028038740959 0.03042695440864481 0.09057600013887313 1.965168669510405E-6 0.015629608837316754 5.190786525341136E-4 0.0 0.0 0.11953915761775342 
0.031736039042807286 0.09518058230314237 0.05423014394490374 0.005872263122602618 0.009164792493073236 0.05502825622275847 0.003941074759090037 0.07700818917760191 0.15441632249770568 0.014202416175163704 
0.05755858789692452 0.19900878462410146 0.1142477370773794 0.04011122953174882 2.2765693781693266E-4 0.036852440144611455 0.008490858144090467 0.027115465743513253 0.0 0.017839918215496877 
0.0018605445539850293 0.22975684957027825 0.0 0.14002386026985572 0.06968715296453809 0.005855155793158662 0.0 0.0 0.01644723892611367 0.038029914425186315 
0.19065627474476984 0.11176249015424558 0.037481076273455524 0.0022933739719948596 0.06979854536313274 0.025040330626308283 0.029759476053079964 2.7227740038386205E-4 0.026855222091679343 0.006517166462026796 
0.07216041777122124 0.2661709431540836 0.03209452054014023 0.0 2.1524145506654304E-7 0.0 1.5538308723413662E-4 0.10252111081710669 0.023742954479670786 0.004584112679257207 
0.11426289570249336 6.887617804489161E-4 0.17025643768310433 9.645052209060954E-5 0.018619172369867876 0.006255532204937107 0.004858533597941505 0.065197300303161 9.060266468767146E-4 0.11970444745195263 
0.016963596514712225 0.005153949205936906 0.005399627807251987 0.015305613476324812 0.0027652123078242812 0.009040194910249676 3.047400117935635E-4 0.059137284130098486 0.20109030936698621 0.18610276384390395 
0.07278298022861181 4.772136382407562E-4 0.04857085816411448 0.005347637213467415 0.11020211024118735 0.15726962838191927 0.05139598714112717 0.0 0.05261850591050128 0.0018985915857558093 
0.05633211698364623 0.016984781508609027 0.1160909456728994 0.023458689605572583 0.05584872279949915 0.08671054456774453 0.030313159044618312 6.659134498591764E-4 0.0 0.11544509416019587 
0.14455061415944953 0.00810644249870219 0.08003188189469558 4.3011257828538486E-5 0.048293902714348726 0.0 0.12956768717386555 0.0052889034536638575 0.06799857814205523 0.017819214462464695 
0.0 0.0 0.14198059235905455 0.006067486217563792 0.0014652307292224846 0.09774555118869248 0.17954067331296883 0.0 0.041998289386445654 0.03345737592625684 
0.0014919227399671474 0.14025816699245236 0.03690412045182847 0.001205292901528268 0.021936325670163067 0.1118278947461623 0.014119446012379864 0.00617966624107151 0.13472205766077697 0.03190285539451191 
0.009830238126457521 0.26590858061946665 0.0 0.0 0.019441964859112097 0.013675030387311127 0.1538587560011003 0.023685519846219166 0.0011695616660911856 0.012998686475985462 
0.134950572898577 8.8482573361688E-4 0.0 0.005974906855911405 0.001525293025570972 0.12930099826753935 0.035505921273373375 0.0 0.12557184961019807 0.06691101039681574 
8.034153432852437E-4 0.09772274970305403 0.06370296405750753 0.0010945932216466395 0.12815092834280137 0.10283229596441283 0.0013602202778803239 0.010437393564498862 0.015407691143932681 0.079738890264099 
0.008752212043509795 0.10149949171220024 0.002413167909141138 0.01079089221429867 0.08528318312628233 0.056805225661357366 0.05144930563539814 0.15966491924587675 0.02510535155532511 0.0 
0.07403061074514422 0.05877502596002118 0.0 0.0046109791978430955 0.03068119449803124 0.010216769249983304 0.018334679490047464 0.0 1.4887699238575491E-4 0.30396006090636224 
0.0355336946222189 0.009670001467928797 0.1114346279937118 0.052720101543979145 0.009618558684630537 0.0026465185167342015 0.026954255944037643 0.013859127903846621 0.15701124132943176 0.08130017417738669 
0.018250810106118426 0.0 0.028268591444392185 0.10335058160017223 0.18452607051346026 1.4975099201816762E-4 6.471180534091586E-5 0.0 0.1584475054278645 0.009907206326800682 
0.032537054368422844 0.010031021700926172 1.8283564319537474E-5 0.004617364863922994 0.020384156906071562 0.19867845219367086 0.19011173214166274 0.023106087132236636 0.010726144651313219 0.010946096951009319 
0.2152508945848997 0.0 0.026849694755683155 0.0016223566818187006 0.029725345758846264 0.15763995596977198 1.005184001006653E-4 0.003503905406781591 0.05611836357676646 0.011121496292083 
0.03686577468667171 0.07294685268164694 0.11095889134579852 0.052007827314281704 0.019432642257100688 0.028708919263642607 0.11582640835814519 6.508554550076609E-6 5.523664376537839E-4 0.06794660399911136 
0.13945199124220492 0.1635805036913482 0.06924709779551441 0.012085253132822058 6.710783834290098E-5 0.010327639548343825 0.006331473817830346 0.06432148439987646 0.0026868826511117746 0.032390251901361584 
0.07344371187692166 0.06581214762658551 0.0 0.004126046473879471 0.16955806628311018 0.0 0.029037920008145493 0.008638701463633382 0.016393047240806022 0.1339408082585031 
0.03266373182462318 0.0 0.0026822110663987674 0.08378593294003543 0.004199245845391109 0.20020626367065628 2.8056690702391237E-5 0.0 0.15321735155163108 0.02517815453808357 
0.016502052776032363 0.061031595040085755 0.0 0.05848174705714716 8.693628750226994E-4 0.2119985524204953 0.040739745998081854 8.42329254057584E-4 9.304034756606385E-4 0.11016389344585013 
0.021419100743040386 0.036744545238756116 0.004943945656343759 0.015045592426933188 0.0027547995127244476 6.694453792928234E-5 0.03411465570579017 0.12088808966181779 0.10970212371470059 0.15533961774597888 
0.03812571139632861 0.008034763785973736 0.043370552973845455 0.0 0.0010244199753736973 0.15323545963364005 0.11640408986217743 0.015151552896563414 0.06489762066641183 0.06050034799025907 
0.01896186353845679 0.10915036847747495 0.04195552664935122 0.021103135117756612 0.06671355749992078 0.0 0.0 1.7455681095989297E-6 0.15698726360857757 0.08628926792619203 
0.04123539154724983 2.7036665938569987E-4 0.0030561926675941467 0.10656428793043435 0.030928808486938415 0.16422926055038756 8.679718725919145E-4 0.0 0.01966950835097496 0.13387225101242947 
0.05162528167234674 0.29717113541408174 0.0 0.011114286685846674 0.1256835396031326 0.0 9.205494238579329E-4 3.293121019641105E-6 8.635746445132378E-4 0.01358439264844855 
1.0445808327034923E-5 0.002520355249543881 0.03738945530754513 0.0 0.2696661095867439 0.00464262083831437 0.0 0.020789620810486447 0.1438384749350754 0.022410949246117178 
0.09002461683290397 0.02775416836580084 2.7628486439580365E-4 0.017570293481961815 0.059450705805402626 0.0022974494134788276 0.14428288988040203 0.10447744412926036 0.043909994197539826 0.010251383005008824 
0.17241378984530542 0.0465159958873908 0.07297234150858666 0.0 0.020581617510135135 0.014325323499366145 0.00147227327381283 0.04155285418797014 0.12990312196230047 0.0010851992149303385 
0.09380382564364474 0.01968405862364218 0.04703676481659915 0.09158235464752558 0.06475040779772767 0.02114128313373059 0.03230013586453984 0.009139938713882615 0.02834536424078857 0.09347293285050184 
0.054845777478555804 0.12259748210885553 0.0 0.023782633729075214 9.353485536742506E-4 0.044920887256212724 1.0742467433663424E-4 0.02343669324383483 0.23021755628781715 0.0 
2.289436243114939E-5 0.002810108716050628 0.10075454356255548 0.08563967339723624 0.06603526705744527 0.07201029184043174 0.06343597472470769 7.898348090884867E-9 0.10818339842048248 0.0023868486196088165 
0.07449308295494943 0.015698968053606002 0.04752812912063994 0.01490341408693703 0.0 0.23637387808021182 0.0020640566828080565 0.03409231011319556 0.0 0.07532862737034447 
0.009878986852596139 0.011878525871265786 0.01710539576738186 0.07486323688550318 0.09997286518813053 0.25194925306712607 0.016906793036811002 0.01777424787822457 6.748790375572047E-4 0.0 
0.0017688763248557907 0.08695887212388449 0.02173620731237004 0.24415941667776014 0.020884004295026397 0.03683850023503811 4.1793191609114925E-5 0.019456679603086093 0.0010290015426882458 0.06739223776495032 
0.11763375096000173 0.0 0.0012469086141626234 0.12420966580577864 0.0027209501589131532 0.15862594152776358 0.034385735686920625 0.02490367381754037 0.03755677193216828 0.0 
0.004693523867481439 0.21042611288855756 0.17004305566582256 0.001863324831762679 0.004255759327960613 0.010268596543844445 0.01752458059727269 0.0 0.02240449956674055 0.05913192327788516 
0.00430483824017138 0.004966405897440928 0.1093205581532119 0.07552644010173908 0.011666388294372654 0.007740136904647948 0.010745664468727278 0.010462143870284178 0.1007811953527497 0.16523269246715555 
0.05460300911654112 0.2554223895759288 0.0 0.12118713734626105 0.0 0.0 0.014519669611842242 0.020998340560502305 0.006703345037462386 0.02740695341735678 
0.0023460394142479847 0.027207042848046366 0.13269395220676886 0.09024511164802192 0.1304196610789991 0.05962463999074831 0.006625688373659118 0.010576191487434404 0.043240076091038575 0.0 
0.0 0.07038996605283918 0.2837619047024653 0.006890616056600446 0.06166001139694083 0.02617514091497873 0.0 1.4406687165207947E-4 0.04391321011864025 0.007980501187622072 
0.0012071024542448154 0.05492946164784718 0.007225446184405939 0.04900439859698851 0.274594179017272 0.0945435153613046 0.0 0.007632211577087188 0.0 0.013124787415790986 
0.006402465052418985 8.661642545136686E-6 0.004445531434387202 0.01902998603174516 0.20188785827809327 0.011694881252117116 0.0 0.12513872384533292 0.05284014111467483 0.07995710831859332 
0.0409474818017658 5.132040652124271E-5 0.004139489712862305 0.025106839131792295 0.00855084295532039 0.012269617950321148 0.03636484736889103 0.0028883669340120212 0.24558913901999926 0.12648503664708174 
1.4920712015794465E-5 0.001107008298262194 0.10491158163075058 0.03360889652421345 2.5796259642337468E-5 0.030545269236689408 0.03299283730429317 0.07680556689782825 0.2101594200789387 0.012889317739059738 
0.0 0.0337469844423739 0.1448237769868979 0.0059783167152478245 0.008913972473814877 8.625104787636108E-4 0.12675978494132542 0.013440480025334461 0.03328888768796718 0.13238972598425938 
0.09234250768771536 0.02930029886815001 0.0017099562828249602 0.01929955924040107 0.1911151413227336 0.026462441756026762 0.0 0.015466874333243015 0.08156883868471632 0.045890975358703505 
0.08612384867487416 0.06072808143167832 3.444844971639006E-4 0.02190743864450255 3.0683464473769956E-5 0.001991930857861847 0.12509591677105455 0.09058386386688058 0.038070771829605846 0.07541690977470467 
0.2384988701195746 0.02416892455443243 0.0 0.0017601809766289761 0.0894123324653234 0.004694440909249042 0.0 0.0 0.14465179963590757 0.0 
0.11143586619080546 0.06641681223058309 0.005942799348657863 0.10792990060241381 0.0 0.01855100106020872 0.11640959408833099 0.02010107699376625 0.028737478777615483 0.02551861500242841 
0.0 0.09784512442009775 0.03892748197339924 0.0 0.0015041797695395836 0.09306578449807305 0.014787002464890764 0.23417825426583946 0.02130455049323422 0.0 
6.964102911264759E-6 0.0033008124427862996 0.30931018443336933 0.0019922088226790985 5.811820199233712E-5 0.06892885546469922 0.07435344539388444 0.022733716597851016 0.021526723798663147 0.0 
0.0 0.11481071293317927 0.06050132276294787 0.04115977324903159 0.0029078563332595453 0.048429534017282096 0.0172876334050306 0.05010575419654987 7.324495048357505E-4 0.16499338958632795 
0.05579562818206109 0.0095535103673792 0.07396547468031185 9.399842812445573E-4 0.03560807824966445 0.0460460016106589 0.008559774886799267 0.13788867146801664 0.132379826425293 1.1815084471548136E-4 
0.013984282137186999 0.17477098194368634 0.07782693395204 0.0 0.002823546910735087 0.0031518400557381614 0.0 0.1357389360778169 0.09278195187236393 1.2242254419065802E-4 
0.00687474593091052 0.12914329848140224 0.01768535255259213 0.01800153777389364 0.0 0.002521035192850906 0.04896724326304002 0.13353591498772827 0.1453714882272882 0.0 
0.004066013582391216 0.0 0.018183791465222747 0.012375795633118407 0.23390007674816438 0.04181314481318902 0.0 0.00703420938697977 0.0 0.18521966267178583 
0.0013241549188275112 0.1635186117103028 0.08442554974308607 0.027019409771863335 0.09615951258780027 0.07546922699840582 0.052530382358697364 2.469493112466084E-4 6.634938675251246E-5 0.0 
0.18443560840075948 0.004452459975790222 0.0504240481436548 0.14053084037951424 0.0 0.024154453532537458 0.06500485159170044 3.6066991230240255E-4 0.005618873720640062 0.025489490205170936 
0.002773329936118494 0.037860958243489576 0.20706486276975022 3.366443603800225E-4 0.07074132228986967 1.260311176623903E-4 0.006044023430451955 0.1251400388988322 0.0 0.05363880910999246 
0.13105397734457946 0.11031432661101886 0.00893105491050356 0.1851690383790668 0.0 0.0466385157594719 7.543717740380781E-4 0.0 0.0 0.018117924586336417 
0.0010845140375908995 0.13392559079433491 0.028276738526592276 0.09871475423850219 0.049128414008996056 0.13540725722943825 0.0 0.0 0.016423468470502866 0.03797495149816935 
0.14680887737189174 0.00828327504516548 0.0010603602646578442 0.10986513660728267 0.17223284319105664 0.007794103089257555 1.9392821159535043E-4 0.023687707809740964 0.033410120601914 0.0 
6.92486285000392E-5 0.016708246877561565 0.2478667441857949 0.0 0.018659701349473368 0.005038442990841737 0.02635552541652782 0.02082064507834129 0.14405312451502192 0.022444393015901672 
0.020594310319805048 0.02252146682811591 0.034260127251633216 0.0 8.853402413883253E-4 0.12073441769043444 0.09501547523879933 0.012437080898953335 0.1812930391874722 0.013003261523971492 
0.016869848359974446 0.05059490846044929 0.028826984478312105 0.2139281060121127 0.022292359850477735 0.0059252856817657885 0.0 0.016079846874383602 0.10361897153456055 0.04275088170466379 
0.2958579822073202 1.6565888519356385E-4 0.004007265958638077 0.0285186203956278 0.02547069303834307 0.015376537260193545 0.022677376230891846 0.1185597459599858 0.004701087067994088 0.0 
0.03755154177478276 2.46212889546521E-4 0.1487176004107339 0.008186882055561442 0.010065491471722757 0.13566280276957052 0.044334839081210185 0.0 0.04538939948424581 0.07055743744889252 
0.027091517864162012 0.019455439865744068 0.22802607898465904 0.006896990000527951 0.011083023126820881 0.004144153282893103 0.020203443844363175 0.012756998652347726 6.546593433151283E-4 0.16987200561729662 
0.06161520386567776 0.007521813052569906 0.006772130737777203 0.03933338109310328 0.023695453640768253 0.005789895414265335 0.2332911812363213 0.0 0.12531302514528675 0.0 
0.1355773013025008 0.02321398998051193 0.0015610375638536735 0.0 0.053407262925216185 0.0 3.984699284300977E-6 0.0 0.1315691577472516 0.15601384414317535 
0.00933950678010546 0.028010417196535905 1.8796374519563255E-5 0.14569990829936516 0.011118383088352281 0.12929853760200877 0.16118880976876465 0.0023696453018652655 3.649028880052896E-4 0.013568511795738142 
0.0012056449585059728 5.142453640598308E-4 0.02239042057371471 0.10469170031025651 6.094355987548658E-4 0.02079118442450935 0.11862450163389737 0.06648109200489978 5.159730694539548E-4 0.16782183115010335 
0.010192142250383077 0.05506601461615904 0.07138435392796523 0.025091526478287714 0.13593220378183152 0.03956447145184648 0.12652232963649127 0.002156970203958615 0.035767990593452176 0.0 
0.036477743209789026 0.11115636479791235 0.07779813042875516 0.0 0.04628065399181135 0.010292773134665041 0.032473710900463325 0.026939064379787367 0.03931108253010439 0.12050225242482815 
0.23395472183185903 0.1572279675751396 0.00891649256191417 0.021540283094066626 0.0 0.018549110040707428 0.01981743840051461 0.023546873750675743 0.017658576675965286 1.2680989344145127E-5 
0.08179307209794616 0.08190980055691001 0.06947279746481957 0.0 0.002564388695889676 0.15866244884679842 0.024634825583854787 0.05783623462807621 0.021110786495669866 0.0030382285061887095 
9.852081087610768E-4 0.0013123106042358735 0.0038192351564309123 0.010761001463549002 0.1047263030240191 0.12913012181815106 0.0014257231495393055 0.12907511712240252 0.0 0.12134163796177051 
0.0139325325301791 0.22206268121924547 0.0 0.003434073933906239 0.0 0.09156056200446225 2.50594964243966E-4 0.1694194233397033 0.0 1.3908426510158843E-4 
0.08364265190227091 0.06006694023034692 0.026901869284682026 0.09489757661470379 0.011810509188248457 0.0011840662804845573 0.0 0.10702247182954698 0.014232026830083481 0.10128097107033568 
0.01934188049074119 0.013557096453212722 0.0 0.0626512899197495 1.7038967214604117E-4 0.0040995775320659 0.003248459047155911 0.024417950459015354 0.06959878588781264 0.304403793247162 
7.934670259655416E-4 0.026973945602733976 0.001042618015145386 0.02086063748852007 9.43554831550972E-6 0.004551384594779635 0.009702028120720086 0.43661973984376634 6.606911813807407E-6 1.5952085784619072E-4 
0.027702270822541182 0.08308277742071947 0.048141696054184425 0.00514727284468293 0.008040381416634249 0.2665600169470888 0.006882028468396138 0.04139415121437287 3.6483290398969196E-4 0.013530790311095268 
0.18996155093323858 0.004585861753070224 0.05228203415367404 0.001468175954336445 0.14649226309942848 0.006527775422706021 0.0 1.977069524760731E-4 0.025825590426626504 0.07345405699674458 
0.004181870082682209 0.17693810223105477 0.04459573461633371 0.07355335646681964 0.0032907790467397204 0.06153231179756905 0.0 0.015585220791313891 9.046977339083462E-4 0.12081104942056645 
0.027001195453755893 0.12111072614676821 0.005274009574753834 0.14538454544673896 0.1762705690658569 1.3055467013059393E-4 3.015056225326112E-4 0.024849647604285013 0.001193107430555545 0.0 
0.17093835293525148 0.046117933659875515 0.0 0.05409341392808103 6.30695651066369E-4 0.026434200951017124 0.01938121145295239 0.023129094088041428 0.15839738087601676 0.0011392030047352407 
0.005094495251467016 0.0 0.007890839039020936 0.028849078158011233 0.08148431612426599 0.20018614565867363 2.8053871385805462E-5 0.0 0.15320195528750855 0.025175624475310254 
4.823855544715788E-4 0.034964641838244694 0.03487829847926246 0.03914152939593531 0.02224068573640652 0.013070172335345603 0.24670850415696313 0.004543140067479763 0.02467745656584613 0.07981644345517251 
0.046456119865836164 0.13932805333427437 0.07938363272265325 0.008588177230610628 0.013415302178724253 0.08054963450121937 0.005768893168295462 0.11272356999186853 3.64280570203336E-4 0.014202416175163704 
0.00791997422796497 0.07406090556185695 0.11636257325909033 0.0067432561564561115 0.23895766734561114 0.04755700019723415 0.009485323655671462 0.0 0.0 0.0 
0.07073852198498294 0.0027282645451422653 0.01961210579786178 5.536462254473811E-4 0.2323625688849785 0.020924005497507635 0.0 0.05525583566844628 0.02586801483411529 0.07416884169531844 
0.0026032789344414575 0.0827479383624472 0.008976744727219873 0.002831129941995922 0.08540932052828164 0.217233188536562 0.05500157183916738 0.010924184086226432 1.0493652376272111E-4 0.03578330665161676 
0.14360144944752334 9.415466353843984E-4 0.0 0.006357922507432865 0.0016593147831398237 0.13762240975494747 0.037790972317943934 0.0 0.0386898785466486 0.13381448131471294 
0.001909286259529082 0.10379833454026881 0.12849626830658964 8.116271242152381E-4 0.028663355636634674 0.15200799200662965 3.020898468190992E-4 0.001146258998476184 0.0059910397569462965 0.07972783466473794 
0.002970633993459826 1.3860035261675628E-6 0.0038891664314088343 0.024833156478431578 0.2140990796591297 0.003685968734494122 0.0 6.65075415316978E-6 0.13194604218850842 0.12067690524193828 
0.03227084486287117 0.042985204389407596 0.037087925128513465 0.02797998965698497 3.2639428953175136E-4 0.14935519545945417 0.019088883873498864 0.15821865497588658 0.01729560594060797 0.018320541118269838 
0.014416061788093966 0.03342788214346694 0.0061580869377494685 0.01133913657157407 0.165296935844565 0.09455303662768498 0.09382800127912852 0.046563042908792554 0.010415155170067502 0.027555350694867958 
0.1717926267742189 0.007837551566978965 0.006646634873168381 0.1040628834581863 5.069160106236563E-5 0.0024085183542487776 0.03049300548434149 0.013963179414630097 0.09338260496227718 0.07016299688222648 
0.07154773020666416 0.024758737995004748 0.019966687005714447 0.0 0.11782233125580996 0.004175899685628958 0.033678856804538304 0.13538532833864733 0.019205869228318604 0.07571234926287547 
0.04733172488886348 0.0 0.06894579378646035 0.011171398568452666 0.005018364881639146 0.020746685961455687 0.0 0.022085478113681747 0.3265541044860283 0.0 
1.967141875416243E-5 0.0014594761815921865 0.13831509194972577 0.16742529052532984 5.675292288283176E-5 0.06720095600914365 0.07258571502913819 0.0221932294567284 0.021014932541232965 0.012891942535737702 
0.061337852898042396 0.10753182321772699 0.22838261049317313 0.0 0.0 0.02772930558735066 0.016168216305046747 0.020838746430081895 0.0 0.03919255265950892 
0.04362944369147076 0.09592591502748722 0.1579558442690035 0.0020073691324947024 0.002745696421563203 0.07619981356390995 0.01273172070075784 0.02043636613995941 0.08640410405263368 0.002643634570298225 
0.1054666654318185 0.10275970907162522 0.04907315931544043 7.625376778496436E-4 0.152253156708627 0.06010566762947173 0.0 2.321327762699157E-4 0.03027254573683084 4.525711748510929E-6 
0.04877562038324643 0.10902878074107744 0.0 0.11902802629568514 0.04277291705160891 0.07311880879997787 0.013211436615261403 0.03848782341588612 0.013393780606284569 0.04302629342757128 
0.11024825691645256 0.0026615031423569786 0.09778268396791717 0.04901435832539214 0.020326764044997402 0.126180651901256 0.06542109716829522 3.397434436099201E-4 0.02875771882232984 0.007950321655655257 
0.024042661593411604 0.07180283408623306 0.09624260397490944 0.09289142298351882 0.05294501989822562 0.026805107293362995 0.0010033040084033763 0.13042795087997802 7.047864840107135E-4 0.004555479892175491 
0.13631634038121093 0.0 0.11436686298081698 0.18545300281477176 0.0 0.046710037866654 7.555286345856169E-4 0.0 0.0 0.018145709178600547 
0.022958258109186287 0.11456378829575099 0.0 9.278894650630874E-4 0.10863386872472972 0.08717119949828353 0.12540590237519142 0.02165451841713056 0.01826120691865248 0.0019154895404938264 
0.04427316986914766 0.04302000865227204 0.09197351140761241 0.037641722859621696 0.0 0.0889243746245831 0.08600600468477236 0.0435426563995973 0.04074166398462672 0.027562631670315148 
0.14591993846049744 0.0 0.2251073202268675 0.03963053407730836 1.7855447134948216E-5 0.012660131168085589 0.006630975816675046 0.0 0.04703929163582498 0.024701984114329358 
0.025321917578506294 0.04343984171687519 0.005844791801692626 0.039166377174869677 0.00401034981637878 9.745573648905821E-5 0.049663034501642035 0.17598504934327883 2.573785049098198E-4 0.15760070614785543 
0.0 0.014746022244862912 0.05944539532589316 0.0014435179237785886 0.013297533910346966 0.015048474539879212 0.1793471151678889 0.165263027756777 0.04387109663523657 0.007972847757061882 
3.248904627401203E-4 0.0401204093794577 9.487637492182356E-5 0.03351606986823957 0.025774624978949418 0.06791166178505434 0.0 0.0 0.2923224805543457 0.04045299578534583 
0.1257941678158178 0.02153888979371037 0.005983613228316893 0.01795624492336537 0.04734616147244254 0.00320984593933218 0.008556698495230849 0.13783911414298247 0.13257268400674768 1.1816511277014861E-4 
0.06095349458479807 3.9965166063459656E-4 0.018422950089501625 0.1782888174130851 0.004815465024210368 0.15962610686253761 3.149129314082176E-4 0.046985564593000136 0.031771269101019385 3.709009412509856E-5 
0.07844445047895152 0.004261946504320009 0.0199567001040258 0.010483668968957525 0.11277072377421399 0.007467901488015843 0.054209579953442937 0.0 0.09509363579395763 0.11880497460983029 
0.09318225622102919 0.03200894731484469 0.16931100083773487 0.0 0.0 0.020557066369420778 0.1006451949418074 0.01955634283527157 0.027501716982855178 0.03925821204015433 
0.0013097560007285904 0.13259308406552175 0.04440164081386257 0.0 0.19767819112381932 0.1265610696227383 0.0 0.0 0.0 0.0 
0.023498245637352765 0.14566558785168193 5.82572019929143E-4 0.03655695041871585 2.290427358083488E-17 0.018366439459015525 0.13830232415390079 0.0993957169118258 0.03954533037884698 0.0 
0.06366283606567258 0.01962695463720374 0.0 0.009030575903250362 0.04700285085847989 0.21577508633485437 0.02583960255903726 0.09874912306456898 0.010730683035383472 0.011011359509245054 
0.028673041833925078 1.8799953739209187E-4 0.43920257717277217 0.004670124312569897 0.005677075435174253 0.02068784721821266 0.0020734598022376432 0.0 0.0 0.0028514877977429813 
0.08252939618563793 0.0224592289303735 0.018066409932891738 0.05725837086861777 0.008284142714782923 0.047360652339414264 0.028697668161972095 0.0 0.15833881838771355 0.07777873349556029 
0.2897859046682018 0.02936623416015456 0.0 0.0021386920467860223 0.10863964948331717 0.005703938157510362 0.0 0.0 0.0010380325433142507 0.06443341271411433 
0.005854936648311476 0.0 0.0913235636539865 0.0 0.136766723845603 0.00417321923943723 0.0336572388610388 0.1353495334217191 0.019195950962273077 0.0756732500055602 
0.011827164370322512 0.055325203395428256 0.01318781277989261 0.17954946955663553 0.13183538311630677 0.02380854494349547 0.007088543662270159 2.4651356357719177E-4 0.03521451560145998 0.04274592106730757 
0.004889632432166789 0.22250379510893034 0.0050649957025890304 0.06751420046649953 0.0854475797142228 0.09416716343308328 0.0 0.00760182982607388 0.0 0.01307254121960766 
0.004329701330388516 0.13641044183279985 0.1400470240345015 0.0018816019329522384 0.0 0.0717493945721294 0.09969102528194188 0.0 0.042494148645491156 0.004581877968082661 
0.02373121760658022 0.0013308539162602765 0.013158108461206993 0.11610345136046593 0.15283056863587208 0.004350985528576611 0.07416186487063736 0.034922761056178905 0.06876825321567417 0.012825096899375719 
0.038047628510196926 0.2190139520390231 0.0 0.03183779348844648 0.10081819789693791 0.0 7.387943559997342E-4 2.6429208034683536E-6 0.10811424446130193 0.0023853228768939403 
0.020586721528463785 0.11507184745294763 0.0 0.10232396308917355 0.08116830033380336 4.0574364347459416E-4 0.0 0.06112493847534004 9.07090404058042E-4 0.11969776396840884 
0.005267085345517724 0.16741980575130366 0.018162203050030693 0.006195503750357489 0.17321534073250056 0.011373917545103878 0.05250219584546552 0.03154020014510791 0.0 0.035771320204363105 
