0.0 0.15962079522893913 0.0 0.010927365889604678 0.17132756686516581 0.040136405761149345 0.05145647231369398 0.03117344686058718 0.038124369361835504 5.04740594086949E-4 
0.12462117908953468 0.006185257675932062 0.019528925692019743 0.0303060553086468 0.017730102616913646 0.17442361203438445 0.0038007065137063215 0.12057858056345103 0.004110781046828495 2.400483830327331E-4 
0.05002949541530569 0.13264640867518812 0.009686223688653458 0.10399713995275163 0.005154979446915892 0.030018340580639416 0.0 0.17061229284234897 0.005002403117196944 0.0 
0.0018623909222071564 1.44002759319062E-4 0.03111260805059554 0.15890230300392152 0.04013067095725592 0.039125719868478515 0.054073101070527874 8.344058381337895E-4 0.09762262717931425 0.0787340547985058 
0.098961869396322 0.0 0.006669976539507217 0.014515951450842739 0.1206968732788597 0.006879917933067325 0.06462361043241993 0.005921101482208324 0.03826476851823569 0.14653522370659314 
0.037379725076999805 0.05047981492476373 0.02352297851034229 0.021675077417829335 0.1297970023299413 0.09481932240231099 0.0085330788755725 0.06703028723787571 0.056581850250153755 0.015168565552495742 
0.0017718889642656835 0.013407977078807882 0.1414552364408193 0.017830492684901066 0.01513744170927892 2.026913227362603E-4 0.08865923630915461 0.15413331473044706 0.03330558736620342 0.034375303513961994 
0.0326021926000471 0.0565471850183118 0.0 0.008789916188672909 0.1261130415843299 0.15333835369860538 0.023654835500969404 0.004799892691524948 0.04769670556589667 0.048091941127639 
0.1117794068897461 0.07485119525891935 0.10079422067689527 0.058082847368291196 0.0 0.13167565196235456 0.01277351424837717 6.576883261330417E-4 0.010869928212162554 0.0 
0.09465628227780017 0.03136680761803705 0.0 0.06929690870650304 0.02023342401490806 0.13080822402822861 0.11010577427794362 0.034216585300842275 0.008956270004970969 0.003173683545116656 
0.0 0.07518826972758694 0.011123910826568079 0.014029787488892767 0.037077439325677385 5.237894495161167E-4 0.005175312773685262 0.0031042155018267603 0.2332276993087164 0.12413747457322913 
0.012577000057427895 0.07396914932869847 0.02575690806023801 0.09070986557898503 0.02941090408349068 0.15939399819381866 0.024559127905968148 0.004422436655826592 0.03444865029296732 0.04827283033431473 
0.13173237886132913 3.2741045388138065E-4 0.20931475637367863 0.05249046603983816 0.035667731476397874 0.0 0.02312268167782193 0.024864776926295108 0.0 0.02406059718250934 
0.04549360983450109 5.221420742556685E-4 0.003036663000726557 0.0792971005238574 0.23925203812649187 0.0431566323796153 0.0019920882580870404 0.03285723054906238 0.01234069952875665 0.043322853241617644 
0.0048175054873087 0.04766810992668455 0.0035375021269145944 0.01103658457638139 0.011868470266315309 0.11526608167019815 0.02482717757504923 0.10002450477124879 0.04168409596405838 0.14240346748619054 
0.0040843745353429314 0.025966850928342167 3.7752225408439825E-5 0.16592294516048933 0.01546008750620472 0.0417719497810329 1.9612357845705397E-5 0.006288532464777859 0.17412638072518252 0.06980276818978899 
0.17840404082955724 0.006902847353043262 0.009383713024425928 0.08711148117417428 0.0026861659374453417 0.0865459535372827 0.03301756971625553 0.02051584521694475 3.396064928791501E-4 0.07685090480372991 
0.06486835687386422 0.021814012039028278 0.04736021980111708 0.003919637449256877 0.00869775416804806 0.050475391434135694 0.04671236373902067 0.10729879982646497 0.04669674963518926 0.10403239523183519 
0.03227480166807526 0.04806537827655725 0.21300479173347472 0.08835099633229611 0.027093457004022218 0.04343268925488085 0.0028887675239213165 0.0 0.03883021584274294 0.010274613019482341 
0.02852560649072997 0.014625976041945519 0.1475696216487869 0.0 0.0 0.026809409056146823 0.08886777314553768 0.02703427961011726 0.06426693252812338 0.10301943223719051 
8.93493292295358E-4 0.003087263164077325 9.148427981499385E-4 0.07175171024529328 0.005248658076579158 0.016274274307336235 0.3741691325898616 0.007071307267404063 0.005519018448381092 0.023014629937518547 
0.15207634323573424 0.07797432645070515 7.469544838211302E-5 0.009979450597742847 0.0 0.033751193261135785 0.11187838492971625 0.03380551225666285 0.08086353136100663 7.802214312621466E-4 
0.015973175925896962 0.05997138999226543 0.10283618397518614 0.0 0.13037461079308282 0.002213761036349258 0.02105448691480323 0.1632853597544644 0.004749564860964273 1.1047122851954588E-4 
0.0046772108738319254 0.0021748844526416978 0.08358539855857779 0.06584877310100797 0.09961556492731531 0.03573317069238405 0.11914163651328336 0.0900509180081747 5.411979247599377E-4 3.0581575080203174E-4 
0.06828366737879267 0.1373869918470926 0.11224711820174882 3.027544771236055E-4 0.0 0.023299586793535554 0.043662366189399525 0.021287166172925108 0.015663461667231055 0.07842292969727724 
0.0013169676013004721 1.0182983940682008E-4 0.03140607272221433 0.15749108342338905 0.12515147877119448 0.03642273166248136 0.07024275888112189 0.001082616606392508 7.529815347846857E-4 0.07876390767997737 
0.17714159996029513 0.05017997912354713 0.0 0.046346190442521924 0.020029621256165125 0.018154200503848736 0.022869784602631844 0.0055073238277209835 0.04247251441215237 0.12051970288111068 
0.03248990160747095 0.001150742197453775 0.009546788651797058 0.0030963524653634385 0.06734700671432305 0.02716271224965688 0.0 0.07844245481701398 0.1292990555913142 0.1532817934897341 
0.10717572703768408 0.0 0.006332284324746949 0.07782787696180718 0.10703078428771479 0.1976478897888843 0.0 0.001775219455957255 0.0042723065799731424 1.0222222350379406E-5 
0.0 0.0 0.016567777805892442 5.050340057869395E-6 0.069228885834956 0.03277182161779463 0.003321752060781342 0.006663753520255372 0.17867221739637842 0.19343926278205434 
0.0 0.12222026726827057 0.18622436339447743 0.023283873419853534 0.0 0.14693102618339415 0.0 0.013738619677297169 0.010909445749945904 0.0022155543055374263 
0.02849852925775505 0.0040801443974290506 0.30775253934765484 2.888034595294011E-4 0.023833591656850783 0.0 0.004118449014062865 0.13137608379968638 0.0016480476513167281 5.568836376304956E-17 
0.06633423412920014 7.613353771745505E-4 0.010033504891280886 3.894211349758485E-4 0.004519903299662378 0.04013548875024446 0.2673591810010173 0.043523506775309695 3.463967079922739E-4 0.0697584228652477 
0.013104352049942836 0.04052269539971097 0.009690940209263059 0.05876888226857989 0.005132558336104881 0.0064810346302278405 6.712579326752365E-4 0.10398615671517068 0.11418434061865415 0.15239937896325711 
0.0040483747175992044 0.03574574578778948 0.009308499590115517 0.0030593559961823178 9.6265817133845E-4 0.2768938297595566 0.050612399448327614 0.09802112429560082 9.074350976353001E-4 0.021624817342552175 
0.004096657481666987 0.002192235085119676 0.26846857032067745 0.018406764212517197 0.005779720806812361 0.05397616777499243 0.0 0.0 0.002918044987238119 0.14489385765324497 
1.232804845298633E-4 0.05677224137943632 0.04963290049592363 0.0065143901054587625 0.11416083265277006 0.014015392076940358 0.15939587797037025 0.008993067450935987 2.4063434476947215E-4 0.09117137138660443 
0.026869702275797835 0.027103640236653178 0.02572986910488654 0.04274514735111373 0.01126396561343308 0.07000682424434154 0.0 0.018634950606341735 0.2716399936670578 0.006456805451892855 
0.003459570121639074 0.006630343206897383 0.015736260425286152 0.0528886128749595 0.03839116351961613 0.002361328533268154 1.1574712606277407E-4 0.08421402228779505 0.26539389042513917 0.03724376802813345 
0.06965642223603077 0.021944989180311104 0.00487047317402295 0.1629165189211812 0.010009355463364157 0.016941255712731834 0.022587451260207714 0.10208039950001983 0.04390869760912084 0.04632381957104724 
0.14585133726061958 0.003662576112780729 0.032013172095986746 0.050686920575655735 0.021002328343522815 0.005192647512469106 0.032264473215266855 0.03380920035814892 0.010275177980945035 0.16741942210977667 
0.013394784465572308 0.13253831470067465 0.009835812052804892 0.03664733116020595 0.025803988140894935 0.07651917643917013 3.620704949630086E-4 0.13476936444123047 0.056677600923486234 0.01506727971915926 
0.031350393782329976 0.04668870011236175 0.051297730926342086 0.030338638255535448 0.011350780935951002 0.0010418677365603758 0.14961494126544847 0.08228158870324 0.008611472920888083 0.09177984049984476 
0.007115876151994408 0.0136808485886015 0.012035665540450395 0.006461681890185058 0.1679625419244356 0.015292897035669677 0.024437539768362257 0.12131920962575073 0.10174400160699071 0.035003794075813145 
0.005489881646215686 0.014555675174760124 0.014487245725884666 0.1743569427166411 0.01845636982183068 0.0 0.0 0.11699616687953467 0.0034221713239288663 0.1532036405180122 
0.04913407055412918 0.0031220317833615774 0.08142703023038145 0.011203137160681846 0.14554840053367346 0.0016619799006722393 0.18548010761297218 0.018173934166735385 0.007023515385164131 0.0 
0.13796738084691845 0.014921829975264934 0.00238969738961115 0.046050263161835095 0.18269331338577105 0.032628845852310295 0.0 0.02996401107872303 0.0 0.05608622857883613 
0.04421840927707068 0.34572863933529324 0.0 2.4093307197968112E-4 0.0 0.044485268051605 0.012290344819815427 0.01001757464500241 0.010799771614694987 0.03331906193369333 
0.01727510781129816 0.007895796704111212 0.03616260081730548 0.1667138836153197 0.027021230446496517 0.192680992355773 0.005688380934841508 0.0 0.047956296672681774 1.1067778734435323E-4 
0.09613132447066802 0.0024140216970866776 0.020190895765352834 0.019467566075650436 0.013543536253640688 0.013448265619091892 0.09368441293559863 0.00234462125338902 0.2001275795042309 0.03948779665999564 
1.6955220894784924E-4 0.024390602966185133 0.22886648323928238 0.09716196646904805 0.021305700602673235 0.0 0.021409613497490983 0.0 0.005534939693685689 0.10326506303526843 
0.0 0.13201987230568807 0.017087544528496344 0.002357656195213047 0.06662827904715864 0.0655117584428939 0.013216010390806086 0.05587207623089947 0.10102378418943912 0.05312580434775675 
0.04268188593148185 0.08481420893987235 0.01798562808791006 0.029364394458822222 0.06460752600664714 0.0755036687228301 0.002438538670549277 0.18566358187778337 3.358820246346247E-4 7.223114136613775E-4 
0.0042011704436163205 1.7851582556925596E-4 0.052649653464220424 0.00846175503980995 0.04496609086678857 0.05127142845381587 0.0015123723310508173 0.051348850584408294 0.06661197918911481 0.2205496185976436 
0.034429437582205236 0.051858366587733816 0.14755084384848957 0.11866535926444781 0.0 0.0 0.002232401713177693 0.005393271758945121 0.1440907846121004 0.0 
0.018966038884017166 0.028567059651096953 0.07205346340618579 0.06068621443126943 0.18194819731814532 0.0 0.002293939091498447 0.0013045866275083668 0.13911004395329768 0.0 
0.08950993071448503 0.04578779546961618 0.02519903409010896 0.011193396400458624 0.06327883922205013 0.0016415778954623449 0.04174848924039395 0.15787243774016071 0.03057816271415967 0.034762472547437855 
0.053428458171749724 0.029128111201355767 0.12864212923200652 0.03682353167640045 0.10084315492122078 3.0955726639029125E-4 0.06115842343943472 0.015615021998069774 0.004781905609555875 0.07322837868186158 
0.057311364510957315 0.1221236468875161 0.02386055076947554 0.002870833279878165 0.017887949715726204 0.006400289045270515 0.10770899571046563 0.03153347799286271 0.08992488903574504 0.04580540416330488 
0.03041296165002568 0.040967519432843096 0.12537406195331888 0.014120159702567624 3.336968505839097E-4 0.0 0.007936781388404522 0.0 0.18292640507154626 0.1000675132010634 
0.05381701573598195 0.01820193952368282 0.03934864256388866 0.0025448809206554943 0.015717943511656788 0.00662424133316759 0.17240258015388935 0.024634215453138854 0.027424087866019763 0.14164341596350258 
0.1543473517967961 0.060490781861405066 0.03672134412229401 0.15591104359314634 0.0077708836458871946 0.0 1.0694075897859658E-4 0.0 0.0668422843258256 0.022798100303951168 
0.09969239128231862 0.027858745111800882 0.004362209434681307 0.0014948638383821813 0.1939681661214856 0.07235338120398095 0.004155747401046784 0.07172054463463191 0.0 0.02619183256802664 
0.015670062511994154 9.368642998470348E-4 0.034019959575212984 0.041229893265013036 0.007969918918626742 0.018771488933020605 0.24285238675593102 0.0 0.14003923673052845 0.0 
0.0 0.018454006770191014 0.0287555883414967 0.025318692415106463 0.02679998441944367 0.0106624987952649 0.06984366298685783 0.0068435054811130155 0.2686795723620766 0.04794821954427109 
0.059225298388716145 0.002097668710606842 0.017402681405063885 0.005644289136154796 0.12430835593785915 0.005941117794632985 0.0 0.1195742205059902 0.16709380865688736 1.3211089468578306E-5 
0.005335622455314533 0.015384122605303781 0.10277334197067443 0.03186344778684102 0.23707005135814874 0.0069699056311598425 0.013989603707755743 0.0 0.08193806932024743 0.006110323424109634 
0.06298501987156865 0.019679531798262106 0.004395297792089668 0.14702198129914765 0.06971977472444464 0.03407736859756602 0.02696859935409167 0.020011719913835484 0.04111529941329558 0.07509641937041096 
0.1039780928693842 0.0036827436574339853 0.03055278187769825 0.009909319766172339 0.007731023230313958 0.037255890287647565 0.0 0.10759026800032978 0.1773442719979959 0.0226020650568487 
0.07093662969366543 0.0379026738460488 0.018407522175693677 0.008524617650491657 0.13639191937978626 0.03195213425914879 0.0014056363842494344 0.09106102064848905 0.02771901504127642 0.07706875033807749 
0.006094788717672612 0.05472584290205724 0.0028142670643317848 0.013727986352032269 0.3140923173086691 0.03446835605261218 0.005402360070426997 0.03586048061009941 0.003243794644391959 0.035032086895125235 
0.0 0.07422309742184319 0.010981116070148416 0.045695356394631 0.048368802754061455 0.01924375376574535 0.007447720273413017 0.0025575620704596886 0.2940689913495473 7.211507189824445E-4 
0.053755098972157085 0.18764294427821263 0.0 0.02380127180880534 0.11230638614872769 0.04358544637523878 0.026393978746569055 0.005692699178731398 0.0 0.0480533123755527 
0.0 0.2595084848631461 0.0 0.06561004112432073 0.028208786557489977 0.02944063968103692 0.051558279950973535 0.03123512413514631 0.0381997991725664 5.057392332281983E-4 
0.10193475102477174 0.04411406699337531 0.011297913416211 0.007050806652555398 0.04472484412604992 0.020130096300269157 0.015066378897526676 0.006821293213086665 0.03068432740147331 0.2210379789869901 
0.06952750694016065 0.07743577673356808 0.22920439745545867 0.0 0.059633293148144764 0.030563343538071736 4.5129473109596624E-4 0.03943281028571032 0.003515012264818039 8.980018072186989E-4 
0.04918878378236171 0.10000125586599565 0.061323562169350816 0.03776760847613596 0.058725906072653135 0.002846635338148923 0.017837995814623482 0.09218683427751317 7.967358155202153E-5 0.08511670790487882 
0.10709694565193312 0.07919989981912445 0.00739805968289097 0.03900040837701867 0.13016670382866227 0.13752295299425626 0.0 0.0026227333614440088 0.0 0.0 
0.017576843869831455 0.05067725420499553 0.013608128975532284 0.09081557010332592 0.0 2.83730244632735E-4 0.02341884810874874 0.10941242534262949 0.170328411409663 0.024936320828674412 
0.0 0.23214866834217163 0.03199849606377398 0.0016577990707899173 0.0141874248532262 0.0 3.721463319836091E-7 0.0 0.2218189321005085 2.6195970105015283E-5 
8.170886228216846E-4 0.05505950385791886 0.02468331416587097 5.377084950120685E-4 0.11791145181461984 0.0475718416017189 0.10096783548054661 0.09120034942557438 0.06004507911346994 0.0030157364242287617 
0.07842967930709634 0.02373478343012268 0.019677766269360457 0.03141097397650341 0.24165858361583428 0.007014045383741491 0.014078198543762566 0.0 0.08245697535688651 0.006633207008790616 
0.14060938892295682 0.07684040267957205 0.010686560377016176 0.0020569651452902542 0.07328749018702838 0.006119397764986753 0.011604463368068658 0.08118162314591294 0.07685020134073037 0.02653123989809109 
0.021404658641518862 0.05675154374727486 0.0854068147603827 0.0364388835936808 0.027343805805852182 0.0 0.0 0.1169959566396593 0.0034303562096458635 0.15320697368063396 
0.0988730153790874 0.002482870237102883 0.020766745475710266 0.020022786231125873 0.01392980150504461 0.013831813726692585 0.01843542742989145 0.0017057775636384212 0.14559841359884693 0.16786393850175138 
0.06854463811828101 0.010301120492624615 0.11864151470932094 0.16217956594858263 0.023734383154588853 0.01965442574881879 0.00326270989307873 0.005931055650903313 0.0908820693325233 2.6891874719436204E-4 
0.11294584923455302 0.1682050605316561 0.108352145561821 0.04349388115120727 0.030734890762728232 0.0 0.0029622908744960596 0.0 0.0381850214614119 0.0 
0.12941716850587215 0.08866290774465982 0.014698479335507119 0.016705435765228333 0.0678728693566637 0.030548734669137413 0.013228677396105795 6.170011866940087E-5 0.04413095819515954 0.10064724992084735 
0.16524780294433297 0.10174075349780241 0.05809407323900202 0.06715081720306448 0.006809735493338425 0.079304676314793 0.0019282510114555194 0.00470728092701328 0.017196126587565898 1.3224045083487545E-5 
0.0 0.023387812751616638 0.21794188257169114 0.002015673770117887 0.004514677632013099 0.014744075589533105 0.002967515383420639 0.1475975793260458 0.09187434948381759 0.0 
0.009813937605865958 0.0791278411034813 0.042399825869953646 7.001440018411736E-4 0.18592589168077472 0.1727048914325302 0.0 5.711987879332219E-4 0.008966486440641262 7.894796191040812E-4 
0.21513459423491826 0.0049248015603777446 0.011668449339696388 0.12527951015972166 0.00620991404462146 0.03616140795274532 0.0036097498927654655 0.06468650583948658 0.03935707104510763 0.0 
0.007610197515593064 0.014646254743300372 0.0017035239176239863 0.04906688526810978 0.09403416398207823 0.08057221495661154 0.0011558184195557355 0.17520486040110292 2.8207376853156985E-4 0.07673673724486849 
0.19007706433570004 0.0338056896636157 0.04312177039750937 0.07162989422975519 0.033185102432987904 0.04352188692501668 1.516569901287949E-4 0.0028818917309096142 0.08292692128814125 0.0 
0.22779050034952164 0.0 0.01670388210540419 0.0037031431123956842 0.14895192122462655 0.008664822649323159 0.010863066901583724 0.03676446129780014 0.04744895857700989 1.0836959179934181E-4 
0.0 0.20520973843148385 0.10181957205043614 0.002564420955186181 0.002061690500824082 0.007181588273361695 0.003239094348034737 0.1790012435202405 0.0016517700117646126 5.143262341088566E-5 
0.08295788878398591 0.12354536974183802 0.07958384749807998 0.14517971902821328 0.03061208438411443 0.0 0.0029504545475832356 0.0031639552484637452 0.038291322399358965 0.0 
0.0036220293202084593 0.007678009431723365 0.13780937164633553 0.13503412868644213 0.048155625758472945 0.006857150537726684 0.0015680015576747992 0.0993621390353879 0.04021307358903072 0.024005039628135688 
0.20793182542545408 0.05810593617676214 0.009098409206303136 0.0029134463674602637 0.038366017704026326 0.06993095025326851 0.004112416631290761 0.06885972868141547 0.01628613100031285 0.026191767167365994 
0.04996793786644136 0.07441495256733648 0.06717588842598039 0.03330066785161941 0.14380026225230946 0.001405187736683607 3.062030247094286E-4 8.025081947763123E-4 0.008223626225808736 0.12237485255562533 
0.002104757431777148 1.5860520091403108E-4 0.0350973565734709 0.17925372182894186 0.05359926476855528 0.03647538326452318 0.061219920127303346 0.07159584313771564 0.02235365148611754 0.0392551454331411 
0.01576263853522894 0.04544818638123695 0.03554129293746452 0.07814899972072191 0.015175229646925812 0.0 0.24050298040487877 0.030965660722422836 0.037763718464330534 0.006929044752908 
0.09339910606735434 0.03739040216956852 0.008322893005243904 0.00208153435529152 0.041359119676020586 0.2114149076428975 0.034321377020754204 0.0061477967465774185 0.027283774711138423 0.04283781186021951 
0.07797766637334869 0.003313421265674705 0.03594063276458832 0.017637914511835193 0.08467284608920982 0.11435698620453072 0.05120759912638954 0.0796743083937303 0.011406023765195703 0.024780242495765086 
0.1393797590808967 0.03528180352140581 0.03426659897715124 0.0011137354352728183 6.832530368635081E-4 0.0790590871729815 2.2442202196737594E-5 0.0 0.19442334403896053 0.016591349034819097 
0.09790088972668737 0.027924449645485374 0.0066901691857028656 0.22378504834843146 0.02978279581380686 0.0439406841833148 0.021893226682875383 0.01715607580025346 0.03248409535399351 0.0 
0.012418508325550451 0.15141767822693697 6.433301235514757E-5 0.040701603527823114 3.8496813722716135E-4 0.012193756952365914 0.14519927603149932 0.06410679171978022 0.00209743791819644 0.07496815500983588 
7.044137566531386E-5 4.478386311687689E-4 0.0010520292084545049 0.023015031654564522 0.001683556132160335 0.005220125583877343 0.12001824627283371 0.1135694591369821 0.21577955622084294 0.022821306737971035 
0.10842658505005544 0.008190149388031663 0.019722885533191504 0.009133769147749786 0.14613820306200104 0.034235367504622354 0.1137578455765197 0.0433969048039656 0.01779530858178732 1.1119927615331193E-16 
0.02631810068132658 0.09209526584687722 1.4875826311799145E-4 0.01489115078277636 0.09834078303936508 0.0214688633301107 1.9613826333795887E-5 0.006289003322749341 0.1741394185515544 0.06980799471760255 
0.23046835201847143 2.9937194336247125E-4 0.0030906573221775417 6.89767293195451E-4 0.05547762767290352 0.13465329540651313 0.03095711400326827 0.02382454498552802 0.004891991749023117 0.0158012047391742 
0.0 0.19168389031265634 0.043000300332301095 0.0906182254757662 0.01976902781965254 0.01339755783365894 0.020636731096974528 0.0 0.019733125806303684 0.10326506303526843 
0.006869372614589423 0.03361450992333376 0.05481903731184602 0.0108487688154433 0.03389967545283055 0.23450043568202583 0.06894352746741336 0.0055072231103793666 0.046984427824482485 0.005730774777824052 
0.12079171147523195 0.010336937418823753 0.023780989853036602 0.0018684633362368512 0.061305070571079645 0.004724744632137426 0.247441398030942 0.005424193254653949 0.003378374317718256 0.025877572357333022 
0.1288812046807049 0.036158119813391426 0.03127700481635291 0.014054836624483499 0.012025362806120715 0.0 0.0 0.057608964673789495 0.2218290195285787 0.0 
0.19504851974567888 0.0 0.10031876930882078 0.03675117160654043 0.019123122325101462 0.022223778000117093 0.0 0.11961266771993258 0.007645644955216146 3.0873099072522753E-6 
0.057830288070578384 5.387614491983866E-5 0.031261696390965064 0.014452824424623915 0.0 0.00903180086449546 0.36912171036134495 0.010797274420513286 0.007953871592974275 8.387950061013814E-4 
0.06571316139294303 0.0037346874359133575 0.16722377973489277 0.07128185653763128 0.0053566534242481 0.031103614199278158 0.03700840612026984 0.06122475247690159 0.03773648606302636 0.021602322287765582 
0.24885897149782243 0.005906054233862654 0.05139887529043022 0.018722431472129673 0.024649503648467384 0.02429168175884152 0.12711209013928262 0.0033656144476928384 2.9595803943404324E-4 0.0 
0.03587160160062333 0.01945026649442026 0.18918951900565448 8.276261222952332E-5 0.010216705423462232 0.20356256087557184 0.011266294130253483 2.4850683599694765E-5 0.03282709242799622 0.0 
0.0 0.20850570471815463 0.03851670855556096 0.018514253290415183 0.07908839619777201 0.0 0.030864129317132057 0.036102642188963974 0.007532254863810063 0.08143635108726842 
0.04903929711632568 0.16944415462878368 0.050211062780284824 0.14410192993183685 0.004339191147019999 0.04477786761960119 0.02762531592246841 0.007328797039975146 0.0057199842318423665 7.211524412940645E-4 
0.009263467566014235 0.0765229477067632 0.010800657151324918 0.163111041926244 0.09468780551013038 0.0 0.028286139779442027 0.02098938470172766 0.022476266687697682 0.07478023993141075 
0.006359090197849536 0.057099037766220946 0.007989487396407435 0.12065688183841211 0.057217094657510216 0.0 0.01990018508652847 0.11605562783782769 0.04172097909779402 0.07527690677076135 
0.008351081891627699 0.009493234528531666 0.0 0.08375673164839012 0.14975977151306044 0.014972840035848608 0.21759059413874365 0.010910368652593568 0.007990773070944927 7.839977112546254E-4 
0.11479279310278827 0.12592071365943622 0.08330309304385648 0.001407767329010199 0.13319130119619774 0.0 0.0028607288675018623 0.03203479262998744 0.007010527759978201 1.3190909361228733E-5 
0.1854540971488321 0.0 0.016414800873138416 0.09011125023379155 0.0 4.506063284541982E-5 0.06854364362128683 0.11966586393823467 0.017745160804535816 0.002895772224796046 
0.018573120761604195 0.020313647364938042 0.13038815661752873 1.2815905001098632E-4 0.050455624006995534 0.10188718557166525 0.028815103523603298 0.06112344729516729 0.007514320809837875 0.08381303741091602 
0.018843118584827755 0.01884242331157486 0.12303654014555099 5.440147189252055E-5 0.11038890084156906 0.21662781999868566 0.009418180242740156 0.0033783695735852995 9.490250203921841E-4 2.4016981319802556E-4 
2.475770302555052E-4 0.0025806862071615154 0.004315333566992965 0.031851554005361084 0.16289258657317324 0.07711068473301531 0.00781593952595764 0.015679525014865872 0.00763456215020786 0.19158145638342575 
0.05012952639049567 0.026774403568799135 0.013006430122985599 0.008902586889598848 0.00415411759673088 0.012088392200095364 0.05374299831205462 0.1306279512931888 0.02092833723740502 0.18005997955378913 
0.004372084984506847 0.027864727984215003 0.05027663446050939 0.17282416770927572 0.12474085176885537 0.05342709079719124 3.803311465429508E-4 0.011684837661732837 0.060766832930540735 0.0 
0.02853421760216286 0.005236299298555525 0.05107626204975838 0.016714861525453387 0.0179747489495038 0.029272972902798292 0.13402783127647852 0.12875400432752124 0.05156283403761486 0.03870815723938717 
0.02771503593474392 0.10405627762462923 0.19387932127203367 0.0321083765633235 0.0 0.018339920464999077 0.003044496985266829 0.03331492537542898 0.09092813112123582 0.0 
3.486581381089912E-5 0.0621106317133571 0.08123943148085191 0.0013175715508820308 0.046069465535343496 0.003846732692191628 0.12422712764878142 0.08058544680756966 0.07628583381688926 0.029105868436188807 
0.0016090780084182458 0.010116313364747897 0.13333523452053309 0.03069930176150468 0.003219052372683923 0.13356155366153788 0.0031864011594994386 0.1670710957139426 0.003991912929674699 0.015717615594630144 
0.004194610905006778 0.032796229996472796 0.008461245899753495 0.16690357645989917 0.003951221941464505 0.025428728110665606 0.03666307427977883 0.07169400849801363 0.11816700085636961 0.03335316273562896 
0.004881720243369252 0.053869192550313624 0.032179038443914905 0.003589836664870151 0.14322992917584093 0.018653125024142944 0.007182940652343535 0.01466376673568149 0.21920132074467444 0.009174744898053252 
0.009838773977397923 0.018856229505859044 0.04475281729526239 0.15041149326618902 0.021971974416759122 0.0891795580164174 3.241856722308513E-4 0.059339174180728996 0.0027403239462931487 0.10302019503652042 
0.30005432919069447 0.011609766361749383 0.013020779005774431 0.004540912945051423 0.0031382134888684465 0.038373548521124665 0.03299117123504687 0.020499442218205186 3.39334967879047E-4 0.07678946033087002 
0.03133087648717228 0.06676234163059008 0.017515178910906884 0.036614766755744675 0.010821022542866932 0.13236661211090806 0.13806795654615578 0.02091422364201453 0.006479629476271239 0.04717910549971125 
0.10590799127817992 0.22546425881038173 0.009963683794371318 2.8965606092165163E-4 0.026190011853809484 0.014729549362404806 0.0029611052742375536 0.010474063902363887 0.02778027358125846 0.0769169998346007 
0.03590634902648793 0.0030364109296991022 0.0029930057742840305 0.01123259781916348 0.20241410940339674 0.009903058666488565 0.0 0.01909273012283132 0.07861427899357602 0.14005587781893042 
0.2975391219032192 0.029007566396682456 0.06588083454636526 0.02399759533941959 0.052496005222319855 0.032588597568504955 6.785364475638396E-5 0.0 2.9435728402033235E-4 1.32264933409877E-5 
0.10243247147896295 0.03463683506272017 0.010603284424633968 0.02667286916796486 0.03502059552586437 0.010585866676061864 0.0 0.1277001923913957 0.012326751572904629 0.14216783671226457 
0.004446324514609299 0.02975133205594406 0.17026617069247052 0.0324510622802263 0.0043391087347535605 0.016919486794473474 0.09759623414974528 0.030052550656910364 0.11937347860605711 8.899553477242895E-4 
0.016741306762903238 0.03208508735686816 0.07614979717648691 0.02940281108554766 0.024473469590256237 0.06136324028606171 0.129541502662227 0.026124560472922786 0.002748708407110441 0.10333540185352538 
0.010082263640452458 0.022883547263967123 0.01574945038504095 0.23373190028324997 0.11438183591952968 0.07588705260265059 7.977575516284196E-4 0.017444675346932483 0.010242786507791986 1.3208818489581947E-5 
0.12862240724573873 0.04012966969476386 0.10679280889899538 0.010808311112825982 0.02966365806584349 0.03208335219379648 0.03731792284634879 0.033437623017894866 0.0815777179774687 5.738898492841056E-4 
0.055212453098100606 0.029489217387703364 0.015517570203735113 0.009928056322777108 0.0046306161163417354 0.013516788788675217 5.91366043447469E-4 0.09974097807883596 0.015979832837900002 0.255772620626261 
0.0208270228115831 0.16283937789203864 0.042103741538583726 0.01598416513459447 0.004498231453220689 0.028480344831409547 0.04213367421924543 0.007607625916362019 0.14305363570436372 0.03330103262979479 
0.152560672218565 0.12027552355734629 0.009330913553437436 0.009490320068489511 0.030217681221641524 6.32762736118116E-7 0.1302572457930903 0.004431444649060442 0.01618847150458584 0.027969817706065703 
0.059157838937780705 0.006414406127718359 0.03594520677974633 0.00496655668699871 0.02584607852630647 0.06489926472877923 0.20233255252091048 0.08778486425557697 0.006087647414823327 0.00910066734506643 
0.007703063084081864 0.060227619272467336 0.3355999128442562 2.493258156087928E-4 0.0 0.036570027703103726 0.007055256306836006 0.010027472242719614 0.010810442041287043 0.033351981945075417 
0.04422596813868226 0.001012408616443925 0.1668544979196111 0.00837324520141463 9.187291721853626E-5 0.021895718883195386 0.027578046749822248 0.047082453839201524 0.00859160097491195 0.17605471343287624 
0.0 0.15991636157281874 0.038843230120356766 0.10659555445722943 0.11283201959241841 0.04489074523859149 0.027694954787625493 0.00609430472461382 0.0057199791009889984 7.211517944168559E-4 
0.0 0.02582566909063742 0.21398901465617734 1.4817213943935412E-4 0.021155840828191465 0.08442100093498242 0.003947092951327228 0.0043398466942763565 0.10835238601159085 0.03813105767213791 
0.08501221942937709 0.03940535555512574 0.07206567539763913 0.04967573273995591 0.021357891535125004 0.02229057204395514 0.03903663664107945 0.023649241062001225 0.028922448178636827 0.12242730858640137 
0.031254717019747275 0.024568730676677874 0.002332205686083753 0.1580759941404006 0.0020611419236711607 0.089810211201946 0.10720532730513505 0.009442391749141823 3.3975295468144015E-4 0.07688404822784337 
0.003914313926505661 0.026191532582931408 0.1498935223833726 0.028568235313466316 0.00381992670423892 0.14004046390877886 5.184377422870024E-4 0.029814062216765976 0.11842616484782133 8.82892916814515E-4 
0.0 0.10019317327630747 0.020528885032837067 0.03370863012218201 0.011337420470563384 0.11344942631527215 0.030295947908983913 0.025077316709254612 0.0 0.16733588508886874 
0.0 0.15383763505860987 0.028418020324377746 1.379868382061208E-4 0.05432477867029545 0.1097003339955249 0.03102476982673656 0.035887770644710174 0.007544380162745421 0.08213877459893609 
0.259792801407314 0.0 0.04393763647381082 0.0029602416182715804 0.022446553219622196 0.009596119584664534 7.628386570095566E-4 0.015062292591180523 2.836070353886786E-4 0.14583982188846883 
0.07204758226093676 0.04912840814073213 0.01568400344289646 0.002164002430028577 0.06115554848897057 0.07442226797133195 0.026509297023734862 0.05667960159577603 0.09287113591805808 0.05276807814197895 
0.0189075743079087 0.028158181133013414 0.13004647772246705 1.5029660433213928E-4 0.012600985178173868 0.0 0.0021140392425355974 0.022408274407948004 0.28671042234564437 0.0 
0.00320966758961956 0.011975319890601103 0.030823203960329906 0.0 0.023341357309649022 0.01002469461744355 0.1736985956594998 0.006283796554315786 0.1740445424913922 0.06975813411274574 
0.1361245439243553 0.05282830534020174 0.0 0.049898603142461855 3.0479110337681286E-4 0.01422632561645588 0.004343155916382481 0.10706385687893778 0.06508674915974452 0.07519414820905317 
0.022150532418399718 0.20045267822100862 0.007704897521167199 0.04968447551536123 0.0069926569262752925 0.13324163417390114 0.0016939615838209657 0.004181002089930366 0.021342120729410514 0.053100915143719014 
0.030616176505161106 0.2619660193703368 0.09782147966997598 0.006229729414083586 3.9694544513301835E-6 0.012453105932205897 0.007841169461657964 0.0 0.08905866239808861 0.0 
0.11434549388149276 0.061072438139714635 0.029667678574555302 0.020316472954463267 0.009475952193615566 0.027574815569959873 0.0011996552170148358 0.20403259475897995 0.03268873857597871 0.0 
0.059594093844160784 0.08875074409834666 0.12538250639260182 0.0642084332279102 0.024022695207082 0.006325036722197991 0.024083473922513865 0.10036145344781497 0.010503685603153609 2.82999319292777E-6 
0.0142503305504944 0.10783300152537956 0.02738686039952524 0.024506593782834468 0.015095030388104542 0.0 0.08831642243017084 0.02252476488517213 0.0230901953037015 0.1779144898144997 
0.02242437053323679 7.942366134467113E-4 0.00396865513843181 0.001949209337400586 4.981574399844123E-7 0.16509165611451343 0.0 0.10821358791686099 0.17837170894813661 0.022733009217194358 
0.0289025290193206 0.18289919893766882 0.027413838496203376 0.00378242795840903 0.10624926431345418 2.7077803314796273E-4 0.034074889419455884 0.07220555312002885 0.043981157669843944 0.0026293776623789876 
0.003455569833762133 0.0066226765660668905 0.015718064646737275 0.052827457971467706 0.038346771962107694 0.056351336057929594 1.679247185701647E-4 0.12217682177845197 0.2107580325499977 0.0 
0.013002091857254632 0.1016589153660964 0.08286735068810426 0.0 0.0036753358486203746 0.023653218521890902 0.034484579209343086 0.06678634606943541 0.1437826958111688 0.033470748375125245 
0.0024963872529096282 0.0011608101431779 0.04461238313167032 0.035145740105239014 0.2932543267184388 0.006582106873758455 0.005096215597814299 0.11325016458575739 5.420306162117291E-4 0.0 
0.07827791637971425 0.025866878846846384 0.013807687286858765 0.13364041758551234 0.0073028150902795935 0.09040090063820395 5.138313401888184E-4 1.0564954482847991E-5 0.0 0.15122303726885436 
0.01285425745251779 0.0064544987050617845 0.25408280539456896 1.6891798261450602E-4 0.025825662454641057 0.13734157572759007 0.03183540383332966 0.0019195707001799878 0.005938925200842434 0.025923336654479927 
0.09762204886531642 0.06777954753228388 0.08932899972283406 0.04428248615669998 0.18772415829689676 0.0018552534622361368 4.042763873531121E-4 0.0010595424852948726 0.010857560615761914 0.0 
0.03953070120963419 0.0 0.017462566592458123 0.12536694870832832 0.06961738199399126 0.06023362948517829 0.022896158731119484 0.004627421927173041 0.15763329389809858 0.0036194058464991117 
0.04311610374787855 0.16187968409080186 0.2775838441822626 2.981671322590525E-4 4.832576896776109E-6 0.002544654691255717 0.003929503077204338 0.0060767202147365565 0.004746925592876193 1.1040984117215352E-4 
0.1869666782480198 0.10057081480251914 0.01694474107860524 0.06152981136918923 0.09781477602013187 0.013205253578116447 0.0 0.0017072817715838998 0.02264351789839209 1.3213604572802914E-5 
0.30641063781563604 0.0 0.019462149959684514 0.14546472790676862 0.0 7.689156497695907E-4 4.480637211889779E-6 0.010347159779370582 0.01782731604233591 0.0 
0.07070235066478575 0.13550263008394814 8.096982634511799E-5 0.051227226100069044 4.8452267472895184E-4 0.015347118793025753 0.020045872100210194 0.05190222811680277 0.0839768058872547 0.07508804028698704 
0.023607267089332078 0.010884005350738668 0.005056226514030888 0.10749617361906033 0.01703836972596241 0.1239489624909738 0.13461881713042997 0.0 0.04470009257197596 0.03415520219127133 
0.028729989694468935 0.0 0.004660224347268619 0.002041867091937194 0.035755276777441676 0.09677151602885438 0.11098606679591196 0.14215016196292135 0.07986107593808635 5.561730838509089E-17 
0.06121107904728419 0.032706143143717795 0.015883814889807762 0.007355875900863602 0.11769232052072584 0.027571434170361318 0.0011995081076476334 0.20400757498206576 0.03268473007455401 1.110916871465202E-16 
0.0 0.17615904991159984 0.1584233214236517 0.0 0.05916818716445898 0.024289084160681887 0.051288177946644954 0.0 2.7571824131082407E-4 0.033448881794742216 
0.0 0.031066248809237338 0.00590221958489452 0.001896531093744878 0.0015872053097398702 0.21552508451482696 0.028070168346388653 0.05030668443173408 0.14360125382375566 0.022597857313220095 
0.19031726954057662 0.0 0.029662454046814606 5.313610744354184E-4 0.22358274697895586 0.035708118088753356 0.0019341125460318408 0.012391307665092983 6.19942499868334E-5 0.006834939022134586 
0.022942840578105906 0.08613903998948776 0.06525884470416304 1.0771833422092517E-4 0.015379894909248777 0.0038277053522119534 0.0022121290576187073 0.002432245983665288 0.2651984845681088 0.03679194167051261 
0.008290582724145417 0.030869950158609275 0.0576181365342364 0.0 0.0490987676777794 0.08535013648371693 0.021658298459466947 0.0062791541654804205 0.1738667002157525 0.06969866898134247 
0.012123659864137833 0.025830758768848702 1.889587605876026E-4 0.0034555743299012043 0.060197791046549855 0.19352915432366033 0.15265039109358525 0.012251251024113582 0.02183487369671038 0.019364930528860215 
0.011925514131625521 0.04210618929673769 0.0036417076239082095 0.13771592482427303 0.022956248029276496 0.07656313174896119 0.0013728525646711075 0.13530829797615052 0.05636669308939289 0.01511088582865035 
0.12896774791324336 0.04674491651123351 0.1190802307591637 0.0031755377298013985 0.019704706748887794 0.020099833489061466 0.0 0.10818118793035167 0.006359292205496787 0.04864896074522846 
0.011776995113127816 1.3516765715531324E-4 0.08936665340821881 0.02709314002475226 0.23929386921499113 0.04316417793250813 0.001992436556980855 0.0328629753432539 0.0123557118608968 0.04333164393535165 
0.00465765406753974 0.027033063062675583 0.017115312810744365 0.003461221562694041 0.032814035159577766 0.3913601795993981 0.0021282252864916677 0.004153016996729152 0.0 0.019092200648058614 
0.060002449110670514 0.0064895509230717555 0.005110345036370918 0.019178863938023764 0.3456077325906707 0.016908770152067615 0.0 0.032599482250354424 0.01663693385070046 1.0872514140964952E-4 
0.05660937352346935 0.02163917751215007 0.1241872689182803 0.051044917318738434 0.014758377090469907 0.07477812062470858 0.0 0.0 0.1304390354065028 0.030012833458085447 
0.04219641709675612 0.08991550603296766 0.020613396212261288 0.047590540138707546 0.07583254314968454 0.017472477896748898 0.13723139163494613 0.020787502670097695 0.006440368877410445 0.04689324348515959 
0.10875730323358272 0.006642481449026311 0.08483938248964681 0.07952527915638978 0.04978369325747857 0.006645020377735223 0.043090926537108845 0.08084542233003708 0.04215111010283117 0.0 
0.18321753653906897 0.08347477459111252 0.05066838264120576 0.016281021362665425 0.0 0.02639175738146512 0.03948084695712962 0.0777463009421348 0.024273947193447963 0.0 
0.017419067111766905 0.050224142799031625 0.012978631804206714 0.04323781230261528 0.18900662642568436 7.246351186832506E-4 0.01098410407966122 0.1698687506189576 4.644555639653285E-4 0.006585928835958353 
0.003198062153638428 0.048170050144652546 0.006521648463278209 0.0 0.05815431718898664 0.09252536189745547 0.13782124897330889 0.0015015481747161887 0.1526509862957349 0.0 
0.01950985646025 0.008856226387373217 0.05273187937591271 0.016386352276395753 0.038570551906839605 0.07086931153159554 0.26888839757105454 0.002035842473002013 0.0 0.02440543117364082 
0.008677025729792582 0.0 0.01323931234478458 0.10115589402343038 0.018847253777760548 0.11303129749117569 0.018584717243364857 0.007076118296201788 0.007131563437368299 0.21350346618155383 
1.3171440923650463E-4 0.10355844425814187 0.1550574727870012 0.07442425073911475 0.032649791132349615 0.032420119482286396 0.043210440206456986 0.005481852435212274 0.005145144980604298 0.04855887591669116 
4.883656144885736E-4 0.008329874415114237 1.3783134248900722E-4 0.041337170630366696 0.04594624845676202 0.07664961868603196 0.009985260599503913 0.1049357708082629 0.0 0.21355314871312372 
4.1174631576080736E-4 0.0047172142526764205 0.05312442789749453 0.04241508687020418 0.3539093985666753 0.017613537038490376 0.027183625712884327 0.0010874258881320828 0.0 1.3189347734791164E-5 
0.06706514084242833 0.14290777489927614 0.016242896409503185 0.040859476506444885 0.015547769820280982 0.052369791394819835 0.0 0.008665964852066572 0.15895484701110185 4.020581655228729E-4 
0.18225057042380757 0.01673968373575736 0.008313463631804812 0.002899266979889227 0.0020036761008674696 0.0873062508372465 0.1042163810944075 0.020499471264486674 3.393354486930561E-4 0.07678956913618562 
0.027362530274577614 0.03148203788736152 0.009788724126494374 0.0693126491194175 0.043918355031070305 0.012754402347515776 0.12422712764878142 0.08058544680756966 0.07628583381688926 0.029105868436188807 
0.03918494304458184 0.0 0.005850169608516467 0.04583908607974786 0.09736648890812104 0.00729376530240877 0.12920781942746215 0.0 0.1506769184632613 0.029087640984751813 
0.024721999961149363 0.18707267526707047 0.030140332641759478 0.00256187569874559 0.03352569005463327 0.005409277278261457 0.001260619108670897 0.14899592163520745 0.03300403147440251 0.03443348476426918 
0.05141846735266829 0.023909382801114546 0.002510388019465051 0.19847056148506725 0.1545635154598448 0.012542677016142822 0.0 0.024922944347358596 0.022151549261780982 0.012665170231226312 
0.029251888958678043 0.10982640201859631 0.18832526784477963 0.0 3.2766113436160533E-6 0.0023444539137460296 0.002669315760459685 0.16328388443062866 0.004749521947464499 1.1047023038452112E-4 
9.122421250893531E-4 0.00884265792567504 0.15126661564309815 0.03788309723275217 0.0266863325975954 0.046056383749565236 0.14620799386647523 0.0010716461269881091 0.04544786696461526 0.0397465064003811 
0.014132664249543778 0.0184636144220586 0.303751976038436 0.027437522481556634 0.032843372527760775 0.0 0.056280180235657985 0.016423846750411655 0.0066048943423281685 0.028178219450792276 
0.11347475605373966 0.0048217609901983005 0.052301572040537606 0.02542409812288065 0.12306518437515078 0.0012162372252144027 0.04912250665044001 0.11930790740537105 0.011993836635316541 2.3978149141909327E-4 
0.04680764453262118 0.003535679013104314 0.08842399027585955 0.03508374368316729 0.07510117517938872 0.0 0.08465090750664257 0.0329326330009733 0.08869780950562235 0.04696553227647612 
0.10943824922226905 0.0 0.016338732938337017 0.12802237126666274 0.014884341694350827 0.021338936081992187 0.02126894744437644 0.013062603448241021 0.15049684875371377 0.02905287917042108 
0.0 0.09428210983377908 0.05135533054937913 0.06516335697531633 0.13815188128393227 0.10543430547976733 3.7597370128152833E-4 0.004065220801022164 0.010165678168828815 0.034882417162554025 
0.027177058420096965 2.531882836462968E-5 0.007844895534450901 0.018795990888708376 3.524847301976291E-4 0.3107942558901243 0.12294557462042623 0.008017735974555002 0.007832285442575537 8.149275416017954E-4 
3.0076965737523773E-4 0.003445798687770857 0.038805971942848065 0.030983085111326608 0.27995309862659146 0.01369663393394784 0.021138523714640547 0.009338824484173586 0.0 0.10296054039076193 
0.022240003128732255 0.2925632437956615 0.001197990118988588 0.0 0.032908105788043644 0.001879642846127751 0.04964064320095027 0.10443256924808453 1.7755494689953186E-4 0.0 
0.019318422031887446 0.00757114676367076 0.009062785848253346 0.16593979176023235 0.030917717621174148 0.0 0.017073221982488937 0.0 0.04021385050140289 0.21524993561559086 
0.09138549233117421 0.011417444229226772 0.16338918113167916 0.004247667143672661 0.04799416285904985 0.0 0.006103526398625911 0.032037688623882545 0.14891674813019934 0.0 
0.022742452336893433 0.1720933341753268 0.04370736279319136 0.02715446161987084 0.023053153223619248 0.0 0.13487697381841876 0.009606167151556374 0.03335452397608694 0.03442581188059712 
0.021286276185291983 0.06137222571404274 0.01648000027100612 0.10998136647627157 0.0 3.43608920583236E-4 0.02836118204587594 7.27486363144519E-6 0.11197876782017863 0.15121858046658337 
0.14069022839995657 0.015254855136069511 0.08550485802467994 0.011812499230790493 0.04088660721135469 0.14426089606975678 0.0021265460555391206 0.04681027843567017 0.006087647414823327 0.00910066734506643 
0.024510885502634833 0.13101864231403826 0.0 9.095313487950701E-5 0.12826377931005103 0.05446575349576436 0.13831288194792885 0.0017059604909445264 0.0180686260432445 0.00826184673202774 
0.040230116368851945 0.019793936130657205 0.0031827207978218502 1.7590116144517676E-4 0.01720811396024441 0.13645898933585607 0.0 0.03012295139344667 0.0023640447627058573 0.253468380855382 
0.09590453838005884 0.14282621975755844 0.034996586197491984 0.0642084332279102 0.024022695207082 0.006325036722197991 0.024083473922513865 0.10036145344781497 0.010503685603153609 2.82999319292777E-6 
0.052395306666486716 0.0 0.008861392327944303 0.272153911935557 0.006203645813785913 0.009872030732931735 0.0015544092550293825 0.0034877096709117973 2.83582977041408E-4 0.14582745031568303 
0.12675096435207137 0.06544726018078974 0.0 0.03786315459753489 0.04071710060478528 0.09320079195256178 0.04653370438718051 0.0 0.05142775783830975 0.038606755699700915 
0.008655095514283763 0.0013039165975086222 0.1310500643165146 0.014157135814217764 0.06139291714968346 0.019957063697366096 0.05604387656474823 2.838933787157528E-4 0.1841773082420737 0.025955965375302426 
0.017234226314719332 0.0024674302068725647 0.18611054851554323 0.10453032263737719 0.005757645905382382 0.02141600864386013 0.0038140469923814762 0.15877417185924975 0.0016485627530635318 5.570576931162582E-17 
0.010844424629950057 0.03613033705301041 0.08435544698772532 0.0019650896598338297 0.0078085085747131655 0.11174784146245274 0.04276223033591966 0.005603873436066915 0.013654268308865472 0.1857470282812954 
0.053295617712207824 0.02905568927847083 0.12520559496321584 0.04194312703374254 0.0729438950959889 0.06184967316537366 0.06910467387699738 0.015174877637138134 0.032750808442260484 0.0023250076367999552 
0.03106263826484209 0.19656866884321342 0.08816518591033622 0.004993310017699078 0.038030198819351026 2.781999627176868E-4 0.03500887001761298 0.07418468164670289 0.03228057558548626 0.0026335480741922 
0.1105951626169447 0.034505242443312475 0.027498331575434697 0.006770224885704858 0.01641792863206863 0.055887402575841356 0.08000537338701909 0.08650248933098917 0.080649196938994 0.0031685453118482773 
0.07829721423285019 0.003277706575075463 0.019814316620437127 0.08915788748975736 0.0 0.14233636185204324 0.0 0.0042417874620720875 0.16333475582717535 3.4023984923238933E-7 
5.0043184679522E-4 0.224404678130202 0.029906982773855013 0.025582817046624504 0.02432835882932303 0.0188958490053269 0.006261670434448326 0.0 0.0802399927590448 0.09108015126650702 
0.17996133952439136 0.0183764487221675 0.1363576897762536 0.025961514079826747 0.05391599808098033 0.03321575905773152 0.0066935446786228585 0.0 0.0475578379637665 0.0 
0.07387345519278815 0.023048218576983137 0.06133576529973778 0.006207684211488873 0.017037131880097645 0.11014433158363358 0.09271226638414873 0.03334572359782183 0.08135351110220729 0.003169985521089812 
0.033514200928034164 0.07971486092600183 0.033329800952987 0.035736030714877645 0.004248020814013753 0.2160355681074914 0.033574158711723555 0.032060667216849165 4.3981598975624753E-4 0.03338118575076285 
0.00867774653467383 0.04967776865018644 0.013090848035806305 0.19420218391390012 0.023048896222281668 0.0 0.13493029461047207 0.009606167151556374 0.03335452397608694 0.03442581188059712 
0.029948719164367536 0.029401967861014875 0.030804092124285285 0.2421829904975689 0.028835161516857284 0.13776750005192878 3.26968014118521E-4 0.0 2.2448160949373546E-4 0.0019080703597307467 
0.17086711419246609 0.25111365181758044 0.02284617081858123 0.0 0.031310094914096046 0.020469503791201826 7.305309875260902E-4 7.155510718359574E-7 0.0 0.004685935220996459 
0.009836018479198022 8.31780306957053E-4 0.009586977256495873 0.01463586163690834 0.0048143019814752015 0.0031925430463304954 0.033136215396958 0.2699599525483562 0.012280434040060373 0.1435449762634368 
0.12900591472932169 0.17377631220012152 0.0013795992801424913 0.1439783097884897 0.011242269215170584 0.008397125214195514 0.0177867346278799 0.0 0.008820862230892627 0.012962897702514208 
0.011205764442460657 3.9689089103616743E-4 0.0019831912146079213 9.740465468844086E-4 1.52135430610173E-5 0.08258334724212299 0.0 0.23778813216337247 0.14580337508501867 0.02272998509439752 
0.02447486200746318 0.04705490570647052 0.0068004285957854235 0.07049643117411651 0.01088860266891287 0.10930691889213193 0.037942260412885294 0.15077988664990719 0.0 0.0487588419718771 
0.1286531192029933 0.02288128468962095 0.0789369613811916 0.15801580982865043 0.03807051495817795 0.0499290502578025 0.0 0.0033049485360131087 0.021600355573100753 0.0 
0.02387181262984659 0.0020187135352448034 0.0016431645090364344 0.0 0.00379917107813242 0.03628662398237133 0.029053740965110573 0.34324122518348277 0.005064334334053601 0.0575086429866671 
0.0334620711430651 0.00282971121553513 0.005320171139578187 0.0 0.005074611181381927 0.003753912452637787 0.0033530798497641346 0.19099565656181283 0.11799757666718697 0.13848059982520164 
0.0898050676222907 0.0898017539955568 0.032808415235160766 0.1146128258586399 0.11968993422123103 0.041744466576182034 0.006527222343450426 0.0033632739428897133 0.005737083639705097 2.4139152661759012E-4 
0.009784413918073092 0.08267097269415546 0.16239043493672303 0.06443120671374455 0.13792311864226608 0.0 0.0 0.045133881645722504 1.819000507193425E-5 0.0 
1.4445573644284107E-4 0.06526966911571422 0.028896489977763614 0.026985965129592258 0.17635852568781174 0.0711525447275768 0.0263806684244806 0.10370146168450979 0.0 0.0030163144747783494 
0.07840826104433153 0.08105791937432268 0.03264840876163114 1.1870011148445185E-4 0.016679049003454204 0.004526059653909218 0.23703599147285376 0.03138427265039402 0.0 0.022868879314780655 
0.03046134970310838 0.041368537266968326 0.013835062497096873 0.011741272995791205 0.007390323309543371 0.15233387616703267 0.21483531270373687 0.003193914004556982 0.02656290176100998 0.0 
0.16903289578874303 0.018281713515928034 0.010613541538675502 0.053015541192290544 0.010481926008505114 0.2340812274363742 0.0 0.0 0.006316175158921283 1.0857129069991538E-4 
0.02248721295942749 0.07987513011643957 0.025415093765804225 0.06543881566076248 0.0020310307018785536 0.02480036435047946 0.0010629809949333452 0.2603241025576458 0.006946161089707965 0.0148171329954512 
0.001063061096421851 0.008571251713550963 0.14801860859750487 0.01554420236115918 0.13352996978709308 0.057677197829612004 0.006995393966162321 0.020435653300116048 0.012381179493468264 0.09921828825572629 
0.09304098785622254 0.026541574642754227 0.02346072972645295 0.017965933359769946 0.0771868477295418 0.015066848628832414 1.9613826333795887E-5 0.006289003322749341 0.1741394185515544 0.06980799471760255 
0.059879640626632126 0.1359078313456411 0.09353766800338334 0.0012570420150165035 0.11767625235291941 0.07807274538477699 0.0030336112372204896 7.945096433916728E-4 0.010226113296454434 1.3187317170382466E-5 
0.0031799897061941806 0.28769643900902775 0.01718590860917732 2.332358236481324E-4 0.007616947533071425 0.14640055852676098 3.584362631787437E-5 0.019603592205728774 1.745197059076634E-5 0.02116533538447931 
0.04027534546064147 0.045783684693454806 0.012848300485548629 0.01569787668323911 0.008211952840085706 0.007230779715869651 0.10422138492938371 0.10928977255102044 0.15940772269092188 0.0 
0.03866518278772734 8.851126579733672E-4 0.14587492219019313 0.007320428921396223 0.13203536203276547 0.03224237567917454 0.04060984471663272 0.06933091225180135 0.012651497208035349 0.022144888227678353 
0.0029255243211788163 0.025831365912409705 0.00478367458586516 0.002089756674820137 0.002080837596015572 0.19655640758829326 0.14783305044713543 0.09674679205675508 9.07805580274476E-4 0.021384603922999373 
0.10795007064775838 0.07983079936337614 0.00995690986413166 0.039814439933621534 0.06449437018690453 0.11447419958782415 0.0 0.09079385098003287 0.0 0.0 
0.023970553051453878 0.0356982426031783 0.0966788344545551 0.036674583580943824 0.013721287047831335 0.003612735528017166 0.1829068478397102 0.10059066225378853 0.010527674267652895 2.836456424959394E-6 
0.005762339577671032 0.03424399266151743 0.00770556839438394 0.012401392109737496 0.0011848845216677092 4.482594650582596E-4 0.23534230158213562 0.0 0.058886541899164056 0.14454916634293757 
1.3472832543478763E-4 8.006532286582278E-4 0.001898681606428325 0.04153707608373599 0.0030384489668479364 0.009421179896624943 0.21660656833737407 0.2049679242577097 0.0 0.022704981837444727 
