4.7383069131151634E-6 0.08981902471687854 0.030532158516402678 0.06200705058096314 0.009267464498590974 0.06173213021988343 0.0 0.011901139930227933 2.133424124826666E-4 0.0012629687765474916 0.00393594634635565 0.14686070337722087 0.020097981889755437 0.043390617911629965 0.019661100103935857 
0.03156037995409548 0.012174181737394998 0.01692441088573043 0.0 0.0031075025287454847 0.11757438352677547 0.06953302172898894 0.020700217786786143 0.0 0.023626417616524783 0.055090246150756673 0.11308089605883183 0.023812298931856674 0.0 0.01428004801484968 
0.08482376688957002 0.16838969562486714 0.031040750646220333 0.024374027193966637 0.01391342913545521 0.00983334858881314 0.07185439214877169 0.040088593585318404 0.020402972096448157 0.012493283999746769 0.0030128934749063213 0.006977901210534538 8.95860792372484E-5 0.013947389116893283 0.0 
0.10992769670323113 0.06008314374832425 0.09168167666098585 0.007574892353483679 0.01356011223887914 0.02322627687824587 4.0463105225650795E-4 0.06100375791532482 0.02521058586580534 0.007579490048302987 0.010985411014089399 0.0013700435871437597 0.01989393737161954 0.035721502025832616 0.033771046513804186 
0.007280339169321225 0.16859759488433904 0.008438507494894902 0.00893489644494513 0.034192657847816284 0.07115625647733981 8.996164968771387E-5 0.027476612283553935 0.026282783363613418 0.03264995240886061 0.027563781746460625 0.012678353451620612 3.063472162349988E-4 0.014381277795305038 0.06095687762209677 
9.515983594757748E-4 0.004301437857753472 0.007714100571102395 0.08546993925808712 0.13516444086730825 1.6489823397369127E-4 0.08678102693012354 0.02927246319387387 0.003637942822582954 0.01050272378642827 0.010886994768394628 0.028846725252817555 0.0 0.013185434415119919 0.0836109029281453 
0.008229934538181048 0.03720114861154928 9.424183828053474E-4 0.3056604109194861 0.0370060432084117 0.014937050729693356 0.0 0.007466682260005106 0.00427879772267179 0.0061375880636835006 0.010958732186940106 0.007346261310417295 0.030950611807839732 0.0 0.02966815835825373 
9.851320303479625E-4 0.03303899591240339 0.0885786840252974 0.01906044652676634 0.0889349112144036 0.13351932152466306 6.946690858229235E-4 0.031012091618746865 0.03189583435970942 0.007859329413797054 0.0 0.009011529015415333 0.045687041726630274 0.0018917070259333155 0.008216889978641128 
0.00824499221631913 0.015629592500799098 0.0 0.11501584143749655 0.02461213538546142 0.003886994713939039 0.0876989210544234 0.02155871026181998 0.003561061523194184 0.012016025451340003 0.16852530332104773 0.006252407685248952 0.012744241472341409 0.004691480543881436 0.018054553009091007 
0.061601333742809516 0.14598860244289127 4.780935646055207E-5 0.009176136257951432 0.007078613184096211 0.043401632476252686 3.2073554648311565E-4 0.005109475526575512 0.01259692742776379 0.0012892671693185511 0.15393961468053594 0.008026166863779948 0.025407971958120324 0.008965836541579626 0.018285171014631653 
0.0358649442014909 0.019321903976130157 0.016425361219970118 0.0 0.09414031816412206 0.07917618472382429 3.1912314576328554E-4 0.039178262287321276 1.3947601392386646E-4 0.10684021815541485 5.275971788433182E-4 0.0 0.07958130047701653 0.015400579447024094 0.014671562224915958 
0.026739612992942325 0.0 8.295820767358188E-4 0.019024835748721595 0.037963900428055856 4.752263727630528E-4 0.17333021663558829 2.0505191135348615E-4 0.016954213557952826 0.012376777362068752 0.16574227921746978 0.009385212343335168 0.0 0.018622569042273544 0.0196866136479512 
0.11029479239447995 0.04429915611743881 0.060473841467513334 0.0 0.01101772207503168 0.0023645677106494812 0.0025722940925019823 0.019062221406140695 6.94631825598521E-5 0.02176291588047194 0.06901253739822807 0.11422007684604144 0.0233897733606292 0.008787583644915782 0.014284239214181841 
0.07498293852907935 0.09068181465045108 0.023673896399754507 0.0014341591199841135 0.044783999926779124 0.0018945019863019414 0.03723369796978005 0.04202554683743461 0.0024566493244488467 0.010963222401511851 0.0028855742540796936 0.03588343054693572 0.11636914942151606 0.015863547532032802 1.4444280398561518E-5 
0.02493405297653368 0.1343404278841122 0.03797521332556533 0.012006528153578142 0.05004981831533751 0.03892937143703873 9.94441740019499E-4 9.432690551836566E-7 0.0 0.010131107579828054 0.009612497859756862 0.0 0.002071750814986625 0.0 0.18117634151344106 
0.033990176973981 0.007120150769243492 1.8638579858139152E-6 0.16831812778024613 0.022076483775199895 0.002694112868390259 0.020408880230872672 0.021029353345604046 0.04565350354252083 0.1175821841085398 0.04091886023955901 0.001589928724286776 4.3102223747527077E-4 0.0016526640515727765 0.01674958926466707 
0.06946159313661088 0.0038177963478463564 0.02050297990929613 0.0 0.01651993240379077 0.01820817129340954 0.0042282603019729624 0.02006611467425282 0.011998592462416115 0.0 0.177471382808721 0.0 0.14532631688958197 0.00677644926023739 0.007402444026983782 
0.0 0.3200775024802712 0.0 0.007798173501848401 0.09358707236621358 0.04726835543840215 4.857316830629381E-4 1.9723383197234043E-5 6.817704757326883E-4 0.002939216271106009 0.0 0.0 0.0011116126006868563 0.02572027855244101 4.919745334307956E-4 
0.005390939932769154 0.008178364311659057 0.004589598984539683 0.08748053879087175 0.18832226470774474 0.022614169865995907 0.0 0.026755295540497142 0.04603067269281022 0.04285998322652559 0.03750688852506401 0.009078206731850511 0.0 0.004665579878222747 0.01801858071926148 
0.030055655790351857 0.014220062467689042 0.002136297393627648 0.011974021387000306 0.05719448999167397 0.009873560250220409 0.19269671770606306 0.017122871472697896 0.015757082497947314 0.03980956294360716 0.008060802969830666 0.006770574326889736 0.04093422521457269 0.049312074557829495 0.008326428299338528 
0.13375584218660255 0.04678888033944726 0.03400265677232133 0.005419340746944461 0.007181548116972836 0.04403276515852956 3.253995803962221E-4 0.16601451826483246 0.0 0.01315624304403026 0.022582557459202648 2.028991285043947E-8 0.0 0.020314038577508332 0.008287069540530509 
0.017604687500965187 0.10767555025886379 0.03505239625892934 0.04572075314051164 0.03629667334540601 0.040005977597246785 0.0 0.024002630052269793 0.02388133006834339 0.006384897598228257 2.249192200860306E-4 0.002927344311354598 0.14779217086075383 0.006776007179744906 0.007401961107983675 
0.0 0.10110393674332852 0.02457630132279687 0.0365218343153958 0.01349824527403973 0.01472481894526302 8.200276842029956E-5 0.01894643154185795 0.009618055820667097 0.006683752058858052 0.27388825835669456 2.002262962788149E-4 7.592979674384481E-4 0.0 0.0 
4.7339274362728854E-4 0.015876471822907832 0.2217959805356681 0.0 0.025092650283580476 0.013170660076433645 8.540652308676195E-4 0.0 0.03424710300372692 0.0 0.11442254021205364 0.04188292409359028 0.018652940504473334 0.011978078652325292 0.003144325601493154 
0.10210921475406198 0.027617230394335526 0.002838562432731642 0.004761561341797334 0.015758643302769073 0.003673738658699294 0.021661976729026037 0.016319316409672904 3.308176169028443E-4 0.03361453868629413 0.014888435194360922 0.0033053186476491225 0.003891584292734096 0.00817148841236397 0.24211081015361663 
6.403071062409513E-8 0.0012137618110524275 0.1618122992518444 0.07725667431391577 0.012346421745315169 0.018556579414785227 0.0 0.004209933380277451 0.18032198790378434 0.0019989537728873704 2.272421106944881E-4 0.03805050042070662 0.0010997279346183853 0.0044356074664801395 0.0 
0.02256458967956438 0.11122422540341897 0.0041507258571715396 0.09236146045041431 0.023611058008108737 0.01449702484408444 5.026322597153766E-4 0.01281957940224603 0.011874748086508007 0.012240364244293636 3.1354660943924397E-4 0.02561210069592891 0.05642828044016259 0.01571588427255088 0.0987341723132316 
0.03295769440826309 0.01934023518160596 0.0 0.02636004619764802 0.02655139491365019 0.02307589889934242 1.6714577236775507E-4 0.061728398877354304 9.326029541304247E-5 0.07146642315635635 0.09570177003620418 0.02990217110179543 0.07864952319786497 0.015220261835619264 0.01966882337907957 
0.015888083176390393 6.069220603625382E-4 1.7448399484720348E-5 0.06544268885592026 0.010333893625078586 0.0012477460624844472 0.25322918862189314 0.030321048271669974 0.0 0.0649794289535936 0.008772001739646025 0.009218639287915553 2.206510996274399E-4 0.01499836561293741 0.02526606848115963 
0.02680549077489218 7.009812191866283E-4 0.010366134331378339 0.022526485776631067 0.0020807381079654586 0.008924671572323819 0.16402763290997768 0.019426081563822865 2.832662623823847E-4 0.022219538487509488 0.08050153375341458 0.11944870751259493 0.024528644048805597 0.0 9.53973166385953E-5 
0.038222532892929074 0.0 0.07884247972585208 0.003615340950737751 0.06716064802751996 0.2367098711826581 5.469693598952031E-4 3.00619249118143E-4 0.0 0.014402787474994466 0.0 0.04385775118609844 0.0 0.01899323013895679 0.0 
3.1657185979203735E-4 0.025430403335484273 0.010795825772111228 0.011039782215793763 0.12214649474570789 0.21313217699640946 0.0022526688369522937 0.0768719340124385 7.855881923250912E-4 0.015125038695404094 1.9773850987195708E-4 1.6248815728424487E-4 0.008818378615653835 0.013941105117055274 4.932808073925699E-4 
0.11330759260942698 0.04370756076638662 0.06076176068171975 0.008945336233923124 0.011614769195219466 0.002492702939739315 0.09234332763569929 0.028833649229301404 4.61299498505352E-4 0.0034369419694667246 0.09286668649823238 0.0 0.023575907032084596 0.0 0.019109009593089 
0.02865140325722626 0.005329043634447991 0.009035173217540122 0.009630321598986448 5.926326340574024E-4 0.08531582254778075 0.05990027988819066 0.09367558972577363 0.06453668801713544 0.00208549394940701 2.632618903818292E-4 0.0766564442785347 0.01950466833418258 0.0043788449391352945 0.04147549803083008 
0.0021790493720494583 0.07991180150170046 0.027943877636121457 0.06047545748235678 0.008897945805728889 0.014134872220167845 0.0 0.11311977659551725 0.044273730935357074 0.03265635946041417 0.01494920865851554 0.006764480229679743 0.03761769402657195 0.020335217268960537 0.03782081359093067 
0.007058722579520089 0.01672740613763568 0.1901382797973479 0.038205743496678865 0.016240317128974065 0.024654690102071268 0.0017323326298339674 0.1705634681051983 3.0560901344144363E-4 0.009165846322706684 0.014692103611488566 0.001275209357972972 0.006393993555760308 0.004369683350033541 0.0 
0.04744508999628501 0.0012592457270896758 0.02674051181887132 0.013565138126617237 0.06936029952545252 3.940001686208312E-4 0.021504487450940333 0.004057139023007118 0.007109498401270777 0.02200157943476688 7.250666093792076E-4 0.014529684247315195 0.17256143982004796 5.807933363012046E-4 0.10226864043126432 
0.1375573805582641 0.03733189630965602 3.191421061131225E-4 0.006293256793529171 0.021010468161291408 0.0034531682922147706 0.0 0.00414861763183869 0.039061196539802646 0.027232926439877927 0.017995376079323527 0.15973451783073978 0.03417575381257494 0.004688910270823835 0.007396121959050807 
0.07104797527112897 0.0 0.0022042251280471026 0.016128320551912705 0.0015236231760929059 0.1484798822861372 0.02744116797986801 0.012533516750300228 7.67488816935637E-5 0.031131505985788503 0.0020485160682959117 0.0852272216247312 0.06765621912545894 0.007595380528702226 0.027734662128807805 
0.009405986529996024 0.06216577252168895 0.07828561087362357 0.032994881874553544 0.02110273918862919 0.012126306458049685 0.0 0.1078638760101342 0.0025737923269798916 0.008047233024438941 0.012943227799504272 0.1331891485259688 0.018531478674297167 0.0 0.0021725279568669204 
0.024530136190856904 0.01141860055378052 0.05248667855533626 0.01947128848453737 0.010820336150729006 0.1970848134468722 0.12529138715281807 0.038499599949739186 0.0014800647711013515 8.534148280336412E-4 0.01885356811661929 7.378151432728226E-4 0.0 0.001186109927335595 0.0010474928721806974 
7.759437526453574E-8 0.001470873718729645 0.27849252782658984 0.15011521710399897 0.02185607638808769 0.033196332001399334 0.0 0.007531255791900542 5.862703694558401E-4 0.002163578821319483 2.459567723271378E-4 6.464541173823031E-4 0.0011004157209658588 0.004438381561928807 0.0 
0.12613392490199699 0.04412267174656162 0.032065055893446034 0.005110526072123173 0.00677231615500277 0.04152361050506358 3.068570730508959E-4 0.023170665461161154 0.001616007106184702 0.0023912149483413642 0.1771160647839193 1.9735533241053955E-8 0.014246926475933003 0.008977026696940555 0.01830799252197293 
0.03896864928250242 0.001488595738674548 0.0024880774045613254 0.17020228702759446 0.026876223450423526 0.003245117784388176 0.033616494107487405 0.02532539900612559 0.0 0.052076807369509245 0.007030191742171079 0.004903111291633892 1.7564571479170788E-4 0.011939204713866527 0.12271815969958971 
0.02955485687021965 0.013633090264689127 0.27213882779237686 0.027038415021555136 0.015434341988038645 0.004837443058413729 0.007483169514493743 0.033607533673563866 6.865225234889017E-4 0.010872032305134876 3.5526889938903466E-5 0.0060347987213105955 0.057794206261590354 0.01371429440361605 0.008344319178762482 
0.021405924737267767 0.009964302772613813 0.08166949862976536 0.0 0.041747196492083284 0.08962362934944373 4.6629030133897483E-4 0.04874534699869041 4.992926104167721E-4 0.005677222858089248 0.17259264063319626 0.00977311636407586 0.010119428953081813 0.0018994466823332797 0.00829730345337043 
0.12205530201113346 0.0033129708388240377 0.0027432006570538136 0.1718168649336816 0.013497705873726918 0.1015216760494479 0.0 1.3601046313218306E-5 7.056409594439476E-4 0.0018232756876718794 0.02087533116796653 5.044992414103825E-4 0.021781702004011593 0.015045775552421634 0.025086319408212886 
0.07785259713072035 0.029938552409501076 0.05884309942145094 9.097210079108826E-4 0.14910852844440736 0.02705029646259163 0.002348395965072786 0.014448075754762346 0.01519475485482112 0.009939626421728577 0.04972976518775613 0.0034895734546666187 0.03741732690637237 0.0 0.024046613344979113 
0.13912497390076145 0.03862856746319922 0.04643795224348618 0.1232875351703547 0.014313318476084958 0.011607197824724644 1.6299240722867067E-4 0.020571317499798646 5.045257868142617E-4 0.043296445090999294 2.174210368019445E-4 0.03492185243929688 0.024310899634282346 0.004767117683183967 0.0 
0.01886182812714572 0.06253550865316793 3.6903883892527855E-6 0.026006887069600457 0.005229774399497169 0.016089262316789775 0.002656335844103112 0.032360801505697596 0.012857567076867223 1.470775008519548E-4 0.06404220774520762 0.020143593962630654 0.1968905343207377 0.04385280487802181 0.0 
0.09460440034775545 9.626859320558116E-4 0.13828259721781216 0.04176428994956881 0.017764113238407254 0.05589344749200309 0.0020648550346076774 0.03612386421857065 0.0 0.03362439889249728 0.0011497417011809854 0.0014021281186539696 0.03637292285908725 0.03618829750348667 0.004735219008134955 
0.003592828347538331 0.01624038935820029 3.7485440462985917E-4 0.13319692110832265 0.016126036744288624 0.009378670257606702 0.0 0.08597587913147275 0.002754670553870033 0.003950016017194389 0.15533671015268713 0.007246258893384736 0.030529290559025535 0.007031238788973173 0.02907950784157861 
0.03360787474659383 0.01810592887158323 0.0731219003040594 0.11180578022004324 0.0 1.6704413282721354E-4 0.0035940579606044635 0.020206702827153384 0.0014872157207316875 0.09840420041522585 0.010540940540279814 0.006297713604247962 0.02209533668865806 0.007416170903006776 0.0955575703366022 
0.01150377468848379 0.0 0.0021961144610383827 0.010239616731987315 0.15612752300053653 0.12397003654398164 0.11657944070674531 5.9324230334594886E-5 0.003263083521496232 0.02599020300335794 0.0 0.0 0.006665371651411078 0.011242500032280996 0.03289572669014373 
0.0 0.21327897788669462 0.025694948015271713 4.482737109939755E-5 0.04213384296662679 0.016755202472926167 0.1488904629942604 0.005979775784551579 0.006224249251062506 0.008867148805492059 0.0 6.571348442558298E-5 0.033389828509629606 0.0 1.0080068002352264E-4 
0.0015842683363420985 0.058099526538091445 0.007316474313492812 0.010135152187654255 0.025797339776685583 0.006113422045843474 0.018866410369410353 0.3097439435758402 0.01670840636205227 0.0 2.2557807981730586E-4 0.007673460606310786 0.0 0.038234989622903795 0.0 
0.18959221043455432 0.0 0.009096509447498725 0.009631604874800009 0.0368588681512602 0.07670474425558656 9.697650879517904E-5 0.02961913150800855 5.978816001971237E-4 0.032626637210447805 0.027544098561861206 0.012669299890911841 3.72711924453763E-4 0.014549229160923464 0.060947261109576045 
0.24096520393608456 0.018695226656004642 1.177247163247707E-5 0.03595628607052074 0.0310766669220547 0.0022381307164517843 0.026690246868173572 0.03550399739578776 0.005376889519875968 0.01324499642433182 0.005320939379516399 0.005632672789685181 0.02984174178981553 0.05088614175647837 7.983004423193186E-4 
0.002191517593375279 0.005193348290598859 0.06410196533803923 0.0016590709258781536 0.004711505696922662 0.017968116037890332 0.15452699023707775 0.14486821958594986 2.595692627413879E-4 0.007785018987477275 0.04105262023338718 0.009197954937425009 0.03893833009985129 0.00432837760805146 0.004740800353997871 
0.023508728061188523 0.011192328717544742 0.048845853229665115 0.018394960675507693 0.011764977944040045 0.1857250806496152 0.0 0.14391317746243693 1.823165329241454E-4 0.0 8.89466041839813E-5 0.036323445945168883 0.018393969679869074 0.0019206474925443943 0.0021769858063189597 
0.03749515574390167 0.043654236295712905 0.19941518973663586 0.0068829834367244895 0.09561718947997609 0.042533694084530976 4.203812069686067E-4 0.025100483789932373 6.554472863665309E-4 0.04220713732806783 2.8250042406905714E-4 9.257341799884647E-4 0.001164112948377307 0.0019151518941121978 0.003546433901519996 
0.023998339800049118 9.167324764745573E-4 5.451701701378761E-4 0.1009048540779313 0.030557025721619502 0.002121584192305221 0.021977699189311053 0.01655716980557872 3.356392706799088E-4 0.03410446926779836 0.011555772855027237 0.0033053243648079253 0.0038915910239475642 0.008171502546461734 0.24211122892895934 
0.05839630285019262 0.0015850622238448762 0.21280777400015416 0.022074177988680017 0.03402978970738905 0.00829742723236667 9.796660663115873E-6 0.0069874348123965205 0.0 0.011478815108054412 0.025487216727525165 0.05070932940371769 0.011967579127235546 0.04400494474894333 0.01818151253126607 
0.07343871456752427 2.1618746062390724E-4 0.0 0.0035704840911369136 0.013663766741066634 0.1517450062574965 3.211878993329104E-4 0.11772044115402037 6.133145326345205E-4 0.033468818484402856 0.028255085840971406 0.012996328602250503 3.8233262184068814E-4 0.012525309716574845 0.052654639406806904 
0.00538326255768691 0.18054188084412423 0.05547066896609563 2.855191979531739E-5 0.02543809714759956 0.013351978636611507 8.658230225849821E-4 0.0 0.03471857788584081 0.0 0.11599777866804156 0.036122354761243286 0.018657054794677164 0.011980720664272316 0.003145019147265026 
0.05190203519701192 0.021722262445853444 0.016348233653214386 0.053515327915688936 0.007309612501407084 0.02872944827730015 0.06883748826797687 0.15826073828915818 6.914495507913445E-4 0.051109935043555585 0.0010281233321862869 0.0 0.0 0.0 0.04146638143632857 
0.019813452717574575 0.004150457078125804 1.049675563121547E-6 0.12561119946385194 0.026367045705921778 0.009926663510468814 0.004636209923094974 0.0157347426895122 9.801873164516903E-5 0.0755129978134156 0.1612058407516358 0.02392991742365832 0.032928605175629795 4.8155184352324164E-4 2.923252959044733E-4 
0.0014834861219583868 0.03410062654937516 0.007901432093996233 0.18007378067021476 0.011015971738858233 0.026455619385900287 0.024331797783753314 0.013792146028296598 5.087006929545395E-4 0.020969755974529523 3.079836835798019E-4 0.0032624549016977795 0.13522192996443286 0.0 0.041463766956734614 
0.008426240715906334 0.16278780645047602 0.04462052157322022 0.0154900695629068 0.0 0.09175339922041836 0.043069819555377566 0.03075080249438602 0.016742184186372553 0.0144346393233441 0.0017459467360468634 0.0 0.013110227363236013 0.04375748865095179 0.014664748760238763 
0.09427602590786281 0.0 0.002924862875902034 0.0650837024971814 0.13222629500353628 7.011882539642787E-4 3.059192288875778E-4 2.3453993676974164E-4 0.015267962865613896 0.010652001834756477 3.302076546538975E-4 0.08778642634885915 0.06969753991833305 0.019411516049998235 0.0036140992992635197 
0.02743882966678228 0.041626274471441634 0.02659717763144626 0.04442377590600587 0.024712319306270995 0.005024218701093963 0.08191130599440345 0.0 1.486854903999303E-4 0.006808456178708409 0.00787193503062523 0.14476552966160725 0.0 0.04078241552838097 0.05082531829288576 
0.11048858042451813 6.705285005037648E-4 0.04536023045500235 0.034461682575245046 0.01953534492301302 0.07785354505180946 9.596311646008147E-4 0.03985034276793622 0.07586375639206465 0.06381669502540661 7.154336396275741E-4 0.0058327474902144455 0.0 0.001124338215947979 0.02654758459150568 
0.05564359018362143 0.02997746491322795 0.03802620096782615 0.11074137848407667 0.0 0.059747299966720235 0.004464119618686438 0.02509840951604772 1.587342785537026E-4 0.12159226860811513 0.013024818738911875 0.007781713391842324 0.027301904820095032 0.009163725132434105 1.0124410128314217E-4 
0.0 6.518853557940304E-4 0.14071909328928187 5.469752512416525E-4 0.002834887600892136 0.0014990559117312823 0.02291594321708286 0.02588190395360055 0.0028373541927989615 0.006797315770497283 0.2483927203048302 1.815653195488083E-4 0.025673188634515162 0.004273544314717429 0.018294837408169173 
0.03410088591116608 0.05804158365074925 0.005663684013046893 0.008386612182335655 0.05909806155801759 0.20829302499896857 4.813060899619472E-4 0.008443338413163068 0.014753452292710648 0.013450164831947768 0.05758303028119566 0.03236555824791401 2.260842687306406E-4 5.783731560227471E-5 0.0 
0.016104507432686394 0.007428701294757408 0.1859859539384978 0.0 0.036933702386860785 0.0033320381802125283 0.049939958687042825 0.02547912566876962 0.09722846462593177 0.0018529517366883883 0.0074297222119468695 4.968454845569749E-4 0.0592175486619111 0.0018961501474805084 0.008488314059742118 
0.09645504627175708 0.042956926977117955 6.320653079707381E-6 0.01933066742231017 0.016687798289481207 0.12502569428480947 0.024379330394147542 0.02853459311260744 0.00485779448268803 0.031088114421618702 0.012047293057423403 0.03357695191795051 3.894432982069849E-4 0.04916731448236849 0.016752244812097652 
0.0 3.319601944419896E-4 0.07165851657015894 2.7853672297327263E-4 0.014692997661445268 9.00575875130522E-4 0.013767028604911163 0.015548865202858553 0.036967021411735315 0.021284290099274954 0.2075896939473228 0.0 0.021694744124261117 0.01321874757469392 0.08382214688596118 
0.0 0.0036288095607463194 0.0151976396323681 0.11767293298175359 0.0023379983242160615 0.008761745785037798 0.020474990373467714 0.015615577482884545 0.0809803659203178 0.037000811717798905 0.0017239717395400155 1.2158190620531066E-4 0.017191582733473383 0.0 0.18098551564858018 
0.08678798782751122 0.0023824386747558694 4.042804342810801E-6 0.005621800901557078 0.004671122671925467 0.015957801038503517 0.26515024773010964 0.03196249824794207 3.3178997764114917E-4 0.00519854190701008 0.013081308381234462 0.0014327616568918882 0.005678870127361568 0.04345274034324987 0.019689248938996613 
7.410322811617109E-4 0.0595275581567351 0.02527089869638879 0.021793282793950694 0.2755277453496597 0.0 0.0022526644968021863 0.07687178590556758 7.855866787556657E-4 0.015125009554441498 1.9865925882775232E-4 1.6248815728424487E-4 0.008818378615653835 0.013941105117055274 4.932808073925699E-4 
0.14697987453801653 0.17112328370153196 0.0 0.007750071780164666 0.09300979625058366 0.046976788537870004 4.8273552887040475E-4 1.96017228252264E-5 6.775650892190247E-4 0.0029210862098798082 0.0 0.0 0.0011047558053198772 0.025561627340043074 0.0035439905254592763 
0.015429769877026324 4.1881324948662144E-4 0.0019428347609990694 0.00126897974033574 8.577770355229156E-4 0.006416472110333154 0.33119705273755856 0.030027177449250264 6.590281335396148E-4 0.011540696924067732 0.028596529507305953 0.006224179057237407 0.020918323562411148 0.04516169782753612 5.422518664673265E-6 
1.0634857594656456E-5 0.20159363981066702 0.06862646838577689 0.14489656574631532 0.02109626505838544 0.03204228455430275 0.0 0.007269436910232897 5.658890868746692E-4 0.002088363504903478 2.3740625580656908E-4 6.239805885659665E-4 0.0010621605320048596 0.022042604395503814 0.0 
0.0652155727004648 0.0 0.05190314746977416 0.005041647798879256 0.03642304111493945 0.006982453196158022 0.08163229857848368 0.021035406510925187 0.03365540013158963 0.00809783535129171 0.010082493634769063 0.0022845724212683803 0.019497499977211737 0.14005347152436007 0.019697051170378652 
0.00550307715006469 0.13331773268204833 0.0030608541240720096 8.368903485104442E-4 0.12701473898433802 0.023042185316220952 0.03965618962235153 0.01387944342613811 0.013357309724437383 0.04007014575753901 0.0016770870112207186 0.0 0.04050476980279121 0.048064052069746364 0.014764042507974405 
0.028395197907961973 0.013434459419222855 0.002018275285871254 0.007831003848074225 0.005478883601720854 0.0054031143984933395 0.09609321616094492 0.09701019642454946 0.17258617696605785 0.012877481552897618 0.022104066193128605 0.007862467606376019 7.550248198088714E-4 0.020253507307321426 0.008262375935489761 
0.0023124502684839475 0.009177281294086351 0.09123404330697397 0.0873099481847426 0.028889459820234185 0.04170853919260991 0.013386296743354922 0.03774143441209121 0.049619183659149343 0.033628050313814085 0.01961660102091339 0.007037427611764194 0.029791729821359234 0.010362018979079388 0.03875293683964206 
0.0 0.1144924691365972 0.030284271258800798 0.020073628364995637 0.0012004467782254884 0.02073651656007264 0.09068638655355377 0.02740183513079726 0.0 0.027801508487148317 0.005477646535430057 0.18347265710489385 7.923886390591166E-4 0.0 0.0 
0.007466059564274141 0.2503939612426223 0.07693240189067699 3.9598725044875574E-5 0.03864252559392515 0.018686120731491528 0.0 0.0 0.048439049177907215 0.0 0.0 0.036858786193051996 0.019037418745659652 0.0020586284718315177 0.0031450052720732183 
0.08830119598223173 0.0023967765635919324 0.02424975169348888 0.008249597156574825 8.971276720081864E-4 9.512706233971E-4 1.6428433364785698E-4 0.0 1.0070206984184529E-4 0.004179167799104589 0.001910718908781238 0.0712940416882433 0.2363697902798428 0.043532377320761956 0.019725333942211567 
0.0019982583531821642 0.03860465241893773 0.004977400554744389 0.007212437399650196 0.017669311770911016 0.004184909733484146 0.010315206391160112 0.20573830072341928 0.011098067303722186 0.0058350073075673714 0.17710312365731287 0.008182325869417414 0.0 0.008094774204865459 0.0 
0.0 0.020708778265131476 0.08672942022213956 0.0 0.04668204651863405 0.026161280949976776 0.02500870161897322 0.011852691100575425 0.09572835914188423 0.04320102074900914 0.09037116157283098 1.7890695262712776E-4 0.031492595800779954 0.00459097944127404 0.017902119222337136 
0.011729550243090933 0.0024570677066540294 0.13406368069354252 0.04169627314192087 0.03348347741779023 0.003809853307892673 0.005668115555370035 0.019236907145617623 0.046720193754958 0.1093744693446959 0.034300318756629915 0.024030472220882778 0.032899186091472556 4.811216153330367E-4 2.9206412655230566E-4 
0.19843381019575845 0.05385323852848672 0.001041682841074701 0.009099236042737503 0.030286468455944064 0.004991267139243003 0.0 0.006172769357393495 0.05649247886237593 0.03938577559184047 0.026025915559084054 0.03420255876313718 0.03565427722474248 0.004759254223282731 0.0 
0.02056870620775654 0.09297516193259597 0.16619915448082123 0.08129144629470784 0.011945731480870829 0.00613493056878108 0.002590355554650626 0.03783588719331946 0.004624984864314157 0.0029523945575333733 0.0 0.007249513937692348 0.037034952355865 0.024384284232491792 0.004731304095577045 
0.02294358375444491 1.3923906662517495E-4 0.11724013441745318 0.025060921977900344 0.01688188467863818 0.034724685878723884 0.02768702493934568 0.0019280692938789064 0.03581026704231696 0.05620049789158196 0.016653163844459005 0.005922579154612735 0.008018354229816567 0.0 0.13311953922868505 
0.0 0.25465370773374296 0.11939410120241817 6.308432229008874E-4 0.008156977162161719 0.005175930632296391 4.069156388460793E-4 0.07753154997164263 7.923290986867824E-4 0.015254822302844674 2.0036428283394186E-4 5.549438889548097E-4 0.0 0.013817383150462416 0.0035629356689733985 
0.0809637652255827 0.03606586062881805 0.0 0.03400802442145592 0.012293073316197755 0.01543961234676493 0.022810306880848046 0.020124420058027826 0.14552946911273953 0.03186917956463858 0.012349972098914428 0.034187632932004434 8.23162955085767E-4 0.03706617464921906 0.016718614870029097 
0.042558084939779965 9.081808564835308E-4 0.061460107974478255 0.0 0.13833534275547624 1.717173243502379E-4 0.10520240945452856 0.030111790198227798 0.002067361877082107 0.01131562004288421 0.011729633065968392 0.0 0.0 0.013190854877440034 0.08364527492792963 
0.03232787750447734 0.029240641446535178 0.08908772924678639 0.05797783719585755 0.0 0.1215957808925862 8.759287064979742E-4 0.004942487343307286 0.09372798122056493 0.040092596559944856 0.023494365056511653 0.006694977421313021 0.0011093442830184235 0.0 0.0 
0.013833436349723947 0.005399053455961792 0.003649056968310575 0.01710220182394212 0.2607640967934082 0.004946823311864153 9.478229683253882E-4 0.027446245302695755 0.0025914477934164053 0.00424718119063447 0.1252278729571696 0.0015490896505698992 0.006139945816466088 0.011667232968761336 0.015904866896415057 
0.0016725931306310316 0.0021532670384198497 0.07477631909976412 9.366346063290654E-4 0.014020974704601645 0.0065782986119202365 0.0503842909244473 0.0 0.039907313018382164 4.523107259944249E-4 2.468103942740668E-4 0.036546527681467975 0.2732243252275382 0.001670882430664796 1.2632902012585647E-4 
0.0028299468386503053 0.01277218157679951 0.022575793857492605 0.23635304587381045 0.0 0.039449633125645346 0.044506910912091836 0.03554690475540505 0.016608234536207463 0.01711959181759939 0.0 0.007260435937341129 0.03709074861201402 0.024841169166845978 0.004742441676695797 
0.03049296123749739 0.011763837522235962 0.033630937624371714 0.0012445903075325572 0.06237287652764641 0.006142436700820608 0.07181161300683302 0.019373080220156103 4.084144895067213E-4 0.0063637188496158325 0.007923371124664427 0.0808417960994683 0.15636594185119754 0.012016820980989495 0.0 
0.09205127755363574 0.11132368313651515 0.003732009756762377 0.09452397664580664 0.0018579170579480428 0.06074917678587731 1.0938830603065118E-4 0.03200482865127203 0.0027896749353817888 0.025992657796000386 0.00767664600629587 5.768924504887633E-4 0.019306874780832015 0.015482365036995687 0.03311262755172756 
0.009795535110371898 0.05083438496514127 0.1330847998391134 0.002372338915052656 0.032234152906611344 0.03769016299264362 0.008752324293783822 0.0 0.011458568278965207 0.04794509524160497 0.007403910454989704 0.005231129381403278 0.14777679193140664 0.0 0.00740546270835042 
0.07613734293957901 0.1155047053105912 0.10426844337213524 0.13741530229977336 0.007386679059297821 0.013436029462844529 0.009580968960971095 4.35428806994684E-5 2.739254331810574E-4 0.012543317461781209 0.014444771252243666 0.007133786029655497 0.0 0.0 0.0030121943519903303 
0.023966381209347614 0.01345966974942059 0.008310433449008838 0.0011220356562461338 0.12512840629562327 0.016249813063519202 0.023564478581482945 0.007485164539108433 0.04844419931557735 0.0071689262589052895 2.017284188046024E-4 0.15857555689592875 0.021077705058980597 0.004374782136887928 0.04143701602268581 
0.0 0.1606979718119953 0.003516254725702957 0.22023611788114006 0.019537299030230586 0.030375619883372368 0.0 1.4237443830670108E-5 7.379046399160241E-4 0.001908584063318866 0.021852057071280732 5.281040155489614E-4 0.001253374290379928 0.015045963501771271 0.02508663278238234 
0.055213016176998385 0.004621729698915186 0.0 7.129992344947725E-4 0.010673259522656738 0.0 0.03583471502202219 0.0 0.028383195695912206 0.008252821500433978 0.0838196434698491 1.1723861781205976E-4 0.27316825717501936 0.0016705395507846926 1.263030962915523E-4 
0.006810254866703234 0.045010138331377916 0.0561999880975061 0.008016398972735992 0.028059479847134854 0.0011589164100146876 0.0 0.07250875728590069 0.0017301666697362578 0.00538694656118676 0.008699882504655048 0.07510276594962698 0.011900108750288312 0.0 0.18091542351400372 
0.12702431668653127 0.006981598757456595 0.03735716976166135 0.014475371254745628 0.003167891351039847 3.806758906220044E-4 0.14377958465941135 0.028321954437479122 0.08224750778956294 0.013185270630129108 7.883711787724025E-4 1.9030658792156606E-5 0.02736994561305922 0.015844259065875582 0.0 
0.022940058883395963 0.10523250834667049 0.01571232690223792 0.0017440413238104257 0.010933520104851751 0.19659858756548892 4.549944001623481E-4 0.03189823740041095 6.555513708022321E-4 0.03600244445427416 3.611597641820821E-5 0.0057294007173819585 9.493501666959786E-4 0.02315691509182024 0.049783046878408 
0.005421369618047587 0.028494050458479168 0.10155803488294997 0.051564381648479235 0.0 0.07370345597662001 0.13031512415050794 0.033863144195056386 0.013060798612154175 0.004152954425048388 0.007941654586233547 5.999032130803353E-4 0.020176327099980105 0.011593535952200265 0.01893286909521739 
0.10663676156836346 0.0 0.02972740114900565 0.12239492970721161 0.02959504772888487 0.004052591725357803 0.03759895614579049 0.028053249712833503 0.04518235881033797 0.012475409593716033 0.0024364358087424656 0.0029846697151228612 0.025428033770618974 0.015042538183266025 0.03858792353878842 
0.029022955536505347 0.011195389148409157 0.01069378845750173 0.011209590958741815 0.0010589566672045748 0.10319727591428278 0.07192905022296127 0.1158311197810721 1.456320019150039E-4 0.002071558987319767 0.08860778340742098 5.888436895655777E-4 0.019946978056555143 0.007595380528702226 0.027734662128807805 
0.004094318463952475 0.0015979720218289731 0.008082527654446087 0.010295620407532697 0.15698143339295503 0.12464806755682904 9.478393107102648E-4 0.027446718531472798 0.0025914924752173775 0.00424725442062781 0.1252300321389636 0.0015491163600083956 0.006140051681549556 0.011667434135453843 0.01590514112848678 
0.025955774367551934 0.032875874430762744 0.0015770976021660104 0.009377124027451337 0.041427035786595304 0.07925631346312907 0.09254554165158824 0.002657017742577846 0.003817550241660112 0.009669976507429715 0.009145026535479536 1.8443839766541183E-5 2.1093175364768444E-4 0.03745957204858369 0.15579436346735503 
0.004307752958718788 0.08322212461324781 0.0027155672608930284 0.060426481246421145 0.12276452366336964 0.019555523231856685 5.486670388601578E-4 2.3297059603852378E-4 0.01516580271183483 7.337963397153745E-4 3.1788998058115167E-4 0.08451174578789601 0.0670976256877376 0.01868741191554876 0.022369040914577917 
0.037964747620262466 0.0 0.018350478798714483 0.04785704716593399 0.011246603011923158 0.026426921626171964 0.0 0.007837417593269572 0.021857414342101082 0.01596269494955572 0.007361648270644869 0.22668987524690293 0.027716633847077506 0.012859087012537414 0.03877946262537315 
0.0 0.1210760564707176 0.0 0.0351838900214249 0.012718120118425226 0.01597345426626094 0.023598998833474463 0.02082024446030128 0.15056131378535906 0.03297109220398762 0.012776986240392408 0.03536970869773895 8.516247378126545E-4 0.03834777922443105 0.0 
0.11084099254080582 0.0 0.006813018583377359 0.002971871195126659 0.0671303338599301 0.2366030279207785 5.467224754274477E-4 3.0048355920796275E-4 0.0 0.01439628651757221 0.0 0.043837955200523304 2.1830819705378427E-4 0.01899323013895679 0.0 
0.15148428811167136 0.008325984703106708 0.04471362051283876 0.0 0.03602725026648126 0.03970902108123017 0.009221138947036632 0.024608337348140098 0.02466304993814617 0.0 2.2634092720755399E-4 0.0029458479601446475 0.1456667062103896 0.006776316480200775 0.00740229898099418 
0.0529838970082728 0.018544551423909764 0.02895475881757475 0.0018618188079738032 0.01692915690015057 0.04730932167853312 0.004155144160266766 0.08091049313893607 0.009607205119261768 0.001558624640543145 0.0015179701309291417 0.0 0.18635482021170313 0.02777788982269727 0.021849591101027063 
0.044614587306448086 0.004302050056218957 2.2177800614250002E-6 0.008805078141190149 0.002232155158705479 0.0 0.09261473029110935 0.0877308597032948 0.0546745214179487 0.017974050648372233 0.18362133896874724 2.55887713011252E-4 0.004091411445011579 0.0 0.0 
0.20483833185901523 0.0 0.21255237809457178 0.0216978023362791 0.020110889332864125 0.0011424153302998172 4.7703812212679966E-4 3.657321293833814E-4 5.4881168127895E-4 0.01581370059640938 2.725079628530876E-4 0.0015918621508137748 0.01891092051507449 0.0 0.0035562309148382022 
0.0036345299643957803 0.10658039581013494 0.026278128770742114 0.10701307863830645 0.02844091458182463 0.0 0.008382326525105203 0.016735620677976557 3.298083972241691E-17 0.11116777909432043 0.014364353322945526 9.622425246637961E-5 0.014866872001630031 0.021681741389554143 0.041447185936713385 
0.07391000717049748 0.034404572491592164 0.0 1.2811279370754549E-5 0.04697066052098224 0.08809178661692571 3.08179604831452E-4 0.020716374270820022 0.021282270693906265 0.0 1.8151862409664343E-4 0.1477391777243887 0.05837759635405858 0.0020399660470123942 0.008294811559446226 
0.0037110650298353615 0.015715584115754553 0.005435419153177528 6.280012378871761E-4 0.16623991479052128 0.037166919395992606 2.585811692642811E-4 0.04117321317816463 0.16520863103659467 0.018013178801667355 5.179245958506927E-4 4.138088394956211E-6 0.018687737814633485 0.006599987902422232 0.02174181921294974 
0.055623546107539765 0.07160877693441482 0.04716716799502397 0.013832320311478552 0.0032086896249508075 0.013691368388622761 1.01849787514426E-4 0.0 0.008650894416259977 5.080211193151588E-4 2.0983971609916203E-4 0.001824360896419521 0.26302085316549406 0.001599323726467208 0.021330202661590074 
0.0015855692714082292 0.05814723544551903 0.047539574424128324 0.0017593114474933737 0.08816822292769509 0.008682744143075728 0.10151050675973589 0.027367861805785754 2.5317313210178994E-4 0.008986382805547314 0.011188810775471776 0.11415892870277888 8.215180754886628E-4 0.011735000693885356 0.019697051170378652 
0.0012748916119652664 0.0 0.019162511284951923 0.012252193442393365 0.21319344390838157 0.169282126074392 0.004591735732442495 2.6626407486834156E-4 0.003258020958466929 0.02560687522989719 0.0 0.0014875143796154702 0.006671985627803043 0.011253655843792936 0.03292836876490022 
0.004047501222850106 0.07819428234818923 0.0025515069955323686 0.015246007331406599 0.08151005348933459 0.009639146962089833 0.025896319528791602 1.722908944045849E-4 0.008379663239373312 0.02513787089824505 0.001052114884440074 0.0 0.19001817822376915 0.048055841867944656 0.014761520544819414 
0.0 0.0769096372939831 0.02034327965665699 0.013484340833667428 8.063930055862612E-4 0.013929632048315004 0.06091804246980238 0.015844825052777928 0.0 0.018441852686767974 0.0036335420620533317 0.12170475267349098 3.2757954359282027E-4 0.0 0.15553586159808735 
