0.17357585663793784 0.31665970098400426 0.01083375406503214 
0.011477658640705237 0.04981545039047098 0.44026373645268707 
0.0330954311894693 0.02818729930193491 0.44018918819153396 
0.28003592270344896 0.16507037934052424 0.056161306544966455 
0.250036481713332 0.05701261501110919 0.19417761001405845 
0.1826295554264127 0.08474285503909994 0.23389634287820682 
0.05216278276865445 0.06338426399284267 0.38549803904106744 
0.0 0.2673789078397104 0.2339020267558385 
0.07899420532409158 0.21582639338725826 0.2064463787440443 
0.37357507161653153 0.12234422298833329 0.005436804929002 
0.1979439488951577 0.1845692955969142 0.11847579420216046 
0.08249718711005172 0.15220456479818126 0.26607369451803814 
0.14668960675109688 0.2706374427795088 0.08374405689761304 
0.08498888478970354 0.4148613428981944 0.001485593355704165 
0.10297988686058365 0.24857321280718433 0.1498292279494041 
0.2575731182815196 0.12304919125195775 0.12060736295475705 
0.2911320453021468 0.056459339010644156 0.15360932426723825 
0.10581141025633865 0.29077101306363373 0.10478976992718986 
0.029526725148114417 0.3938540939474231 0.07784090052619816 
0.1603527233844503 0.03901904814556495 0.30190672084488573 
0.05250562552717086 0.16977736375125416 0.2789338226544775 
0.06893938337145007 0.311893401351544 0.1205481125265315 
0.427123282204275 0.07430140125517072 2.2190005275909185E-4 
0.02801746950280896 0.43158115001279646 0.041507158100755996 
0.0 0.0 0.5015154686725527 
0.07690618637648709 0.33550899387888145 0.08868328823715341 
0.25654095663060417 0.15567545574249492 0.08914238513923062 
0.028175006988609263 0.26585683464498744 0.2075488136968498 
0.20526246664088885 0.145264874552028 0.15094449094067589 
0.14932552402943902 0.30439492118233286 0.04765251316024272 
0.21964041974352794 0.1609878655775545 0.12060925649585168 
0.12136028001844786 0.14675796276687725 0.23325744958713773 
0.33691150595996583 0.003020437152947365 0.16124056506319284 
0.22871230363961437 0.05315476313891737 0.219306513102921 
0.30838358274744887 0.14303229665981426 0.04988069952877549 
0.010385396763871119 0.15997667020718284 0.3316530032047331 
0.18888942673855108 0.1169525575788794 0.1953847224210692 
0.0 0.2948715325415879 0.20648204485711158 
0.2877938649826739 0.002580093783699028 0.21083328231899295 
0.13366905452183642 0.3673241506224431 6.345232191242542E-5 
0.13128817854417718 0.19659197868075373 0.17328238326534282 
0.11721038003124674 0.08342859156137374 0.3007711352813575 
0.1295068430495035 0.03129846312772849 0.34046463570482194 
0.06242435150020206 0.19101268062310203 0.24769293743501816 
0.1906428898646307 0.050895055133309906 0.2598265719593511 
0.010043375925201822 0.21224496186919067 0.278940534288189 
0.1221240002566288 0.002123341065837869 0.3770941010784262 
0.03145679786828849 0.22977299225127737 0.24023836197899454 
0.12121573995575326 0.33106544139396404 0.048872094848378636 
0.34076221388282374 0.16042122271647094 0.0 
0.19424210816970927 0.0 0.30701301415387533 
0.25914258081959324 0.24163286560667777 0.0 
0.1970293226851667 0.2436408188959326 0.06082554277366936 
0.06925154437176967 0.0016589947467545952 0.4303662805558653 
0.052559759240919796 0.4394014542289282 0.009148269704773677 
0.1080437070757405 0.18116869672178712 0.2121475963480395 
0.28188817755883167 0.1327046465008871 0.08659177079835367 
0.370268054338234 0.08948423707348967 0.04152103647944771 
0.2421803083484863 0.20294265323521737 0.05616340856309877 
0.00948924555322645 0.3381348032393983 0.1536237595176537 
0.48179860193407376 0.008437171448073317 0.010833758833133846 
0.2146062693634135 0.026931675634527114 0.2598265719593511 
0.44358441255039155 0.007831711184525542 0.04988072652657253 
0.14782386300634792 0.11951738651993853 0.23386908340998805 
0.08008629783607807 0.11601372270780301 0.3049720130791031 
0.10453715674362835 0.11356274203089133 0.2832764464836442 
0.30691764333809324 0.020951118201068604 0.17327636072465075 
0.027689609061215585 4.59560206557014E-5 0.47369244923945397 
0.05505809718009278 0.10577389584663582 0.34052113837073494 
0.19969224640635413 0.2170573942362321 0.08431119330823042 
0.017020111689633487 0.0981791854120538 0.3861519312111086 
0.3894627984147938 0.055587664767747985 0.05615426107425627 
0.2500771802268502 0.09755933761560591 0.15362926990256337 
0.020773760119322908 0.30693673788490633 0.17348679742266207 
0.030005272603512798 0.4622012725086826 0.009579039368744583 
0.06363705806079648 0.28790478707425116 0.14985615351166512 
0.4210718947080404 0.053448139428006275 0.027508427760805733 
0.27560763917585285 0.09424869005495952 0.13143668222313876 
0.26112318064726703 0.006255484825350142 0.23390181473404967 
0.16960409868926948 0.21076248497938163 0.120400542098214 
0.41647565034616435 0.0037337357298594244 0.08095967021996722 
0.28691301683280185 0.2102960568016798 0.004068089326151748 
0.07442059359674649 0.36622661668204354 0.06082237757417465 
0.30925382367585974 0.10296256331073815 0.08914237964936365 
0.16723161702500935 0.0029076165142764366 0.3312192013721169 
0.0 0.36871693430985997 0.1324817580154949 
0.361571740833611 0.0014318052575882608 0.1382732735831903 
0.20404634510816935 0.2881057936380868 0.00957798054348836 
0.0010647759969790878 0.48878239445575883 0.011463161993808991 
0.3380313933362694 0.0429075159590203 0.12042560766200204 
0.0 0.4125010783452629 0.08869761398009197 
