0.04222929446073364 0.046944956946306536 0.06747295131568985 0.12251646690078875 0.054891822765245894 0.12561232095179142 0.006603826446826022 0.033975841216840864 
0.15076221889922206 0.16822058828863506 0.05656430028356642 0.0324548820507946 0.014353642213019466 0.04831370054988841 0.030788048008418736 3.1320303518331384E-5 
0.11639699685739602 0.10952711038903426 0.013724230221300633 0.13021444933256732 0.07789299275986789 0.023040676273511543 0.030260119056874254 0.0016071208858872714 
0.06485261687438716 0.14566740717566962 0.016090375380954577 0.008543784667029201 0.08170519409313047 0.07699822418468134 0.025005374396709225 0.08205257853389607 
0.22589867800820002 0.0 0.017677381143724906 0.23800160525899944 0.00413310632497395 0.0 7.561658079732763E-4 0.014480867817079628 
0.07902494143894773 0.009077815503924147 0.012304727424588458 0.0042998407393613075 0.269362688219835 0.05321128188007133 0.02308822598634108 0.05100565272073997 
0.20611349434368453 0.0 0.17908976137299226 0.006752798634898562 6.29223584317746E-4 0.0182185164313852 0.00245685445038549 0.08808205914293045 
0.011917918855189865 0.013150123124399534 0.07333597791747869 9.90129713202294E-4 4.5376221359341257E-4 0.10409278083263568 0.0658789797173995 0.2321711167741219 
0.014336013446442955 0.01949102095590665 0.056087848327843734 0.13465357489803018 0.0012193106768892874 0.09319004187119326 0.14499501975603135 0.03634351320370458 
0.19633287808738076 0.0011955534829994855 0.1476814394353137 0.0034734612562677698 0.09881988046089869 0.023027679655709087 0.02947581164934278 7.209467435470745E-4 
0.11012004932248337 0.03658224264941379 0.11226614926230764 0.0026057100992000035 0.007341458822240262 4.888252272266544E-4 6.647610186112373E-4 0.23035376535839977 
0.2575735795642012 0.0028736952007101142 0.01264965312118514 0.0027478692757382447 0.16867623531558332 0.03418377635673861 2.3137198881573355E-4 0.022981464061380408 
9.776951086630699E-4 0.16861538748022756 0.26889077202787126 0.0012504352301762037 0.005274973801749659 0.027613830350295805 1.3151632065862336E-4 0.027709467192687756 
0.013958800904568339 0.022744863215878052 7.563921588977999E-4 0.3380761852157205 0.012473423886906808 0.044194298179178505 0.04683336969457126 0.021175029748171762 
1.979870892586118E-4 0.0936724558289028 0.004559189733578767 0.023115139011303545 0.07432336849328466 0.2819618633410751 2.3094916989506271E-4 0.022939466765685264 
0.17028971034434348 0.0 0.008178042131885454 0.005725879250485045 0.07221707161217832 0.012463281969568007 0.1334990841072145 0.099220913255425 
3.5999347935167085E-4 3.3545734012220974E-4 0.21617601928807353 0.05047342181346119 0.09980286352279348 0.09923733364085359 0.00209041066372969 0.03359706443553391 
8.800037906858903E-5 0.08796527455100817 0.0035953185460247277 0.020403552520410883 0.005000425646584318 0.044597381769331174 0.15282939792827546 0.18830725821813246 
0.08374866806125213 8.235887515425692E-4 0.19577384382551044 0.13684481557100672 0.04981776182332029 0.03256407160662118 0.0 8.05256184899931E-4 
0.016271289196314057 0.3316737893749822 0.025796422608727738 0.03626132777172867 0.030480762728435366 0.021319489293765793 0.036864759882386876 0.002330832223580954 
0.08333377881349117 0.01614646928191896 0.16494597192368926 0.02750895339996777 0.0 0.12227327319399878 0.028006631541799436 0.05858954548920302 
0.10600491005193322 0.14435723703723155 0.018561687315882442 0.027976852024185615 0.0016120437427514503 0.12320602675969447 0.032815106470684495 0.04578247973367885 
0.05760537639162818 0.12938916304025094 0.01461651231928562 0.0645776015837746 0.004061814184216328 0.00997382756449308 0.09701580891255376 0.12451020894620318 
3.1551382256043146E-4 5.969905730105499E-4 0.3223359181621938 0.05163211524175552 0.0020354409836740397 5.143946717529478E-4 0.10899454730714545 0.014387482632908085 
0.05517291564808544 0.017766915046171235 0.0240232250677635 0.16663891545230028 7.312785811975145E-4 0.014056319876617342 0.031433216576317646 0.19191677370096782 
0.1462703348138433 8.907015979685332E-4 0.00966178937135112 0.08521068044079952 0.050972184336370616 0.018935101334509288 0.15391240692318114 0.036803329426247915 
0.18415093384546302 0.05595897949236879 0.047516030294620044 7.187102723297516E-4 0.011216842145020308 0.0 0.17060351358245515 0.03037823049355948 
0.001571383161197416 0.018853237843814125 0.010129069548715251 0.14284577492136658 0.07565331942403365 0.163946971079176 4.076266961609904E-6 0.08765696468826242 
0.029522011889893604 0.04013766829642679 0.10042905924413935 0.017694777796671668 0.10766428751895643 0.12374449341336596 0.02328491790705916 0.058624276419597804 
0.02330427359079334 0.006898244475625514 0.021642091287986893 0.21808771780992095 0.10595497189421389 0.019037447789754275 7.370940633429716E-5 0.10585104642961228 
0.02442085128511827 0.10581978912519181 0.0 0.22382915735508513 0.022122747983303735 0.01903965018483402 0.0 0.10591368361011846 
0.23879671459122603 0.0 0.07981634629721078 8.194264409933778E-4 0.016682655519835665 0.013500366474104934 0.0 0.15196910278784542 
0.031819435846405016 0.11651753893015801 0.05781818691744338 0.05202899927328054 7.162486154791368E-4 0.1427260608552381 0.0839115881768972 0.01795929236298657 
0.020218194247516013 0.14718048588827437 0.027410480716063713 0.10504736049747175 0.06481643419260108 0.04192337993738285 0.0 0.09531897187114316 
0.0013697402473274339 0.0019975547112315688 0.003787685598186686 7.199257564913438E-5 0.14675088020726143 2.8589579986833057E-6 0.11877942774976735 0.22870369975359686 
0.09516116579161872 0.13241137065448744 0.038950398862730905 0.08595228934138462 0.03321009524369002 0.019874573740864654 0.09551338039567343 0.0 
0.14086960677025193 0.029491580423765876 0.1608999005626411 0.01855863787189322 0.0 0.0 0.0020853676675842616 0.14993439708925493 
4.3587959568200564E-4 5.935905875015061E-4 0.1358726944648188 0.02094616908033876 0.1897396862455192 0.0014458665043517894 0.027918154495313284 0.12441513213235636 
0.010169558136269435 0.0872032118454816 0.12087291292641236 0.005587770454352535 0.13341112121123347 0.038401062960560395 7.384395456132559E-5 0.10604426560386006 
0.19987573714994006 0.05292516501494016 0.023407632386583475 0.0012810194653932842 0.1676651777669998 0.006307962543947656 0.037450256017397196 0.011893118241121497 
0.032798350818012655 0.14742349030015983 0.008753187289304517 0.0443787499112102 0.14269341756107368 0.019032293817223163 1.909534343181513E-4 0.1051537985747741 
0.0547507512922584 0.06175571796272448 0.0881536452952355 0.0851566208787022 0.023546186250301897 0.026511100613185356 0.051688237346166 0.10902456134572024 
0.1612142929716778 0.0017986345524351821 0.029335237756513987 0.0069662477523912405 0.2539270326122784 0.02410179856775168 0.02497197531158076 0.0 
0.004315289028558318 0.01713360158574783 0.0015276991704879447 0.13209663990567747 0.0784931832182412 0.017567486866961933 0.23533838532262713 0.014448598813090985 
0.013705257808726065 0.09238126430644966 0.006164551457555213 0.02575278883521081 0.08436316658293934 0.1493299078525591 0.03300278855043568 0.09602223363583887 
0.20222896778546648 0.010559520199928193 0.058670805587026094 0.03787737008422564 0.022164592956283338 0.12475885940147564 0.003316437389219609 0.04129787607466758 
0.06736296430328771 0.08776986095895589 0.035497898464229814 0.1862679707379893 0.002444792960006206 0.0 0.10855710534140152 0.014523544070461603 
0.1280391565576445 0.11613528460394132 0.02260888117077248 0.0012373065499406773 0.16194384882698631 6.099156567999663E-4 0.035717505496449774 0.03429207514110784 
0.051093829728201784 0.047032981785084346 0.11505641163260581 0.0410610406981421 0.1753807312068749 0.0 0.0 0.07128365144202754 
0.13814527799591225 8.412247091617442E-4 0.014787863037293836 0.3097660440876241 0.015396479438312688 0.0011402312758959806 4.5940643337886846E-5 0.021223022502929303 
0.035638623319522604 0.029834160734348712 0.03252684592209763 0.06884241520115503 9.058809468928061E-4 0.009686732897977685 0.010075538905844903 0.3153194833141054 
0.3193069785475781 1.4971785543637688E-4 0.0 0.01095216212019197 0.01378606222602374 0.12956205705314672 0.002839624767858634 0.0236437826036641 
6.425345969013194E-5 0.005776356646050912 0.006569782289462997 1.2487191352390496E-4 0.2545410142305197 4.958894063187344E-6 0.20602422259032213 0.027878225347392416 
4.284997035749975E-4 5.835404852831573E-4 0.06818055445571072 0.14137596668848282 0.17321920373505684 0.020062255560656075 0.03223849006718966 0.06525174300784234 
0.09848179777082583 0.10903852334800401 0.016220919281124076 0.2338666173024836 0.01284342977672119 6.420466343184481E-4 0.030057574995783796 7.195339999268393E-5 
0.1062387122652086 6.732159846515327E-4 0.008366241543099 0.03562356405044097 0.0012818539959832506 0.21907579233087598 0.12853285641360762 0.001822890485776018 
0.023636564712039693 0.021757972018874066 0.053226354993469706 0.01883291336249887 0.31017669086147825 7.331400227346451E-4 0.0019280606901383678 0.07139427099571667 
7.962930211756496E-4 0.1373303958704819 0.2201752673341412 0.0 0.004530775250053801 0.048172883304121804 0.06273357768346477 0.027767176300153892 
0.029131158673506928 0.11267184255624947 0.07044765911430005 0.06458101157744844 0.1638880232947113 0.009758982245997803 0.04908933871051822 0.0023142614660883105 
6.774141715986918E-4 0.002465659962107412 0.0036203153943129085 4.936707156874726E-4 0.175533892671444 0.10076860330811685 0.22048685919833075 4.6775851487814205E-4 
0.10536448492007604 0.02980275444696402 0.008032057521722364 0.0 0.032235656961492554 0.11231033881823531 0.19003614079955108 0.02290947895678635 
0.04092822728207972 0.17734911570821693 0.01979829896381251 0.05444466074147437 0.07360213805814854 0.10328022870464487 8.761008869064917E-5 0.030780957431099012 
0.07268946223619772 0.2811441774893658 0.017685286566852372 0.002646004654024686 0.07181848279077185 0.0055903832320948945 0.04893227355804344 0.0 
0.10427405092336502 0.016709036961429877 0.33923827947436247 0.0 0.01615279319182856 0.011315720569318505 0.00262448789856376 0.010521682955627151 
0.2077665892729014 0.06752334977398013 0.06424996649398156 0.047675741191687465 0.016156282929593542 0.04738723627182149 0.02596600278652596 0.02365016072321101 
1.2059093983404676E-4 1.1237180182380157E-4 0.07241483757561513 0.0310413058969978 0.03898742154614721 0.1577898452383946 0.16670130179472914 0.033503272808646525 
0.013581960552566429 0.0035963719945245076 4.778273035452302E-4 1.7765421074718835E-4 0.3621333389533992 0.08813209232633383 0.003536614410587237 0.029290651302885 
0.27418008864055293 0.0 0.02538719865181924 7.704434820705056E-4 0.017004109990096536 4.6371847471842376E-4 0.1483035146028838 0.034278629809219585 
4.905923251274317E-4 0.0846086006396242 0.1356489300603622 0.0 0.0027913889804936634 0.2569350379667661 0.02100533134123759 1.2073069607781811E-4 
0.012955085735560784 0.016879691763594603 0.0867137220918954 0.16660064856817353 0.001292655400238393 0.0 0.08139899551762038 0.1358290238672782 
0.051046190834491766 0.05695737509549513 0.010000390608101541 0.14610845055353883 0.15958241686747537 0.021833224102784373 0.020980801811706862 0.03430803016925934 
0.0 0.017056898078676556 0.04880308809443033 0.009525279691590553 0.3618176472103935 0.022854497647727755 0.04053207222262361 0.001225921449013983 
0.0057232639329640326 0.049719018203457296 0.02603049950045395 0.01136809376182931 0.11912156088861062 0.004191189370608216 0.01935889132862887 0.2657459169984663 
0.36582544425416497 0.0 0.06487076987812461 0.015598467130087404 0.0037911070071331063 0.02099238035140209 0.030278225952913785 3.1313996096171675E-5 
0.12219774921667616 0.15921626325641924 0.16119606981350704 0.0 0.0028710367775075483 0.0 0.041247637332105326 0.014488661519773202 
0.026176836616075762 0.0292081324302827 0.13254981397824278 0.036472195597752 0.13559153999932738 0.01855091893805205 0.1222149225308222 0.0 
0.0012449968904266128 0.15552941917462598 0.02682259172060949 0.005882010757466945 0.2413967168193358 0.02291246813638737 0.047691360483324126 0.0 
0.05732220925620215 0.06939620392886756 0.22240275061753764 0.004838785946878711 0.00994240116072152 0.13734380225103088 0.0 0.0 
0.034605436475664726 0.0 0.11970092658189968 0.018196947462163913 0.06795434626778521 0.012786699150416407 0.15477147557046564 0.09339278439543508 
0.2563291667493542 0.06502796518577894 0.0 0.011032145288257212 0.013868693713437076 0.13033863163340823 0.0 0.0236437826036641 
0.003125911416175743 0.2810180069815956 0.007903661311398658 0.00293854851297066 0.08714805249629078 0.08863472705182619 0.003481055425513305 0.027945666372786778 
0.31578761358877594 0.08011193655004878 0.0 0.010087344169035185 0.04045830687352006 0.05410148273169188 0.0 0.0 
0.1648098582452006 0.027728152426427042 0.05371970887604657 0.02491890249652678 1.0807121065897169E-4 6.803089702564668E-4 2.749586202819029E-4 0.22854081985114258 
0.08515281103123389 0.0410896341717983 0.024796503036528486 0.07192777246612701 9.534750833905438E-4 0.24199317380713822 0.003382265451845358 0.03131838345673472 
0.0 0.2591300124665169 0.015188355581393915 0.0641988392785894 0.014436909032754323 0.09540089755612664 0.028339194668401044 0.02384819960054085 
0.015605691186793804 5.867533760914991E-5 0.08464591361957056 0.18898298471407984 0.07279155646359277 0.13699803358957693 0.0014016740712170287 6.070165573374115E-4 
0.042970878985757396 0.09651817964475776 0.010661367368869848 0.03413045941960825 0.06316484560828846 0.06013040226218524 0.1120527768081598 0.08220261997415627 
0.013274289246313898 0.1561837503214211 0.003492205355045871 0.00782154084884797 0.007511046196372329 0.026783143497467476 0.09850125528706041 0.187750187891158 
0.05456424932441835 0.07430681576728197 0.01685231926446869 0.014138444319030503 0.16888011729575894 0.1255133047037712 0.036262232608148974 0.010666972146769404 
0.03295035401222341 0.07401077806586759 0.00836066501970604 0.03563704587523948 0.0012823391167579897 0.21915870209941055 0.12858149998696164 0.0018235803631313915 
0.021138917715692117 0.02754272897457029 0.14149147860059488 0.1858208448479497 0.002438924370662185 0.0 0.10829652005583906 0.014488681111772 
0.07549527458915284 0.13522192978731234 0.06940113211401155 0.15677434718638739 0.0012120177265102145 0.02329687932615193 0.0 0.03960560065849786 
0.11860067655185975 0.0 0.08498518776175339 0.024008350683322265 0.08965634368319983 0.01687027771683362 0.16589491017124547 0.0013928693356163291 
0.0971473093309161 0.10839703505046408 0.16198075470588796 0.03176161792829551 0.029825161402056936 0.04908655464375413 2.311272426434066E-4 0.022770095617028873 
0.07479088125316431 0.08251578856112977 0.009220196509553844 4.1611187062726867E-4 0.007119698903595597 0.2747654642619684 0.028369099655165972 0.023345120414295664 
0.0076375355873784965 0.22291597501732394 0.17088551453979725 0.01586255113809866 0.009246127455305307 0.020047655718059464 0.021530590034070294 0.033548719010017866 
1.8942183250377214E-4 1.765113751705381E-4 0.11374777618378998 0.04875906145529005 0.06080224239033037 0.24210601403281398 0.002087703164522119 0.03355354952867171 
0.054243110887130644 0.009701490010187717 0.15303511222978303 0.0 0.006688124592552151 0.2570825348093364 0.009604395877170222 0.010522549888296366 
0.0013533388764758614 0.0014984096149805422 0.0035593127837597396 0.23314860076896246 1.441879514015105E-5 4.448251614353233E-6 0.1834277685533327 0.07724804321921558 
0.008941300241773663 0.10520230338493086 0.003975945049349029 0.0 0.13026759766430576 0.03533295369431723 0.026243457096393284 0.19132163306501768 
0.03646271821040329 0.023670987529672838 0.002181846443257085 0.019299940430105487 0.0016880651373490157 0.006185178422742925 0.4124375940587985 6.500178779456963E-5 
3.081780755818008E-7 3.080551392628121E-4 1.2603786841585102E-5 7.511606197426E-5 0.19317063029524112 0.05231965670690925 0.0693881102930895 0.1883986950736742 
0.1327845980801607 0.0010236717737202709 0.006498928429661446 0.004501553161277318 0.005080826640690016 0.05710837996371085 0.1957029534077962 0.099301755610985 
0.14247732814244607 0.25595381221913227 0.019351385891065612 5.941125688438449E-4 0.017640514624102703 0.0031276255865154037 4.2023651625680085E-5 0.06255673638783203 
0.019939148078415382 0.23460170765571023 0.008866379044093802 0.0 0.011059981208124467 0.03904283122511123 1.4434879943690717E-4 0.1878023785923226 
0.03177147386652989 0.04319600182059153 0.1243018928543295 0.020730515199483 0.0011945052746624445 0.09129420308624248 0.14204527130052436 0.04578247973367885 
0.22422551540618038 0.0013654034847994424 0.014811066811970724 0.1306239488975405 0.07813795134021836 0.023113134798345404 0.030355281349948037 3.139368743626776E-5 
0.11269641617449029 0.0147622533111164 0.04409609081989598 0.16762857763892777 0.027556980228967437 0.030217105914788947 0.060369514016403274 0.04399783024873784 
0.0012227667191496098 0.002716759418808422 0.0016851605081294446 0.20455081694020327 0.04040118862682233 0.060409578628130116 0.1623473963694492 0.027434456131572773 
0.051586589752398146 0.11474676554463262 0.09116836517814698 0.010802040160922476 0.0012477602395510393 0.002991174748221264 0.13447328263160613 0.09393257318955607 
0.003971382191848222 0.11591232843815108 0.1492792034173015 0.08189756978909328 0.026098823119110832 0.05660439498465734 0.06606082053100608 0.0023154497380013677 
0.10042736061057492 0.01615911507792085 0.2711219772336201 0.0 0.08083497498525369 0.02429120882502265 0.0 0.011044538777931778 
0.06922125568662421 0.0942670550254241 0.01212091739314776 0.017038043032303028 0.24961379979230017 0.02140551962621797 0.03701351989744873 0.0 
1.225406695253689E-4 0.0012637262296854926 0.05000754439278072 0.007216347787186779 0.06907327108561608 0.06785093695538602 0.023950520248863624 0.28362445705520173 
0.03271162193443744 0.19833551760967233 0.01003511951179844 0.0 0.052204884992573794 0.003006879773152655 0.13753892739151505 0.068677798212594 
0.036259988976384105 0.04937966441308814 0.0469396362503409 0.0 0.1617330618291204 0.019278575601833322 0.15472658795776917 0.03410321148728115 
0.005860581162817105 0.17105218681225826 0.013116197953723043 0.003444855983108013 0.03666338259523883 0.017429017785348548 0.2340575787473787 0.020255560752983348 
0.0 0.19838032886268459 0.011627641840636445 5.247610278455177E-4 0.008978692458279015 0.22884358972593558 0.028339194668401044 0.02384819960054085 
0.14560491025113634 0.04837043018528376 0.14844256507467338 0.14240942052816857 0.013607383726067523 9.060368794420992E-4 0.0012321336243106948 7.187040874276561E-5 
0.00742255536679179 0.03216322127814653 0.028365813405742853 0.28584277864655255 0.022105538811833397 0.019024839339227797 7.370940633429716E-5 0.10585104642961228 
0.252477115503565 0.14616028147007298 0.026172352811683716 0.015385277838852058 0.018996841073542856 0.00519695848496367 0.03699661036560469 3.644832675671753E-4 
0.02368767742138423 0.17412310190474597 0.01845069823041885 0.02249824887971238 0.0012963631969047779 0.09907904760420587 0.15415776381597898 0.007023442082690943 
0.00580556767764255 0.1694465138112639 0.12989627458221592 0.01205770017287827 0.007028316671491754 0.015238949883469001 0.016366182016740734 0.14573315281131147 
0.009466306506032753 0.010502993748596872 0.3100630841513194 0.0616309966130119 0.06972882276777212 0.007698426508878921 0.030143246938235807 0.001442127252363083 
0.06533539454480458 0.037940030073730424 0.014423793235139168 0.2464340395579641 0.016582512416176073 0.11429184404294536 0.004737454374068102 0.0026368265452877283 
0.09824967918787697 0.029510939391717703 0.04207882121086363 0.022519040347315895 0.07550535932735475 0.014244064315833837 0.0318541901015553 0.18814439341780592 
0.020857066617285727 0.08192549362687346 0.12989685575119295 0.18664264737288205 0.0017936075536635302 0.04290538271141158 0.030401747444826984 0.007257943458477722 
0.023426373394514897 0.019691670649289787 0.00176237122121052 0.0064910203131588835 0.015176715568147562 0.017987475016717987 0.10295931022647113 0.31529381932124784 
0.11393302067846588 0.02974558886058203 0.0 0.0 0.06268625864605046 0.138583705012086 0.018182300164492734 0.13763916474333646 
0.008901456197772275 0.03857155537937391 0.14421548714049343 0.04491522076137204 0.05953275538719928 0.08347483827554368 7.08512818018219E-5 0.12106784841014924 
0.03968658394303606 0.04378568235173108 0.01428677694123798 0.031526793595535785 0.012181267375874105 0.22331194264837298 0.03955004076488107 0.09671843416402265 
0.19973973501999828 0.0015398467276069427 0.009775939839580378 0.006771410604934515 0.007642776207232422 0.08590463688030153 0.09102705259591708 0.09922789875190995 
0.0 0.2238441929928291 0.010871879527657814 0.055120541429779873 0.17723208630636153 0.01034243579976498 2.3074671905043323E-4 0.022919357949428537 
0.0014897252741632079 0.18610175527504394 0.016967368858571356 0.20568680444540532 0.0011987401264411427 0.021879177204125775 0.034184369296284586 0.033504428770084214 
0.17595199246789373 0.008763836266258394 0.022334115240975425 0.11308343819528321 0.022138019287996975 0.15073909160577842 0.002723074288121638 0.004871895736912698 
0.14340221035045517 0.06286275608008 0.0404800400480316 0.09133607999092075 0.0014461075231091281 0.008065078190767684 0.0025265587922576878 0.15070224158605217 
0.01704756306194439 0.11818930652634262 0.016351580971225806 0.07218945647743541 7.805931821113066E-4 0.2426829968680819 0.0020942492178833262 0.031321060276275924 
0.07540860488596726 0.019166135748126797 0.09340446730846423 0.06001379058877662 0.14326776380837428 0.08399530832999952 0.025457778670188343 3.2506149203745296E-5 
0.054007638131550594 0.20888767826207474 0.01276855195572816 0.0018713739694527416 0.1643045463061935 0.009783784794667237 0.048937667305205254 0.0 
0.11873582740441183 0.02123614270229051 0.10711566859193013 0.10276217125452203 0.028423578688781523 0.03200264987266957 0.06239501658041663 0.027915765889271787 
6.048277799588364E-4 8.435240296662434E-4 0.17759891114420776 0.0018015525717706607 0.02208669560046531 9.663503245658324E-4 0.06586643606958578 0.2321269103712021 
0.17324441364044518 0.007771328945796256 0.027623025905905162 0.11250472940648919 0.06695656600638507 0.02012069561924425 0.0 0.09569978796892076 
0.02691179311447343 0.03534014748369248 0.1809330562918848 0.23761949280342257 0.004930566151918938 0.0 7.562036155957312E-4 0.014481591847679099 
0.0021320513347954234 0.05055541883969983 0.0158571593031199 0.029288083079166978 0.06914198901788511 7.95110013844369E-4 0.2992944926735529 0.03401195179607675 
0.0 0.3059742162566096 0.12216369463674986 0.0010698169666018256 0.0 0.0492223830292873 0.0 0.022770121821259093 
0.0033478611878578596 5.36466511411987E-4 0.26857891202467765 0.0 0.009562881421370318 0.014532959001640049 0.19353423541211898 0.01051693935730099 
0.03462454546203318 0.03863409181277224 0.1753258855294689 0.048242391282642516 0.1793492280916261 0.02453761489799782 4.7915451796892674E-5 0.0 
0.0013379488258481959 4.4447100142810925E-4 0.1572058011654949 0.15534963471081786 0.18609218179546572 6.829600212378134E-4 7.801443523307823E-4 7.205996703654067E-5 
0.0937492323038448 0.10226223465532996 0.01540995203664235 0.009034369129240946 0.0 0.0895154273112156 0.0034203433332050384 0.18837769221668246 
0.02123597722844588 0.005623081696133456 0.4170402839041067 2.6149633663106853E-5 0.014744970604280556 0.011889205553322268 0.02995101732269319 0.0 
0.06923428273905498 0.011094209719877101 0.19224578285259863 0.0 0.009566778534825647 0.014538881546067348 0.1936131054555356 0.01052122527323702 
0.3092175076773504 0.0 0.10335406714528836 0.001061074069811359 0.02160234561900843 0.017481604305149726 0.0 0.04886801329460788 
0.005803934167183413 0.02244812724481317 0.014035609785182437 0.23523162209216342 0.16429510426910957 0.009783222553019458 0.04893485501984927 0.0 
0.029928868162061424 0.10595583216348266 0.16867939110245453 0.012938176692273555 0.05133537115333285 0.03964722886238321 0.02161763053225202 0.0724616002503269 
0.029363241333939968 0.006891641965838203 0.22049531761020916 0.034042553017172 0.11293113169453098 0.045763856899420245 0.05109387229544725 1.20514439467147E-4 
0.04334464553650659 0.07763594009413094 0.039845771641796354 0.2763932050346944 0.0012129245457569073 0.02331430981260337 0.0 0.0396352331631786 
