0.0010730459418145503 5.340371466607771E-4 0.05664387386181668 9.181250131169546E-4 0.02195498576049527 0.06334025331365953 0.1375191107907958 0.0166925279974898 0.19514038557146246 0.007740714859506378 
0.021727121971101288 0.08535032080307682 0.020425756895985622 0.10437934668317887 0.016202917267491436 0.0 0.1936834571581635 0.052932936886688875 0.006244405172000224 0.0 
0.018211545385722654 0.0027851892747830084 0.0013481949736909875 0.0757600478615336 0.16423014826019375 0.0 0.20480834849753754 2.2328003856205377E-4 5.147445867428874E-4 0.03278772578336445 
0.010449957375946846 0.013456005139721741 0.045243373937797496 0.08384634617110934 0.03285672822388729 0.06918134882181787 1.1500305486229889E-4 0.11989347771161774 0.0677880209989066 0.05797296477729707 
0.001976751644889525 0.3531773605040469 0.006295948835630523 3.724624330518301E-4 0.022751655590880663 0.02481198934202722 0.03641847387491144 0.0011364075161894775 0.05405219777611675 0.0 
0.0657733940250386 0.011315622198716766 0.03397288951822598 0.2026211798897584 1.8173671589462355E-4 0.012825660497549784 0.0032708590912424304 0.011791513667559718 0.1603107928700164 7.230049167934087E-4 
0.12380269432970141 0.10113682571304354 0.029211638101159197 6.018185832945036E-4 0.01375481326510897 0.04615943550462939 0.1757158115967975 0.010681040531700855 5.558640516758906E-4 0.0 
0.06365795921331464 0.028207068177299184 3.594182061793333E-5 0.031755904292774056 0.008529337812520897 0.06352352518302483 2.265954625590644E-5 7.709150024120729E-4 0.3072857418356762 0.0 
0.008540866394469212 0.003098318995207341 0.001683540388415028 0.23846119102726224 0.12409584920141492 0.0667333865677843 0.014140260295328434 0.028332648625798654 0.0138234809735941 0.003316191698763403 
0.05884035588393373 0.0 0.0037893396312446872 0.05013934751986389 0.08632052398715785 0.0 0.24493282282674775 0.04168893112783939 0.002523402323300711 0.01267061336594697 
0.017895536063886903 0.023043388273334405 0.02190612574634655 0.2050400946870133 0.12580595353299454 0.0013185171430595065 0.04660812871475621 0.001817044232738544 0.0 0.057499674932632694 
0.11458803948971039 0.012742261195264927 0.008200116185490727 0.09646033651388551 0.05757009044639813 0.0 0.0026431885909723517 0.07860242191203205 0.11854006722778036 0.012699466631066053 
0.08964045159423004 0.11259617634533062 0.07602339196535651 0.09110219603612775 0.10116190160768322 0.020585388891427813 0.0 0.010568686698497077 1.682140981854627E-4 0.0 
0.04188880879196435 0.07432655749701356 0.011113541859489777 0.0 0.11449483559876576 0.01500045099135084 0.002041745743774157 0.13694769508516036 0.02666687711096933 0.08059570477663437 
0.003261239965715451 0.02202376432723386 0.009305783904174879 0.0637268646349355 0.10653357923425992 0.008962223443385141 0.12300123608389556 0.02669577337899727 0.060450355206195835 0.07656992607140009 
0.10108971949503916 0.19205125546802584 0.020196650932393354 0.06719815005898061 0.0 0.039943825319259246 0.0 0.0 0.08036285068280824 0.0 
0.04959295618954259 0.05254991104979726 0.05552105200586213 0.22113849177189213 0.0 0.0036237957327741634 0.039341639975581516 0.001960265332640787 0.0444068407239553 0.03440069399578899 
7.87052658444539E-4 0.03521386611172157 0.007448110124221658 0.07739815011175866 0.05546730382567228 0.17585555809570175 0.11772982455381671 0.009730781800947207 0.002944083945408813 0.022154344851930546 
0.004721986915582769 0.05169643167093465 0.009027979499427852 0.028896089360341225 0.011687817329304344 0.10575432103983637 0.09091225655770226 0.1658952395047895 0.03444093700049101 0.0 
0.0013030881190059975 0.08884529941247987 0.001603960334470702 0.03162520892122444 0.17931037949420922 0.07359784563313974 0.08972759914676462 0.03504824354769354 4.081087088487528E-4 0.002003123670325583 
0.07804504765080462 0.3012534998594952 0.00783130088631557 0.021200818136474547 0.0 0.04625013448278078 0.011781937887853549 0.026896161103508318 0.0076484071767216255 0.00226213949271103 
0.01749845202094871 0.022536450349655533 0.0993119635769991 0.20567509849017904 0.0747853998704226 0.004016067720589536 4.9070868083333673E-5 0.0 0.043891149316241995 0.03437340913449808 
0.009106401811823627 0.042539146137841904 0.10014643888974864 0.0 0.027749780514443885 0.02048033822395598 0.0899346054906624 0.16681436707260358 3.0481478193236868E-5 0.04423501062418907 
0.2330674966874202 0.0 0.019211682657574083 0.08042225544962747 0.004286188552584631 0.02484346507121266 1.5551063990441183E-4 0.03182935779740216 0.011161887926598182 0.09949476515200133 
0.050044753683071375 0.004739571917118077 6.85571888521199E-4 0.0052183779039938665 0.17384768825176722 1.5414299097228895E-7 1.0592007708237231E-4 0.24802101481207012 0.0 0.018732527425044415 
0.017026135673248823 0.08919066937021483 0.001882944747539204 0.009598158703739845 0.025276051650893677 0.013139826136406537 0.013887684261863204 0.10146295187455784 0.008352225466261683 0.221729780062038 
0.06491146223172553 0.03970576199833886 0.08296754882256066 0.054018254089735096 0.12975024161101312 0.026722607773789625 0.06773574030559074 0.03369208726111334 0.0 0.005128336588261719 
0.1281163886057106 0.022837770321156532 0.00970761476314839 0.012910531201807823 0.29056431277901607 0.01955705007574671 0.004415284771240121 2.3330088451911266E-4 5.378464109999934E-4 0.012126354728051462 
0.239238683994724 0.0 0.018321315548589696 0.01155125398052482 0.06748000049774838 0.03911923201678281 0.10480291867018456 0.009088381609105967 1.3970207663319207E-4 0.012985620150382208 
0.0 0.1289546611278604 0.24405392381108965 0.0 0.0015602921129730092 0.08338565409959575 0.004586532840212823 0.029245031216557762 0.00420329599460318 0.0060406886037661246 
0.0043613674100232815 0.018868889203878664 0.0056823282277702015 0.05646947951832613 0.020848013990696548 0.012346247956565533 0.24575591558602092 0.11618486933351718 0.012966752844494537 0.007689110177415721 
0.07032416667798082 0.011772663808025902 0.06510756561984782 0.0016627672301267062 0.1340068622690118 0.0 0.01718512843400712 0.022603622958803825 0.15086104884945048 0.027739251396963538 
0.0424897673484019 0.09004507624685008 0.002368931322858516 0.020146099667506277 0.006034911533219887 0.011788707782920502 0.0 0.09967729735377616 0.09101790106224061 0.1378115839562583 
8.848703305771418E-5 4.422701730458998E-4 0.09651069900190769 0.0015295231686905722 0.02900468669695546 0.09960884892096236 0.21626248102723353 0.049197790819149115 5.333942663003249E-4 0.00773071144862595 
0.05212532978009903 0.005767291247613762 0.0037417782941041606 0.009354822927686786 0.14996962248591952 0.1061841821334345 1.477427653778718E-4 0.04729665927770114 0.11974877590975197 0.008279137612309305 
0.044624693349154185 0.036454778776722166 0.01672048903336856 0.17283485701100204 1.386260975139434E-4 0.09514458399944267 0.09482179399911125 0.04006092152917883 1.6791988697201617E-4 0.0 
0.026985895839810314 0.13735909259037377 0.018897937980804844 0.001573835797237295 0.08482852132575903 0.010579065044183725 0.0058161260831636865 0.07659679279860859 0.0016288080741940873 0.14013231623879535 
0.003100349490155329 0.06546785656252754 0.13365867909926277 0.0 0.052500941664812936 0.13772718129670594 0.054051764128070216 0.025134485707003433 0.026333070064581406 0.0039023805976178116 
3.988003777311137E-6 0.009473200551349863 2.678415155269384E-4 0.1539159454925329 0.07685952539286894 0.09839646202078019 0.0408682438105396 0.03757133242887503 0.0018029777042529599 0.08169341841807626 
0.13881243599653129 0.06381256113916002 0.032786912333110776 0.10415961510690272 0.02332598220085305 0.01216422782251011 0.025796950254102224 0.02659456080977337 0.07212447635682233 0.0033235808803832147 
0.08330506471987004 0.050956964445129045 0.05804192026846277 0.055377221902985066 0.012650126800616326 0.01873345882941023 0.1851649874771222 0.033577670658681134 0.0 0.005305882543585733 
0.021581474310970072 0.05654373171364509 0.015962374994432788 0.0029180033965985975 0.21987332559556874 0.016189285350248148 0.1480710532949835 0.0016066665626266624 0.020178783771558306 2.736164788505893E-5 
0.02207894287023613 0.08296725943767053 0.04120101192650289 0.09719359585305705 0.03839931285158171 0.006152137865287389 0.03398089523781605 0.12709435739174332 0.04826692695279204 0.004550136010739086 
4.0412429223527635E-4 0.07220307680846656 0.001066595736466701 0.0011612127805080141 0.020104085453004156 0.0741267850573348 0.16093793493981487 0.0 0.024493053858309938 0.1470181208510002 
0.23445728147470474 0.020454422243708793 0.02764835526644678 0.028549864281353768 0.0025412239541206306 0.13003407629975872 9.969666603618955E-4 0.03216379886979542 0.01830799520409579 0.006740152741081871 
0.1404463273304612 0.09591162364755729 0.03447495132622162 0.12512884694902182 0.009936090365444425 5.998106128213411E-4 0.012330517329771345 1.270235052474019E-5 1.404385125345879E-4 0.08364594726020355 
0.008601789591404136 0.1991420920330798 0.07583832377343158 0.0 0.0348175971270096 0.024600653812452463 0.014781630112741924 0.049535496315833656 0.030150539854366155 0.06545168778891051 
0.07752523490401649 0.00589174143696919 0.0014787637172158261 0.14053434841998777 0.07733917432457411 0.14549907058189948 0.051793787793996474 0.0 0.0017520369436637027 9.507997020630444E-4 
0.07067642636353495 0.09938167415899823 0.024254676727379503 0.17725500887359344 0.0036634126476999484 0.04280264128106022 0.02096218255951394 0.02685229736952731 0.0 0.035120728509432354 
0.04354428410169716 6.771664317336191E-4 0.15781948128085174 0.02904231231104766 0.03483342829205265 0.07920904212466193 0.0 0.0 0.15427701585376732 0.004569058892580638 
0.09228065023381632 0.0013804725649543275 0.008205065169812627 0.04565970290926144 0.08954152432871448 0.08824552488083777 0.021802752350143215 0.06877331088803137 0.05997233789150003 0.02680998063718126 
0.04717416362260318 0.010738597632549899 0.0167210123454058 0.03349336086796176 0.09722849794882103 0.15843887545682062 0.024239538398661192 0.030755395240103182 0.0034348366798005584 0.0805468234712292 
4.763920250528571E-4 0.03709734036036835 6.715938929716781E-4 0.1293434034279892 0.1818112629014241 0.06449232224784417 0.017387995389751776 0.031127431598218968 0.0 0.041086805599440314 
0.009823064477406596 0.0014777923879190716 7.08896430387477E-4 0.017878124131271465 0.2552318600210867 0.025692888736773927 3.598631936215088E-5 0.022205448001478344 0.046409684768748405 0.12414924293311225 
0.009864347461807097 0.036526354794353455 0.011008800421443038 0.0 5.44980128927087E-4 0.01830329527495474 0.10054043935811433 0.012170988029461293 0.028091011654675712 0.28590839309188315 
0.0017502348518668282 0.11038783513654249 0.02139110625940937 0.10931245816532897 0.016968689422199427 0.0 0.012664247367860173 0.0392090294954169 0.003934245764537664 0.18501179833620413 
0.0 2.31886910172651E-4 4.14475280588441E-6 0.045114297383383524 0.014082271465621703 0.0037774979394992005 0.05803074912381745 0.15472453832193775 0.0 0.22495115132345833 
0.10669775127499054 0.0 0.0068615576598564515 0.16691410113384092 0.006080472439481675 0.0 0.010680254118390624 0.16414189920104783 0.03350959968905445 0.007134132019491935 
0.027844402407896374 0.0 0.052697092174777554 0.08217325247893173 0.0162160709636533 0.03036969298523829 0.2062516895702381 0.0 0.06306251241619973 0.021773837314989938 
0.03949836978611012 0.03864028862110249 0.0013829493742568298 0.007212431469065253 0.27394418158632905 0.0 0.01990965097138015 0.007309953082553903 0.07426570425736909 0.03869379775166111 
0.02431644754118258 0.12139631607815463 0.022671088107943743 0.029806707490405305 0.12646398955434998 0.0013645436361460934 0.021214156391513094 0.032601470838961394 0.1224557622657532 0.0 
0.0038440150750503007 0.07700258552605933 0.007408602143601496 0.1735707317043019 0.13009150799339864 0.02945047520637783 0.015704957121625673 0.03009028997450251 0.03389489638005617 9.238788441018574E-4 
0.02288832619815976 0.08475240015620077 0.03929498280592081 0.023053430528330882 0.001613963517838134 0.013054756867987651 2.13799445889245E-5 0.004251005331907843 0.028086706391993295 0.2858645744231039 
0.12454769318070902 0.0717807791154002 0.0025211413183046866 0.04587988507705767 3.4447420330390886E-4 0.0 0.011973474543274024 0.014966478071397222 0.22980377291242488 5.279719238220473E-4 
0.01513317591947724 0.004588848566376396 0.0030685009581856246 3.59213866479595E-4 0.18093374568278245 0.1705583548965966 0.097082430001364 0.02723000846997562 0.0 0.0027780576799116188 
0.03089327641370594 0.03273527235142665 0.3176408981187367 0.0 0.06707144512244465 0.004289032392688031 5.240612394749261E-5 0.0 0.04687434930555278 0.003320493142925024 
0.12990113133581008 0.007611580808400881 0.026231493352796516 0.1699683066185539 0.007532589442994074 0.06431925474672755 0.0033610823190043954 0.0013655232465024148 0.05464997989657476 0.03589695861313692 
1.1781421705276874E-4 0.021160386685864722 0.10153865580072327 0.11728157305405103 0.06020499680858738 0.020235671438142405 0.17026598614881494 0.009283037386187973 0.0022512003679607904 0.0 
0.034218447550031686 0.12669672298510698 0.0328778434653432 0.17558266954177085 0.07946863367947077 7.193021108111236E-5 0.03637402414229566 1.0273789397254275E-4 0.013181779718933069 0.002488563587515176 
0.03264011162104314 0.05927658949021658 0.00995503239856715 0.0 0.08504237817898178 0.0029576966155080075 0.16002534353904363 0.08002315177513422 0.04080125559582884 0.03089009032483383 
9.628825384843051E-4 0.03464293906208889 0.4053856056945103 0.0 0.01780265276186591 3.2441999126007175E-4 0.022430956693364076 0.01536520186395906 0.004329615130895522 4.854953828903621E-4 
0.06140926409017444 0.04299313747018217 0.0634676871326083 0.0996923447240418 0.019275744252385967 0.05647373272185114 0.010413869448408964 0.044042402684187514 0.02031654085882576 0.08409688787546801 
0.07408091854910115 0.06051814129351419 0.25061371693758167 0.013786013811010434 0.0261429602690192 0.0717950692564556 0.004499739586423524 1.180428982999375E-5 1.681370358315228E-4 0.0 
0.11166827133937542 0.08104652510508846 0.030534121612466533 2.3005068796827052E-4 0.19810250890712539 0.01413129890436862 0.011125428164135408 0.03333820147562833 0.014935359657315492 0.0068274153384181475 
0.09277015878484851 0.007338171361673528 0.1884736429338028 0.0 0.006474499221956268 0.03365710629331268 0.029876620002483537 0.0 0.13774295485311705 0.004263984405700385 
0.014635179824448523 0.018383054291365265 0.061652898295884474 0.03099528299782291 0.0027243622676349885 0.33480215464865315 0.0 0.03773011360287907 1.6796089521858314E-4 6.290091887213296E-5 
0.12055943821723346 0.03655736298646069 0.02923378842561857 0.0029371729926044978 0.001785362737847552 0.1596852284611973 0.09089340726659033 0.025494090431187437 0.0346718067443637 0.0 
0.028476261071112178 0.25179850177186763 0.018149321086177877 0.013972361419950728 0.0621546102812905 0.035011516582522814 0.007869222805028697 0.05972313081709071 0.025019464774733154 7.158156322045864E-4 
0.03405062179660935 0.18926746001838893 0.005118754319758719 0.0 0.0026105821358016457 0.006618305050245919 0.1050359733177654 0.04997970288165431 0.0365344236151108 0.0739417864372332 
0.0 0.002532244660433501 0.012083762163544681 0.22660258781137316 0.06048587962382548 0.010507806493227637 0.1658428946765974 0.009041886910817996 0.0021927197202694917 0.012442680525923325 
0.0899588111078189 0.04397525172732735 0.019165662380650105 0.03206152266360151 0.06870501325509332 0.04271594937251722 0.01912760949972422 0.018506894644544608 0.16327644563793356 0.005546183208468668 
0.15056217631445132 0.025536053321004646 0.0 0.022529376800809058 0.0 0.09415859471276501 0.03576396243583733 0.140482156830933 0.033603680455869304 0.0 
0.17757777477313075 0.015492164557489821 0.03059039116870082 2.3047463499670183E-4 0.1984675804951206 0.01415734065295582 0.011088558266149403 0.03257212164761252 0.014935359657315492 0.0068274153384181475 
0.05501051339396627 0.006086515975288637 0.00394888906858592 0.00987262074182927 0.07085166012156423 0.07005145872645785 0.12655274773657885 0.032145277689031096 0.1197271189209723 0.008330032212768061 
0.0633759049137581 0.010903159357002076 0.030452799175024053 0.07298834615221608 1.0296470775718696E-4 0.13412764455635995 0.0029059260132844066 0.026951190267553413 0.1603366297998862 7.231214418694581E-4 
0.08239933674446175 0.045942810825087284 0.026125750166950346 0.027561655075762206 0.17081289113362336 0.026580409079121896 0.031213850369385645 0.0 0.04424466219727854 0.047110975399714795 
0.013561358640684517 0.027634443683508345 0.19623949635895074 0.057224580852978504 0.02941342088276754 0.0017201491179622934 0.13891781952527665 0.03152936096705057 0.003649154882239784 4.881363470464429E-4 
0.0038326011291135794 0.08872946712655334 0.0337904156147452 0.0 0.25039970406592743 0.0130594575147243 0.01637634440334697 0.009332991670740606 0.02211100959218849 0.06547620493461975 
0.011676381531687478 0.03123314499640259 0.008767182681849563 0.028444363667544898 0.18160281029156908 0.21834487374088707 0.0 0.0016030918733875655 0.02013388778449779 2.7300770668507675E-5 
0.0044799126047919136 0.10584628901167427 0.04648749238839377 0.06442221488293623 0.05045835375611689 0.06355524361981439 0.017115242121120054 0.14798298471679086 5.049546358030076E-4 2.7522995437287746E-5 
0.026354270058827522 0.03751212394774499 0.04553832089612126 0.004827775790770346 0.014025213021384956 2.9014241306802364E-6 0.12010262083227047 0.1320068943699696 0.020231565362814178 0.10443841249404964 
0.0023517765460716504 2.615190132966181E-4 4.065961855840727E-4 0.05405252605731314 0.04368682111077829 0.0 0.025254513601030776 0.011798178520986963 0.044055963370536605 0.3205517271645729 
0.00416420096272721 0.0049844011260850715 0.016057888637955698 6.851813601607116E-4 0.22110568547221127 0.09162194435029183 0.07083169423556177 0.024504951627524665 0.06635117097844576 0.0 
0.16652015376410734 0.003685135231313716 0.12448879864831978 0.04187036955330412 0.02757200337528634 0.0028654863201518325 0.04103731367540097 0.07429509566716937 1.230471934443596E-4 0.02050611049505056 
0.07809352193704486 0.028287644978269886 0.01223271067706031 0.15435813287078218 0.12529064860913672 0.015625144707804024 0.036818933648495804 0.02973443678332463 0.002949059147336334 0.02219178343766863 
0.15335050002169756 0.019725911214431367 0.0 0.16181292908407957 0.0016190547095671405 0.005435207856954859 0.016667768658643826 0.09704276430271443 0.0 0.046892789721113604 
0.009456923424728777 0.003924889390851982 0.023488141453801226 0.0 0.06375267381396021 0.10645883861106589 0.018158605171460698 0.00513640013417096 0.03522419444081136 0.23486646319794147 
0.0052498640043075065 0.006760046427309111 0.022729428621037433 0.10663086577453694 0.03036008807098313 0.12940023132808243 1.3578959210371782E-4 0.14156394761730695 0.0 0.05797296477729707 
0.007632405952387791 6.570680539610299E-4 0.015312459251587205 0.022873553610130527 0.0033455031985082976 0.0042326325301817805 0.25970086894836425 3.072546210111865E-4 0.15343004516800873 0.03651298431669355 
1.4425008572517511E-5 9.835054030194934E-4 0.0022506797295746036 5.096896365833168E-4 6.835663197933894E-4 0.3389831593968444 1.4432675791017958E-6 0.07424091325390507 0.003751382080812766 0.08165206709780023 
0.04491248798681043 0.18382798414228477 0.03558916369906234 0.12380741512981096 0.02383789953525811 0.0 0.04968092841593087 0.026879716788048354 0.0015691485037591958 0.010587661359566665 
0.03144422048936276 0.04048950414796037 0.12003489276848384 0.0 0.1044726848656874 0.024601732354960135 0.017022727896322937 0.09093915467079232 0.06458053959836556 0.007005540446456869 
0.019700473538822687 0.007191018023349472 0.047200716855086984 6.283929098693069E-4 0.12920108576178152 0.014872357036578297 0.006700140212366724 0.0051513097175258015 0.03526532748319165 0.23514072843914277 
0.3309267565106087 0.007142400511728948 0.06448901128440365 0.0012571152741813988 0.008618380688585267 0.0 0.0 0.052191416338335836 0.006129016609622033 0.031430184039912205 
0.004852388002949428 0.03276908504885518 0.013733975854429818 0.09461252290822432 0.15816580281388806 0.013305825976272112 3.831060864065748E-5 0.0062117850311317595 0.05382831857683689 0.12357417666109322 
0.0 0.15928644179739734 0.3014585187581314 0.0 0.0022993198405553477 0.021774375478317985 0.004855583983686085 0.0018869678738873091 0.0042013738812339 0.007146773827573941 
0.0017962450871340965 0.03583700904026979 0.041169168253153206 0.004330839817623794 0.02029891671501809 0.0074240710095775575 0.10177283987326123 0.2800298820832304 0.00763114481243775 0.002206815667435851 
0.25029006328177966 0.0 0.0 0.03247766632170846 0.005909016604603051 0.015126001609344174 0.03584641239216766 0.14607781355428365 0.017270773554136497 0.0 
0.07906641787082978 0.04408449900661347 0.038798961995862774 0.013919229337733827 0.11734945680332505 0.022033788609125575 3.650035719725791E-5 0.03879182563352239 0.007618435120746174 0.13989208373704995 
0.039911150436346965 0.07593390663505731 0.01107812961477658 0.0 0.01995476360103728 0.1208133514514643 0.0033955833927402303 0.14408468754053871 0.007786282741637286 0.08221635485091495 
9.615410294130723E-4 3.488124855847119E-4 0.0723638153372371 0.0011612186440398003 0.020104186968373315 0.07412715935976043 0.16093874759423357 0.0 0.024493177535729146 0.1470188632174633 
0.08048892987665164 0.029379869691076626 0.012704905745724318 0.0027195412455637675 0.03920729609654186 0.03781911741739294 0.017998100142061765 0.057094729950880226 0.0 0.22613074770747818 
0.002565387933356146 0.08453088876680893 0.01676652841087069 0.04585781625083373 0.0 0.008198660062967305 0.09084679339020292 0.019717081598263523 0.15680693022910414 0.07700083554976449 
0.0013780637946618206 0.24621248443784804 0.07711607552760708 0.0433840066407352 0.007979954081335876 0.0752534763324325 0.04014921555391395 0.001276523290480428 0.008913536314030617 0.0 
0.02913922411010037 0.06934027481791363 0.040319960750072895 0.017402628572218165 0.03678850386670672 0.15852075956373912 0.03605458305462381 0.018509709293896396 1.258430005238001E-5 0.09655801476714784 
0.04442311232078864 0.016091286434402396 0.007498240464931486 0.09785021675058515 0.07612892167762594 0.0094941277012053 0.14746542413700528 0.10130518085748104 0.003048281354363442 0.0 
3.767748938764409E-5 0.08950001884932063 0.047910981218688906 0.06188996851081463 0.09361470366736638 0.021597162054085028 0.037114566753541904 0.001446932355573456 0.06591216043782695 0.08166703981286727 
0.024142815912257583 0.023367563020673086 0.03338742362707113 0.1672860675143587 0.030746780332248983 0.004356740205277758 0.1311163025238384 0.00644969334173765 0.08194069031073573 6.420614619578963E-4 
0.09098172816943394 0.024905579037749277 0.008701128107938709 0.05500865846586578 0.023309968470398113 0.003847650185006712 0.08875307822349993 0.14302489314181038 0.06450037507670714 0.0 
0.09365213224271525 0.19352492358214357 0.01774432290054887 3.3853073536139506E-17 0.020869304502327286 0.035529289647507976 0.015179383131989537 0.04054368879667636 0.0 0.08368413953807761 
4.618205457073631E-4 0.0037323812195065803 0.0025725189110279555 0.26535369538473935 0.010985395580732046 0.15769286365272672 0.01697593835720768 0.016197499512265408 6.123899444063784E-5 0.026711602517814705 
0.02443679729197415 0.0 0.04624800850408356 0.0 0.06356015563656359 0.008327283887022602 0.0011334456839551604 0.2530033522826369 0.02672720279319351 0.08077802799561337 
0.009671942275835746 0.013475165868541677 0.14636293031720188 0.024963373645952445 0.0133724085746502 0.09923328347939077 0.027225630411091602 0.01897591222737608 8.41093538368786E-4 0.14953233776995237 
0.0 0.0 0.3482795297184799 0.0076303684412725135 0.02872212329778996 0.003685492366024395 0.008513463987291053 0.03725816463664802 0.00396393638471859 0.06763609094509872 
0.03547761243563069 0.07331175565430219 0.022215365687399072 0.011633047938765542 0.003686432731546957 0.08505932206847168 0.042374208960545695 0.0062042989412971795 0.2135641449252147 0.006926114038596758 
0.024303168234062283 0.03129424790016748 0.10522122614756152 0.023401140790531776 0.01207033851528974 0.1479062704208815 0.002988797938423067 0.1557398083133231 1.6863215542217193E-4 0.0 
0.02575436080891553 0.2847115546338027 0.027057461179316872 0.010223022910058718 0.0086535254818775 0.11803654396398885 0.01158980134832737 0.0 0.001877021166532037 0.012966172057404204 
0.2674751278133479 0.1541543851846078 0.005414332286111795 0.03116296180579761 0.0 0.0 0.02055619172754745 0.02286517759832292 1.55454767592237E-5 5.277888798138271E-4 
4.98849736772486E-4 6.368783075517586E-4 0.0018171302743727965 0.09730232183421958 0.0580901436797045 0.005759481736908798 0.045776370984049325 0.007999056762458634 0.2833283454845228 0.0017925082785080133 
0.0 0.0 0.0 0.23950937640447148 7.58860762442476E-5 0.05705045391211013 0.14289517233041654 4.7833168752331276E-5 0.00605570849078132 0.05553768014084125 
0.06497277310334966 0.019701761103898156 0.013174301123864328 0.04583069672779019 0.16573274501574636 0.08602342852045197 0.04768642598112603 0.048849978529018574 0.0015801863922754384 0.009526079890900567 
0.052645429482656735 0.1949389600305464 0.05875330613805732 0.048062753603358176 0.003364858465959503 0.10838270324987502 0.0037605533013908795 0.032350863612547916 1.6840898781775234E-4 0.0 
0.10714268487931594 0.0 0.05780783634862167 0.11003969504969664 0.0421069055328634 0.01737922489373471 0.003317994792632666 0.002090319185015817 0.16260939841074726 0.0 
0.04499163395764188 0.05821221628031791 0.1953190709253431 0.0 0.02975064621541888 0.08761304221332222 0.07774419615685965 0.0 0.0 0.00728574912851341 
0.06900827189452231 0.0035084371370184744 0.06818994452787225 0.010432019637244438 0.008920513805018937 0.05825880579963925 0.10072516736640157 0.018600364523881495 0.039882518654306594 0.12417977257652062 
0.15470165216571416 0.014330071291633039 0.10948188750499833 0.12529787882964238 0.04519769170676484 0.03675781480284249 0.013656958894028721 0.002455767428384568 6.4844763415462E-5 0.0 
0.026534761815475785 3.342729220732512E-4 0.0021919335609284296 0.016499473110116812 0.38906999108602996 0.0281326427472213 0.02255701763910083 0.0 0.016154969648019688 0.0 
0.021989483781099623 0.0019183641363540347 0.1022063728122211 0.054031224096981696 0.012995459940430115 0.09544053930437653 0.0813830270027374 0.026692635294622055 0.025339831839482 0.08157603969372869 
0.1168145767518559 0.012219862679613383 0.05425000458448344 0.07529693061582532 0.08888751333295002 0.08128058947585229 0.02133914957055212 0.025957597408843104 0.025773043347445616 0.0016150372879396968 
6.181110071709592E-4 0.06665925549445224 0.053354868005307386 0.05161752648465839 0.012425875496706575 0.029406282038672318 0.013005878703129865 0.0966129406504067 0.15134634767717972 0.027828484676777652 
0.0 0.2467840274751801 0.03204846217499521 0.09610801188536988 0.020690153607800667 0.034229112242181885 0.0 2.698931008602171E-6 0.06693649218648866 0.006832683974250247 
0.002796332641623055 0.01209796970342682 0.005437266863363297 0.0368071053309879 0.16329076901384107 0.05078559854428929 3.140165584822965E-5 0.1513289378086996 0.06290889755820252 0.018842021411449986 
0.02694848705885616 0.1446866267586203 0.0022293091022199956 0.01624479890271636 0.04082664315406375 1.517769147089431E-7 1.0429421671327242E-4 0.26614650921481003 0.0 0.004396915878400768 
0.08352119868997669 0.10754701080742128 0.007217173716942685 0.04297499181548468 0.03991597279730342 0.032033993541277096 0.058430741415557576 0.121850522086804 0.0 0.006915833139895909 
0.013439454809683475 0.014240775486490524 0.022991609788976495 0.0924456316199998 0.13534848081317788 0.1338198498257542 1.8847662849884432E-6 0.03188431084544536 0.04087522554975433 0.017640305060525056 
0.03457233370785508 0.1632551534315413 0.1921448407708535 0.026860198120129304 0.02560026633380089 0.0012378645206020096 0.0 0.0018254909794412518 0.008251928580747307 0.046993603352518454 
0.2380636567101416 0.08773864935940259 0.002595148202805544 0.01641422130003771 0.0 0.02514770460513828 0.08787049769439137 0.03271211384982094 0.008543281308488011 0.003089786131309423 
0.026379374053272668 0.050209033197834346 0.006578671843106312 0.0025189927982229784 0.018264090239165795 0.0028894872521163383 0.35703948936552227 1.2882144286364064E-5 0.038601990901912665 0.0 
0.052776322533886616 0.10026498295027703 0.010544148000772932 0.06139150302340781 0.1931084215620831 0.002418767230000447 0.0 0.0 0.08036754158326871 0.0 
0.024009292457523052 0.02544083434327413 0.02179251697271056 0.1299749760587564 0.035478276052353194 0.008204650417948146 2.8354926823236796E-5 0.008752790461687377 0.19216017265649937 0.05637712234290762 
0.0 0.07509842921632873 9.397828918904504E-4 0.1232083581031734 0.016672500159516043 1.4190749596671716E-7 9.751239947110725E-5 0.22833371103738545 0.02544364692916949 0.03144003652971205 
0.042400422975178306 0.0036990159301391375 0.010939681827768659 0.09995664267901964 0.009266211256366572 0.056664509359907765 0.10285138263705543 0.018986956142131164 0.03276122053833864 0.12417977257652062 
0.021599653699486777 3.0025912439040167E-4 0.005455623616125666 0.008163223168714538 0.014257850029395083 0.24808235478219282 0.04930904041154739 0.06878367543401916 0.05998137607864042 0.026814021060328805 
2.526426590123775E-4 0.0244565283369534 0.0037957325988501787 0.09664531936259543 0.04830350797832293 0.2094284078222928 0.008599059844610348 0.03403894523426728 0.04441189678291485 0.03480330607067909 
0.0260390801158927 4.0493927805825713E-4 0.09437459362802013 0.017367034792717426 0.02083006871555411 0.1586475323532754 0.027494101580548356 0.0 0.15429115764453402 0.004569477715011847 
0.042214547984941855 0.15539626841610465 0.046894268314048825 0.023546732058759477 0.0025450205463462073 0.03151978393050071 3.4979483782219124E-5 0.030536004657788638 0.049457931288617016 0.11985058717731595 
0.0017079898333844296 0.11645173179559382 0.013587120072859372 0.0 0.07996435718015396 0.07616719016215545 0.025847934559072933 0.06782042415093145 0.038797619718895664 0.08170833389996499 
0.07023151038266666 1.1931310004690007E-4 0.10581085048590501 0.12276826569624957 7.230358426444007E-5 0.10217107544681792 0.041148420012787554 0.025779355545350376 0.004898251717793947 0.028999913759306682 
0.03397502621366474 0.03349401007047113 0.036399287973195894 1.1531700511972139E-17 3.7519331195612983E-4 0.12474332152922243 0.15406569232521303 0.030344421135918943 0.07783199932314633 0.011295565909712885 
0.08319764686057922 5.714006767651015E-5 0.012908549911801364 0.1685188021099379 0.07153389290562717 1.3555225987414783E-4 3.85675251697203E-5 0.02399865336762847 0.020181655411588305 0.12309718669524145 
0.0015029289830707736 0.03635926830836727 0.015918419808612656 0.02268074617916712 0.02628364265452306 0.2331852598522479 0.01671947504093695 0.14810267328494015 0.0 2.7517485173278456E-5 
0.004222673557268841 0.11667055729599671 0.007522149110231067 0.05348393294381751 0.05352419763534506 0.2573304216213485 0.007457612678868017 2.4849347065291683E-4 5.418559621032402E-4 0.0 
0.0 0.1534143286179058 0.03122952589935309 0.03294594090187712 0.012842595034178029 0.01561557283140766 0.028692196661411682 7.003443957050606E-4 0.22721022010987535 0.0 
0.026477460827521036 0.05037532159382155 0.07609411117451315 0.004632507569997652 0.033588240645921176 0.005313858609791775 0.267017890275053 1.287159850234902E-5 0.03857038993164305 0.0 
0.02032636730898795 0.026299175777834027 0.0882414535514877 0.13759938058337343 0.027153863973764528 0.05085415043474662 0.06551629512087835 0.0 0.06312905529462169 0.02179681283172274 
0.01917718027706712 0.005815116185116089 0.003888489525833231 0.013527259056257075 0.33145282260081704 8.108490400553857E-5 0.09690106541114045 0.02717913871601631 0.0015996187972182588 0.0027817741436426233 
0.005780353101527371 0.012078185957778776 0.11939398766635165 0.033079404606007716 0.011355911947744754 9.806411791400606E-4 0.0023975513743153035 2.092143772470116E-4 0.08282116199862022 0.23333057047097577 
0.0027774559381304816 0.005782120157655978 1.517387841229843E-4 0.10496570819775634 0.033187181066054575 0.011328366737138724 0.014072610301032002 0.09932654972616914 0.008356142403882475 0.2218337645294932 
1.8013602622748108E-4 9.168982661283589E-4 0.25885024449614147 0.0022326336997815256 0.02602079765961897 0.0489160799513349 0.007167453427367385 0.0 0.01892521933445592 0.13972583978877526 
0.053241856538404485 0.05641637523131141 0.09108375356786463 0.03149534881307179 0.03556052147110837 0.14528579446153533 1.888413649294646E-6 0.03194601276479302 0.04095432651832831 0.016377755293065864 
0.24168512934882522 0.013398633140667431 0.05211816875804735 0.04739803596113711 0.07551119805264783 6.892810205795104E-5 0.031996888634355396 9.784471800540778E-5 0.038921483866897 0.0 
0.01208557745660689 0.24112018547554057 0.0 0.011855217537141468 8.398183852017226E-5 0.04742311822926156 0.14984409933938914 5.032328876228632E-5 0.03540820382477606 0.003206730365691751 
0.0011129406019606313 0.07730035849612919 0.1320857595792939 0.11849264907495871 0.01640396047610939 6.352577590482593E-5 0.030889493629722015 0.027810869243104493 0.0603831181614393 0.03889298739796804 
0.07948618755225603 0.04428182533731338 0.15431417852293713 0.02390054147578792 0.0 0.022173247369874364 3.753123150725565E-5 0.06094281415470559 2.0107845116109807E-6 0.11855824750690394 
0.14181280327686785 0.12486202873433677 0.057892225056163864 0.0494500346288592 0.010751495242200556 0.011021615827486078 0.036253155858065635 0.02873860680883289 0.04044453533826594 0.0 
0.031396283851325604 0.020576933480081872 0.11206655629236074 0.07996928640619512 0.0015835787607556663 0.013370857543124115 0.0 0.017604760666760998 0.1829857618695833 0.0476716703924258 
0.053955946577387975 0.19977649795243926 0.05184207036283678 0.04446494600092349 0.07530857858413939 6.816478027827292E-5 0.03446990251009056 9.735973054484436E-5 0.038728561530292964 0.00248924859524066 
0.006710836053601677 0.008641283517284411 0.029054746740614673 0.0 0.03777463000621595 0.009374447323003162 0.08715433587100141 0.10281342361851926 0.22092470886481905 0.0 
0.015562865760218486 3.4441035284192047E-4 0.05677059514039667 0.010447058504883627 0.025775037452406304 0.10864782078349988 0.019443798452960945 0.10848984793030764 0.15443602862037392 0.004573768205184832 
0.15572336611092785 0.04596507653259804 0.023192040821747608 0.018998883075294036 0.07643061419751115 0.03628035045982163 0.03172182321914063 0.10106615655445222 0.0013605541040319 0.014158514384220004 
0.012484576835618435 0.05076352172153627 0.008213677015434899 0.2638886492273569 0.01810649096531542 0.025915185271733664 0.0034630096940189625 2.2378742936579625E-5 0.11880939889574009 4.5744640453160214E-4 
0.06965466650433627 0.005876933308312739 0.024174000073516614 0.03863166822247058 0.020219534030473482 0.03687222325023216 0.05623206925638964 0.18894933993757596 0.025684169983969284 0.03708662641974404 
0.015777523880395092 0.01799693605925385 0.0 0.002087101355739926 0.30624499899810254 0.022072059933207586 0.01775159687480231 0.10315388880477845 0.016147114291381895 0.0 
0.0011052030188362996 0.1974616720430367 0.003567517094488298 0.022077939383554818 0.029271254392411808 0.0 0.20023379311115988 0.029697422218727492 0.005556120257947554 0.012128607501756705 
0.07460612915969547 0.008721948098234145 0.011995249903220968 0.0037985804816623153 8.096526251414618E-4 0.018831149788906803 0.0018884744098599804 0.008726682822659095 0.043947678814361534 0.33037800078888874 
0.16403697909897186 0.015535395866467516 0.00224717144698898 0.01698807564223306 0.042695113317126124 1.5872173026149033E-7 1.0906637919700741E-4 0.255388353138026 0.0 0.004395266490918805 
0.33725734594179013 0.025630790831754735 0.00643305276224822 0.04799057751464125 0.00872059256639743 0.022323121768012613 0.05180385704201583 0.0 0.0017523775577658225 0.0 
0.004547054867530507 0.005711495007119242 0.023136593483377838 0.010933553795824539 0.03800458692006613 0.21469891690010395 0.025185700586368723 0.026199442514118827 0.1341496411613312 0.0198932962474998 
0.02089346152093987 0.08551748267156141 0.10689444630058988 0.01469187590678119 0.01400272382484349 0.08247713127748814 0.0 0.0013350670123112515 0.12772804520922665 0.0469720775788388 
0.04278260698036537 0.06089587957749436 0.09314407981968557 0.009837741186273277 0.05240273209978052 0.0 0.09930840430365485 0.020173225796720037 0.020134471188758118 0.10393719762416746 
0.0 0.0 0.0 0.18141374997734638 0.056332946827479545 0.015184289837389868 0.02250041950928375 0.0014865140739191418 0.0 0.22572760266391423 
0.01584750791598946 0.0765316734608286 0.1748327784066262 0.14415342791683655 0.012610028401404572 0.037096042358331374 0.007721649692927315 0.02741839168264185 0.0 0.004262939282850451 
0.0221305670674891 0.03328219289832323 0.1048717539992573 0.2808862002687459 0.0022016357489547224 0.04818822893515176 0.0 0.0 0.0042013685067598784 0.007146764685290642 
0.019439891113404734 0.002591458731571771 0.08127479984447859 0.09658318285120336 9.663841940527009E-4 0.0032441763291349815 0.2510968489935528 4.197474785481798E-4 0.0 0.04688891542159529 
0.007325679333093273 0.009076921568237709 0.0012324111833847751 0.21249048600197348 0.02825430061731815 0.019963303776078353 0.0 0.16049012237843183 0.013501710476281384 0.04956124518735507 
0.0949020685114398 8.785387742279899E-4 0.018270808015959702 0.11838663766713461 0.005246613058776439 0.0 0.1855634230148063 0.03571677664946444 0.005819738901857928 0.03588488820042477 
0.007789146200306113 0.2086941891550156 0.15453229357076598 0.0 0.0 0.10808142939563359 5.54705256278071E-5 0.0018464222845147808 9.637162985433296E-4 0.020485082501759063 
0.1884476892524216 0.08672877820217954 0.044526523588435916 2.816675242317939E-4 0.01680369806407501 0.01128905605999355 0.023686064620932056 0.05393799891523545 0.0718288991106303 0.00686076710388219 
0.0027394959287811793 0.03028481858211203 0.0028781069463868635 0.0 0.3210579723563434 0.11822216633780949 0.010088265194980064 6.371722977703614E-4 0.0018765644004243472 0.012963016787741881 
6.075575925197303E-4 2.2040003234394438E-4 0.19536037763064726 0.0016850212506047282 0.019719960537471003 0.03693194263094666 0.060453288770954884 0.0 0.047989815915875776 0.1396330897539168 
0.06314809504874591 0.0 0.03325768554266004 0.001608859873785749 0.026331188004447694 0.09805339109938725 0.21170724159460086 0.025697730571900553 0.034382870500403284 0.007374375517074658 
0.17322288259020238 0.0 0.0411068608604509 0.03362719572411635 0.04972664309220404 0.034674914480280865 4.730288092467268E-5 2.0224069764303223E-4 0.04944610300428753 0.11982192389146364 
0.1248859935073564 3.14567598019519E-4 0.004623494161726183 0.01152820524099617 0.003653208803067066 0.08429272600155659 0.041992311936940876 0.009696629556288626 0.212843648128299 0.0069303887130618734 
0.04911129018287834 0.017577864320479492 0.013618278887793704 0.27159493109741 0.0028744268545391554 0.038604014350848176 0.016526288095512928 0.029584830840749535 0.0 0.06408200138598684 
0.0013867690554917483 0.03353637211844409 0.029238677640573744 0.0014000415162491963 0.01600845085765012 0.17333823097143977 0.1971876590779338 0.0019476179260247705 0.00883276047352526 0.03992676955051951 
0.0 0.1455930908855955 0.029637408992629722 0.07964232521130866 0.015043115746934097 0.018291230777921955 0.008728521222590662 7.569233722654584E-4 0.12020397827609354 0.08520257095325182 
0.008082034222754867 8.987272276759742E-4 0.0017146246231163334 0.1585017227693158 0.11546798626994095 0.0016411593962700549 0.1678832584894817 0.04264351473993259 0.005265747460877855 0.0 
9.712193114767597E-4 0.06621829273461292 0.055808605143323295 0.01929774978421728 0.13457147608471778 0.13305162061880837 1.8739462720361026E-6 0.031701270296029815 0.040640570211635904 0.020243123054476363 
0.03483171170340847 0.07195568208143793 0.001656517513433349 7.838906801390206E-4 0.16190232219821207 1.9533267796238588E-4 0.06454615659115993 0.024293545501696344 0.05239055179851003 0.09085119184834554 
0.059795507978261594 0.00566303337565324 8.191491877321059E-4 0.09866320726675673 0.03542203387263541 1.3168360659650903E-7 9.048700607927424E-5 0.21188314522877713 0.057457387044928615 0.03144003652971205 
0.006822511948661449 0.00816630526336696 1.9247807484981978E-4 4.126691282185626E-4 0.13316691867768216 0.05518181039229706 0.052090644064849395 0.015323163481748758 0.2292483652246965 0.0 
0.025147105132884193 0.06649045679736872 0.11350628696044182 0.016980721976036634 0.04527852123395664 0.045608166681194245 0.006665891185480435 0.0010674967571707966 0.050379215960878236 0.13309243683508695 
0.10230290564950424 0.07336867261880757 0.07202203547260043 0.03560464319342965 6.852267596609864E-5 0.09657553729608157 0.03897075231103488 0.024415053588539837 0.030763656594491866 0.02906689160079043 
0.013806759291439676 0.003177267284722938 0.0026425026426768155 0.3512918911047515 0.003029754772380984 2.614159494551817E-4 0.02002130591129566 0.037014044983826634 0.06588053938880502 0.005807082152517798 
0.004619181483126053 5.136558512427357E-4 9.799713897909314E-4 0.11359151691154738 0.024622880735397954 0.14151366463112372 0.16761036853913674 0.042574198795480356 0.005312391881183048 0.0 
0.0 0.1423503784740679 0.14299717950192936 0.019653937963758066 0.01873203034951347 9.057607239768155E-4 0.0 0.0013357342452530504 0.1277918804763475 0.04699555304277905 
0.14194286773091028 0.08752073949367797 0.01577211005769539 0.0303161521285892 9.95348863469035E-4 0.01993411353742064 0.09553603046111395 5.820385910298768E-5 0.07832980732922282 0.03244292017632293 
0.03222870740379615 0.004928909013484628 0.0023895454637361414 0.1340838805913463 0.29066264093531097 0.019563668261779684 0.004416778921732729 2.333798344962015E-4 5.380284204334907E-4 0.012130458336273625 
0.0945359566638403 0.05639003139180117 0.01022289270886721 0.0 0.021054751743594727 0.01434594155772852 0.27268346483145733 0.03232677136130055 5.524038560455327E-4 8.881848921230943E-4 
0.00439748235298017 0.20265395713075984 0.020448999825890792 0.011601408863802268 0.015887374999354574 0.008727424439183253 0.012854658010038772 0.039798548656608354 0.0 0.18545261725648873 
0.016169711479795394 0.06495761760531012 0.01053555274278796 0.33848576915471557 0.023224907698880807 0.03324099556829425 0.004441947402066306 0.010473056187999472 5.52370536883142E-4 4.5782485996360213E-4 
0.029259760948299334 0.0533415111797859 0.005594953880772658 0.0013736881820361141 0.014083865576775934 0.08525963563527456 0.0028631827788687366 0.2885211614147051 0.009369816013438843 0.012145887555943445 
0.006789322186658084 0.1643827059298947 0.09159292856087975 0.11822407024353469 0.0 0.030686357162544288 0.012467827593127392 0.04195957430294365 0.008482570424439442 0.027012902391865344 
0.0087195603509177 0.010437005039165309 2.310591505508324E-4 5.270086620558302E-4 0.17006389585133494 0.07047120822970943 0.06652356272142361 0.16067224391072646 0.0 0.012959322340486537 
0.049107998976316035 0.09300662686223148 0.10581327759517378 0.005767495555546622 0.053631528096548364 0.0016686617779011093 0.005728452020829018 0.1760284095281768 0.0031754436394672474 0.006730180988358979 
0.017900432149541283 0.09948688496713866 0.011828196621043995 0.029690039828175963 0.03321762389272379 0.007556408969323692 0.18845318712823547 0.012822162131732644 0.06297780961236063 0.03737517681033985 
0.02267138130137606 0.006278580872566902 0.16347357636289792 0.01053790210853742 0.20227405061766335 0.04589955519932177 0.029355487614702983 0.012931548653790002 0.008593440985131763 0.0010083860728470858 
0.08961488525654619 0.013705284861388944 0.006644350946659184 0.00212286257377961 0.007662303208514962 0.2969559515747032 0.003803800177877631 0.0011537054964750704 4.644079170354416E-4 0.07868855577205965 
0.16598486433423543 0.0 0.010674214814120113 0.25966071544251385 0.00945911587540637 0.0 0.016614788125452775 0.0 0.033583512222857735 0.007149867861726423 
7.598414809297457E-4 0.052775519890842074 0.09017933121646617 0.080898863599542 0.01119952816827945 4.337115525815056E-5 0.021089282342139026 0.018987403311907874 0.04122555853036158 0.18627696274086442 
0.01005714848172308 0.06791780742723576 0.028465290559708742 0.19418943140902525 0.002693411634436018 0.013485624786060461 3.823446931104536E-5 0.007238221113982059 0.0538940842813776 0.12372515560686048 
0.14892804047540117 0.012565420316198714 0.10178902431305852 0.0 0.03848167048535877 0.16808575411005583 0.0037352946996261818 6.218287956256034E-4 6.126934699957127E-5 0.026724841884284294 
0.06349049805766369 0.036591584320967506 0.1486262654363589 0.16332149894856826 0.0 0.0 0.019350809382896454 0.025116954846232692 0.016590532524806856 0.029005357997626918 
0.027066641796487063 0.03485266571200125 0.12006839682556873 0.0 0.0332699963729988 0.02455445649648084 0.01271560712430931 0.14528120083642723 0.0 0.10371033942266565 
0.002406383141979645 8.729492131349056E-4 0.2458537020528334 8.375807096082557E-4 0.12320213360726297 0.06625278493114617 0.014038424728606202 0.03279898290116789 0.013857018476889768 0.003324237196871932 
0.020254818961822227 0.0017783215627542712 0.1761071279397649 0.005567767283638294 0.01069753887971238 0.06199398091062394 8.289977666664098E-4 0.1952354363103542 0.024851422038590677 0.006374972522364082 
0.0193170546857499 0.18749278006338974 0.002673057979090793 0.198225901087886 0.020547743040712538 0.033832925130641824 0.01568092593706139 0.0 0.019583703749925765 0.0051439256435620966 
0.05952269565087392 0.024240709212756735 0.00567367033260442 0.030904518467365253 0.008300663571448947 0.008657020397322447 1.5896701860923487E-5 5.408319220100642E-4 0.21557491791351155 0.14924063199506957 
0.0062186173962567705 0.0026672088455343833 0.0011983660813521568 0.1804952343820732 0.013729731195898867 0.011385670830377182 0.058549125323813254 0.0727563290603107 0.11092966804607123 0.043766757806791644 
0.004737272542910295 0.10003358663971562 0.2042278112932594 0.0 0.08022039780205323 1.1422857113113072E-4 0.05051667657074153 0.024759765265476737 0.03264434400728739 0.0038967363882553905 
0.1439712689015865 0.05863252035669062 0.14462465754614048 0.0 0.02398881813122116 0.10814016845251105 5.5500672216153435E-5 0.00184742576035884 0.0012141149564328239 0.020506836086490197 
0.008725619906041005 0.01823239133855193 0.18022887826140863 0.04993437359975416 0.01714209661626176 0.0014803078710065407 0.0036191771730958375 3.1581550515558115E-4 7.134817117586441E-5 0.22167697423725727 
0.004437615822675116 0.005714145921347977 0.019212778084598228 0.09930911541670928 0.10945603962108273 0.027134093354426313 0.043152557161091606 0.1842562310007698 5.426157068314074E-4 0.007110051377248608 
0.016003566592955622 0.022296526196926163 0.1878429724340369 0.03330359597496772 0.02100653271324753 0.1338987293698764 0.03673643751893124 0.050929204490578764 0.0011952076462125624 0.0 
0.0050305975598124615 0.10038040810149024 0.1775628995455644 0.0 0.0 0.023003989773496575 0.006806184803558504 0.0841384220566112 0.07599354067809674 0.029141829265592178 
0.13586449487352356 0.0 0.1682876979484376 0.0 0.060996347141987324 0.062058960273631954 0.0035404481514982023 0.001438395074875575 0.05756640330117098 0.011459240969580956 
0.005917421947656624 0.0 0.06417320890392662 0.008147423068788302 0.16638912368339806 0.1088881652057236 0.049063439537409576 0.02341796931608927 0.039766593520996665 0.036510006917334255 
0.09234714594176473 0.14860185968183912 0.03468511012730325 0.0021876419892979753 0.0022693178614594804 0.1145847059741239 0.0062758345051280185 0.029000772733697035 0.06719175757218564 0.007166690076462393 
0.060432897921100036 0.12487993249014452 0.03784186236608653 2.477514779745461E-17 0.011969917582466665 0.025641649116439614 0.010955029496396873 0.029260563673651076 0.13454396498395468 0.06555356221002305 
0.04646729081419431 0.003129578353298457 0.19115467555911175 0.005274564917881872 0.1128351943043687 0.014079300874687967 0.021168435911648693 0.03700260399404088 0.0075082421453045245 0.06703814841868408 
0.009811663397847857 0.19654539204318786 0.009115974015500496 0.03219930442371389 0.0521387221246721 0.1743355562281572 0.024037801070979057 0.0 0.0024612802001638774 4.333778563100696E-4 
0.0013977146620285238 0.24972341687396354 0.004451717554753318 0.03320981566300963 0.018158857737860357 0.019803279056130423 0.02906680278641221 9.070048698781836E-4 0.14427085742228596 0.0 
0.018558111750248928 0.1233235869595993 0.07137137717833297 0.0 0.18298628835274489 0.03221175562528105 0.009109316230261027 0.0 0.06537334838679293 0.0 
0.13736634427984573 0.0 0.011323065857075834 0.04739962194158454 0.002526212623943514 0.16336947319140108 1.5557666800093881E-4 0.03184287219043874 0.011166627140673142 0.09953700952808661 
0.07873813205942458 0.006917516521305611 0.14818837511610217 0.08951227454931847 0.04844879559834484 0.0 0.012058208532049731 0.007354554813916252 0.07440424341151082 0.038991674123853216 
0.26217203959664837 0.019924478412980264 0.11105918791444808 0.011908033834891866 0.00846464470155306 0.021667942052909377 0.050283422908709643 0.0 0.017261983110422246 0.0 
0.024290918155100868 0.12973930567853986 0.08112429803444002 0.0 0.002687352023995156 0.0 0.10511382277138219 0.050016746310094735 0.03642786454797114 0.07397356789623194 
0.002664374959428052 0.1192079616097687 0.01183751687918837 0.019220082228099792 0.0 0.1525318780169694 0.10211534643692845 0.046016661784651185 0.001079919990275259 0.04859715799215813 
0.02408721517791484 0.003683786957778641 0.0017859076704901662 0.09995969916213637 0.00885376655463463 0.343131640800909 0.004395278792671713 0.002142536022416789 5.375133316323178E-4 0.012118845077559382 
0.18715813236407172 0.05675215380792468 0.037949397505664124 0.13201818538472032 6.028319460660973E-5 0.0 0.04991767505835333 0.027007807846362725 0.0015766260339014884 0.010638115192816277 
0.02736681871209381 0.10900777091046403 0.011885202146251167 0.13524478975347032 0.0064578168209773155 0.09882342049470703 0.008674917995693416 0.03354065081909684 0.003168672164154153 0.06685468795937119 
0.017227117865289368 0.0015027447283657684 1.1490868551819976E-4 0.03472668055876425 0.059347018984860396 0.03417153108826581 0.1231197879469669 0.0208967019939395 0.02678926985088949 0.18670986170334672 
0.07569647466123375 0.011594930616933634 0.15321637681910025 0.0 0.032009558023925806 0.019875155206880633 0.009784266255260935 0.006404872311871173 0.006738417232089476 0.18519706844440129 
0.02936440538919117 0.031115243167487726 0.024795339167965086 0.1644573616673015 0.03823938388313467 0.1217625591066692 0.004064551236227886 0.035795652694859265 0.04832356842286574 0.004555475617151892 
0.20266099449534963 0.01682795964178824 0.04482080800828274 0.0 0.01416262311343881 0.030368965547668436 0.012974708133591492 0.010426515658781051 0.14851803499112093 0.020151573803509727 
0.1669870819100103 0.012690638230840164 0.07047283697844661 0.03245956398661963 0.005905723049038978 0.0151175707095691 0.03582643239229859 0.14599639300196285 0.017261147205770717 0.0 
0.12018095415550227 0.010484775591043724 0.018127845272642124 0.01503410067224987 0.14945510323084762 0.12988135748524318 9.957957706165721E-4 0.032126024023589814 0.01828649333779053 0.006732236753476448 
0.11616201170471238 0.16153386969672806 0.0360628118533364 0.0 0.0029789849236568594 0.0 0.010116669129284838 0.13890951819781971 0.0 0.03511436140969694 
0.18328745665829743 0.06619380912789306 0.0016961229552002793 0.03940839510510533 0.1441219712667 0.03266593567307871 5.4113177783516026E-5 0.03218007562425714 0.001167238812020617 9.233571384999189E-4 
0.0013547234250844045 0.001051004566546359 0.13112839848539337 0.12181181859785856 0.0014337510451483593 0.19348567755596027 0.004218921616812243 0.0 0.017629091008979865 0.03417198949844675 
4.1068649317495146E-4 0.04416753966077367 0.2601084495902242 0.0 0.14824621489968962 1.137284275070298E-4 0.011297808849299913 0.0 0.0 0.03677312609163935 
0.14259589898913244 0.05103778287546639 0.027873970936076277 0.0017580532108569344 0.0018236903352152726 0.09208362759463729 0.005043444519954416 0.023305870828603723 0.052784846544220373 0.10384022748278099 
0.028172138024516076 0.03596719064392607 0.02696612539752757 0.008753827996034129 9.418730442591585E-4 0.006527619376271582 0.029938927022427862 0.004584753415216104 0.3551667785579826 0.007054287888060192 
0.14470938850978388 0.012209482408558715 0.05022211639267963 0.08025829949582121 0.042006609927856466 0.011274457162549996 0.09802618222383189 0.0019051244015811024 0.025684241446722603 0.03708672960830092 
0.012841062323584984 0.11294505069069649 0.06786672411886303 0.13052776632966853 0.016164072470569474 0.0186533596730858 0.14210971640821438 0.001158022887180732 8.873137705618912E-4 0.0 
