0.16196364932605123 0.19030636548434043 0.0 0.012341132062347809 0.0 0.0 0.03791406525604258 0.04822054547368318 0.02585365849464157 0.023952277243859822 
0.009185434433364502 0.07603182582036826 0.0 0.1324644506193915 0.027112344869955046 0.18579396523620184 0.04849905459411694 0.0 0.020498456679625566 0.0021357346368855046 
0.003815899168838125 2.1429053180808916E-5 0.31263895929116964 0.011350226798794171 0.03531816448191271 0.02063990682833505 8.19169737633944E-5 0.008300418621618089 0.11073597583082873 0.0017554459239893262 
0.10324914949256123 0.006086595648931487 0.2271888223189539 0.06676004227801759 4.4773585920861364E-17 3.7934757631939695E-5 0.047446937352167526 4.381428338465531E-4 0.03206366472725443 0.01787132119747657 
0.02959311928566903 0.16671010694499877 0.0854589320517438 0.11578452530253694 0.0035595690356715376 0.0019345379916225283 0.04112418774911635 0.02530007986955919 0.003955394734893864 0.026925159942702392 
0.014200331331544368 0.14651134817708233 0.06094788969235634 0.0 0.19805222092192185 0.026757957721533776 0.023181601142856386 0.0 0.034098139562942796 6.42249602653935E-5 
0.04735616394915052 0.17053484576312167 0.12457798446755527 0.06318148164960025 0.003906683002009761 0.023826434280047038 0.0 0.006301221844390388 0.0012644282732521073 0.0617471982897409 
0.31896660986569847 0.014359281512419006 0.028529532165183953 0.011658578238603529 0.0035761021866520014 0.021937627962598474 0.02638941145524455 4.948167944992644E-5 0.06379197450298188 0.013262125967871517 
0.007716433990849712 0.08253479131062089 0.03187678909828337 0.09338339598211172 0.208910317354739 0.02997360572606997 0.0 0.019051926131792515 5.399253789430333E-4 0.026972687658634614 
0.006647680757065858 0.007319510654735936 0.09949506024183276 0.3769440699341236 0.0034744820435708545 0.005695922789015667 0.0011339673922117007 0.0 9.060416831469287E-5 1.1636407169743702E-4 
0.010528110192107002 0.007248654906997059 0.25914917228647094 0.03904942263657694 0.02957872392145107 0.012360595929153471 0.0 0.10656583875133414 0.03457364868557161 0.0038081378677912022 
0.0 0.07313277991672996 0.0 0.24516084357203555 2.775172226070895E-4 0.16879005308624823 0.001452913046854678 0.010508950405951185 0.0 0.0035916794818134723 
0.020424715726303798 0.020806634719957057 0.08127118728814695 0.10247554507125746 0.040689167925987625 0.11161261578180277 0.032437579555772166 0.0 0.08340158437722522 0.008741164690407205 
0.0035708333076192966 0.008635869146303243 0.010185119856449402 0.017619925126019904 0.16906716039446992 0.0128693913212426 0.24677639830849046 0.0 0.03403086179795443 0.0 
0.002904355245832876 3.999957112035769E-4 9.390644880966613E-4 0.0031615766051688293 0.08093393641881365 0.1442185838601468 0.040877915525056444 0.05573066147564872 0.1718834091704486 0.0 
0.0 0.19108569189099175 0.14105181138903714 0.020209235032619857 0.0 0.020668692162687418 0.06703904873036594 0.026726083985107865 0.03363800652023126 0.001687058995464647 
0.003596795576068199 0.09620311277854351 7.253752066551682E-4 0.3339648999082064 0.0030783215348547314 0.034987660604163036 0.0010726346013519947 0.02892500529374961 9.09376814669802E-5 1.1679240682910567E-4 
0.012326127486329995 0.001534231065394127 0.18575800260135733 0.02124120130956873 0.020933230623188477 0.10417846737266458 0.0010346964684812886 0.08563052530474695 0.05856997688628558 0.010146561384641971 
0.0035756914643239684 0.03744965307664041 0.24396993402680847 0.02186634030690545 0.058602175153952676 0.0018954054674919078 0.0744844927003331 0.0010342578806124237 0.058568036313289884 0.0 
0.024932940774536956 0.23492940143610727 0.03292946506777208 0.01567084386417072 0.0401704692672846 0.016489018995035316 0.03139228857869096 0.01262565624059611 0.08233003092148716 0.010342100553422917 
0.35985889937435533 0.0 0.0 0.02185967808331128 0.062364998810199766 0.05051769385443188 0.0 0.0 0.004664737080802496 0.0018700963428948277 
0.0 0.019480852437448775 0.005548609552010151 0.0107279776211832 0.01421799322866995 0.08161288084307917 1.4868050035891304E-4 0.07363067622067274 0.10723855362557752 0.18935266651059912 
0.025820324211955688 0.005521722345610964 0.0026557553163681813 0.015913318492338874 0.23104284683426635 3.6663496437012256E-4 0.02388900537279449 0.14109843222552435 0.055618071770327696 0.0 
0.011997007566255742 0.02796819874540245 0.0818092897110596 0.030830803989737973 0.02708766244645902 0.09540182610921329 0.02188258280753742 0.026420430397146907 0.17716931677007 0.0 
0.07102152637656899 0.022681972124216635 0.0 0.020312595936043086 0.15049001543290846 0.02471235269391054 0.18214200467585825 0.019530569472311465 0.010333884976376407 6.05476267406842E-7 
2.0826848433458462E-5 0.014778662884827373 0.19968874533154732 0.006581353964039677 0.029894861237959293 0.050811141684791374 0.011713706612207716 0.05123565327449888 0.001931667270216752 0.13469196716177817 
0.08087045996749524 0.11754957015073353 7.823156424819648E-4 0.15837714831080912 0.0 0.04182260233714608 0.038336716483466156 0.036056260684620076 0.0 0.02712860976923585 
0.002094517889290259 0.1302511439347172 0.0376113532698229 0.05345096891075299 0.0012040156092802924 0.0011989344383499404 0.14220964955495155 0.1275580725720945 0.00465958780501443 0.0 
3.8604296180342874E-4 6.048939141622413E-4 0.0034557174506375183 0.12053838789187402 0.0 0.029677706068942294 0.03862076363999581 0.22216364957216997 0.02735643244372863 0.060043953104621045 
0.12425040702127778 0.08156448544739638 0.058620970615348635 0.07480536528938922 0.07181742838228533 0.01998436102706342 0.0 0.04267345319012309 3.016416951827961E-4 0.02688912133603276 
0.0018287269913258733 0.056585286649697406 0.0 0.016436087133808206 0.010835823711858502 0.009747388852411816 1.5336085431644876E-4 0.2340815316966151 0.09502856844633562 0.07690885820109129 
6.746880617118494E-5 3.515066121451446E-4 0.03301414368020777 0.010514615172184116 0.0036317327705355667 0.1398876907617809 0.11806177112781664 0.09160643334199435 0.10463502592000978 0.0 
0.09942434446542137 0.014646469463763946 0.0019866587795844453 0.008904541177533457 4.0264981056897407E-4 0.16827674562750358 0.1853690731894962 2.8292968896034647E-4 0.022203234406701158 0.0 
0.00138740995209276 0.0020741768467992796 0.08615861346684751 0.0 0.08007540466707003 0.1488877808986729 0.10903199490133171 8.217133820279567E-5 0.015415565605326682 0.05826156481114348 
0.029843199066579142 0.04342363995175225 0.005109237489099004 0.2666150601870626 0.027442064971365202 0.0 0.0672855797076328 0.026943528329688222 0.033629484718122 0.001671622538647981 
0.07864291228147004 0.009849234918797103 0.05392885427448436 8.021884003093061E-4 0.002786728805643539 0.19598883146478208 0.0 0.02124691934934025 0.026176883020551003 0.11120575079613411 
0.016484701995154925 0.024117230718124952 0.0260275414964074 0.052974206094214535 0.0013668823265414393 0.021061046436230323 0.036048338522256564 0.0 0.25356795361533785 0.07053165521196952 
0.001842420581608088 0.0028869040687483686 0.0013440281887650935 0.15960042738730265 0.034914623987448025 0.012114771780689537 0.10746965988530628 0.049217379840420246 0.02420559840596899 0.10741160175676803 
0.14604743670492876 4.6229674997449115E-4 0.02641148737065628 2.0332938192912062E-5 0.20336881221312267 0.011218599165629305 6.283583330144189E-4 5.33353484917874E-4 0.04929839723162665 0.06391905424381565 
0.00303154804701182 0.09898788558202698 0.02945069536231169 0.1262196680744739 0.0 0.09641223703928525 0.04820973635274986 0.011697673084016072 0.02169565793180493 0.06500776138532864 
0.019002486639200424 0.0991730317401844 0.061484826109342326 0.08103207996707924 0.02244326620137336 0.02439322694481907 8.493440669895252E-4 0.15099042625396317 0.022214528637934248 0.0200948667262853 
0.061038262131084486 0.0 0.1203126257012579 0.15170323344702424 0.059865026295190506 0.018583579438043858 0.035379975529153715 0.0 0.053771480474236334 0.0011751122894643824 
0.004641043310678885 0.007148497607840751 0.16818505417064153 0.04449750295162797 0.13384397332757428 0.10833458420213343 0.0 3.705686303992407E-5 0.038991895596392545 0.0 
0.07271974997024398 0.008531954906994937 0.11424988760020637 0.003063457172835848 0.0 0.016436600226239786 0.13408112307451242 0.06814867658118215 0.02386117050292087 0.060293249058747604 
0.04714194824583864 5.813904977284083E-4 0.09769028626564649 0.036656560433253604 0.0048495908854084115 0.01520776606138811 0.01607835868879684 0.019780868559446402 0.26323410218426524 0.0 
0.06395712886055818 0.0886882775698503 0.021085639933354074 0.0 0.009608090577273706 0.015815503776974014 0.022191404654371097 0.0 0.13778613605889006 0.1454005786500058 
0.05400707133252611 0.0038510343485910342 0.20072974817019856 0.20039939036599488 0.009883812198503218 0.0 0.0 0.0049620640127520455 0.017732243918208 0.009100008684609416 
0.004495770044702598 6.797932245824615E-5 0.3472775235649751 0.03552441000592363 0.0448223032804425 0.0 0.05516955236475546 0.0025892883417458264 0.0 0.01142343415892943 
0.004146040030158935 5.710039200340133E-4 4.0605259441193044E-4 0.0038169871394564715 0.09771194344971527 0.174169160477882 0.02161158260416043 0.16903626441780423 0.030277968069632975 0.0 
0.14705860928188053 0.16857489566266798 0.10649618444764349 0.001146080179998448 0.0029988684813355023 0.034084611186154024 0.0010449493535886164 0.009696148307704513 0.003781319681382635 0.02700826452783263 
6.999222565359717E-4 0.015466432363844144 0.002711633553298388 0.0200412613238587 0.14108746878825773 0.09561236876699648 0.002250995853280867 0.01009911383471176 0.011685034840010895 0.2020259744553749 
0.004872912198795556 0.05103596692795878 0.20027829447404846 0.0 0.048924742281574354 0.0 0.05430628812954907 0.055942028567146584 0.0023854275673084657 0.08383320385005077 
0.0032951867964930346 0.00524764078913873 0.02571860181931696 0.0014039882617187527 0.2174071946726588 0.20114930631994082 8.631615198566202E-4 0.027882969150293806 0.0 0.017478788304276613 
0.0 0.1814378891847619 0.030458829133735238 0.06556610022440848 0.035418982883851424 0.003534512015100165 0.0011730177799381296 2.155313847928965E-4 0.03344779075289945 0.15006791385462595 
0.0011647601868229986 0.02181448302327108 0.035238644345841355 0.020140933457069073 0.3492637527685644 0.014794679738842183 2.3710480540308702E-4 0.0268211066003316 0.03084301989206117 0.0 
0.12400645824684123 0.08112895053211958 0.014017892366103098 0.031261406061682456 0.023116210925438547 0.049562061826997135 0.007584662740384027 0.05549214467404724 0.03224525697049703 0.08408188312152357 
0.03185795270701986 0.008847037919972578 0.02362377281313764 0.07771173698463586 0.07724067562211791 0.012212129080642876 0.0155876670006384 0.043900355369424 0.1353713718450403 0.07473368951952977 
0.039062599598521805 0.004892198277293488 0.030335374241724593 0.04172755174033619 0.16768836891547373 0.023054350939934756 0.0 0.019057714112613998 0.06398425558701394 0.11131422606556983 
0.0012973003318774495 0.004074166384562488 0.14422534746871885 0.033510907331822215 8.520583725809807E-4 0.22420376008945614 0.04072014868029 6.042034875765065E-4 0.0334576712012362 0.01785927588216311 
0.009945530758393856 0.0 0.14187911479476717 0.2360011129646987 0.06336278713396784 0.023935407089401308 0.0013937989420042202 0.0 0.022887547242522597 0.0021349641370713257 
0.06344864565551234 0.08702222604814573 0.10255030437732364 0.02039652250412525 0.025949303871623145 0.030874088267270693 0.1420975926741447 0.023660933835756404 0.0 0.005015538999084455 
0.1911559861684174 0.11931413850085627 0.0 0.030983367240449297 0.05317826401006443 0.03210718278356903 0.0 7.168689912992547E-4 0.017611832617512747 0.05676321949310562 
0.006856596662813574 0.024342171377730436 0.0026703183861499663 0.11763969241394985 0.014007568750513674 0.00962909399363531 0.0944351313874674 0.11317776210647508 0.05972518162191219 0.05992510719461945 
1.5660476681765345E-5 0.05198086796545017 0.014807074975306487 1.8137147837064436E-4 0.27167319975082194 0.05285166179473558 0.06881784149212827 0.008543210312624694 0.00440847289478028 0.02959643360241801 
0.2619943796263961 0.031300632270464895 0.0 0.08296923211027978 0.033549052809124694 0.021961256085489538 4.793660500787612E-17 0.036118199264698926 0.005923434200052648 0.02696295682168313 
0.004509268409681744 1.8682124564854135E-4 0.0 0.16497517865065264 0.22660948250320248 0.04727410773187902 0.019308002963920098 0.03145249229555363 7.52294057841016E-4 0.007852757942364568 
0.052670330019298425 0.06928035317240912 0.14017651245866491 0.02731735624869167 0.10760937857718608 0.011811775617746618 0.005081713292393404 0.0014685955299403662 0.035812960818822515 0.051669163540122603 
0.10570846852706163 0.06560642222159406 0.192385557285907 0.03629548755769875 0.04538877586049818 0.03623643593073519 0.0 6.533233392717274E-4 0.019870445321300303 0.0 
4.486021894830682E-5 0.03183266325170445 0.10558701337833427 0.008493508984889186 0.18137823770649344 0.033758594728777604 0.016452001664982972 0.06358515295865692 0.03708439152585925 0.022960085572827613 
0.02710883173913936 0.03062407733187203 0.2078595483468925 0.09123336890833442 0.05360100552758323 0.038249196197379313 0.0 0.0010230245321982334 0.022505818937954804 0.02932619943852765 
0.032667853153895 0.003853703187542061 0.014569334624116187 0.03806550824505885 0.06065321504951684 0.0589322195725424 0.07907688884361977 0.0024479148551961472 0.14664215899424662 0.06406802102111551 
0.008538572739880495 0.028642321155550564 0.0249223236345239 0.05460806480035935 0.004250945513365209 0.2629345099461955 1.993357757493892E-4 0.023203618124748585 0.08290942924015206 0.011338236242934214 
0.014741899318104766 0.016866970614494305 0.1002016659677589 0.09889437123656876 0.005974797416590974 0.03665109575572056 0.04787019188793235 0.008397602545446352 0.1433461161500862 0.027326042275760035 
0.03086883190293357 0.07483715317754289 0.0636324172549812 0.06958623063303276 0.08882713843405614 0.035940744501988336 0.0 0.03883562648391807 0.053086160894592276 0.04671808454316408 
0.0024800604280341516 0.0034841836081235655 0.060208920304763276 0.004802363671288935 0.08819942825073528 0.0322271192065193 0.00723529051682615 0.04285701051547021 0.12549410855497556 0.13481387871353936 
0.14459477152886274 0.01654675379444998 0.02791232943506184 0.023272763714998947 0.023291983747619732 0.014012504266928402 0.029645150125490172 0.04545455288805001 0.021316048803778298 0.15496043104033802 
0.012731194194951433 0.07155475499413343 0.015983872018875116 0.08144427648403574 0.0396947668279378 0.025520422094714508 0.06834825732250734 0.014086170528950356 0.0021312277077836514 0.1695477742525577 
0.0030945185296884893 0.004928073175220752 0.025130727966249346 2.1332624948552185E-4 0.20339447453107498 0.03666370343531289 0.048061388090025324 0.004674279261557192 0.1468669773515608 0.027330823892485378 
0.21757580884173736 0.0027024662019522355 0.010617313625617159 0.013937996940040054 0.021902150882231908 0.016109817444403096 0.11633527726660822 0.06144004940778785 0.014212126270104913 0.025648581074587316 
0.09083766446017223 0.0 0.0 0.1412009877158456 0.037910364130712464 0.20488609496253052 0.0013929516116692347 0.0 0.022873633246401952 0.002133666231166156 
0.2215598288354627 0.07616485688089403 0.0 0.018375614093890488 0.10707921210854111 9.582686546423404E-5 4.493486389380648E-4 0.07787423327704673 2.1888949203796321E-4 0.0021531788927472402 
0.13843210516938198 0.04580413220134865 0.0 9.164453628925238E-5 0.02560339889633933 0.016825906216416626 3.6215825880047334E-7 0.16390734127528386 0.11337973900061793 0.0 
0.030426993198340028 0.08871307190050501 0.018337264995275465 0.024601142139014466 0.08888687895551954 0.020436336519269335 0.010481882586065725 0.15490953772156996 0.011901859957672794 0.05374111227504799 
0.0892206197554652 0.1395245353135046 0.002850853869144593 0.22234686768630832 0.0 0.0 0.0 0.022601314201503228 0.024972714789058464 0.0 
0.03467041445902595 0.2910773294284091 0.03478461900669602 0.0 0.0 0.08453833805341875 0.004309202999978345 0.05092848186291783 0.001472576486081059 0.0 
0.12018942694960572 0.08275100312690281 0.07203200606009406 0.039729115631779034 0.029459481640456447 0.014071687297651212 0.0 0.10624779791760129 0.03457364868557161 0.0038081378677912022 
1.232229543413771E-5 1.625538285266774E-5 0.030171601547061926 0.0937326540393871 0.04607561305067825 0.1710336194294303 0.0022697008153047442 0.019848364080422388 0.08655221413241605 0.051495497713174146 
0.0 0.0973217352525245 0.07996491220567492 0.11044693737869342 0.0026788957405015083 0.029078077447358158 0.0011844146119041818 2.176254493654086E-4 0.0337727635345282 0.14628086748052288 
0.006923866253528489 0.03496958820958403 0.04254782590960657 0.0052864277555019325 0.09202525742135216 9.814724146348555E-4 0.014528888241679415 9.304774044493961E-4 0.30334975334191616 2.229419786133112E-4 
1.770550592263795E-5 0.05894291104124014 0.04149492651243914 5.078436338528534E-4 0.047079309018277955 0.023309462096889784 0.10412787165355919 0.15635228522229175 0.01847659109740682 0.05156380850434158 
0.08040975227797952 0.10456534091488515 0.03784795281520415 0.008020019848288129 0.09339795583652448 0.026959405578306554 0.026947587686947945 0.018015859875846182 0.09633275959538634 0.008809190773888738 
0.11305995296724729 0.15851289063024104 0.05556681168773183 0.011732661905078294 0.0367083995745193 0.021346728874815184 0.0016894044448176697 0.001842639448078611 0.09737729809159064 0.005179362765902928 
9.157086998905898E-5 0.23030067786145486 0.020331269732887902 0.05128819815809963 0.0 0.10078902572225748 0.0471267331266626 0.0 0.03286152638223058 0.017853486254644623 
0.07760891556475799 0.01038945797146014 0.07616049162683812 0.0026766082752748177 0.0012151148402522842 0.09893370149766392 0.0 0.14651312347749182 0.0 0.08787440903846747 
4.062365090064275E-5 0.0025262505647093364 0.03553907618155045 0.008739256787166616 0.20393324359082451 0.0010707373560308196 0.011834657736956997 0.09139435304857836 0.10080067050030705 0.04542992169925872 
0.027434066530301515 0.15419118418969097 0.016308022190582763 0.07164943733587922 0.04551967415034512 0.002008423567687672 0.08718569994019007 0.04468638915100333 0.023225776947794742 0.028607567826028968 
0.008088505069769552 0.012374797976314475 2.0159395603114985E-4 0.03221587745067998 0.24165386116967016 0.06431852776672498 0.008484469656862415 0.08370447748967842 0.037662109347433005 0.012922153633585756 
0.04104931420559951 0.0052921539802524035 0.032540210224668784 0.02698516869796199 0.013351638219307143 0.007186819211479959 0.014099213225745791 9.535311896986569E-5 0.2059480770004796 0.15518481989208718 
0.20154575842851521 0.02526736525588032 0.01976575139135053 0.035173562523127845 0.02600905054236593 0.07020074141406793 0.008936270863033094 0.06492675883410932 0.03772750242696019 0.012944590492138428 
0.0013960224905154761 0.0033762056401971216 0.01664230328864875 0.016850903646335704 0.015423197782652961 0.009119885948981998 0.21853800785774158 0.03766152832023625 0.020904129395914364 0.16138559130259 
5.8730198348568205E-6 3.652236897821862E-4 0.0012941342747468882 0.04376027275923974 0.1926669703518535 9.472135374137836E-5 0.07301198206122593 0.10353049468971942 0.027176626410477172 0.05992228029163096 
0.025534976382176656 0.2674380651613404 0.0024000529882820475 0.0 0.05640818126748749 0.0 0.06261287851340794 9.660782663782889E-4 0.0023854275673084657 0.08383320385005077 
0.05114073482322931 0.060090072142143264 0.23112673176336165 0.011993866694177195 0.011762990616138861 0.0 0.038070380518141496 0.04654128845106204 0.02585252897628887 0.023951230794795695 
0.039122086919768526 0.19758945760019958 0.0 0.014625674928916487 0.04512634641660752 0.01358051864888849 0.1335314905653679 0.022220099056067984 0.03467154240297443 0.0 
0.028941284032673136 0.10274684810260037 0.011271254045082332 0.007051530853957705 0.013890541478934457 0.009535146060716345 0.0975877886588333 0.11378391982833891 0.05769590526996618 0.0599279107960584 
0.02057567206013438 0.1011928591282477 5.919242295547873E-4 0.017454265405660186 0.0015451966513700245 0.017035029006459756 0.04347114682213811 2.3479715088922457E-5 0.28776096759598624 0.01327275014806185 
0.0 0.2935445633499017 0.0 0.08303982687524655 0.03357759817995288 0.02197994192447223 0.0 0.035870500871438026 0.005924949314110396 0.02696985348897769 
0.044070749198346734 0.004291460246849776 0.05575265013872388 0.08456741328442913 0.0 0.010009533830547394 0.1900502700821773 0.0026898034998801583 0.10960044231822715 0.0 
0.06900830303279083 0.02372274591342619 0.06337827731302394 0.009635091994118302 0.05614604519075774 5.0245975973280346E-5 0.12055382732444517 0.062302744326177543 1.7664685384135648E-4 0.09840819420118473 
0.11780493249793607 3.9584870353794103E-4 0.0 0.0063589394258643 0.02732453931565734 0.21113213181701276 0.04961084312285981 0.006688273237362388 0.019596885797358007 0.06289974155653326 
0.0016559662925184902 0.009307238623906332 0.14758040713965104 0.0 0.034633260669142754 0.01823116534661413 0.0 0.1140052124013623 0.0021056652734579985 0.17352956534733732 
5.094869663199587E-4 9.95571874016632E-4 0.0694564488985479 0.018645442171808295 0.15956310776404178 0.007553598278015986 0.10559125742142773 0.01734955344184314 0.07662599988341903 0.04430550568693412 
6.460258490469759E-4 0.006909876854462332 0.10885014710431033 0.08900817963301744 0.19912241205988315 0.028569276739799983 0.0 0.01815930172231481 5.1462869401957E-4 0.04918002397519014 
0.0011845307938179355 0.0 0.09013661521895946 0.032685828098587735 0.016293297588609368 8.942565533886024E-4 0.05948023921315122 0.27334519403462215 0.0 0.028717300096515373 
0.025917831457123817 0.06268088755139561 0.025201765592259725 0.08954858564779325 0.005729837582289366 0.0128693913212426 0.24677639830849046 0.0 0.03403086179795443 0.0 
0.13314347818971745 0.08690005337928768 0.06267362503987652 0.0 0.0023842865874475383 0.11977734459431458 0.05042010195674919 0.02398584478857009 0.022415777744492906 0.0 
0.1317122771289302 0.0 0.0 0.20473780050853654 0.05496905293764293 0.04452673520002926 0.058751797371071224 0.0 0.004665646193132235 0.0018704608066606677 
0.015790150618841814 0.0047888524138892975 0.012815494694001606 0.023641605715500554 0.24191197334685263 0.0023972349273986035 0.18977916793134492 9.1629754376158E-6 0.01033899214150271 6.05775503104237E-7 
0.1548746754666839 0.0156749072719571 0.0484685369962033 0.07446674725969575 0.036344020269444124 1.312172458342023E-4 1.5591437170771382E-4 0.14423291050199308 0.0 0.026977965806693226 
0.026673027835437686 0.08947366881180173 0.03432561669086823 0.1323120148076701 0.02302482267637961 0.014463608307879502 0.051232798896324684 0.02244301281094068 0.0801916913379936 0.02698149629566078 
0.10751710553102514 0.035575040267022295 0.09783316681956222 0.05170308424771695 0.0041500462419487745 0.05495267671991891 0.013056252986329352 4.910087143867795E-4 0.13694242175389457 0.0 
7.258062525991547E-4 0.05080582466192099 0.15513850458829515 0.008469070010601064 0.0382513060030676 0.2014019816227872 8.642457870729743E-4 0.027917994564018573 0.0 0.017500744423385197 
0.17743917388271896 0.002683009739857834 0.07185510775854745 0.025441428564100563 0.03210027771883271 0.0 0.039510641420006265 0.0018543642066793022 0.1390660466412497 0.011423509305468024 
0.0011719294949411826 0.036262365415409885 0.02152987918871041 0.03664971311467039 0.013841734553841726 0.01245136250606456 2.0451938562451535E-4 0.30265695052063046 0.0 0.0769218387916081 
7.802641062921717E-4 0.043158032132053464 0.012486837567007966 0.18915229830092864 0.10649620162536222 0.03385327652051714 0.06972341822625625 1.6874501277119188E-4 0.011061882623109493 0.03429301490472101 
2.7228882748635014E-4 0.0014186011092571804 0.13323760984211575 0.04243460643782602 0.002314759252484785 9.590849157237061E-4 0.11376029030096071 0.10203979414508887 0.10391126340069053 0.0 
0.0 0.07133269748626801 0.012571647810964976 0.04215897936525399 0.015898531473176842 0.20397266338132045 0.0 0.08637200883285372 0.013601236356543997 0.056834171639458295 
0.0010253710227993832 0.006171451934002218 0.11014207638016445 0.005916383654469519 0.02692465681418638 1.7575213805102674E-4 3.3005502338347576E-4 0.14024984735070772 0.09754552925623665 0.11286200608837807 
0.004980138562585492 0.3486054931281043 0.0 0.0035692176824931323 0.06342289752176801 0.0076504916867182835 0.05173903369111491 4.0992784138687796E-5 0.004134701641080966 0.017521308988593207 
0.004425531861007742 0.2125201907051233 0.005263521300091078 0.0 0.028024424209473507 0.02539913170299885 0.04844949618026389 0.022022064772342295 5.267330904637126E-4 0.155222052798481 
0.045926433896717425 0.1264454179006586 0.0037721565357864474 0.009640573944202976 7.376943407637826E-4 0.004905773131141008 0.14428061608604983 0.060966221475769695 0.018526891888087395 0.08602022360945465 
0.0 0.015237794403870433 0.003678644942025842 0.0711035445058525 0.20162661380077593 7.46406378582676E-4 0.11076614904587981 0.0021419496207342047 0.0995531701428606 0.0 
7.737319533474724E-4 0.013540320195649809 0.03723629486675193 0.1653987069156171 0.06275972009622902 0.0 0.033794739298478586 0.1550281899679401 0.01574995666046458 0.017696163285950275 
0.1170385828009819 0.1533120360175395 0.0026013633465274515 0.02413197832217757 0.008371038233979973 0.001872444025670903 0.16944298483512515 2.2276389338995122E-4 0.024144277346345763 2.2276146768848045E-4 
0.004216578065091844 0.12461476087297604 0.008051437151653205 0.006996844890964845 0.022407937395473598 0.0189164031609688 0.1939959646967621 6.07387105513378E-4 0.044799140918237314 0.07689250202758739 
0.0 0.0 0.06992791814764855 0.2344172807574621 2.6535572214166477E-4 0.16139324978199435 0.007347070758564938 0.010176508415160814 0.015947929909440512 0.0035927746758213984 
0.07150081784865184 0.008963906235302074 3.9114391333216006E-4 0.01153378985726443 0.011706374998277293 0.006120971195188701 0.2517641438265614 0.0032494834331144957 0.12268337375960266 0.01290125903755252 
0.0019034882115316417 1.0689472732156658E-5 0.15595395662864467 0.12762946730615415 0.007219275889651035 0.15360988513589924 9.526630061544009E-5 0.009653068702525998 0.02359265477343293 0.02431173191900125 
0.010906290065378086 0.1285966138849136 0.0032405877093909033 0.0 0.025152307593034464 0.0190993521025372 0.006357165527402437 0.2633710617561956 0.03707494822449972 0.008753206087082393 
0.021532553307497662 0.13039500704649293 0.0 0.06269833824197069 0.14510199926885217 0.04092163004080893 0.0 2.811223491396304E-4 0.017154417192208827 0.08489270707692259 
0.002577940232585818 0.00449547507711825 6.077837634738378E-4 0.025749455258902928 0.15475335940636412 0.02726777068794856 0.03892455922117315 0.1346775112798858 0.11233180665247154 0.003048985150664892 
0.08339571132224831 2.5016378299136686E-4 0.023334301591456556 0.002986617084733114 4.366448520652168E-4 0.006235719735864154 0.09457584070883177 0.010351317351385175 0.11513836375372694 0.166296043802877 
8.59547242015024E-4 0.060167580962644275 0.09068422634952067 0.006216931536801399 0.028044612923821738 0.1478165467426322 9.038116547750431E-4 0.14406445812501933 0.004173461826556941 0.01747745389451075 
0.16970191047195948 0.00703083503196172 0.0 0.0 0.23604064730505442 0.04924158895091209 0.0 0.031394877106762066 7.509159933060345E-4 0.008759630940787903 
0.010499837503365474 0.060454824665013285 0.1423748165537502 0.0 0.02040404748229093 0.0011272982742206823 0.025810548367979986 0.17263447096604126 0.06718234731024703 1.4391512141593757E-4 
0.06036741563780701 0.0396283385489726 0.05202618649074794 0.06856634995768322 0.018990662033875925 0.020640646716401184 7.186835455210498E-4 0.13061223029925928 0.09003270333061747 0.0200948667262853 
0.1427943220756327 0.008417805896796133 0.31420378788237563 2.6935608865680034E-5 0.0 1.0539718547871966E-4 4.942255140385646E-4 4.529880094931818E-4 3.955876664162213E-4 0.03429375630196675 
8.047559601470166E-8 5.674677205053349E-6 0.006256431546451164 0.2199926843986579 0.0353285374282779 0.1196563845638294 4.446048641685269E-4 0.08235032807393568 0.015487745532425011 0.022224157744419475 
0.0 0.26213591535887426 0.0219852995998811 0.017787346071201336 0.018077831040540907 0.0018421866252171621 0.01819524577995353 0.13700933241099159 0.02467681012174038 2.230159498300966E-4 
2.246544285229135E-5 0.14499221033956305 0.0025242753901701144 0.062471363862443445 0.042661741766169575 0.015904257724024654 0.0 0.14759651540766797 0.07535808298477467 0.009408404647619236 
0.08677816695696348 0.059747188645915564 0.018246970469609037 0.07862039430089239 0.09405814422599289 0.017659475038027717 0.0 0.1018580967243721 0.03401448617472221 0.01011026551296603 
0.0156973179037995 0.04427107261011601 0.002051189278913515 0.2079063932385109 0.0 0.007099396436197761 0.174879749100538 0.022727847235350616 0.007052692139780454 0.019812819056344005 
0.1710873722634948 0.003051155627705809 0.003134164200678889 0.14398994606618695 0.07017862496187784 0.01654574722700385 0.0 0.09167833877981871 0.0032332056929967137 0.0 
0.0 0.20998303821449987 0.0016921833338019831 0.15770961787599533 0.03070330130821834 0.023793693393968866 0.019001543156143136 0.013544111982800252 0.023610883906800873 0.0205766607879321 
0.011562672033580891 0.008051743348419259 0.26703110545676334 0.017555778636099712 0.04113661981350693 0.08097551501094301 0.043498807367521555 0.02743850771233467 0.0026335543889312147 9.180683352362473E-4 
7.705833014831351E-4 0.0 0.10967605715431882 0.0 0.014068309234350493 0.04638013951899209 0.019810489565427754 0.199207423153631 0.11082048157111232 0.0 
5.65200334185583E-5 0.14214784691464982 0.0 0.23177680531572245 0.0 0.042225570203779664 0.04869520339910915 0.0 0.03395522254613009 0.0018258056687463946 
0.07974290250505635 0.0 0.006825235485179855 0.03098462295652509 0.01544527741438295 8.477130225849989E-4 0.05638446056268158 0.25911834782325444 0.022898165156511236 0.028609873044911936 
0.01682700387470594 0.17334218832904819 0.01752070866920285 0.04248520783631096 0.0031903927385923342 0.08455454089049859 0.03953584484658868 0.0 0.10539201716598043 0.0178556644627701 
0.005335662378012842 0.06291306306108142 0.008483481922849189 0.0 0.01350885378042361 0.02934286845426404 0.07371994131833526 0.2633050720325961 0.0370656588000296 0.008751012901367743 
0.07860668587659903 5.236767706661173E-5 0.2728954193238738 0.003056787334196093 0.005736978247958771 0.0027340311589772307 0.04961984617667665 0.007636318399618443 0.019644692675657376 0.06305318635999589 
0.042091337540625724 0.02763096210788179 0.0198585672295399 0.046866559068890846 0.028877707266888437 0.23685346139566602 0.04776105422997009 0.030263036451230022 0.022513542114659883 0.0 
0.10996437349645559 0.1252300503731334 0.020519305164099843 0.003156959047028566 0.1371882037687804 0.0 0.05423857982038491 0.05131752450110271 0.0 1.9275657566657028E-4 
1.3273905391606405E-5 0.005945657400730163 0.13957433950677048 0.008913273366709376 0.18216755141433788 0.07892993566078975 0.05022108933438586 0.027202143154208682 0.0 0.008738474431738016 
0.0 0.040362183742159066 0.007276139823749476 0.023936580317690217 0.04838960125002149 0.1486880182631243 0.0 0.14763839610701257 0.013097352961257342 0.07335366388082581 
0.04611574852895679 0.012285799456723846 0.003912870201225173 0.1513729192167533 0.007633669838777462 0.07154675811569862 0.1695642890610895 2.302909073513052E-4 0.033416568811442636 0.005587642319572626 
0.0037117260114736266 0.020861487248514995 0.002208988714279361 0.021753874058672486 0.010602524764678717 0.18869151915605772 0.06859760153641067 0.014137558892824455 0.0021390027311458245 0.16833843331238918 
0.0 0.0 0.1725546156401418 0.09977656419900915 0.005298814697498936 6.9234853934812E-4 0.02846646977543339 0.019059476565809984 0.06399017283685228 0.1113245203806345 
0.004210215837475277 0.006504184717904921 0.0053247646764553475 0.024931794386521315 0.18722854742682835 0.017700896718540495 0.0031445623191293155 0.08602235609935732 0.0024960237023455762 0.16452074501387748 
0.0951746730267055 0.09973192325852666 0.052295454953059664 0.0395713822297091 0.02984961544679574 0.008589455627852079 0.09230626220095649 4.02086759852521E-4 0.02907812384683421 0.05399196668848915 
0.011926514725921832 0.07178271155961566 0.023892450975908107 0.005173662429710325 0.0060555491267222615 0.003179262569006344 0.010195287228258436 0.12304941215681699 0.13328855972766288 0.11288010176137783 
0.06128955838991728 0.08127273181296908 0.10151973740705293 0.0 0.0021438311889005112 0.10608849118209555 0.04084096147143303 2.668140909835329E-4 0.11122961099137012 0.0 
0.24287953607992244 0.010933983446247826 0.021724027915569828 0.008877512524385445 0.02633594451522097 0.018078278516383415 0.021746887629998865 0.03423225515270833 0.057695922170438105 0.059927928350336626 
5.223346596077258E-4 0.004763457821739742 3.6840033071066036E-4 0.018954382441108388 0.11391520048643922 0.02007202671820105 0.02865268311160078 0.09913720617965432 0.08236095584121682 0.13588360497899227 
0.059854252939192075 0.04506697897013278 0.012196519729238346 0.012763936631739197 0.011568041761059834 0.007235069131856678 0.015323410303315563 0.02527857023732576 0.014089578270560052 0.29810811391872255 
0.1595559484398229 1.6194764127582363E-4 0.09733522595278157 0.0014478555172597032 0.10011097129703753 0.041943358550159245 0.03844740774711789 0.03616036748937103 0.0 0.026090784281558532 
0.02602273069182941 0.02977395411654557 0.17478283314353119 0.0 0.005971550086536202 0.03663117571551009 0.04801874844321812 0.008397602545446352 0.1433461161500862 0.027326042275760035 
0.09703078511376126 0.020750206309444724 0.02146559136265978 0.06644089759866866 0.23774411758880915 5.786625109568157E-4 0.0 0.002298800961794439 0.055618199090532346 0.0 
3.1179505013010256E-4 4.05460218304345E-4 0.1169877826710123 0.0339322960953935 0.06135171084656738 0.017630573907392488 0.1455848652019327 0.021750036830232716 0.09486995594028272 0.0088150548254241 
0.010538845607229732 0.055001710552691915 0.026659555828864926 0.24695690193192826 0.010032453729916674 0.002819668123829289 0.020304356135628965 0.0 0.01800464190479004 0.11119251496074682 
9.530594410310651E-4 0.025774958149561017 0.055624074483416046 0.13314518582986865 0.19162381448664298 0.002023315228056312 8.68467138667435E-4 0.0721242508105864 0.018839011306034853 0.0 
0.04220518357624879 0.0 0.028857808088525918 0.0158912413550053 0.047687334897762626 0.0 0.010607546750750983 0.20024436988590713 0.030149603485587907 0.12542762007349345 
0.01727891587602581 0.024424731304373365 0.004476190243255762 0.07042438350570406 0.014882882931045461 0.11386701479963866 0.02528612104932826 0.19562710169371322 0.024448747421861244 0.009631677833191642 
0.010364319093537022 0.053504374336681974 0.0 0.19488201080078407 0.0034865352532442565 0.03150504263156404 0.08061692722768565 4.3542961734943125E-5 0.10453953067794912 0.02427496184554268 
0.0393835400619805 0.004937431080538506 2.1544693395430037E-4 0.006352954953208313 0.006448016996128857 0.00337150708953028 0.13867482279086346 0.0017898559040219382 0.2867404292570689 0.01290125903755252 
0.006013168861421769 0.186062154334962 0.0 0.05404468125937928 0.038330943701601415 0.03235833677161009 0.011759955088656866 5.262889200351416E-4 0.09551092531997454 0.07689250202758739 
0.0497280332693344 3.3304959818706E-7 0.16197539505294367 0.009770068724224508 0.008970894338769918 0.0 0.10928503634339533 0.12447852995464352 0.03906454532213307 3.8602443478479445E-5 
0.0016645831159936638 0.003776808495637214 6.325320332029935E-4 0.009441502300372393 0.12500165605893857 0.007732327411518908 0.015278539167993106 0.025273764138928737 0.014053472266697415 0.2973441809956823 
0.03730087444916625 0.00413012937085457 0.05825708564211425 0.09887696018814605 0.0 0.016436600226239786 0.13408112307451242 0.06814867658118215 0.02386117050292087 0.060293249058747604 
0.07072904455603063 0.007394744459832133 0.05339474988429445 0.030375230424879246 0.08812398041445846 0.030745741949598244 0.15479712335261406 0.024244155648423034 0.03841682378990443 0.004149810985916093 
0.16117681788695884 0.020096678599167073 0.0 0.0015761839795372197 0.018562656067925988 9.926854109201257E-4 0.020662595041453458 0.2185900836411472 0.036392984657443034 0.02241159048155811 
0.09069918746834753 4.653591869173937E-4 7.468255149777905E-4 0.004911442351464666 0.021239922414134957 0.12991844515034395 0.04358901895532207 0.024202768570555908 0.10267277739421388 0.08509141565684711 
0.02332596477624943 0.11780978702880907 0.0 0.008720342013462275 0.13120469613368207 0.028986145988843134 0.13353271863347782 0.02222030341082307 0.03467186127169497 0.0 
7.37345760612116E-4 0.0018010692871984126 0.18057679181089548 8.961745423104341E-4 0.14559518961467408 0.019705037794942017 0.09552143788889345 0.009618709836273139 0.023508679729341703 0.02422519741156925 
0.016189214315979403 4.3233469199036954E-6 0.05274564306879766 0.0 0.021374733035795512 0.0 0.3298097606346225 0.03716552010071091 0.04312138680281694 3.838290048058827E-5 
0.07596398803685987 0.003419756975460783 0.0067944950131480965 0.0 0.038432065953314186 0.011760160831585903 0.14205244589276741 0.15364154989301712 0.018486523892828486 0.051487178827627204 
0.07560320750372841 0.005256351123383077 0.022344184215517173 0.0799804277003804 0.003944680298192483 0.009304912027115076 4.192784182053572E-5 1.3786040884659708E-4 0.13213875057149624 0.17210478750424793 
0.04803477909605032 0.17876694364280207 0.05097359749527531 0.0 0.08929531489872307 0.03136209321411154 0.03311022765957934 0.004338433829432874 0.01864983683042154 0.04585030987658551 
0.0 0.0 0.09516315102126198 0.025041938511345438 0.1777232939870022 0.007312666160642915 0.0037513052462025444 0.014796187451939313 0.17738337897378878 0.0 
5.152024214643107E-5 2.6195695269748474E-4 0.023853979515797867 0.08101584653171645 0.08435079930253843 0.18019033705150156 0.10508140376653292 0.004858377120623254 0.0 0.024311552904421985 
0.16305268442046847 0.01800803353590332 0.11088824025603172 0.0025385137910228987 0.02756722433073494 0.01599935316647552 0.007852152458531656 0.10259189102470215 0.05055607432579158 0.0038081378677912022 
0.0014544311066027873 0.11378917605025032 0.2394647729877462 2.052849046085162E-5 0.0 0.07951062609972091 0.012267333227031618 4.339996213998152E-4 0.020906743636509177 0.03436401698245384 
0.0019460232313721823 1.363746279444545E-7 0.09994712445507188 0.07695167705496672 0.0043602844550625275 0.009109812224474862 4.104872403409355E-5 0.0041593527899404376 0.13207282566923995 0.17201892328012755 
0.23428078872529945 0.02588138806784829 0.021819762444699863 0.017653417185971736 0.020451733380950448 0.0018427663499300335 0.018200971711024257 0.13705244839870173 0.02468457576093598 2.230861315672296E-4 
0.09641395513154925 0.025685856900533773 0.07022422108685426 0.2408770807978263 0.0 0.023214572765584737 0.0 0.02560140305477497 0.0 0.018859346574757414 
0.15223084884103347 0.019084859393076112 0.07220299982811257 0.007218132839162183 0.0310873770998652 0.013013841797071728 0.12126783312687271 0.004156890234844224 0.03509202915716671 0.04568737835060552 
0.11054314231142018 0.0029801751949181635 0.0097723146289134 0.09702023249720684 0.04128786425378164 0.09985916222485784 0.10005033843050531 0.019082501732026323 0.02541149584997585 0.0 
0.0061887695558808355 0.03952667868214781 0.12862778360441549 0.12379345915095838 0.06130871654294513 0.0 0.13637191590634012 0.005224569326172697 0.0 0.0 
0.01827526645603181 0.07376305372307718 0.03611360784927137 0.04844704482734625 0.12346692853897741 4.8734436442469324E-4 0.03349366392169635 0.0 0.16853429030494468 6.247397992676138E-5 
7.415861578953356E-4 0.0011619974928237721 0.006638411991811062 0.22447339902706537 0.0 0.05532951999531753 0.07200247583453939 0.055393064011746054 0.027242861491039702 0.06006832332885933 
0.10252779785174962 0.013685870762764184 0.024900078182023267 0.282138777102963 0.053912435596629255 8.81542494455051E-4 0.0039042313983505762 0.0 0.019629001810073845 0.0 
0.006809814761009855 0.028391024084042767 0.02359509430758808 2.1847057051884908E-4 6.602794291295955E-4 0.12971432364091903 9.833895647270118E-5 0.2625097787335313 0.038115854135486085 0.011191687674080249 
0.005993138288361488 4.3446017960780965E-4 0.2426680876957412 0.0 0.005364016130116578 0.009514557892639466 0.003245958445273135 0.01498899516645565 0.21968834903702272 0.0 
0.036682380524071995 0.004061646796023566 0.10986965781318246 0.149373848535055 0.0 0.05989671593852705 0.04049899466719666 0.018655836628157767 0.023964547658152903 0.06055446610870862 
0.05136883439316663 0.014067192817448455 0.037976813575109306 0.16488376539045635 3.9873773627868204E-5 0.13671507015744047 0.04178444303770322 0.025617733738968 0.022849846247536526 0.006384736198659991 
0.0 0.005190465706381874 0.05067173813439359 0.012492012270520573 0.08149734456181561 0.03033947187720731 0.006811495987338065 0.2547218222471361 0.03713418557158039 0.02213553410965814 
0.16552970679506973 0.045329786630543226 0.08260950283718674 0.06808428859403655 5.144765799034693E-4 0.0446191676268228 0.046359395176305954 0.026487191844586873 0.022249902861400172 0.0 
0.08163566645600281 0.01060315361837304 0.007334156830533012 0.017465621213623682 0.1422823830884088 0.026321509034641852 0.022413180177473825 0.16927984381893565 0.01450858823354817 0.008718564963548048 
0.09502388926106982 0.25238453831342056 0.029734863583396623 0.0 0.017955130449424133 0.024920641194219762 7.439702272605033E-5 0.04760943237881911 0.003050118584942411 0.031244120256121753 
0.011184422517860632 0.00731720326513682 0.001551728557939908 4.884817027225041E-4 0.10301956395013898 0.30136203584603116 0.0329255268023494 0.004824485819961111 0.03901616341942079 0.0 
0.15261352948301293 0.015955793814603627 0.09695059501486188 0.16688119221418332 6.152903425515999E-4 0.02320467428115025 0.0 0.025590486847434105 0.0 0.018851305119487058 
8.455756525227998E-5 4.3651682116556975E-4 0.03706798897025348 0.114695195057806 0.0019994296761167507 0.13945864507396732 0.08061694123790349 4.354296930216753E-5 0.10453954884561747 0.02427496606422869 
0.0 0.20952971421001207 0.0020641791747181225 0.030183084565511154 0.03049180960222077 0.06210481651076667 0.0 0.07619303141462853 0.034351678992634596 0.05670805904625797 
3.9229452766553465E-6 8.925474174746599E-6 0.0748564656618377 0.0022228398376452664 0.009839725290671302 0.2498931377313832 0.07301415074615555 0.06377125172431838 0.004338799420765658 0.02240683361236597 
0.038450834860809975 1.0268336388574867E-5 0.12527562929744748 0.04145478134042805 0.0250555257106671 0.0 0.08735465596800106 0.02807264387604003 0.15486012333435167 3.839240253417182E-5 
0.002515244341964638 0.02266308971791442 0.04062627433807979 0.22059483208678768 2.4970898382561105E-4 0.002962190698286739 0.029118510682374112 0.06687580312699924 0.11284712732186745 0.003031149960883473 
0.018307031026013013 0.07584889311821337 0.03694450436093619 0.04956170722041212 0.11486819436628112 0.11280959679225983 0.046547825080766006 0.026594850260097034 0.020247327861915583 6.236816176528596E-5 
0.12053874654506459 3.615824885314734E-4 0.033727003712099884 0.00828164200931655 5.274721592999992E-7 0.00920132570843302 0.13904342959747473 0.015249184380921722 0.16961765141547577 0.009313034603788196 
0.0974926753483902 0.01213489730118146 0.08096481177753707 0.020280755649438088 0.0199867102163837 0.09946791661760614 0.04422077672401084 0.09242719873625355 0.02486764298971101 0.010159717993430399 
0.0927168431579398 0.01161185341055817 0.07200237988804563 0.10196023389509289 0.00541478242171334 0.023054350939934756 0.0 0.019057714112613998 0.06398425558701394 0.11131422606556983 
0.19066571326040066 0.052213202495153106 0.14095854681527875 0.0 5.461861176574896E-4 0.02230994967026452 0.03974918491919572 0.026101118176280698 0.02285420746843455 0.006385954817141547 
0.07837762449729353 0.009507054781981257 8.76904038496153E-4 0.2827417660864386 2.6768205887405834E-4 0.02732156871453045 4.4308179367470896E-17 0.003372390538119382 0.02735113298640653 0.07259881956850558 
0.11627852166155592 0.015081456170479535 0.01738015177675532 0.06112178230452848 0.03864290555579312 0.11523205360768496 0.0 0.038790471131767465 0.05308605536537874 0.04671799167295768 
0.12624747415166204 0.0 0.025804246643209638 0.007017143919294773 0.006443153926220909 0.04625924007524145 0.10042941864683465 0.11439174854712818 0.030971928658408025 0.04574708393052141 
0.021316732837217946 0.056617486584775174 0.006670429382414974 0.0 0.0018226664448850476 0.36345860624916027 0.046880168741470905 0.0 0.00400456526708544 0.0 
0.0522620237743728 0.05129949540802136 0.018669160686267307 1.4372491977455205E-5 0.1437527913706348 0.14128741509348122 6.603921495322558E-4 5.60543937844701E-4 0.01910551998127901 0.07444779381483003 
0.04491577599884933 0.0032560763941623222 0.009187164429804155 0.16489270117508936 0.028367294715604216 0.0314350853180923 6.0203090519783095E-5 1.3181371256114626E-4 0.1988422495163865 0.019470989862145103 
8.816466497372125E-6 6.171452083791412E-4 0.001628364439249339 0.07919522000450119 0.01271792878803015 0.04307513100437206 1.6005341327210358E-4 0.34055652922396595 0.015952492069895862 0.007835696880354587 
0.02227312656131831 0.038768464992048314 0.011634591643706043 0.00732104731635136 0.0011081982296288508 0.26772561890292523 0.004901553063220211 0.03375788779505083 0.01828898179060552 0.09620283334100661 
0.11112154762919631 0.005002484696361002 0.009939114845491242 0.006443793093767738 0.028766912576921752 0.0152203016632612 0.1838479175118938 0.03518585341796252 0.04665342305512639 0.05988418485122922 
0.00389888317644089 0.035130081699469864 0.0027201755684352776 0.1399544021353662 0.006620639351888581 0.02728808098993856 0.03895355204063231 0.13477782534503838 0.1119703787244314 0.0030485494839065305 
0.003940069981797037 2.3226934968039817E-4 0.16204362071439077 0.12421124372562754 3.844176411027652E-4 8.320046928052004E-4 0.0 0.12772514613274918 0.03475899983717845 0.04656565761069596 
0.0016965059212793055 0.029025571542408583 0.03563898303164512 0.09664487718520139 0.018496787869499667 0.006136680436401425 0.11711608532649878 0.1671486481563987 0.031112661233782073 0.0 
0.16299349282347567 0.07530649222577648 0.0 0.014723819761152435 0.02913844219665595 0.029099740613685594 0.13405602376977302 0.021812927448463484 0.034770932949829365 0.0 
0.01621792311628016 0.06761467997980945 0.0561929272427223 7.170193647817744E-4 0.0015746903215098224 0.3093537084258565 2.345270746796877E-4 0.0 0.0381081255945081 0.011189418397456026 
0.13243797027470716 0.15130397320574213 0.002885706923426999 0.011287933011196485 0.023697474881212207 0.0 0.04404353971759786 0.13397824107229653 0.0 6.760628269682555E-4 
2.1451823182729167E-5 2.78960840047532E-5 0.052100292329539985 0.10004353388535037 0.06157660098016268 0.017695200338614776 0.1461185194282443 0.02182976351789896 0.09519244804285083 0.008846915331396893 
0.09172758307632432 0.10102396882651758 0.0033552328153013183 0.08304033241089517 0.05023944979426549 0.16781955108847316 0.0014540501669129242 2.4833248796744925E-4 8.540990485596062E-5 0.0012844047736568218 
2.521831185608144E-5 0.018333048599329733 0.15724984153221722 0.01822444125780141 0.005493567138142745 0.1336941699975502 0.07491410607222682 0.08262206987703093 0.0058485679754025 0.005245708857972151 
0.0 0.1508068271424507 0.0542982752260581 0.15388557521288906 0.01060400107977795 0.08284271055480243 0.01710282369521219 0.009867122047650294 0.022425441431758283 5.7124053897113285E-5 
0.17509730191029324 0.023061131492076503 0.0034511298544070016 0.0017530073060136983 6.552703334985409E-4 0.27385275326857417 0.0 0.0010895909531208855 0.022187797684878625 0.0 
0.025298264874445035 0.009547072652943496 0.01579390777016219 0.2037371729201234 0.07346054587131037 0.024092840440715354 0.0 5.911988363375602E-4 0.02016042600961288 0.12839156998504592 
0.007983957844632461 0.0331201861071764 0.0641522506933658 0.003928382962837156 0.03358351393455068 0.09553045216523705 0.06791706044048397 0.003078481493749063 0.04018360273845397 0.15132868265542973 
0.0 0.0 0.07111702185338706 0.0035858150027437436 0.0900531078888958 3.3634137065663216E-4 0.029019180924675623 0.1806680735861774 0.1256569129348108 6.543991910591097E-7 
0.0054817441812935125 0.05165146345882923 0.015938185789611318 0.0039136102961966615 2.4926463511357725E-7 0.17950528012673003 0.02205241469729467 0.013650955005102512 0.20289741345980533 0.008776125976057848 
3.1059134882765644E-5 4.097273363478105E-5 0.07604945418554912 3.8482507698992983E-4 0.0284434325815772 0.1055826043610834 0.13290423284858455 0.019855580147984803 0.08658368103932716 0.051514219406768286 
0.029783519668816965 0.04128239613075096 0.05060660221084047 0.012947057745450866 0.012759341702353292 0.06349945152578768 0.22251306881123303 0.04231880978402157 0.025332777551332685 0.0033153058739072484 
0.03584705145616911 0.05359131527365405 2.685035199354424E-4 0.0 0.08015284406156185 0.14903176742796942 0.10913743766119662 8.22508045345796E-5 0.015430473704401407 0.05831790845773358 
0.08570872618978105 0.009490075838767886 9.975783697704055E-4 0.0716715649696909 0.013953198822827839 0.0 0.0 0.1409416811751241 0.16910456173723049 0.009414845107837952 
0.003859845167980519 0.036369200213870675 0.011222510093838518 0.002755679450106879 1.755140089672223E-7 0.1176716915788059 0.13885622483754279 0.01522865324248927 0.16938928225193184 0.009300495755945565 
0.023587117968733546 0.05718365910292623 0.04862203199487705 2.69573892148791E-4 0.048205738762313856 0.020233775351656616 0.19978409762298643 1.785830803228355E-4 0.09487101602652105 0.008817042354162506 
0.05358569240899729 0.0014446373423139995 0.004737121045045588 0.04703047359915363 0.020014256405835963 0.3645324828029987 0.0 9.778165723265201E-7 0.014579751933541114 4.330713518100706E-4 
0.12697030231822334 0.0026247342308030144 0.20636699438506348 0.0 0.004040633996588491 0.0 0.008034257689305581 0.03543489557442789 0.106381498841477 0.01058743362288123 
0.10366988704912307 0.005949830950604928 0.04708962815739018 0.0 0.18876997214060506 0.03506672292975275 0.043332521244727015 0.027925685660342394 0.04260416816553268 0.008764020701598468 
0.05992268253347383 0.08418408917697823 0.08288125614844141 0.016473128792678482 0.0017732036141681988 0.14591705118891246 0.0 0.022844468636685846 0.0 0.08798034072600727 
0.0 0.0 0.1513029790839198 0.05987283462412551 0.005985106796280581 0.0018144869029448464 0.1379837368787451 0.0 0.023832934552875322 0.12123319684742145 
0.0013604095676075947 0.007646083455426216 0.12848316380046534 0.11167613035635206 0.054429336794596064 0.012832597515640308 0.0 0.014137558892824455 0.0021390027311458245 0.16833843331238918 
0.05363598911377099 0.015083090481494102 0.12229282280911652 0.0028384984289181628 0.029537028429416988 2.827195738799904E-5 0.24988936253125638 2.3570565998535793E-4 0.021601006463893055 0.0055770867541834095 
0.0 0.18023777072016317 0.02095165569960332 0.09599665436132646 0.11484637340502303 0.0 0.0 0.0026756116750769575 0.03086883174052271 0.05679200023248841 
0.10822597387131563 0.007845618402911415 0.02213676142558323 0.10710816232248507 0.005282635637707396 0.031432594150703486 6.01983195457491E-5 1.9793446512170206E-4 0.19887308106433604 0.01947400894264243 
0.170287802822099 0.05634448037322609 0.0 0.06376805361849482 0.04522720120191339 0.03818004114695825 0.013875730768870389 5.21826953960975E-4 0.1126658631844449 6.279562152608226E-4 
0.07589083848197165 0.017258884855933364 0.01679221361955777 0.0069008080322186995 0.1374000044936148 0.02892193737729892 3.498449509233078E-5 1.9871172019909658E-4 0.19938266263556556 0.01943806619740004 
0.11404358177783802 0.1311752507363427 0.1614082818131064 0.07501789650659328 0.004638560753516132 0.0013912449978082614 0.0 0.007090594235844265 0.001422826881415295 0.0053967120778001115 
0.09464004995755071 0.025213266865281365 4.4985761843115943E-4 0.15067423972022453 0.04128888850067755 6.639351359203853E-5 0.1808340754497598 2.455967795221091E-4 0.0030655797185184445 0.005592136885096379 
0.23841529629321623 0.078886366257858 0.0 1.5783520193037641E-4 0.0440955653062933 0.028909680864509117 4.684343797586496E-6 1.378819506443444E-4 0.11336302792116512 0.0 
