0.0 0.0 0.5006362621987499 
0.0031157576534435196 0.04274480508502911 0.45692516947083683 
3.6311072302126264E-4 0.08269417046615299 0.41796065733749643 
0.0 0.12566694070070153 0.37551828509076535 
7.333907922446395E-4 0.16702107469471203 0.33333814037687165 
0.0 0.209420589199674 0.2920628168123077 
0.0 0.25029145232014105 0.2512940960994393 
0.0 0.2921164458245369 0.20924675750163993 
0.0 0.33362114146139343 0.16761159675571172 
0.0 0.37591811673589337 0.12533339586343842 
0.0 0.41675927483897796 0.08467441172275798 
0.0 0.4594477264630727 0.041854220028610355 
0.0 0.5006362886241895 0.0 
0.04359194450066197 0.0016736824660346554 0.4554632578373277 
0.03959159770019573 0.047681199811487364 0.41419171340432187 
0.042835907161651 0.08509184362104463 0.3728751025728792 
0.04201281639941236 0.12567305092793726 0.3332018317373948 
0.038111967200477506 0.17019923966594985 0.295259756225687 
0.04259087260800588 0.20840262601875076 0.24980866959096065 
0.049623121671604604 0.24281232654684926 0.20913121661194528 
0.04256245673204185 0.2908271886876579 0.16749529291171386 
0.04063452842310695 0.3352839749204955 0.1262593532841473 
0.042461760136200496 0.376173773241986 0.08238507157418665 
0.03979343837316391 0.419772865678937 0.04307229571173692 
0.04138989581722792 0.46002176138683665 0.0 
0.0864461618874787 7.100563806622112E-4 0.4136384349715587 
0.08547154585608167 0.042579271636860164 0.3729852397077122 
0.08310989972780464 0.08495822346544935 0.3327116422450983 
0.07688265190732134 0.1290566824236607 0.2950996625310308 
0.08358091777595188 0.16655084207350052 0.25113376391588454 
0.0855849349201866 0.20711210438740485 0.20845384139190498 
0.08353683099931147 0.25197590951373133 0.1685619380202962 
0.08234994382471224 0.29322538654152863 0.12533942800529882 
0.08384693021027038 0.3356539354277344 0.08436350545609295 
0.08303913570132716 0.3768040921260241 0.0412912217376921 
0.0848848582068219 0.41535254565800395 8.888466629018002E-4 
0.12534052828118208 8.006573564944714E-4 0.37510369934959603 
0.12454834210982343 0.043217191147983475 0.3333601326984628 
0.12288942649049239 0.08276311385587204 0.29605545490770996 
0.12523626953557718 0.1245246220587153 0.2507614099977284 
0.12512216226509248 0.16909266714893223 0.20751841169669932 
0.1245034361873458 0.2089938370499246 0.16722497003653924 
0.12545308297567265 0.24998907844401277 0.1251747094543407 
0.12400010335728709 0.29172756383851495 0.08582738363710005 
0.12666241191542735 0.3324783303263341 0.04221698334815077 
0.1254504264575283 0.37526019877469863 4.1723275539930595E-4 
0.1676554375845369 0.0 0.33314136602131456 
0.17358596566687215 0.03902831635906939 0.28826875226885473 
0.16543486987384318 0.08472218868045292 0.25118091358127725 
0.1694653492971473 0.1240496968647396 0.21044334643199664 
0.16780203680108505 0.1651597529166238 0.16814927791121392 
0.161010827976282 0.2147530163227811 0.1254023400940346 
0.1614148942945873 0.25460175256576323 0.08689044806061702 
0.17107514935734205 0.28817921033772154 0.042227430223570055 
0.16655191527873056 0.3342070990469714 0.0 
0.21046141997005627 4.2955610162539104E-4 0.2913775112585664 
0.210356473230721 0.038905866515981234 0.2515174256916501 
0.20737700741974302 0.08697177436810945 0.20710739988796606 
0.2040538423938983 0.12943204536282737 0.16721926103441018 
0.21049817165500967 0.1675170498488307 0.13338687058150378 
0.20941356631851157 0.20961325887774257 0.08306421966301063 
0.20897771837971835 0.25256165026606425 0.04022932989544427 
0.21049365188501687 0.2884757118254291 0.0022989671869733147 
0.25040686611522284 0.0 0.2503588056731491 
0.24447695140608203 0.04881724842554172 0.2080398813428407 
0.25029010190754614 0.08252337576688587 0.16807437873733672 
0.25066634294806567 0.1250962110705252 0.12540190949329147 
0.2500725165796148 0.16841790830152795 0.082088447471665 
0.24953641770154 0.21232648807910698 0.04025753048463794 
0.25032316547004196 0.2505618685991004 0.0 
0.29182949831987404 0.0 0.20904121332300116 
0.3000551685329745 0.03304687355102385 0.171419573212717 
0.2920700074017642 0.08339900694951131 0.12530394753726443 
0.29560269371999964 0.12337813307830309 0.08218464162480056 
0.2927132750151314 0.1684189222825863 0.04076758119733375 
0.29286291911888174 0.20919202023704042 0.0 
0.3334494458903755 0.0 0.16720098805139796 
0.3387546911660833 0.0369488802739817 0.12538222544575964 
0.33294068858735687 0.08619761619474796 0.08248401410245945 
0.33416681337786663 0.12798749677806817 0.039213656998773605 
0.33443227600586417 0.16660378119478989 0.0 
0.37563198047442986 4.170352735082593E-17 0.1252379962864234 
0.37610222029517887 0.04007367259744876 0.0845558840112008 
0.37457415244712716 0.08421762937731961 0.04219735170357084 
0.3759131260473317 0.12539181098327898 0.0 
0.4186391226548285 1.9873483377602025E-5 0.08238968891077046 
0.4167103626863371 0.042342590033506836 0.042221372883906684 
0.41761563994494544 0.08338964603547003 0.0 
0.45933721100664815 0.0 0.0413774760638096 
0.45334121731065485 0.0460647083171406 0.0018678541294760702 
0.5006839125049396 0.0 0.0 
