0.0 0.0 0.0 0.0 0.5000661507988831 
0.0 0.0 0.0 0.084348086384356 0.4167508990925324 
0.0 1.2390422752520055E-5 3.623348282643281E-5 0.16690805406093379 0.3332433613334563 
0.0 0.0 0.0 0.25070125386172165 0.25064825915659 
0.0 0.0 0.0 0.33396263321137026 0.16683345956735066 
1.707646642829211E-8 2.7739518288238712E-5 2.7752225548742197E-5 0.4169272483784774 0.0832133398338756 
0.0 0.0 0.0 0.5001960970326564 0.0 
0.0 0.0 0.0842688590980917 0.0 0.41635944927785784 
0.0 0.0 0.08011558516046552 0.087149927284075 0.33661823624379755 
0.0 0.0 0.08329777594736797 0.16694448608516352 0.25018936435179145 
0.004999275517185762 0.0041916132172371955 0.08554120119386717 0.24211865723508277 0.16439470995939423 
6.450355606919316E-6 6.241056420547221E-6 0.0805290401705967 0.3412243276074656 0.08028187790608254 
0.0 0.0 0.08357769460460177 0.41665344123777504 0.0 
0.0 0.0 0.16690992271865876 1.853072392406605E-17 0.33399994230133473 
0.0 0.0 0.1667595873210791 0.08319947149522254 0.25062126611181057 
0.0 0.0 0.16675895645136912 0.1666071046327962 0.16695674009579856 
0.0 0.0 0.16811816431484702 0.2544046475001447 0.07836102901961728 
0.0 0.0 0.16653244831045083 0.33365637809606 0.0 
0.0 0.0 0.2498372178642194 0.0 0.2504991023709975 
0.0 0.0 0.25205908683715367 0.0841928620462969 0.1672069882559273 
0.0 0.0 0.25062772430584423 0.16696899905087345 0.08341809607417128 
0.0 0.0 0.25026076235287414 0.25003287323261686 0.0 
0.0 0.0 0.3340479195738742 0.0 0.1670908308543459 
0.0 0.0 0.3361729811430558 0.07880272778097425 0.0853486782783139 
0.0 0.0 0.3335366875719605 0.1668319367810372 0.0 
0.0 0.0 0.4171146074135164 0.0 0.08330051169286194 
0.0 0.0 0.4166550368814482 0.08353387917830603 2.432726212966459E-7 
0.0 0.0 0.5000488852300418 0.0 0.0 
2.819724955455898E-4 0.08384900385165925 0.0 1.7602765978874552E-4 0.41654791739565517 
3.552528065495135E-4 0.08347707340692795 0.0 0.08300797614523207 0.334370940803504 
1.4771462879508592E-4 0.0832036118962422 7.274445633032547E-6 0.16706639092764994 0.2503720555910668 
7.94142791600105E-4 0.08802345695267247 0.0026198337749133546 0.23894937341293948 0.17009019121170257 
0.0 0.08735043509341146 0.0 0.3303291668437585 0.08335240260571915 
0.0 0.08355335318313423 0.0 0.4169445282373572 0.0 
0.0 0.08352116139541747 0.08355460469379544 5.173346947531311E-7 0.33348209227337167 
2.1734826217239552E-4 0.08415646287624903 0.08439962056959932 0.0833909415692073 0.24803185332960198 
0.0 0.08444526308592518 0.08424960581366814 0.16830719926402868 0.1660164874112521 
0.0 0.08447236165055888 0.08314452649856721 0.25280751857790495 0.07999886836141476 
0.0 0.08335436978720788 0.08394284396216252 0.3352952351394792 0.0 
4.1877027702476793E-4 0.08499042665995236 0.16793449877966127 0.0 0.24851612988195515 
0.0 0.06968058722443643 0.17902349255217273 0.08167736467343148 0.17107161757541764 
6.520312612119575E-4 0.08367621578115492 0.16750644617627997 0.16491547063948594 0.08399161376576993 
0.0 0.08408028865689039 0.16698147682135892 0.2508331469592008 0.0 
7.348225218398503E-4 0.08550598920946352 0.24815606352435352 4.2920321774666E-4 0.1656213290892391 
0.0 0.08341896374369556 0.24259768238100737 0.08947205810286418 0.08525362802872007 
0.0023720269250092334 0.08382596116766582 0.2520699562566395 0.16699026663526767 0.0 
6.573842247578377E-7 0.07130335719143087 0.34464829163837535 0.0 0.08465026244498289 
0.007688744184156666 0.08609264241075794 0.32526676692253664 0.08526643523879684 5.9566774513753634E-5 
7.187742842864948E-4 0.08363857172254115 0.41542443092628595 6.414771270420449E-4 0.0 
0.0 0.1668468931670173 0.0 1.0929941007913476E-4 0.333242392502484 
0.0011758577727212464 0.16735993763353552 0.0 0.08310473372015532 0.249195688905429 
2.962536554850368E-4 0.16687158458770107 0.0 0.167015614094125 0.16617839324303224 
0.0 0.1686756333182316 0.0 0.2544043668547312 0.07733386325469897 
2.9542993838365213E-4 0.16640760726483902 0.0 0.3335407160080815 0.0 
0.0 0.1677462903909552 0.0831519948143161 5.249557286418022E-4 0.24886339597984686 
0.004012740761322257 0.16710291392299398 0.08141731233382013 0.08470859100383232 0.16310422640223626 
0.006055881555382998 0.17230682697072944 0.07314294500902425 0.167553878337706 0.08419877698952119 
0.0 0.16869904974798805 0.08446699336221913 0.2529355084219045 0.0 
0.001425692475771632 0.16589753556289466 0.16693554487934004 4.290259614022261E-4 0.165542502762393 
0.0 0.17219149918913657 0.16870592952791214 0.07547773071074566 0.08473631710794792 
0.0 0.16742291241194024 0.1677127007707712 0.16586758941703608 0.0 
0.0 0.16646460236232968 0.25099410740278494 1.8995367332661205E-4 0.08396052799863843 
2.9439876256501495E-4 0.1658267741184504 0.2488920838925143 0.08533357334780413 0.0 
0.0 0.16789533897510187 0.3347996745594131 0.0 0.0 
0.0 0.24975660794626403 0.0 0.0 0.250418278896166 
0.0 0.25182972334001064 9.423180196315635E-4 0.08443100335875807 0.1676799368013046 
9.998196952328346E-5 0.2508694929745096 0.0 0.16719667442933128 0.0834494983164035 
4.43570923484155E-4 0.24985137401138138 0.0 0.25006702468772096 0.0 
0.0 0.2496459060392967 0.083703531949742 1.5168194785780716E-4 0.16843588937396295 
0.0014703562102074672 0.2519493141180946 0.08727563550449095 0.07543297890171695 0.08468607575271238 
0.0 0.2532759814584794 0.08307705689058138 0.16982704951462227 0.0 
9.012531538506671E-4 0.24963769622310847 0.16581402392688419 0.0 0.0838771078574354 
4.4627097626837205E-4 0.2513722399255422 0.16532519554563488 0.08320193660726566 0.0 
0.0 0.25019394171365633 0.25029412363767767 0.0 0.0 
0.0 0.3336369310959277 0.0 0.0 0.16665093748726542 
0.0 0.3274260549790686 0.0 0.08942965429341165 0.08352429458976339 
5.930236937115084E-4 0.3340340334557969 0.0 0.16561589141779992 0.0 
9.31082761786693E-6 0.33608470900402765 0.08273622055480173 1.9814460741718417E-7 0.08229485337047233 
5.906870096304391E-4 0.33271784319765313 0.08383517624016185 0.08320193660726566 0.0 
0.0 0.3334577162634517 0.16674477949018002 0.0 0.0 
0.0 0.4168823117143636 0.0 0.0 0.08352685042354077 
1.6933084489648812E-4 0.41673746762032016 5.160567562655314E-6 0.08358538870548744 2.4342263058416416E-7 
5.339877479067437E-4 0.4165633150455792 0.08340056939940901 0.0 0.0 
0.0 0.5003412525231853 3.155368039825793E-8 0.0 0.0 
0.08386302661992115 0.0 0.0 0.0 0.4163358140018689 
0.08341273081958159 4.6599453780290406E-4 0.0 0.08305391903152137 0.3345560069480502 
0.08195488581185759 8.935264380569769E-7 0.002519874004465402 0.1673739117488983 0.24928537955340543 
0.08094877495031844 0.0013486660968913993 6.515730318567937E-4 0.24822956161894671 0.17014461358355237 
0.08333558245036775 0.0 0.0 0.333516244752523 0.08352862676899139 
0.08387067455642302 0.0 0.0 0.41852801238545045 0.0 
0.08388185055405685 7.602337087135015E-6 0.08294306131531477 1.0928999059354068E-4 0.3332136734827451 
0.08928039212795222 4.461604831879618E-4 0.07926410618176366 0.08349827345764146 0.24835109336585454 
0.08374108120099302 0.0 0.08388602665761162 0.1674744654955669 0.16559581079003882 
0.0846068670376644 0.0 0.08283314587529295 0.2533784355553939 0.0796566772629849 
0.08298799748973065 0.0 0.08357388511000274 0.33382149253972326 0.0 
0.08227362841930956 0.0 0.16752698812105457 0.0 0.2504624040806078 
0.06929683239259644 5.726378149048695E-4 0.17950877105883967 0.08234099266058634 0.1740464055043382 
0.08449992123242088 2.0907274358953457E-4 0.16826274751045925 0.16566007356861853 0.08437084078061612 
0.08371033076565071 1.8899459821206845E-4 0.1670911369504093 0.2507619087243604 0.0 
0.08501346564018368 0.0 0.2485307850027873 0.00879777762319498 0.1580406198753177 
0.08295810983224286 3.8407210143562206E-4 0.24237438676184345 0.0893897048074169 0.08517515752780759 
0.07418074917236041 6.29339285962472E-5 0.2603945845645569 0.16738293685801442 0.0 
0.0808159519877432 0.0 0.3356158177098771 0.0 0.08463178019631125 
0.09104561979687907 9.31956579885832E-4 0.32249245932054327 0.08586804438986179 0.0 
0.0833862088679041 0.0 0.4184768713189328 0.0 0.0 
0.08601917928609981 0.08122605147475859 4.5130291267211204E-4 1.0985599944306299E-4 0.3349393748662734 
0.08606416716870542 0.08436019078526895 0.0 0.081215852131098 0.2491953729637692 
0.08364352102233864 0.08347587165746699 1.205846189189379E-7 0.1669673331204116 0.1670937917223982 
0.08688028351293553 0.08491197718415308 4.167238927792936E-5 0.24618323562313188 0.08396208063731898 
0.08477246616065937 0.08416767766330188 1.4744167162294069E-5 0.3320200419095088 0.0 
0.08525160918645697 0.08435539293239447 0.08447689862890957 3.7599983962201456E-4 0.251164728876491 
0.08213398169222572 0.09191940941601359 0.08281509563086704 0.08051016789450707 0.16336858150761632 
0.087566051341394 0.08161422319162165 0.0842643565607139 0.16899077840756543 0.0799927853815581 
0.08159517590118189 0.08630185045965992 0.08362520355168601 0.2512931920914926 9.110455146552692E-6 
0.08646216107440034 0.08164434960126367 0.1677170126727508 4.2332568655363925E-4 0.166313636534068 
0.08389086504245793 0.07921633034345676 0.16272928065430645 0.09051234793932533 0.08476734129950055 
0.08337906295334296 0.07565500642907871 0.16413124775775378 0.15965945835333537 0.022324419043380016 
0.08148694262396794 0.0876812845286003 0.2545642148278668 4.528753204819039E-4 0.07618069990282866 
0.08322790574284074 0.0824385215183847 0.25181327087152916 0.08279246553489267 0.0 
0.08463479099439641 0.08403098470695564 0.33163644571661305 3.884195247456908E-6 0.0 
0.08454980760704808 0.16613615940687917 1.8841897514247223E-4 0.00413318881810763 0.24541584914285822 
0.0981258544141634 0.17196866532785052 0.0010106627985807565 0.08497236870314505 0.1497265257618936 
0.08808159756780688 0.16324982297720955 0.0 0.16679688470855075 0.08319228134943693 
0.08217662116331358 0.1679614640979372 6.789093031005098E-4 0.25058859893533025 0.0 
0.08187814774245256 0.1674279201182769 0.08358958793884776 8.098511345698432E-5 0.16817099943638508 
0.0855473684532788 0.17423969513801868 0.09014700699946568 0.06975618402555621 0.08450051140664074 
0.08892967772168936 0.17663936966160382 0.07045987476660633 0.16497528387763222 5.779269058979356E-5 
0.0887980667250162 0.1633942145424358 0.1669082474571217 5.635062598511373E-4 0.08455692348117017 
0.08756116638519594 0.16506759019412828 0.16725442442409727 0.08369990493884684 6.894581957270292E-4 
0.08450120869873526 0.16577214249291947 0.2503735649125863 5.558297334665075E-17 0.0 
0.08631723954006061 0.24778020527306807 0.0 0.0 0.1671156033881364 
0.07334636587424014 0.2360311360097701 0.008263464016381675 0.0995580571967476 0.0838090772418 
0.08418910778773296 0.2517468826294832 0.0022736543146858468 0.16210328304108096 0.0 
0.07357570106188709 0.2579533445909855 0.08297293123501143 0.0033677542265395017 0.08393246662102186 
0.07711583395024407 0.2549118840839961 0.08591608886231109 0.08288450524126147 0.0 
0.08567630697812603 0.24991362441035272 0.16714873950145864 7.651005984737515E-4 0.0 
0.0883421026263605 0.3329653909886601 0.0 0.0 0.0843914196372627 
0.08823896473673717 0.32495207808177873 0.001902996029637822 0.08274523287463936 0.004156627203916826 
0.07113437299215057 0.33941312979770827 0.08877066796186936 0.0 0.0015132394747591285 
0.09163064743687545 0.4068755965559942 0.0019282606402698953 3.278286763475608E-4 3.314055940033219E-4 
0.1668235565551837 2.3353817009574698E-5 0.0 1.092994213500218E-4 0.33324242686628835 
0.1669361723009557 0.0 6.126271194071515E-4 0.08409870399595541 0.24920259543588266 
0.1671698615342821 9.714760386525413E-4 0.0034875288553258793 0.16687069927329878 0.16600658219543948 
0.16633249663712305 6.569384421238045E-4 4.506126607848979E-4 0.25337848825743015 0.07965669383136051 
0.16668310687705656 0.0 0.0 0.3335008392585558 0.0 
0.16689410313317007 8.340191157359849E-4 0.08316523476289758 5.318045169803355E-4 0.24886529702033972 
0.16838157952029753 1.9757114279121197E-4 0.08539913287214558 0.07887387734524952 0.17099603108419995 
0.16918026875350664 0.0 0.08426435368208866 0.1689907726345299 0.07999278264885756 
0.16667487733936157 4.7515078649898554E-4 0.08325314288565133 0.2501751522129797 9.069921409524352E-6 
0.1682732278068653 0.0 0.16856448795649975 0.0 0.16661806165472814 
0.1674616654101284 7.752991705577551E-4 0.16777660494973667 0.08114456129188398 0.08407383521798695 
0.1675390449890306 0.0 0.16760613048183168 0.16535097121056566 0.0 
0.16490480914111103 0.005781659035671033 0.24518884097976126 0.0010097030733969097 0.08472389305887881 
0.16654944901040714 0.0 0.25080950624592735 0.08276852041737125 0.0 
0.16751566435722706 5.025576621199725E-6 0.33275677386866076 1.56926056930223E-5 1.2202177394281643E-4 
0.169103439930286 0.08290838566914659 7.439764950828986E-5 0.0 0.24988925891078093 
0.16372882139709882 0.07998781639155403 2.274099426919782E-4 0.09340456817984219 0.16665360011238162 
0.164472883480751 0.08611422040579264 0.0 0.16694193759639775 0.08307304971746647 
0.16550474481205826 0.08603572689653796 0.0 0.2513114172764597 0.0 
0.16200839202415365 0.08818180666175497 0.08440956534513273 0.0 0.16638541129814094 
0.1689596275974201 0.08455509981144886 0.08730837237572485 0.07546127362226318 0.08471784128660043 
0.1689196236904363 0.08281826386138211 0.08114290580545437 0.16807388823788277 0.0 
0.16714159178979776 0.08165508577777689 0.16385341410478668 0.0027779004672175947 0.08485361616958166 
0.17072100654808414 0.07416788078517023 0.17478478866037722 0.0817991849383409 0.0 
0.16784409112889026 0.08222203583874022 0.25016625771244627 0.0 0.0 
0.16703815217120788 0.1670374477442389 2.4105149175058963E-7 0.0 0.1671047971402958 
0.16239464525747824 0.16449769602176204 0.0 0.0898374301559533 0.08349906075276044 
0.16738065797020124 0.16672048256918337 0.0 0.16869005023938793 0.0 
0.1647021095206651 0.1668269361322075 0.08297293123501143 0.0033677542265395017 0.08393246662102186 
0.17439693035597262 0.16467925129835778 0.08810438984493342 0.08515457356678283 5.728405659024864E-6 
0.1692860597724452 0.16736214423193285 0.16767583795481394 5.175861277014741E-4 0.0 
0.16229937507244738 0.254874282982759 0.0 0.0 0.08418114603295422 
0.1606384731063332 0.2531544714185835 0.0010391656514127513 0.08721997699396958 1.4082273278800243E-4 
0.17619722198968513 0.25959546322533195 0.07747492184833263 0.0 0.0 
0.1677836778158111 0.3332656077045714 0.0 0.0 0.0 
0.24975817403661382 0.0 0.0 0.0 0.2504198491355011 
0.25082614733150627 0.0 0.0 0.08378103517263427 0.16638910025979153 
0.2500740627744412 0.0 0.0 0.16660014795123004 0.08371951066088887 
0.2506914541681445 0.0 0.0 0.25046317285704606 0.0 
0.25088782294792394 0.0 0.08411993305677173 8.14989341445304E-5 0.16712364890577147 
0.25182498879222515 0.0021092842882587085 0.08745286043012848 0.07526558715840805 0.08479280346843523 
0.2517815657650519 0.0 0.08115698464426813 0.16768128297498772 0.0 
0.25266929680432865 0.0 0.16722395032823958 0.0 0.0843662897171584 
0.24513014066673508 0.006056042247712865 0.16629935964336842 0.08327011797005637 2.814305774320628E-4 
0.2502762996006917 0.0 0.25037651450221654 5.558362815604271E-17 0.0 
0.2334203418928684 0.10617481464455351 0.002616928102328097 0.0 0.1630317646817734 
0.24663657276388093 0.07920378913950256 0.0 0.0905134273721834 0.08476835221851406 
0.23134022129582596 0.10175222945164622 0.0 0.16890773267817116 0.0 
0.23942366092957476 0.07979939751465064 0.10707959582556818 2.2212114059421507E-4 0.07759511468628877 
0.2390126079079921 0.09302264764609439 0.08591803928448893 0.08288638684201126 0.0 
0.251121987250061 0.08369842482331406 0.16676546166290895 6.314021698384769E-5 9.065798186388248E-6 
0.2449277831295982 0.17227735729209934 0.0 0.0 0.08371605132372019 
0.25090970597028533 0.164214298543319 1.1266826786005605E-5 0.08487048125074474 0.0013801839366295024 
0.25691253595404673 0.1572097496325616 0.08702116292597568 0.0 9.298580751974871E-6 
0.250678242743509 0.24968952868636207 3.155535279505082E-8 0.0 0.0 
0.3345456582466309 0.0 2.5296490351852557E-4 0.0 0.16690812594434945 
0.3330454198567837 0.0 2.0482646649719995E-5 0.08502139783393411 0.0837761904537311 
0.33453029573882925 0.0 0.0 0.16671983486630584 4.4754595471559875E-6 
0.3360841758654903 0.0 0.08273379726695103 0.0 0.08300641799532801 
0.3338830143572379 0.0 0.08397967293194662 0.08334534185944042 0.0 
0.33333930901548686 0.0 0.1669017652680266 0.0 0.0 
0.3362751186587663 0.07877146780444154 0.0 0.0 0.0851629104158366 
0.33233035706393993 0.0852080969666077 0.0 0.08323250487707705 1.4116024857977922E-4 
0.32040839854990116 0.09674778044924887 0.08681676795067891 0.0 1.4159194789702627E-4 
0.33330422357656814 0.1678365311393913 1.479442249783129E-4 0.0 0.0 
0.41666158459169433 0.0 0.0 0.0 0.08371697377780161 
0.4173181264045923 0.0 0.0 0.08323064439620889 0.0 
0.41775005533608045 8.198967695215297E-5 0.0824564790501462 1.569295262911699E-5 1.2202447163104914E-4 
0.4023890958057499 0.09358474539089336 0.0026872432417781094 0.003350916160817255 0.0 
0.5002142999410815 0.0 0.0 0.0 0.0 
