0.0 0.0 0.0 0.0 0.0 0.0 0.0 0.0 0.0 0.0 0.0 0.0 0.0 0.0 0.5000000310120818 
0.0 0.0 0.0 0.0 0.0 0.0 0.0 0.0 0.0 0.0 0.0 0.0 0.0 0.2500373179464631 0.24996269808968705 
0.0 0.0 0.0 0.0 0.0 0.0 0.0 0.0 0.0 0.0 0.0 0.0 0.0 0.5000000180362567 6.041833917961529E-13 
0.0 0.0 0.0 0.0 0.0 0.0 0.0 0.0 0.0 0.0 0.0 0.0 0.2500356767401988 3.107201405560206E-6 0.24996416364732416 
0.0 0.0 0.0 0.0 0.0 0.0 0.0 0.0 0.0 0.0 0.0 0.0 0.2500010557123876 0.24999898227589157 0.0 
0.0 0.0 0.0 0.0 0.0 0.0 0.0 0.0 0.0 0.0 0.0 0.0 0.5000000246522357 0.0 5.551115396820581E-17 
0.0 0.0 0.0 0.0 0.0 0.0 0.0 0.0 0.0 0.0 0.0 0.25003732408785523 4.059951054831088E-9 5.551943974509007E-17 0.249962708288159 
0.0 0.0 0.0 0.0 0.0 0.0 0.0 0.0 0.0 0.0 0.0 0.2500145553065572 7.930668245884447E-8 0.2499855349436268 5.68323359032454E-13 
0.0 0.0 0.0 0.0 0.0 0.0 0.0 0.0 0.0 0.0 0.0 0.24999947849194423 0.2500006085214743 5.551116089168792E-17 0.0 
0.0 0.0 0.0 0.0 0.0 0.0 0.0 0.0 0.0 0.0 0.0 0.5000000364357919 0.0 1.110223105528867E-16 1.7325031561783974E-13 
0.0 0.0 0.0 0.0 0.0 0.0 0.0 0.0 0.0 0.0 0.2500373596363506 0.0 3.835872056609774E-9 5.551944758868615E-17 0.2499627436018602 
0.0 0.0 0.0 0.0 0.0 0.0 0.0 1.3837461256997852E-17 4.0386712444837797E-20 0.0 0.250001083775546 0.0 0.0 0.2499990103388172 6.192270085417373E-13 
0.0 0.0 0.0 0.0 0.0 0.0 0.0 0.0 0.0 0.0 0.25018691064374826 6.614672462237008E-5 0.2497479308923652 0.0 2.92766390251738E-13 
0.0 0.0 0.0 0.0 0.0 0.0 0.0 0.0 0.0 0.0 0.2499563147130694 0.25004415283655373 0.0 9.435080972574833E-8 4.507954635632046E-11 
0.0 0.0 0.0 0.0 0.0 0.0 0.0 0.0 0.0 0.0 0.5000000294512086 0.0 0.0 0.0 5.657696866748201E-13 
0.0 0.0 0.0 0.0 0.0 0.0 0.0 0.0 0.0 0.2499848710619882 0.0 5.2526697705546764E-5 0.0 0.0 0.24996277787909865 
0.0 0.0 0.0 0.0 0.0 0.0 0.0 0.0 0.0 0.25000202180824344 7.601392450412688E-10 2.133255289163384E-12 1.1213751882767381E-9 0.24999995024736693 2.011930794178759E-10 
4.180290785465659E-9 3.26286931185004E-7 0.0 8.788267135146279E-8 1.6321290989250482E-5 6.951657298289452E-10 3.0613022194019187E-6 1.9849835423519255E-5 0.0 0.25009562240969785 7.130048397285818E-5 5.232473636265651E-5 0.2497537608363939 0.0 0.0 
0.0 0.0 0.0 0.0 0.0 0.0 0.0 0.0 0.0 0.25000006586402124 2.400980327698958E-10 0.2500000502980575 0.0 0.0 0.0 
0.0 0.0 0.0 0.0 0.0 0.0 0.0 0.0 0.0 0.25000006389609636 0.25000006388444135 5.551116541774735E-17 0.0 1.1102233083549472E-16 3.7192480829891014E-15 
0.0 0.0 0.0 0.0 0.0 0.0 0.0 0.0 0.0 0.5000000240668134 9.250084479026654E-11 0.0 0.0 0.0 6.041833991950522E-13 
0.0 0.0 0.0 0.0 0.0 0.0 0.0 0.0 0.2500332545383809 3.6149815177792147E-6 2.650644484792753E-10 0.0 0.0 3.109812948447893E-6 0.24996535894680585 
0.0 0.0 0.0 0.0 0.0 0.0 0.0 0.0 0.24999394046154058 6.702398699912819E-6 8.490851762218733E-6 1.32703320599466E-6 8.479791942665054E-6 0.24998984036636404 0.0 
0.0 0.0 0.0 0.0 0.0 0.0 0.0 0.0 0.25004448712582306 3.0563874061441643E-7 1.091214990696926E-4 9.023975095191232E-5 0.24973904550966788 2.6359178288789842E-5 1.0920023813103215E-10 
0.0 0.0 0.0 0.0 0.0 0.0 0.0 0.0 0.2500000035814599 0.0 0.0 0.2500000347414849 0.0 0.0 0.0 
0.0 0.0 0.0 0.0 0.0 0.0 0.0 0.0 0.25000001490385587 2.7755577270289314E-17 0.2500000149038559 0.0 0.0 0.0 0.0 
0.0 0.0 0.0 0.0 0.0 0.0 0.0 0.0 0.25000004295183487 0.25000004295183487 5.878631925382834E-14 0.0 0.0 0.0 0.0 
0.0 0.0 0.0 0.0 0.0 0.0 0.0 0.0 0.5000000262505219 0.0 4.751620462390289E-10 0.0 0.0 0.0 4.507949810550488E-11 
0.0 0.0 0.0 0.0 0.0 0.0 0.0 0.25003092295791773 1.0569464564968747E-7 3.614949335915623E-6 2.6506208878037173E-10 2.775942185750518E-17 1.1328030223655987E-9 3.109785277865453E-6 0.24996313479789836 
0.0 0.0 0.0 0.0 0.0 0.0 0.0 0.2500010882833663 0.0 0.0 0.0 0.0 2.775569643935398E-17 0.2499990148466002 6.041834946205618E-13 
0.0 0.0 0.0 0.0 0.0 0.0 0.0 0.2499755474292639 0.0 9.509832308310492E-5 1.0913278151533424E-4 5.231913265329344E-5 0.2497270134968878 4.432025508250943E-5 9.12571286499068E-11 
0.0 0.0 0.0 0.0 0.0 0.0 0.0 0.24995621412524904 1.1268340379130613E-8 0.0 7.661778338408936E-12 0.25004388616285445 0.0 5.551116361736172E-17 9.106822886624983E-11 
0.0 0.0 0.0 0.0 0.0 0.0 0.0 0.25000144640819777 0.0 2.7755736199197337E-17 0.2500014464081978 0.0 0.0 2.907472765832057E-10 4.475290498583564E-11 
0.0 0.0 0.0 0.0 0.0 0.0 0.0 0.2500000505017785 0.0 0.2500000505017785 1.532624337337102E-11 0.0 0.0 5.551116244660685E-17 3.0964126412736477E-13 
0.0 0.0 0.0 0.0 0.0 0.0 0.0 0.2500006278611463 0.2499999140853056 0.0 1.1655022923267057E-11 0.0 0.0 0.0 1.3803878573762307E-10 
0.0 0.0 0.0 0.0 0.0 0.0 0.0 0.5000000713410764 0.0 0.0 2.133249437363847E-11 0.0 0.0 0.0 5.955237154056449E-13 
0.0 0.0 0.0 0.0 0.0 0.0 0.25015062331639987 0.0 7.504053869062377E-7 0.0 0.0 0.0 0.0 0.0 0.2498488386461143 
0.0 0.0 0.0 0.0 0.0 0.0 0.25000115242240356 1.912921437170655E-8 0.0 0.0 5.578342018371865E-10 0.0 0.0 0.24999909867199077 3.096413692583306E-13 
0.0 0.0 0.0 0.0 0.0 0.0 0.250067840138635 0.0 2.1021531844212287E-5 0.0 1.3546133737947163E-4 6.758998899036571E-5 0.2497150108329716 0.0 0.0 
0.0 0.0 0.0 0.0 0.0 0.0 0.2500017085475257 6.748610745725324E-8 0.0 0.0 8.861496616031618E-6 0.24999101910716526 0.0 9.658038661081254E-8 1.0250558595918094E-11 
0.0 0.0 0.0 0.0 0.0 0.0 0.25002569291260607 2.7758428101943414E-17 3.0350232534190287E-12 0.0 0.24997561862941042 0.0 0.0 0.0 3.096420137849193E-13 
0.0 0.0 0.0 0.0 0.0 0.0 0.24999998189604528 6.76472025061963E-8 0.0 0.2500000495432478 0.0 5.551116223206872E-17 0.0 5.551116223206873E-17 5.982437953757206E-13 
0.0 0.0 0.0 0.0 0.0 0.0 0.2500003100245538 9.829302752341789E-8 0.24999969454236745 0.0 3.424117250501565E-11 0.0 0.0 0.0 2.0405115141724984E-10 
0.0 0.0 0.0 0.0 0.0 0.0 0.24977335756420785 0.2502210945454202 2.113608021653838E-7 0.0 1.1654885895870006E-11 0.0 0.0 5.959875676179686E-6 7.030346189149788E-11 
0.0 0.0 0.0 0.0 0.0 0.0 0.5000000259298482 0.0 0.0 0.0 2.5418557467004487E-13 0.0 0.0 0.0 5.551115411007751E-17 
0.0 0.0 0.0 0.0 0.0 0.24994012416351552 0.0 1.0915628396707422E-4 3.83778059248665E-6 8.86288768950511E-6 1.0755785562247459E-4 6.709240009223664E-5 2.0942603160431418E-5 0.0 0.249749468078301 
0.0 0.0 0.0 0.0 0.0 0.2500019859210558 0.0 6.727403889505178E-8 0.0 0.0 7.601393404740068E-10 0.0 1.121375329051776E-9 0.24999998163182488 5.893642933396342E-13 
0.0 0.0 0.0 0.0 0.0 0.25018819855859475 0.0 0.0 8.988361203669596E-8 0.0 5.61027735636417E-9 6.645470985348505E-5 0.2497496188723165 5.64383215338672E-6 3.55278481455067E-15 
0.0 0.0 0.0 0.0 0.0 0.24995610365482152 5.550140428463503E-17 0.0 2.7750702142317518E-17 0.0 2.4005581182123896E-10 0.2500439419442773 0.0 0.0 0.0 
0.0 0.0 0.0 0.0 0.0 0.2500198050240056 9.820264373116194E-7 2.77578834418305E-17 3.0349637019162624E-12 0.0 0.2499707137497765 0.0 1.2185361182213887E-5 0.0 3.6637629915296025E-15 
0.0 0.0 0.0 0.0 0.0 0.2500000125505991 5.551115401805066E-17 0.0 0.0 0.25000001255059917 9.914847219360637E-12 0.0 0.0 0.0 0.0 
0.0 0.0 0.0 0.0 0.0 0.2500004510793108 0.0 9.829308298214557E-8 0.2499998355967772 0.0 1.508489167172247E-9 0.0 0.0 0.0 2.0293848974967917E-10 
0.0 0.0 0.0 0.0 0.0 0.24966883687795538 0.0 0.25027653042686776 4.15195249497056E-5 1.7756431291566907E-5 0.0 0.0 0.0 0.0 5.551166673679215E-17 
0.0 0.0 0.0 0.0 0.0 0.2500000359386149 0.25000003593861503 0.0 2.29277352417179E-10 0.0 1.165501197128828E-11 0.0 0.0 0.0 1.3803865602549277E-10 
0.0 0.0 0.0 0.0 0.0 0.500000018038637 1.110223064678977E-16 5.551115323394887E-17 0.0 0.0 0.0 0.0 0.0 0.0 0.0 
4.807867565887949E-5 1.9951128800995834E-6 8.076663497863518E-5 0.0 0.2498372998512875 1.068173571366159E-4 0.0 0.0 3.824666061008666E-6 8.601139237727005E-6 1.0217456613987112E-4 6.748611831598808E-5 8.395584820810794E-6 0.0 0.24975731775597512 
0.0 0.0 0.0 0.0 0.2500014065753387 6.536474833452618E-14 0.0 0.0 0.0 0.0 0.0 3.10113076909942E-9 0.0 0.2499993362371032 6.255560964460824E-13 
0.0 6.48502900514245E-5 7.195350777335966E-6 1.898698672370635E-8 0.2499975592558522 1.06860723506744E-4 0.0 0.0 3.7865591657264776E-6 1.1439828959523329E-5 1.0894381445236969E-4 6.750595153369487E-5 0.2496564100516928 0.0 1.3889572560703776E-13 
0.0 0.0 0.0 0.0 0.2499562130138113 7.90895357082749E-15 0.0 0.0 1.7439692347503377E-8 0.0 2.1823918073786592E-10 0.2500440687657018 0.0 0.0 5.551118447549326E-17 
0.0 4.3671798666050386E-7 0.0 5.2739222298028675E-6 0.25001994945051453 2.2801902395668824E-6 5.739468490174875E-7 8.842534035607835E-10 0.0 0.0 0.2499784402606225 0.0 3.8867565318124915E-6 0.0 1.4704215294440505E-6 
0.0 0.0 0.0 0.0 0.2500000228927055 6.347700724560065E-14 0.0 0.0 2.1038450687581E-12 0.2500000228948729 0.0 2.0827241848709392E-10 5.263321707401947E-9 0.0 8.091316244935167E-9 
0.0 0.0 0.0 0.0 0.25000085040244735 6.347721735694892E-14 0.0 0.0 0.25000085040251085 0.0 0.0 1.5806112394719447E-8 0.0 0.0 9.106852120376482E-11 
0.0 0.0 0.0 0.0 0.2495541459815958 0.0 6.741173747602242E-7 0.2501622361312256 0.0 3.117251145023421E-5 1.0855072542209396E-4 1.0664927174873087E-4 4.205882340956784E-5 0.0 0.0 
2.515123373308798E-4 8.276790479511314E-5 3.032721902401215E-4 0.0 0.24979498817693865 5.842456201218981E-5 0.24949681482134134 0.0 6.681729719999464E-6 1.0936002654749806E-7 4.3655005265691604E-10 0.0 8.802786382630701E-6 0.0 8.964811664854238E-11 
0.0 0.0 0.0 0.0 0.24995181272805836 0.2500387902220591 1.6985411257927728E-6 0.0 6.443168138470406E-6 0.0 0.0 0.0 0.0 5.643768683683864E-6 0.0 
0.0 0.0 0.0 0.0 0.5000000206974553 1.269540081211685E-13 0.0 0.0 7.0554121025011306E-12 0.0 0.0 0.0 0.0 5.55111535299344E-17 5.551115352993441E-17 
0.0 0.0 0.0 0.24979769789544634 2.7733115570188357E-17 0.0 0.0 0.0 0.0 0.0 2.399036802164973E-10 0.0 0.0 0.0 0.2502024728420156 
1.962223424261675E-6 1.578959197507013E-6 1.535187696049219E-6 0.2500095458045019 0.0 0.0 0.0 0.0 0.0 0.0 2.401120125325611E-10 7.790461518081244E-9 0.0 0.2499855305362934 0.0 
0.0 0.0 0.0 0.24990640908146017 1.3887261650853173E-6 1.0679157135903573E-4 9.00314745150367E-7 1.7435634938092943E-4 3.786761398433481E-6 6.6909802243130365E-6 0.0 6.659547866586249E-5 0.24976176480767479 1.110286716057449E-16 0.0 
0.0 0.0 0.0 0.24995624647893575 0.0 6.347560481657774E-12 0.0 6.735396010868864E-8 0.0 0.0 1.329800889588657E-11 0.2500441519757233 5.551120294858434E-17 0.0 0.0 
0.0 0.0 0.0 0.2497107217362419 0.0 0.0 0.0 0.0 0.0 0.0 0.2502894390205438 0.0 0.0 0.0 0.0 
0.0 0.0 0.0 0.25000004001462955 0.0 1.7202908520050245E-13 0.0 2.7755580058164324E-17 0.0 0.25000004001480164 0.0 0.0 0.0 0.0 6.01407908701028E-13 
0.0 0.0 0.0 0.2500370338378181 2.775968719757251E-17 3.0702214040518966E-14 3.5749090619116513E-7 8.221878640729352E-8 0.25003675966650274 0.0 1.7220350127610512E-10 0.0 0.0 0.0 9.249414250252839E-11 
0.0 0.0 0.0 0.2497761783543196 0.0 0.0 0.0 0.25022392039200414 0.0 5.551116219430207E-17 3.0846997719942024E-12 0.0 0.0 0.0 0.0 
0.0 0.0 0.0 0.24995424767463145 0.0 5.876029568205825E-5 0.2499839901193713 1.0787825666998961E-5 0.0 0.0 1.520289868663452E-9 0.0 7.052362573398239E-7 0.0 0.0 
0.0 0.0 0.0 0.24995609582543446 0.0 0.25004307480985477 7.451671640017456E-7 1.3473147743594766E-7 0.0 0.0 4.475409388662089E-10 0.0 0.0 9.669879644287528E-8 0.0 
0.0 0.0 0.0 0.2500000602282979 0.250000060228298 0.0 0.0 0.0 0.0 0.0 4.801960547147859E-10 0.0 0.0 0.0 6.014079579048338E-13 
0.0 0.0 0.0 0.5000000800292592 0.0 3.4405817040100495E-13 0.0 0.0 0.0 0.0 0.0 0.0 0.0 0.0 6.01407908701028E-13 
0.0 0.0 0.25000213446299674 6.359148367004672E-5 0.0 2.3226874140237297E-6 8.871199300492671E-7 0.0 2.1932303929913425E-6 6.791602010771624E-6 1.0820071339298E-4 6.620297009167129E-5 8.48404964510087E-6 5.556906231153222E-17 0.24975269577225595 
0.0 0.0 0.2500126084363174 2.4707106943836983E-9 0.0 6.13151593380224E-14 0.0 0.0 2.2435274621764396E-6 0.0 2.2844831662796133E-10 9.404134479063605E-10 0.0 0.2499852077358723 3.6637364453798836E-15 
0.0 0.0 0.25002100941572386 6.657350409679983E-5 0.0 3.4409257736563872E-12 3.674841049268606E-7 0.0 1.6517514772337496E-8 0.0 1.0756141032408516E-4 6.619837462558674E-5 0.24975658273508258 5.643989522486094E-6 0.0 
0.0 0.0 0.24995637817096975 0.0 0.0 0.0 0.0 0.0 1.1752468570861578E-10 2.7750732632780213E-17 0.0 0.25004421643432007 0.0 0.0 2.029385742715281E-10 
0.0 0.0 0.2497107083058954 0.0 0.0 0.0 0.0 0.0 0.0 0.0 0.2502894255558279 0.0 0.0 0.0 1.0147285732575412E-10 
0.0 0.0 0.25001021551492236 0.0 0.0 4.2301225682806603E-14 0.0 7.663837152939525E-10 1.1833337697638696E-10 0.2500102163996818 0.0 0.0 0.0 0.0 0.0 
0.0 0.0 0.2500005490919061 0.0 0.0 4.2299590143471886E-14 0.0 0.0 0.24999983531633257 0.0 5.551119390915028E-17 0.0 0.0 5.551119390915029E-17 1.7763582050928157E-15 
0.0 0.0 0.2496453251011556 1.984816271154308E-7 0.0 4.223952054130123E-14 0.0 0.25025316038721435 0.0 5.549990289233524E-17 0.0 1.066582124791729E-4 0.0 0.0 0.0 
0.0 0.0 0.2500117929164858 0.0 3.589701910079812E-7 0.0 0.24998313413509626 1.0787788727796862E-5 0.0 5.551182555968437E-17 1.0570856058098893E-9 0.0 0.0 0.0 5.551182567704446E-17 
0.0 0.0 0.2500000811989171 0.0 0.0 0.25000008119895933 0.0 0.0 1.1111792878024987E-10 0.0 0.0 0.0 0.0 0.0 2.0293839884602388E-10 
0.0 0.0 0.2498830313453821 6.612918171677186E-5 0.24994916052709898 3.7184030535936076E-8 0.0 5.54998667288396E-17 0.0 0.0 1.0858333517401297E-4 0.0 0.0 0.0 2.553548407433118E-15 
2.938894613661721E-4 0.0016430190101677012 0.24919125159422856 0.24893865483729194 0.0 0.0 4.868019542056882E-7 0.0 0.0 8.432036133332632E-6 4.399621355647947E-6 4.6683375749395555E-7 4.259913265908472E-7 0.0 0.0 
0.0 0.0 0.500000093979983 0.0 0.0 0.0 0.0 0.0 1.1111791357534558E-10 0.0 4.4430084685170713E-10 0.0 0.0 0.0 0.0 
0.0 0.24980003140160653 0.0 0.0 0.0 0.0 0.0 2.871769038054027E-10 0.0 0.0 2.2359145882370317E-10 7.783774872971582E-9 0.0 1.777154358141163E-9 0.25020481997713806 
0.0 0.25001657594921467 2.7757415915676234E-17 0.0 0.0 1.7204046384547968E-13 0.0 8.254203343384275E-11 0.0 0.0 2.237852837213886E-10 1.0503900281785069E-10 1.0616607648933192E-9 0.2499874775266738 0.0 
0.0 0.25000951298805685 0.0 6.616265388768015E-5 8.329193189891382E-17 1.0686330956760944E-4 3.6762363536912103E-7 0.0 0.0 1.1439949467131124E-5 1.0832555097683727E-4 7.363677472538986E-5 0.24966453497720303 5.551568580703049E-17 0.0 
0.0 0.249956246937626 2.775071804990437E-17 0.0 0.0 6.34756049330607E-12 0.0 6.735396023228871E-8 0.0 0.0 1.329800892028951E-11 0.25004415243457495 0.0 9.435080957406703E-8 8.892613301177062E-11 
0.0 0.2500007397526794 2.775565774467464E-17 0.0 0.0 2.9382161431847376E-5 0.0 4.3901119367550584E-8 0.0 0.0 0.2499771947268118 0.0 5.551196841558276E-17 0.0 0.0 
0.0 0.25000002981565217 2.775557892583127E-17 0.0 0.0 6.348672345761239E-12 0.0 6.736575809796146E-8 0.0 0.250000097187759 4.363335283393038E-10 1.8969133707289518E-7 5.363085161083611E-9 9.559797254216883E-8 1.6653361538584874E-16 
0.0 0.2500820249310581 0.0 2.4713966920899544E-9 0.0 1.0810088033993287E-4 3.6763478729670057E-7 1.9205041373641135E-4 0.2494174034508206 2.2590785481255846E-5 2.1471488279707773E-4 1.3231729759955648E-4 5.5737582620639985E-8 1.1105996755258466E-16 1.5538369121652687E-4 
0.0 0.24969481424119636 0.0 0.0 0.0 6.340921491977451E-12 1.7850068093347578E-7 0.2503027499604769 4.203146819902177E-5 0.0 0.0 0.0 4.347043198616235E-7 0.0 2.129735558380772E-10 
0.0 0.24994871553518547 2.774988189626465E-17 0.0 0.0 5.875899516345285E-5 0.24997845732164747 1.0787586904279528E-5 6.598727606092175E-6 0.0 0.0 0.0 7.052299536567274E-7 0.0 0.0 
0.0 0.24993279474581923 0.0 2.329786967619982E-5 0.0 0.25004307159879874 7.451671544323003E-7 1.347314757057245E-7 0.0 0.0 4.4675211958888226E-10 0.0 0.0 9.669879520091568E-8 0.0 
0.0 0.2499782836840542 0.0 0.0 0.2499782836840543 0.0 8.326050598299447E-7 0.0 0.0 2.21405607639783E-5 2.8964995518850985E-6 0.0 4.1336085189407996E-5 0.0 0.0 
4.576985080172166E-4 0.24968866680212484 0.0 0.249570861582686 5.5479757109825123E-17 2.053581789438349E-5 0.0 0.0 1.57591551188168E-6 3.6054356918390226E-5 1.7000079172286445E-4 0.0 4.2029695718529824E-5 2.554856209831076E-5 0.0 
0.0 0.25000167030015485 0.2500016703001549 0.0 1.6653456633718755E-16 0.0 7.148806902170073E-7 1.6441431588254278E-7 4.1783596173630026E-13 0.0 4.4807369652303426E-10 0.0 0.0 1.110232395670891E-16 0.0 
0.0 0.5000000425655989 5.551115595698864E-17 0.0 0.0 0.0 0.0 6.830758763752551E-11 0.0 5.551115596457232E-17 4.443008011267659E-10 0.0 5.551115601389963E-17 0.0 0.0 
0.25014979907023643 0.0 0.0 0.0 0.0 0.0 8.397312457465407E-7 3.635380729160515E-10 7.50405434449154E-7 0.0 2.402433628285123E-10 2.777238326098199E-17 0.0 2.7772383260981996E-17 0.2498488547155677 
0.2500163369228007 0.0 2.77573893784134E-17 0.0 0.0 0.0 0.0 0.0 1.2540788521173465E-13 2.775738937842733E-17 2.2097266324506056E-10 7.830999159564744E-9 1.0673024157175107E-9 0.24998724617339121 0.0 
0.24950083718421875 0.0 0.0 2.057690206070908E-4 3.280211756032386E-4 1.0851105866791721E-4 3.3665553846495665E-4 1.78328558426706E-4 0.0 0.0 7.066869448224178E-6 6.67192113135976E-5 0.24930076073012156 0.0 5.551477825736752E-17 
0.24995617225893837 0.0 2.7750709758904524E-17 0.0 0.0 6.347558596864221E-12 0.0 3.00404048402097E-8 1.743969160038666E-8 0.0 2.1823917138849572E-10 0.25004405805380964 0.0 0.0 5.551118209739317E-17 
0.24999874877405773 0.0 2.7755436701643905E-17 0.0 0.0 2.9381927435518695E-5 0.0 4.390076974382461E-8 0.0 2.652322888164888E-6 0.24997785569667036 0.0 0.0 0.0 0.0 
0.2500007246869606 0.0 2.775565607204385E-17 0.0 0.0 0.0 0.0 9.829319055690917E-8 0.0 0.2500008229801512 7.573910895587575E-12 0.0 0.0 4.7825107792487014E-8 5.657715699429588E-13 
0.2500345833914041 4.315970083329152E-7 2.775946306026317E-17 1.5865101753410358E-9 0.0 3.070196633946348E-14 3.5748802200585287E-7 8.249350010998818E-8 0.2500347426811955 0.0 0.0 0.0 0.0 0.0 1.7847564189422665E-10 
0.24968017414262716 0.0 0.0 0.0 0.0 1.7180898030234237E-13 0.0 0.25028789528659584 1.8429146201768327E-7 0.0 1.1178640942838677E-6 0.0 4.163952991319938E-5 0.0 0.0 
0.2500138605592954 0.0 2.7757114446835315E-17 0.0 7.179473503788764E-7 1.3757853283003045E-12 0.24998556047479448 6.83076008095794E-11 4.178325515181662E-13 5.551116666908015E-17 4.4807003951601436E-10 0.0 5.551116671882593E-17 0.0 0.0 
0.24996282910447734 0.0 2.7751448817223397E-17 5.378301912457147E-9 0.0 0.2500498158120977 0.0 4.827170448137151E-7 0.0 5.304187334808272E-6 8.688576046175465E-11 0.0 0.0 0.0 0.0 
0.2500023970966958 0.0 2.7755841746823313E-17 0.0 0.25000239709669597 4.0967622418344785E-13 0.0 0.0 0.0 0.0 2.2377259231473474E-10 0.0 0.0 0.0 0.0 
0.25026651982396514 0.0 2.7785165260137434E-17 0.2496907396608692 1.1101281216171144E-16 1.269625779522695E-11 5.550640608226529E-17 1.3471998314004374E-7 0.0 7.22335884410555E-7 4.4750340452396673E-10 0.0 4.203076534198289E-5 0.0 0.0 
0.2500075697876203 0.0 0.25000756978762034 0.0 0.0 6.05644997793868E-14 7.148975598230693E-7 1.660949436447429E-7 3.292080099532004E-8 0.0 1.0132744486101797E-8 0.0 0.0 0.0 1.8306966775374304E-10 
0.2502447186885742 0.24973829695004165 0.0 0.0 0.0 0.0 1.6783997514083238E-6 8.77889734520335E-8 1.4998644728111142E-6 2.2196188651835265E-5 0.0 5.55120924650671E-17 0.0 5.551209246506711E-17 5.982538204967441E-13 
0.5000001394285524 0.0 5.551116671093675E-17 0.0 5.551116671093676E-17 2.7514109780427217E-12 0.0 6.830760087084965E-11 0.0 5.551116671882592E-17 0.0 0.0 5.551116671882593E-17 0.0 0.0 
0.016420954313028518 0.01933562333662485 0.017420518705984503 0.044144073463723316 0.015320110992465892 0.0230923358549497 0.03888737073042394 0.018419124209031495 0.0 0.01773708407084848 0.010394548523917458 0.013223373051414713 0.01746384150196187 9.619113782095324E-8 0.2503053533268745 
0.015746221310960064 0.02927438380727657 0.019125461892041576 0.018204890379543398 0.015351025693812723 0.01398391459638174 0.039415867353092306 0.0343887216738727 0.02026454450220825 0.00497758916963803 0.029162250117077636 0.015741343794009585 0.012230726246954308 0.23469803179737156 0.003420182417656904 
0.025162618308235237 0.01340722678112251 0.011727654673540937 0.01364790369787926 0.021796538195188772 0.02558227979916533 0.021068323618222806 0.008167177010715072 0.0241166186684591 0.011073074741513245 0.026996203905983684 0.013320606144048244 0.24305978400545233 0.032320715861146175 0.017841686245188476 
0.01938271689593019 0.03777998885626437 0.017381051744279456 0.02022697009564658 0.017302980330235043 0.027464377817459452 0.026152885562571074 0.010221326970896399 0.030182258143706144 0.028915037490859313 4.543897679082477E-8 0.24218218541411238 0.011223800933836306 0.0051646200009160415 0.009645753421173058 
0.012560268654763236 0.016003906255812054 0.013819381633671728 0.016366840853221695 0.014082381530157527 0.017270344902225912 0.01688755205332385 0.00650102663293822 0.023625811948666236 0.01978745231074934 0.2626522128103994 0.02514774035780924 0.020286296698839485 0.01861623649340289 0.017227861237423328 
0.007147854014769199 0.01887453729834029 0.01231855157828329 0.010573008328479008 0.00410896455164605 0.020691240656786642 2.486275426049322E-7 0.021585776954354447 0.016351185919392566 0.28073899501634336 0.02255965085812372 0.027042090417995532 0.02755055032622592 0.016998712515865103 0.016472665801941084 
0.02062139777213296 0.04127312389272276 0.030836488445337044 0.04988802210773331 0.024113689816113396 0.03252474973598384 0.04016906776054654 2.8043247033847072E-5 0.23882553811950727 0.012109893936364923 0.005529707939654016 0.004959113900624989 0.0 0.019992991577692246 0.005633418337467713 
0.011229725519464539 0.020746200391059948 0.01884310164415299 0.017790318296731677 0.02753840083471677 0.0021451021178001102 0.02736296943151896 0.25849787521033324 0.04059586558295185 1.0114738142999825E-4 0.02849487431586982 0.02715352667079751 0.02292294932396482 0.001064328382931041 0.010394291871358602 
0.00947579949808431 0.02327054326709081 0.027712632506081823 0.00831098382105516 2.6779419329652713E-4 0.03713371766090084 0.2495764410036034 0.020039636060639996 0.0286527285843899 0.02150247136167867 0.025701125740458512 0.0149179075869439 0.01767981583532 0.019324774976364107 7.873586027172644E-4 
0.02279811307887616 0.06142241215559498 0.02930617209267368 0.023008022398389977 5.385129005922861E-4 0.24736937670951228 0.03401003810508437 0.023571856591808566 0.0056561125676244444 0.015484891699327012 1.0926871001678136E-4 0.024583175013383116 0.008201068575156322 0.01854178052481491 0.0 
0.0032030239786595464 0.008397585198338385 0.014698681307571453 0.00954864159844415 0.26032602765729185 0.030931037496119772 0.02361640436305 0.0 0.03190580207445065 0.024353517414103965 0.023263484196716068 0.021777593351957905 0.01678174298001285 0.01594188514789436 0.016411861261243915 
0.02087267390816119 0.01398320662018958 0.010598376250452922 0.27793802638494425 0.021660002398884565 0.01456145443002374 0.018725741618133094 0.005040471204887388 0.02930377163859138 0.01809592012173174 0.015325167952726905 0.019654681126056762 0.01759535119117826 0.018066921629476762 3.86438858850606E-6 
0.00859642728225043 0.02190629724968081 0.26085034253239064 0.0 0.017795805075795933 0.03271992960032733 0.03520747659591823 0.007686886863744945 0.016440282621121027 0.021115267242334656 0.02264987117178664 0.0232170273412231 0.021357425657319438 0.0 0.010523034303059705 
0.03150696294258257 0.25496637229750474 0.013587206162172558 0.00891921626346101 7.897126395247055E-4 0.029320938933352046 0.016025086304227748 0.025628239992440335 0.013084187458047472 0.020938254980154003 0.025026738321334428 0.01459216022060737 0.017218393776271004 0.017084429026739567 0.014268307094576618 
0.2720159604831535 0.014520806956198107 0.001512141501153502 0.005379286678152547 0.031698168222363515 0.030774531300362146 0.01705342114560124 0.0232584002719613 0.007000734670004244 0.0 0.027037470274412927 0.02282125898669385 0.02250219719551846 0.01722828014280706 0.009485469768745116 
