0.0 0.0 0.0 0.0 0.0 0.0 0.0 0.50005079608969 
0.003053896001099161 0.0025610706556954063 2.3015588607504643E-4 0.002871435196468483 0.0012514222705463092 0.0015647588805697838 0.1653264485023893 0.32370098430525057 
0.0 0.0 0.0 0.0 0.0 0.0 0.3337910145202902 0.16624092936520216 
0.0 0.0 0.0 0.0 0.0 0.0 0.5000319438854922 5.551469771497478E-17 
0.0 0.0 0.0 0.0 0.0 0.16773553118538675 1.265272755864603E-6 0.33229693359549645 
0.0 0.0 0.0 0.0 0.0 0.16679993170030116 0.16687997833514487 0.16747881790348643 
0.0 2.41453525530867E-5 1.8939297609147215E-5 8.687839268568715E-6 2.5294990069841644E-5 0.16718179088683544 0.3336161397045911 7.41890278601415E-6 
7.844425145174773E-6 0.0 1.6947188799067202E-6 1.1255887497163375E-4 6.073266796850833E-5 0.33322636880546624 0.0 0.16702958581525668 
0.0 0.0 0.0 0.0 0.0 0.33346511508275156 0.16645953226931745 1.0650543237195746E-4 
0.0 0.0 0.0 0.0 0.0 0.5000303838884719 0.0 0.0 
3.3264401029389014E-4 1.9318174364069536E-4 1.6239573240695132E-4 7.001391099861617E-4 0.16641257370081172 1.3851088040725654E-4 0.0018159489716445736 0.33230653700631463 
3.576798900206542E-4 0.0010599953165332412 2.1501059860510086E-5 0.0 0.16788504456563055 1.6366741412561717E-4 0.16582916893189867 0.16623109468987798 
0.0 0.0 0.0 0.0 0.16658316191545333 8.080713670339681E-7 0.3339189486351457 1.130653000466034E-5 
4.764226547201249E-5 5.154943786367345E-5 0.00146536923593757 0.0016573291166335174 0.16476029167027376 0.16704268046609486 0.0 0.16551169233035898 
0.0 0.0022670240618724337 7.715995701547267E-4 3.1093133159479873E-4 0.16885670497075073 0.1650694124949739 0.16496991209358078 2.9434534696628394E-4 
1.652497313832068E-5 2.5847013703845487E-4 2.6915879442894215E-4 5.267633548688587E-4 0.1669557222970544 0.3334385277414132 0.0 3.882912915536647E-4 
0.0 0.0 0.0 0.0 0.33374386457336436 3.8558666861992336E-4 0.0 0.16643438113138384 
0.0 0.0 0.0 0.0 0.3334412399908366 3.565748157206972E-4 0.1662258440346517 7.838044589038418E-8 
0.0 0.0 0.0 0.0 0.33352055543457315 0.16703355677069318 3.036682929025216E-8 0.0 
0.0 0.0 0.0 0.0 0.5000303838884719 0.0 0.0 0.0 
0.0 0.0 0.0 0.16696259331961255 0.0 0.0 8.303193232369865E-4 0.33240810321657505 
3.3843211634082963E-6 2.7236797127510643E-10 1.4969745463676098E-4 0.16590653368024244 9.196691724839382E-4 1.0453977101093817E-5 0.16696043575002717 0.16619883054240167 
0.0 0.0 0.0 0.16670959075457792 0.0 0.0 0.33417085231685323 2.1132326399479255E-4 
1.2435348137620155E-4 0.0 0.00211863014405164 0.16686442819202432 0.0 0.16507807402692207 1.3853491228337023E-6 0.16654706345977713 
0.0 0.0 0.0 0.1687392615223918 0.0015664405872548239 0.16324762062945275 0.1676033693598476 0.0 
0.0 1.5391312239239102E-4 2.2619181118037505E-7 0.16705237243282775 4.947963772418681E-4 0.33315923232704525 4.43089049762051E-5 1.5603596320910236E-4 
0.0 0.0 0.0 0.1659461784957908 0.16804395318037046 3.858711901402801E-4 0.0 0.16653227635202414 
0.0 0.0 2.6351862368565696E-4 0.16445940130809353 0.168347170506868 1.365336917853038E-6 0.16789108658733537 3.057116535781177E-5 
0.0019171931237361526 8.357545783111838E-4 3.67324782940147E-6 0.1669972394928025 0.16571895417813765 0.16336790355012887 0.0031332642063832713 0.0011811363379410783 
0.0 0.0 0.0 0.1676691612971178 0.3323885760460916 0.0 2.0693284499787186E-6 5.551779110564808E-17 
0.0 0.0 0.0 0.33354470131589287 3.703090071426251E-17 0.0 0.0 0.16709746880554138 
0.0 0.0 0.0 0.3338594540513067 3.284023604178826E-6 1.2374905771399811E-4 0.1667197914197796 2.1323225926552308E-4 
0.0 0.0 0.0 0.3332329287244391 0.0 0.16707630618837177 0.0 4.93958454027618E-6 
0.0 0.0 0.0 0.3329959896771685 0.1670391713361139 2.0497681573776186E-6 5.17207248789659E-7 5.551533987942933E-17 
0.0 0.0 0.0 0.5000453145683199 0.0 0.0 0.0 0.0 
1.5620740653717388E-4 0.0016326529247319137 0.16619267905914342 0.0 5.201889397763616E-4 3.1473629389154785E-4 9.99256456119784E-4 0.33078852719992247 
1.8439771464457276E-4 5.464682789166407E-4 0.16835454828720112 0.0 0.0 1.9570529309184844E-4 0.1656268637557224 0.16602829917981293 
0.0 0.0 0.16631798312183374 1.6236010231964544E-4 0.0 6.490269045680203E-5 0.33384132591142074 2.2090914727504845E-5 
1.6435195293378814E-4 0.0016386600366274473 0.16628748950501468 0.00443918231463955 9.393151249342249E-4 0.16430756736314434 0.0 0.16602732713894433 
0.0 3.1832573280357493E-6 0.16855222671445105 1.645442849646679E-4 0.0 0.16409803274625265 0.16723057015424805 2.1952331003593257E-5 
0.0 0.0 0.1675103204436428 0.0 0.0 0.3327051843473474 0.0 0.0 
5.308031266723915E-6 3.021428740480021E-4 0.1699557568854396 0.0 0.1662170007853101 2.2253060363405867E-9 2.6133240371731533E-6 0.16384672744955472 
0.0025919288355252825 0.0025446658540225673 0.1666640963814798 0.0 0.16141359769034647 4.9353840289603564E-5 0.1694499968033089 2.6474924238404946E-4 
0.0 0.0010894658609358716 0.17023498654481653 1.806401202472143E-4 0.16643211997211468 0.165050399525494 5.275065766307645E-4 0.0 
3.317948122119841E-4 3.009030174240779E-5 0.1669846287377491 4.6994010904349544E-4 0.3326634966581454 0.0 0.0 0.0 
0.0 0.0 0.16669412174121986 0.1673665371776247 0.0 0.0 0.0 0.16637522278073408 
0.0 0.0 0.16643840054151057 0.16710978444254806 1.0752874632309097E-4 0.0 0.1668234958413893 2.2236078920309007E-5 
7.312787004100646E-5 2.2314707972900916E-4 0.1671233280737637 0.1671614380467953 1.078617168655454E-4 0.1666684755298405 0.0 0.0 
0.0012848146794139145 0.0018314383803973938 0.1648470815038033 0.1675714445007085 0.1636595022560212 9.149213727534849E-4 0.0 2.4942903868863713E-6 
3.3156736786357007E-4 3.3322127686209626E-4 0.1684727671936316 0.3308095554152927 2.8388636933604336E-6 7.820103904289758E-4 0.0 2.637056104919384E-4 
1.041421114817355E-5 5.927959970729316E-4 0.3334485139807821 0.0 8.098255936787915E-7 2.209250652641302E-9 2.5944691383582576E-6 0.16637246950888285 
6.284956887817486E-6 0.0 0.33278600159530264 3.248728049823809E-4 0.0 1.2986638218602056E-4 0.1668095456118405 2.2135622583451255E-5 
0.0 0.0 0.3332907722515531 1.8861110933305606E-5 2.1242793527149174E-4 0.166343625899261 9.078351199325501E-6 2.239191211957356E-4 
1.2090180939025137E-5 1.1792618132295974E-5 0.3321333931801856 0.0 0.1683938438969308 0.0 2.2067406489708036E-6 0.0 
0.0 0.0 0.3333974931946916 0.1667482254119562 0.0 0.0 0.0 0.0 
0.0 0.0 0.5000622637515324 0.0 0.0 0.0 0.0 0.0 
7.497529064007596E-4 0.16573770069313684 2.6882166283345554E-5 6.768785133909417E-4 0.0 2.1371998884389857E-4 0.001810169242317752 0.3312488851298467 
0.0 0.16638299537528475 0.0 0.0 0.0 2.044962237423142E-4 0.1674863142577246 0.16638177046800218 
0.0018474620197532921 0.16572337662361689 0.002153433657300021 9.054461407195451E-4 8.461661216362935E-5 0.0 0.33035709433654786 8.692379337174537E-4 
3.64205743097769E-4 0.16934236497413466 2.5942327406102827E-4 0.0 1.085895164859592E-4 0.1660222008287972 0.0 0.16604125197852582 
0.0 0.16995444311319605 0.0 0.0 0.0 0.1628923348818039 0.16721932980035215 3.0453448359941508E-5 
0.0 0.1671064864249657 2.4558087209801394E-4 3.0911690797091846E-4 8.439221700253426E-5 0.3332471767340653 4.3964471855407416E-5 1.5607704125578553E-4 
0.0018822987139119679 0.1738502231622418 1.498099709597216E-4 0.0 0.16839869306183547 3.997397729964206E-4 0.0 0.15948848811301566 
3.537047216668173E-4 0.16445977364365125 4.480269080158895E-4 0.0 0.16889760585833444 4.258437300042135E-4 0.16617559270041157 0.0 
0.0017780760652691015 0.1661945649085928 0.002546913823695072 6.878865879659736E-4 0.16713798472644537 0.16476680234779703 5.085454480258595E-4 2.223369730086399E-5 
1.366488021219791E-4 0.16760311072221015 5.365712696726369E-4 0.0 0.3335751130805696 2.7259807002933277E-5 2.1569717323723616E-7 0.0 
0.0 0.16687502160071233 0.0 0.167548166756058 2.664209069440676E-4 0.0 0.0 0.16668846455569916 
0.0 0.16708225347486308 0.0 0.16775623456797092 0.0 0.0 0.16821994762625292 3.069080704322986E-5 
0.0 0.16703773305089542 0.0 0.16678015692666187 1.0761569340040568E-4 0.1662883188155679 8.65679416163926E-6 0.0 
0.0 0.16602280186923793 0.0 0.16669250931666288 0.16842834139976817 7.422660019713042E-5 7.467718023385662E-5 2.9285714965886624E-4 
6.257340026200151E-4 0.16649577760744963 0.0012297427342812391 0.3326520981119829 5.816236160308911E-6 0.0 4.1256788895423094E-4 3.8968547907855137E-4 
7.506097627507688E-4 0.16820201942249707 0.16656827697162652 0.0 7.953300639729365E-7 3.725039182522076E-17 2.605879630783565E-6 0.1690605961026266 
6.258242278449284E-4 0.16651978480366858 0.16570133357491998 0.0 0.0 0.0 0.16721941249970637 3.0453463420882822E-5 
7.095758419531146E-5 0.15889154050377743 0.17603404845230364 1.9369603993903856E-5 7.649381501401159E-4 0.1661585514532158 0.0 2.549855005518768E-4 
0.0 0.1673501565528812 0.16882183114370924 0.0013509659381356887 0.16552921790823236 0.0 7.625646984821393E-9 5.585001119008454E-17 
0.0 0.1686416391013204 0.16479903554127018 0.16536052663873738 2.4680925127406765E-4 4.4434264834745897E-4 0.0 7.289045341777182E-4 
0.01751404575300763 0.16754447007100387 0.31008828446304937 0.0 0.0017694204463297779 0.004370010405798103 0.0 1.1324225299032227E-5 
0.0 0.3337966616417351 0.0 0.0 1.239345158921528E-4 0.0 0.0 0.16630546606895535 
0.0 0.33284677799499995 0.0 0.0 0.0 0.0 0.16721932980035215 3.0453448359941508E-5 
0.0 0.3331712973755862 4.896308905654738E-4 6.16306903895348E-4 1.6825836643846555E-4 0.1665472625215582 4.3964472110066415E-5 1.5607704215984334E-4 
0.0 0.3332312422790788 0.0 0.0 0.1671571799635327 0.0 2.0706968832999324E-6 5.55545046564959E-17 
0.0 0.3334016555892068 3.70150194483284E-17 0.16675030722694598 0.0 0.0 0.0 0.0 
0.0 0.3335266487161767 0.16637460065043827 0.0 0.0 1.1739472638535098E-4 4.99865884398207E-4 0.0 
0.0 0.500062231127762 0.0 0.0 0.0 0.0 0.0 0.0 
0.16390381751070648 0.001248191743666942 0.003586190370019738 1.779132414692335E-4 0.0061562174940195235 0.007849267562732248 0.009246020133692428 0.3152237269103497 
0.1667119576266435 1.0672133656173267E-7 2.2334358610575495E-4 0.0 0.0 0.0 0.1656132286960753 0.16751628727311454 
0.16590566227295717 0.0 2.5361298569769167E-4 2.8232912308063965E-4 0.0 9.591753752091552E-5 0.3346726413095915 2.212727439116157E-5 
0.16801455960067183 0.0014661564018675084 0.0 0.0 9.186776494102932E-5 0.16553216228229017 4.25434816326488E-8 0.1669019156666193 
0.1649147824835347 0.0 0.0015006018406295595 0.0010987544488923668 0.004979075666136487 0.1616724273545577 0.1656225697404123 2.7413861567998627E-4 
0.16664878093560584 5.310537371619053E-4 0.0 3.087987761597376E-4 8.430536362068331E-5 0.3329042109331933 0.0 6.804305751691593E-5 
0.17224245610950822 0.0 0.0 4.902786603750815E-4 0.16862784087904123 2.257582259518029E-9 0.0 0.16621337307281595 
0.1667250496976156 2.6659027144270667E-4 2.2104820052561722E-4 0.0 0.16764028318705862 3.580844905636267E-4 0.1669296149234528 2.0226428900885313E-8 
0.1662932514560577 0.0 1.706145553397273E-6 0.0 0.16722800806709234 0.1670347638626486 3.036704874049951E-8 0.0 
0.167048731726156 0.0 3.687595463771098E-4 2.507783389180647E-4 0.33236974999252766 0.0 3.7658180868301505E-6 2.2134654543808407E-5 
0.1681526377068662 6.35726506530406E-5 0.0 0.16643427353347237 3.962242088071884E-5 0.0 1.4384294315015166E-7 0.16668878374443594 
0.16638487465400806 0.0 0.0 0.16705604264081517 0.0 3.622838002169186E-4 0.1676998284572948 3.059591415282518E-5 
0.16702723073806042 6.314717350890498E-5 0.0 0.16683272060771892 1.6514102855837124E-4 0.1663693570781224 0.0 0.0 
0.1684914865215661 0.0017289460821519093 0.005841611530856936 0.1634129431267381 0.1625611702563024 0.0 0.0 0.0011051732644594397 
0.167559559383858 0.0 0.0014710252430857466 0.33060033459077187 2.5113041821019116E-4 7.800575655167735E-4 3.722690723969989E-7 3.951684736876475E-4 
0.1675478740394895 1.0725645184741963E-7 0.1652100781804459 0.0 1.4736489186586234E-4 0.0 0.0 0.16774101981233228 
0.16927431681450836 0.0018460665714337778 0.16813053730858105 0.0 0.0 4.373036605529367E-4 0.16915917150259735 3.075549512457048E-5 
0.15900824861578552 0.0 0.17608471229268477 1.937517870251063E-5 7.651583047333941E-4 0.1662063730559273 0.0 2.5505888717686806E-4 
0.16805497817135492 3.04950321421412E-4 0.16452374388235844 0.0013376204451538598 0.16623823478362448 0.0 0.0 7.84487698333944E-8 
0.17205412354942257 3.725054559310501E-4 0.16437063922834255 0.16934253261787202 4.177280141134928E-5 0.0 0.0 0.001086759449781644 
0.16739557243640607 0.0 0.33126491324235224 2.987590874564903E-6 0.0015583507838039454 0.0 0.0 0.0 
0.1684100261048887 0.16533912391051803 3.2032339617088485E-4 6.170615298414764E-4 0.0010007593027756034 1.2082451950641808E-4 0.0 0.16608620246209158 
0.16791514380424483 0.16640060364572362 1.0269906331892241E-4 0.0 0.0 1.3725218158603788E-6 0.1668272786999321 0.0 
0.16673254976843505 0.1656223999904633 0.0010875490521397243 0.0 1.640825950214128E-4 0.16686348654905855 0.0 7.845042207006896E-8 
0.16417642712927444 0.16689669172982877 3.1775501393468535E-4 0.0011199427122272098 0.16832482140759372 6.11144117259434E-4 2.120101207717012E-6 6.240740362209357E-4 
0.16834233192150766 0.1652726641086112 0.0 0.16685700910880416 1.6134138845625537E-4 3.220150976632628E-5 0.0 2.1587387830961996E-4 
0.16682249782643455 0.16429057093375782 0.16495686271050283 0.0 2.454578057377335E-4 4.419095754961547E-4 0.005911446746596592 5.278933678483346E-4 
0.179649065897673 0.3126964335498699 0.0 0.005204776874091936 0.0017780093327678466 8.081624298962956E-4 0.0 1.1298251311418416E-5 
0.33364166126210026 1.2613828164676787E-4 0.0 0.0 3.9588638611459444E-5 2.2747304032467543E-7 1.4346366676601088E-7 0.16624926882774366 
0.3333661334217546 0.0 4.412794791566549E-4 1.9404573276698115E-5 0.0 0.0 0.1662402868880567 0.0 
0.33334623554104426 0.0 0.0 0.0 0.0 0.1669462539902271 2.1971241424120692E-10 2.3537637058536554E-4 
0.33308212090553324 0.0 3.132697281734202E-4 0.0 0.1661091699449457 2.848114095436126E-5 4.993804303802221E-4 0.0 
0.3335200120497078 0.0 0.0 0.16680950302222763 1.138663934265157E-4 3.2189290920254114E-5 4.391908666586572E-5 1.5056611396759117E-5 
0.3339469754949646 0.0 0.16658427415098973 0.0 0.0 1.1754267302583138E-4 0.0 0.0 
0.3382168490350601 0.16327011016465656 3.285644037062752E-4 0.0 4.0211473334954094E-4 8.301082810863638E-4 0.0 7.031975613562224E-4 
0.5003283833714772 5.554760910924964E-17 0.0 0.0 0.0 2.866677242588902E-7 8.880283611162762E-10 0.0 
0.021451915323579353 0.007609776869575709 0.03125862238039698 0.053453129511714007 0.022973318855142064 5.839638275579255E-4 0.05674719924307232 0.3118669092372565 
0.055518676764062275 0.0562110790663594 2.4664308223778234E-4 0.01355340373305519 0.009883790312606517 0.03490920662226308 0.1755588406795354 0.15518010899115467 
0.005058707935033869 0.019194749669235494 0.019610288574282708 0.0485192748177273 0.03665839825669575 0.03133839477370428 0.33026090926381896 0.0121059429012347 
0.043354103441953465 0.03536874762927959 0.04017673556815704 0.054890439869017094 0.0 0.15866805457784672 1.465455684296506E-4 0.17802619787839197 
0.0309437263135258 0.03723499094521356 0.05512633876305346 0.0020764974939433667 0.04969883301927333 0.16409730182903776 0.16918507786879675 3.950797774658595E-4 
0.057809543042021225 0.010427845024143635 0.05517712309203258 0.013122134727328831 0.0080602256912676 0.3156471413982975 0.043771054724661695 5.293072502797544E-4 
0.03231808131947519 0.032192377642202 3.5688157039116266E-4 0.030098610023779237 0.1830176687699167 0.030661156941673706 0.016715332199593765 0.17706723332830954 
0.05960800971806887 0.0032286242228515417 0.050806963061675106 0.012276648549713864 0.17912044032262994 0.013875827630825802 0.17290772729218087 0.012133825952141132 
0.040720594612005036 0.023648330424717482 0.018974686012521662 0.08198736462035344 0.16140119765033836 0.15911140292541331 0.003051627968407206 0.012296827829317139 
0.027781026305169487 0.027596052823822603 0.052789792084541196 0.05311379572401477 0.3060661886130204 0.019668188722972275 0.012196427294478578 0.0010717908599388282 
0.040135256921301446 0.03919236771612117 0.06415190309345246 0.1419596298957193 0.05354710051376236 0.0 0.0014453788532427599 0.16873408782730365 
0.06662719466774922 0.023635096317486195 0.07275363470655058 0.17164557151637957 0.007662383749350595 0.015571782342599516 0.14470514669076684 0.0 
0.032036161118161155 0.042700353799950685 0.08643352195787371 0.14289196304764948 0.03893880658921134 0.16240044614507287 0.0029790733382469526 0.007143906821088268 
0.044309807512243594 0.04350183254621192 0.08444941435375475 0.1644230578717952 0.16422009780198535 5.787132174299328E-4 0.0 0.003478711314718318 
0.08497145284529975 0.015327385326381822 0.0812206915985431 0.22011991319244675 0.04089637481692565 0.023765760413112336 0.034482409477915366 5.502773771561949E-4 
0.06080544427468463 0.059696676723419516 0.1296115267920918 0.0 0.06291537020399951 0.005629415478505401 0.02045174755638284 0.16667402043609175 
0.07875805490025704 0.0052973410149444 0.14031204153918578 0.017612989126715682 0.022800416906711248 0.055668476357117774 0.16489395212076427 0.027015899888374297 
0.08626325328216664 0.05970180308807251 0.12339812060645722 0.028640229302846876 0.01759216139961041 0.15131588640715662 0.03415023744877666 0.0 
0.00851621110009118 0.05707551458995052 0.17891437108107242 0.004752832116609519 0.19612304096651068 0.04188062874381061 9.050669339525556E-4 0.016483453109743428 
0.07474397242474794 0.07338104033427854 0.15932258204897118 0.1537694250492464 0.0 1.465620050731559E-4 0.029610675622570734 0.011331009747062134 
0.057319209391283696 0.04991394394740152 0.29157359790492604 0.04240340840696497 0.026046146373373297 0.0 0.03455301038847711 0.0 
0.048286878459247645 0.14116868641552657 0.06359158473277642 0.026905416213661024 0.01652655848350245 0.026311624966731315 5.995683530644938E-4 0.17883021485142836 
0.011999448785638104 0.19933603349310058 0.049951239005745066 0.0 1.1079634829639695E-4 0.019761443397579966 0.20872553604964414 0.031598711512561044 
0.04085437873330033 0.14755638258211923 0.007631652925557639 0.0 0.012246080804040944 0.15879645007670432 0.10650454645878558 0.028133474992328815 
0.02781029164126149 0.1863841428619125 0.008724205009849719 0.014929355495341233 0.1871446382161094 0.037784020613729125 0.025062680783617952 0.017139719189561076 
0.061489057558842534 0.16592723223852235 6.18205611342764E-4 0.20217341463167168 0.053912633010476774 5.082797644115115E-4 0.006275926460452596 0.014561804788716949 
0.033146925677734675 0.18092761770816718 0.17310184000333242 0.0418257474330942 0.021593123755911145 0.020496879181418695 0.03350746533287372 0.001120608626607772 
0.05666761418811481 0.3093118359132797 8.026609309697945E-4 0.039622602506708966 0.01995710803306031 0.019394537904118554 0.06033753320557236 0.0011239271355599338 
0.1905037285060786 0.01379160849905209 0.06852771585114592 0.045672945912312836 0.01880190929834942 4.311668257205765E-4 0.0 0.17019306246039634 
0.1934642008955486 0.018372980198295818 0.021379550178758082 9.638953855170735E-4 0.047210005670574005 0.02893315560060948 0.19057798902389628 0.0 
0.20580315626116855 0.0346524197423375 0.0 0.057602969067557665 0.01759541643126229 0.15029796782184804 0.03445655338816105 5.255196818022824E-4 
0.22309862007342332 0.01423316704135858 0.009666596477849594 0.0048012784376033025 0.19812215214145334 0.04230752418925536 4.6810634264581724E-4 0.017310403750407377 
0.18679409198201422 0.002924862775329566 0.0 0.17608867894393465 0.08550915046359897 0.03254834222055731 4.1003872029114676E-4 0.026985130316851257 
0.1760148027408509 0.0317652267026798 0.16801206179749067 0.039956358490196804 0.024543054459077424 0.02602529466556065 0.034483535026623956 5.259311966134069E-4 
0.18726173296062834 0.15760419374352688 0.022166172606679916 0.06144435759516772 0.05583471889048631 0.021327635472774557 0.0013029917060733251 7.973619898112166E-4 
0.3157003972296654 0.05694690950901577 0.004399257768871747 0.040089741242847005 0.024624984351737655 0.023724165499262907 0.03442205824881001 5.249935736204435E-4 
