0.0 0.0 0.5011953297800016 
4.09167977648435E-4 0.042137322882505775 0.4587858563737191 
0.0 0.08328190560030077 0.41826036343857814 
0.0012420981689864135 0.12791492603881172 0.3719345702778046 
0.0029908209447490368 0.1728508248632314 0.3356062525020437 
0.0 0.2090275563221131 0.2929989898080829 
0.002416840375654917 0.24889333678978653 0.2500161202118162 
0.0 0.293749972765643 0.20955204998416402 
0.0012108951802297385 0.33608330764648214 0.16782033215322117 
0.0 0.37641616819807033 0.12488130119003593 
0.0 0.4178913750011908 0.08358757772567248 
0.0 0.46024025493380294 0.0417866596705332 
0.0 0.5011045154932887 0.0 
0.04206203332974803 3.082680125327751E-4 0.45876113108715455 
0.041877391962434514 0.04184540219515672 0.41794711780516264 
0.04281770895360293 0.08684929942839167 0.3734031759989543 
0.04741338185625688 0.11984778905624562 0.333957567071985 
0.042009089558503354 0.16688385330432431 0.29281029886092175 
0.046513594417313314 0.2068808457896383 0.24858501086419188 
0.04277240017908162 0.25025269694682345 0.20903494635736009 
0.03841996380802479 0.2960658081356345 0.16889623353805205 
0.0500027634017991 0.32911015349163825 0.12378192401545846 
0.0416198781523285 0.376215260971625 0.0833237300055493 
0.040436756266142716 0.4237349270344092 0.041716906816834695 
0.04276048039594047 0.45842218467993123 0.0 
0.08316531891682867 0.0015765762334129117 0.4187433066430547 
0.08235720323474723 0.04597756328881007 0.38103867617921855 
0.08610400405983003 0.08785463333104084 0.3375604557772955 
0.08926860996207255 0.12277276112671236 0.2959370372620434 
0.09319725995466854 0.16799203059618434 0.24256902943645967 
0.08297198936422918 0.2097300190281394 0.20880446495236818 
0.08446595338527035 0.2533284160616957 0.16580457333038368 
0.08418419253591246 0.29133561871780694 0.12565142410706687 
0.08409407647496259 0.3355014963379771 0.08371015658097013 
0.08674924843695489 0.37371216591448764 0.041383450577292466 
0.08428560368203647 0.4211061460225371 8.050629185979668E-4 
0.12859721539746546 0.001025224803652168 0.3817603125925918 
0.12303474194742905 0.03608900252918695 0.3424330781267497 
0.12304860764017003 0.08189686362419779 0.29771001114648377 
0.12364707276550405 0.1235526198662906 0.2543016409778157 
0.1265394167190636 0.1684351428173503 0.21024908679849255 
0.12319624254837923 0.2102638187049649 0.16774383764456158 
0.12664753453138572 0.25398377404297956 0.12436781146929307 
0.12663449729589796 0.29130269755390653 0.08334408172552228 
0.13003148807076992 0.32868329030444005 0.04331179228825035 
0.12532941650978663 0.3758852093404233 0.0 
0.16724801835806258 0.0 0.3339313063740742 
0.1680313959293384 0.03980314553029115 0.2979154890100904 
0.16531677962252542 0.08900437879255758 0.24949413995024536 
0.16780444144427073 0.125501268304844 0.210550331903713 
0.16689575800321732 0.16657391892839735 0.16774867471790877 
0.1659437017374094 0.21042470581987127 0.12499968794373909 
0.16719450759588667 0.2517913516365137 0.0837466628081934 
0.16789696547556707 0.2919895995333467 0.04133178664060966 
0.16694271619905557 0.3347932612041055 0.0 
0.20867569821445026 0.0 0.29250578177410425 
0.21022586162669135 0.03969962912310649 0.2559205095154549 
0.20795933264808442 0.08452434848846736 0.20864871711146427 
0.2160994791046663 0.12170286975420892 0.173827392687884 
0.2048777242136819 0.17572678986627438 0.12435905661241713 
0.20899573726150622 0.209041729398268 0.08336407770106088 
0.2117055636295849 0.24999344295020062 0.04032619091263128 
0.21188626838312247 0.2918077687068738 0.0 
0.2494202296108903 0.001827973409294005 0.2499544651864392 
0.25661316120299726 0.041669387440739454 0.20946591792627556 
0.2534401810655419 0.08628417996742413 0.1699092854860368 
0.2553707982914775 0.12625382096427382 0.12663195788907602 
0.2521404745847495 0.16761165597805325 0.08374139016541227 
0.2573486371055882 0.2157223154261732 0.04203263465179005 
0.2500654047019168 0.2510906242486495 0.0 
0.29277698520066453 0.0 0.20885795106415148 
0.29322668340618924 0.041714643340083346 0.16628831023707386 
0.2945222363123439 0.08457445069643715 0.1238663878573991 
0.292901530529424 0.12449061083286753 0.0837295391844202 
0.29931281718286634 0.16709739348423022 0.04255632015060348 
0.29335598835385807 0.20822830604839523 5.420856909283113E-5 
0.3336181891321907 2.82001165453507E-5 0.16783756812877665 
0.33545722600497574 0.04272521483393455 0.12528030584274916 
0.3395977391900337 0.08674084989333901 0.08501946859283015 
0.3366849240539477 0.12252067549221472 0.04189895517357062 
0.33427892595817427 0.16691886172162212 0.0 
0.37655024810416204 0.0 0.1250600809288018 
0.37554992668056164 0.04261959883865358 0.085925802409695 
0.38967805992650933 0.08415001262953602 0.04209990521490108 
0.3764020464163628 0.12963571912175104 0.0 
0.41782476469207747 0.0 0.08335687681665213 
0.42638382915007705 0.0403531640472775 0.041947461152162226 
0.4211972000102495 0.08467675114456165 0.0 
0.4599161985664361 0.0 0.041757237574156225 
0.46246314065413063 0.038644483731324016 0.0 
0.5012755792705654 0.0 0.0 
