0.0 0.0 0.0 0.0 0.5000737139356222 
0.009423760598116499 0.0 0.009440131588559686 0.08230146481040593 0.3993870556969949 
0.0 0.0 0.0 0.167915688609566 0.3335624154031317 
1.2700225508233864E-4 1.264674981542286E-4 1.6767905694225596E-4 0.2499130579361141 0.24981988187321544 
0.0 0.0 0.0 0.3336224638251954 0.16682358335151 
0.0 0.0 0.0 0.41676791806195806 0.08332294831939453 
0.0 0.0 0.0 0.500082949176214 9.562022533680255E-7 
0.008791383729855651 2.72366806035347E-4 0.08174462423305312 0.01663852318819799 0.39526803132242594 
6.113177753390971E-4 7.103368261736387E-4 0.08368133683630527 0.08282941370815805 0.3327053078822608 
0.001632668784637115 0.003363522871476743 0.08175307359095471 0.16633613666836258 0.24762031127822937 
2.477340729414673E-4 0.0 0.0839604664425803 0.24955474285389923 0.16689042537839507 
0.0 0.0 0.08958304313256442 0.3275831755703834 0.08331036597837145 
0.0 0.0 0.08381731638969146 0.4160121851026773 4.869721861389754E-4 
0.0 0.0 0.1669496923289755 0.0 0.3333462930319564 
0.0 0.0 0.16737930155176733 0.08365957867265254 0.25020406761187974 
0.0 0.0 0.1665593487579122 0.1660419846388568 0.16771539231004806 
0.0 0.0 0.16509930629618966 0.25344472453746175 0.08350335037274226 
0.0 0.0 0.1668329017897564 0.3334907363380962 0.0 
0.0 0.0 0.25047481341628275 0.0 0.24964187656930256 
2.982079472443909E-6 1.2766822848311727E-4 0.24995041256132328 0.08338729252698944 0.16769762159944127 
0.0 0.0 0.2500202601140198 0.16702358280147686 0.08328592686709549 
0.0 0.0 0.24987272893676915 0.2503462679238142 4.259168166941463E-8 
0.0 0.0 0.3334623119643056 0.0 0.1667397548865462 
0.0 0.0 0.3332871779758505 0.08270545652584789 0.08410354189052965 
0.0 0.0 0.33392474269396677 0.1669023769555585 2.6788703513407964E-4 
0.0 0.0 0.4168376485718348 0.0 0.08325852782039325 
0.0 0.0 0.4170291092800155 0.08332466532150926 0.0 
0.0 0.0 0.5000723059328855 0.0 0.0 
0.0012228360822772997 0.082047345387027 0.00749744529725999 0.01642173426274332 0.3943206227290334 
0.0 0.08381168019435362 2.7993035598478864E-4 0.08281715189998988 0.3333583000117277 
0.0 0.08354200167625306 3.468506607081269E-7 0.16699703132158186 0.24970622829026468 
0.0022815580202640916 0.08437165748573158 0.005005122810633493 0.24744885079530024 0.16238355333355747 
0.0019688602445340486 0.08556871124807681 0.0018098684695918574 0.32937772588402436 0.08342200545879538 
0.001959261673720679 0.08387954423420929 3.417117724040633E-4 0.415964657812906 0.0 
0.0 0.08317497887756246 0.08382308619439713 0.0 0.33352626837208127 
0.0 0.08356990844218486 0.0836125242314855 0.08365890959810744 0.25000718655817755 
2.6366004086117642E-5 0.08413761086956856 0.0835000862877957 0.16714326759529546 0.16566069918441276 
0.0 0.0782888271107511 0.08888772351220801 0.2515546659734675 0.08465721624632812 
0.0 0.08347749485799905 0.08347341525281207 0.33372662914737045 2.2153774931078538E-5 
7.309546477683942E-6 0.07934250048501121 0.16910000767795416 0.0010093197917282885 0.25204108162695416 
7.066492744566844E-4 0.08495412051631389 0.16771521196513078 0.09085125516145214 0.16115191748428775 
0.0 0.07959205770562905 0.18010823623025776 0.16294902897399324 0.08420380956011717 
1.149120768797531E-4 0.07966932684678689 0.1715710664683017 0.24978223718136902 0.0 
0.0012951830910685044 0.08560724312545326 0.24744907773221791 0.0017247514700995414 0.16502144821190876 
0.00226937606695548 0.08547772291445904 0.24985422918492267 0.07981260402011088 0.08439089353922279 
7.319013811013187E-4 0.0831752171345681 0.25013443779864686 0.16616586065492822 0.0 
1.6541676624271277E-4 0.08382686934139279 0.33302278583248807 4.4777544583704814E-4 0.08357770407654498 
0.0 0.08408052346765878 0.3335551417840172 0.08414971563410813 1.3627643588442408E-4 
2.787126968379168E-6 0.08412082247845962 0.4164974618692903 0.0 1.0713512985204434E-5 
2.707023450339575E-4 0.16665198645025392 0.0 0.0 0.3332923754252333 
0.0 0.16787830929419878 6.955174011123558E-7 0.08400747771369023 0.25104885126931686 
3.436231750447922E-4 0.16693776157299475 0.0 0.16676177785175944 0.16656940491695668 
0.0 0.16651027088853193 0.0 0.25173896255930117 0.08357527577413729 
0.0 0.16678298843455383 0.0 0.3333909620046102 0.0 
0.0 0.16781836097721836 0.08430680324962596 1.0407530520599497E-4 0.2513904684611129 
0.0010414552566677827 0.1678111336882676 0.0844833683661396 0.09083690387596556 0.16112646118023982 
0.0 0.1690451219393315 0.08321294496818091 0.1646174532642362 0.08427585557761556 
5.224713163849677E-5 0.16672791282640897 0.0837863833660065 0.24978823733331662 1.2222172830868985E-4 
4.6821542402240646E-5 0.1665534087685394 0.16688964882384386 1.5025747663101858E-4 0.16683242039890606 
0.0 0.16902913773452077 0.16917802064909018 0.08006361398003366 0.08456412567787029 
0.0 0.16680746554748976 0.16689252764625306 0.16698511390832907 0.0 
0.0 0.16662097205987017 0.2499324289672286 0.0 0.08394084797627005 
2.5009781296722E-8 0.16580293160184592 0.24870540102840097 0.08359559522713463 0.0023989715313193958 
4.572062547658498E-4 0.16673202602001558 0.3329084904047018 1.5578597838702588E-4 8.980557364318573E-7 
0.0 0.25093845380084845 2.1718344440585554E-4 0.0 0.25104551651010026 
0.0 0.25063098688703356 0.0 0.08367362722758345 0.1671609276819245 
0.0021907915374254888 0.24809601873966156 3.4085000223007705E-5 0.16750101506009338 0.08324205117819823 
5.146530454745772E-4 0.2500268714036862 0.0 0.24976329617167256 0.0 
0.0 0.24879592236151607 0.08420416731841215 0.0010319585603100804 0.1679826117933175 
0.0 0.2665646441483754 0.0742201968095961 0.07877647668014597 0.08685166060503577 
0.002215593508122277 0.2517803509038829 0.08007125082351114 0.1661786144974575 2.1233060495953401E-4 
0.0 0.2412102794238812 0.1720071528166349 2.399960700503787E-9 0.08723530506165134 
0.0 0.25008468619321256 0.16690032272446867 0.08331585383125524 0.0 
1.7451230540104414E-6 0.2501144176145083 0.2501161627375623 0.0 0.0 
0.0 0.3335834635045266 0.0 0.0 0.1668003337807594 
0.0 0.3328384225681402 0.0 0.08375102083403647 0.08422420206140539 
0.0 0.3333323882650459 0.0 0.16691162128432016 0.0 
6.545775914256722E-4 0.3317148042280792 0.08500916673911782 0.0 0.08291443153018921 
0.0 0.33382440265344354 0.08442434986072876 0.0837482653843416 5.573286475640971E-17 
0.0 0.3336835904548058 0.16647425750851655 1.3034033944815386E-7 1.584533995339325E-4 
0.0 0.4170797573255328 0.0 0.0 0.08309419311363121 
0.0 0.4168796518332158 0.0 0.08347412276830894 0.0 
0.0 0.4170505365277902 0.083208992342693 0.0 0.0 
5.495547723047105E-7 0.5000708149688116 0.0 0.0 8.891379587940306E-7 
0.08424852071628144 0.0026101124926181675 0.0036613714209337155 0.01658568606542614 0.39401282223550504 
0.08366399208075322 5.943985520756669E-6 0.0 0.08331852184696482 0.3334236957730523 
0.08452498348058034 4.250661023426255E-4 2.906528458827466E-4 0.16632611888717977 0.2488513504977687 
0.08304771016142282 0.0069913920497911486 2.1668134884060187E-4 0.2474711292905333 0.16269359413273507 
0.08133253421460922 0.0012884993943549053 1.1341580264252254E-4 0.3354144406309036 0.08330719486902279 
0.08368660619421252 0.0 1.5884864171869308E-4 0.41615184522316084 2.7606868499386043E-4 
0.08315195963393635 2.301924362611556E-5 0.08382308619439713 0.0 0.33352626837208127 
0.08338179498794823 0.0 0.08342431485033597 0.08392748297792786 0.24989979541605087 
0.08510069073304259 9.872674699168933E-5 0.08347129452791989 0.16961816366599095 0.16366368660138625 
0.08615889163037041 5.777685421748997E-4 0.08673242128960634 0.2541751030652737 0.08252433450958727 
0.08372102672579725 0.0 0.08315791250689596 0.33358276291426564 0.0 
0.0834922746220089 0.0 0.16985226069417805 7.288867372936588E-4 0.2469988512324153 
0.09428718391292289 6.329118970014929E-4 0.1561119310748573 0.08718904101688772 0.16708845178575482 
0.08569916666423796 0.008272113603778648 0.16746257583353663 0.16295163520199593 0.0845497038626995 
0.08189719281227664 0.008108406497824187 0.16039548952533175 0.24884752864697585 0.001378844890673371 
0.08678947923054095 0.0 0.24712746844315212 0.001650238818531204 0.16477148324070012 
0.0845890530900763 0.0031193605365306787 0.24974407512150196 0.07977741677243579 0.0843536878458496 
0.08399753432098282 0.0013506715844073102 0.24881686407445405 0.16622730137733874 0.0 
0.08402777370674634 2.543895587049168E-5 0.3332643548147284 0.0 0.08354861846740262 
0.08299083201507829 0.0011009311146824691 0.33359973055358483 0.08317886484240546 1.3602793126326563E-4 
0.08365693327376275 5.051028531602284E-4 0.4166877122490136 3.0720202192342246E-5 1.877654721544106E-4 
0.08342718240365969 0.08336540358682058 0.0 1.2011575569395496E-4 0.33327243441333976 
0.08517491359231424 0.0829015925299518 7.612262411167971E-5 0.08420012238643125 0.24979696112428454 
0.08250300145325963 0.08406304439097688 1.2727574999662196E-5 0.16606134896359287 0.16773495179271136 
0.08438044521768866 0.08212832854066977 7.541259090002642E-5 0.25185071183038876 0.08361237561777592 
0.08327784909399635 0.08372010462471302 0.0 0.3338206669976367 5.463048915450384E-7 
0.08326861201553892 0.08533447251089814 0.08367981098804275 0.0 0.24955969522470745 
0.08516250378508308 0.08143779939518267 0.08312291247404892 0.0832679715754075 0.167457658900319 
0.08493098678728137 0.08308804135565484 0.08270784736091438 0.16415806862597346 0.08590036175072224 
0.08351985378400074 0.08396339450536268 0.08413959821172089 0.24865812263895862 0.0 
0.08382211344784221 0.08374991886331912 0.16722203595145882 0.0 0.16740601548647302 
0.08857944460082078 0.08621525650117375 0.17192223136440105 0.07742167886851174 0.08121736682993759 
0.0868350627648862 0.07963265591041943 0.16826424479431876 0.16790490303806324 8.136343526815008E-4 
0.08199085247406374 0.08468784263107104 0.2500190138714697 0.0 0.0839699278772416 
0.08148243998319214 0.08215854770928378 0.2477801758888126 0.08918503484567997 0.0012505046088832732 
0.08297921371047325 0.08310755464116452 0.334542064199882 3.663730904650401E-4 0.0 
0.08530173908824011 0.16604552070980236 6.378470252995589E-4 1.957187905909469E-5 0.251239396741963 
0.0793657148648878 0.17029470336369096 0.0 0.08324703233574776 0.16741554863887959 
0.08241333175031551 0.16867358924003523 1.3139480628518146E-5 0.16802238967684086 0.08350115583206996 
0.08508577260868877 0.16633845656101387 0.001760911120548283 0.24800176451751968 0.0 
0.06957385644588045 0.18318532398153528 0.09549174686821248 1.682497421176281E-5 0.15816939256723925 
0.08185677334605114 0.18983616638106013 0.07244222942465822 0.07665581997192732 0.08421265297606884 
0.08834157476153173 0.16420951676842457 0.08176699155140098 0.167565685023747 0.0 
0.08494783994602811 0.16013619835631307 0.16807105726506713 0.0 0.08722214451323179 
0.0859242467673965 0.16166921050314026 0.16818710044703802 0.08514092625692 4.952855510692454E-4 
0.08365505758797197 0.16687939218709524 0.2505816252517036 1.2746743597830884E-5 0.0 
0.08357825968972343 0.2502974459249476 0.0 0.0 0.16694680952603716 
0.08772562051856597 0.2450241309015272 0.0 0.0838518828036212 0.08422666674751961 
0.07892644214291712 0.25395664151256425 8.551845860837215E-4 0.1670042669300576 2.0906390329378493E-4 
0.0842493507414838 0.2507452192519348 0.08772132169735633 1.7449382959472772E-4 0.08408827819955565 
0.0875383114205131 0.25053763746425767 0.08216148434496925 0.0826172133196706 0.0 
0.08622999756807748 0.248711348378606 0.16515698186648536 0.0 1.9222553985286946E-4 
0.08094142520810939 0.33609287355956696 3.638263047742075E-5 6.711172672707363E-6 0.08432285345554641 
0.08375222846542196 0.3216855494860191 0.004972136262439081 0.08088674471247376 0.009807712773202288 
0.07812789521382393 0.3244102601364135 0.09782752206467643 3.6033856726365763E-4 0.0 
0.09194359201612215 0.4042551199655918 0.0017841255991963266 0.0 0.0020600374169528306 
0.16695373417530188 1.3986484886350809E-5 0.0 0.0 0.3333822899678925 
0.1678949059369693 0.0 6.955146673215484E-7 0.08401578275379677 0.25107367014062737 
0.16699830813327565 0.0 0.0 0.1664795805252764 0.1667478903759386 
0.16652903645401138 0.0 0.0 0.25176733332562345 0.08358469463641907 
0.16680512406346817 0.0 0.0 0.33343521003426596 0.0 
0.16783471920220316 0.0 0.0843150211207056 0.0 0.25131123362114954 
0.1664222299065594 0.0 0.08360656782607814 0.08336986518487859 0.16719757282308587 
0.1665160013724897 0.005123063476457745 0.08701380441776442 0.1589669644426049 0.08653281471127991 
0.16654479016240864 0.0 0.08366813918195526 0.25066679917469037 0.0 
0.16662442738713268 0.0 0.16691388793528172 0.0 0.1667815059847565 
0.169091416597779 0.0 0.1692403543683265 0.07998528859529871 0.08457348381778167 
0.16683058228639344 0.0 0.1669775286866592 0.16714983290512442 0.0 
0.16789005721865402 0.0 0.2518360641001885 0.0 0.0845801917699441 
0.16312857166241598 9.9681671466702E-5 0.2471552261533602 0.08896009286340398 8.369743110186926E-4 
0.16760547301835657 0.0022234031851067195 0.33103374020741605 0.0 0.0 
0.1670746454166236 0.08383688387343585 0.0 0.0 0.2501495669803899 
0.17267942483816473 0.07433246160453123 0.002942366419296753 0.0833450088648377 0.16714772367950223 
0.17093803489615253 0.08587657520077278 0.0028189895570953356 0.16290718162640844 0.08418218496923244 
0.16696680899531427 0.08306143569552464 0.0 0.25036439369490554 8.435137412331195E-5 
0.1809744164810283 0.08664531609146109 0.06889721736118205 0.004938184505527045 0.16304981162525573 
0.16260492988319689 0.08652340146436939 0.10830200763837478 0.0688636034313251 0.08159438892681971 
0.1658774988943295 0.08789353803852525 0.08182655921058646 0.16507816806257392 0.0 
0.15244053360806514 0.07298411828837936 0.1897382147065786 0.012365995949601995 0.0887785902660174 
0.16888368338067747 0.08078206096674195 0.1671004637389761 0.08345140729825007 0.0 
0.1663700441367726 0.08371064203352652 0.2500806861702991 0.0 8.474159871902016E-5 
0.16690360341479543 0.16699661812138897 0.0 0.0 0.16695906814447034 
0.16370640065067232 0.1668019124465538 2.5254662927464435E-5 0.08470808917146772 0.0873319194697888 
0.16665436264148445 0.1675393976705841 1.1088528349988608E-4 0.1670922601513292 0.0 
0.1667377975626836 0.16661432624843087 0.08888258582124689 0.0 0.08174256922731786 
0.168333112097705 0.16145580749126884 0.08635817562074605 0.08941665744366581 7.350821535092001E-4 
0.1661055315045244 0.16698765190976675 0.16733808847031667 3.6038580515046075E-4 0.0 
0.16728728317601255 0.2512474205215306 0.0 2.3856760757974218E-5 0.08350518225526386 
0.16656887206239057 0.2496329638669745 0.0 0.08500817567439327 0.0 
0.1661914867939775 0.24960165277890156 0.08342990483714104 9.806320283616027E-4 0.0 
0.16644025236287413 0.33070131876332026 0.003134731024253822 0.0 0.0 
0.2503907071092035 1.7510334760375364E-4 0.0 0.0 0.24973257100539759 
0.2508830676714923 6.94528244652498E-5 0.0 0.08367787227424012 0.16673802979137853 
0.2467331562131672 0.0011423213262771376 0.0 0.1655907818365775 0.08706069247950658 
0.25049367181431514 0.0 0.0 0.2497155921759544 0.0 
0.25131567356707063 0.0 0.08226679181976451 0.0010337633273797737 0.16827639247183093 
0.25699517049641557 0.010149168852047984 0.07988993561708557 0.07658248548989281 0.08442354639464589 
0.2548376831910543 0.0 0.08033660575687888 0.16396916966495056 0.0018467275520448237 
0.25125559517010676 0.0016865776319951794 0.16737075718530253 0.0 0.0835358092409803 
0.24794373040933523 4.0405067734478707E-4 0.1686995030639483 0.08386625046459185 4.952776911492481E-4 
0.24992936822522022 0.0 0.25036354641301334 0.0 0.0 
0.2513714393157715 0.08204628364224888 0.0 0.0 0.16767215909503103 
0.25328541138620064 0.07968508551391168 0.0 0.08378425425715899 0.08425762324859079 
0.25159883155508667 0.08392485239876477 0.0 0.16657105812763062 0.0 
0.2539873667613503 0.08191595616856573 0.08346246762906102 1.4823012835502884E-5 0.08155235522973549 
0.24360795005567612 0.08125936485961768 0.09182518471418996 0.08325740889779587 0.0012488652093974029 
0.2515610646610553 0.08398721880623104 0.16517460265047912 0.0 0.0 
0.24906617657887423 0.1681550553034248 0.0 0.0 0.0843519342482206 
0.24803576235375233 0.16854449083996623 0.0 0.08341417251964567 3.066067126446705E-4 
0.2488279479496843 0.16799421713235504 0.08372352420007714 0.0 0.0 
0.25003914440642905 0.25017849021549504 0.0 0.0 0.0 
0.33347788865855205 0.0 0.0 0.0 0.1667478903759386 
0.3342829728489143 2.2608744565301374E-4 0.0013316318029991893 0.08072335119026616 0.08421906677918262 
0.3332863537022792 0.0 0.0 0.16688857010844582 5.553057167548005E-17 
0.33230494672877425 4.700569987981685E-5 0.08500734188572463 4.370282470783785E-6 0.08294965246708849 
0.32950680390145587 6.236164133182016E-7 0.0822719142920293 0.08639239000000722 0.003223480100143411 
0.3333504997257458 0.0 0.16698078972279495 0.0 0.0 
0.33366313585440055 0.08398247492638408 0.0 1.8725232321307008E-4 0.08304907831340999 
0.3343415682766876 0.08347040012736756 0.0 0.08282043395856102 2.7641935060295425E-4 
0.3132272991953191 0.10420324130336432 0.08375845331574373 0.0 0.0 
0.33421107104525605 0.16609410394177124 2.2544894709031102E-6 0.0 0.0 
0.4172418166158821 6.020013381075993E-5 0.0 0.0 0.082937400160693 
0.41675832594072854 0.0 0.0 0.08344982901254533 5.553426107343928E-17 
0.4166049292200411 0.0 0.08359279240445415 0.0 0.0 
0.41423999975504155 0.08577973330540001 0.0 2.2418494113443852E-4 9.085021526039767E-5 
0.5001717267748002 0.0 0.0 0.0 5.553021673319061E-17 
