0.0 0.0 0.5023468965542506 
0.0 0.041660843831893606 0.46325110870450803 
2.4622571844993534E-5 0.08401711353220084 0.41891975027634704 
0.0 0.12590617284291783 0.3764817939931305 
0.0 0.16836691188954342 0.3363340354556719 
7.533996775967302E-5 0.20929719876479513 0.29281409329493513 
0.0 0.2516902934826156 0.2516596164149941 
0.0 0.2934222037127272 0.20889711072053618 
0.0 0.3347507808126929 0.1680457380661741 
0.0 0.3756722339317855 0.12605019615068813 
0.0 0.4184914269592279 0.08366621137561524 
0.0 0.46065554345689336 0.04197864858298087 
0.0 0.5023458162866419 0.0 
0.042300125696511474 1.2758941684652632E-4 0.46358846868507164 
0.03895026831858715 0.04616661265005673 0.4242789853310668 
0.041525763579717004 0.08547564807818513 0.3769899503136982 
0.04358745670074737 0.12497099424540872 0.3340355878509874 
0.04209427980550709 0.16770487457857006 0.2934107287273664 
0.04336786907185128 0.2119674677036987 0.2508681039565721 
0.038513990198572205 0.2551993325913879 0.20910436815824907 
0.03574948236289136 0.30954838950983227 0.17314939089004275 
0.03646288086929633 0.33911897849916206 0.12601987255898908 
0.04064406203643017 0.37800559010291834 0.08399765189623713 
0.04320973490942607 0.41900451925180904 0.04033279705328359 
0.04257953623629962 0.4596465777175408 0.0 
0.08616448616304243 0.009130929062257171 0.4074274230470625 
0.08354631902885956 0.04365404214939661 0.3803516467195814 
0.08417261352221003 0.0870973000697958 0.3376310971612536 
0.08568762965765885 0.1248059312551359 0.2943818781403477 
0.08493261174843754 0.16833919871244304 0.2499127503463983 
0.08160574847508605 0.2131575597121212 0.20985188798806548 
0.08486408381844249 0.25195152967246087 0.16544229362623913 
0.08691679418919993 0.2921418207006656 0.12773819955007007 
0.08498532762286815 0.3360965297623205 0.08364434164139481 
0.0836964612435583 0.37953248545402757 0.04221315784231304 
0.0872452498463903 0.41470248387585545 3.9670504434250836E-4 
0.1258949713116815 0.0 0.3764482994274543 
0.12626820331430688 0.04389547544177751 0.33584543598864725 
0.1276544800825276 0.08150091717659526 0.2939698116665688 
0.12979917194949198 0.1244603255763662 0.2518267845151153 
0.12551902272052584 0.1676450753618713 0.20871335666322752 
0.1283300293459493 0.208164159832415 0.17220248079593087 
0.12546112824562555 0.2514147613795258 0.1255920782886149 
0.1274730246078738 0.29181718492607983 0.08382590667027338 
0.12829996946891148 0.33512477875847324 0.041275200731701246 
0.12704486952634061 0.37600289857855934 2.7695090412313834E-5 
0.16774746736927096 0.0 0.3350966172901548 
0.16639967186458185 0.043012703486807816 0.2928404038713326 
0.16948136054403995 0.08538654425138653 0.2506066136423493 
0.16776592522037576 0.1282766031113094 0.21076260772493502 
0.169592097028044 0.16478095479938343 0.17132574933380834 
0.17025444462577424 0.20938125436357122 0.12713777351194144 
0.171402300862656 0.2496512491231542 0.08381941448643648 
0.17010900022385533 0.2909420809090587 0.042014693166268414 
0.16868094312992782 0.3380240530218795 0.0 
0.20929050995744916 0.0 0.2926993734680081 
0.2083982779490733 0.042897280084122615 0.251264929077585 
0.208460283185669 0.08958393945579295 0.21023465149384152 
0.21067482755851397 0.12354934654904241 0.1683489227612623 
0.20960670973323622 0.16603243755665573 0.12637602348311458 
0.20386683705695618 0.2147699481856465 0.08722692191637912 
0.21073549949514633 0.25387407908921 0.04233897215545962 
0.21004916182328962 0.29247323934464736 0.0 
0.251415893273294 0.0 0.2513852496507198 
0.25408157222230626 0.041593919572461766 0.21050130210075013 
0.24839836538717713 0.08635241542551574 0.1680457380661741 
0.2571124362733689 0.12520497639002548 0.1255399494164273 
0.2539625360127499 0.16588368280586024 0.08593329779889998 
0.24817219926693843 0.21051781817699375 0.04758357467764292 
0.24737868742011052 0.2550976288584476 3.6190352213559367E-4 
0.29527335136217053 0.0 0.2113165916177138 
0.29500615048615264 0.04166054388876775 0.1695792217273118 
0.29250330185805606 0.08380295269667096 0.12680952615764352 
0.2975225594958681 0.1278576549417387 0.08312939287990155 
0.2944066149357952 0.16461024585655984 0.0442564739777714 
0.2949174193574884 0.21089277890231517 0.0 
0.3341350739806178 0.0 0.16773665168024468 
0.3407594382406787 0.04078513231333658 0.12698967764087607 
0.33673245700602994 0.08483155567703032 0.08356774279243567 
0.3368333710118549 0.123500086522964 0.041949297515945345 
0.338033394459338 0.1646107196748824 0.0 
0.37578402124701527 0.0 0.1260877044138472 
0.3789967256539959 0.042829285549257606 0.08361967944805329 
0.3817335841175996 0.07857710071582416 0.04194722228371873 
0.37695117108902976 0.12867188149532835 0.0 
0.4190018073433225 0.0 0.08333732040723885 
0.4142756010325001 0.046324535526313874 0.04197359945953802 
0.41734677354441935 0.08473651344116868 0.0 
0.46032409354305903 0.0 0.04187548024205198 
0.4612163369438556 0.04153683160657334 0.0 
0.5020712236987297 0.0 0.0 
