0.0 0.0 0.0 0.0 0.0 0.0 0.0 0.0 0.0 0.500143544244402 
0.0 0.0 0.0 0.0 0.0 0.0 0.0 0.0 0.16681216887307437 0.33371381127560573 
0.0 0.0 0.0 0.0 0.0 0.0 0.0 0.0 0.3342249000917784 0.16686347995311068 
0.0 0.0 0.0 0.0 0.0 0.0 0.0 0.0 0.5003512185740018 0.0 
3.0538752125635807E-4 1.8439488207785737E-4 5.0844325961022395E-6 3.293303255394607E-5 6.356225175733504E-4 7.680250005401074E-4 4.4469627819652586E-5 0.16713443987990734 0.0 0.3329362693306138 
0.0 0.0 0.0 0.0 0.0 0.0 0.0 0.16669186791532872 0.16708312016999521 0.16631355705918144 
0.0 0.0 0.0 0.02291888479430451 0.021101140028313155 0.022611529418828092 1.827244833221527E-4 0.13065660700846266 0.31412633243957916 0.0 
0.0 2.728802452286411E-4 1.2235462880001073E-4 4.4639972775339844E-4 7.834109279892236E-5 2.9949832286967207E-5 2.5063917935342094E-5 0.33282456887872025 8.436802658650118E-5 0.16639216532456796 
0.0 0.0 0.0 0.0 0.0 0.0 0.0 0.33351017833761 0.1670622886257789 0.0 
0.0 0.0 0.0 0.0 0.0 0.0 0.0 0.49997503503960006 3.130543445683491E-5 0.0 
0.0 0.0 0.0 0.0 0.0 0.0 0.16710125026812364 3.4678405508966665E-4 4.1380182537325514E-4 0.3338024373795592 
0.0 0.0 0.0 0.0 0.0 0.0 0.16627758803732684 0.0 0.1668318175999993 0.16760423823649145 
0.0 2.1259803345021155E-4 1.7656079152804957E-4 2.849275365018156E-4 1.1904256391665426E-5 5.465312431577805E-4 0.1665920329323986 7.640437578623081E-5 0.3322089529984759 3.662551012394604E-5 
0.0 3.873217060874369E-4 1.520618208478034E-6 6.378621112368736E-5 0.0 1.1674445022434715E-6 0.16625402467497782 0.16793052461204971 0.0 0.16673403213752444 
0.0 0.0 0.0 0.0 0.0 0.0 0.16528209621448417 0.16670252882379305 0.16841206369732364 1.255543794673043E-6 
0.0 0.0 0.0 0.0 0.0 0.0 0.16798047344836428 0.332510494300968 5.9997281733006406E-5 0.0 
1.2206032084346401E-4 1.4102457403640168E-4 1.1869995702563004E-5 1.0786441000190626E-7 2.2154534564563305E-5 5.619705713196292E-8 0.3331887522609386 1.0502533492933137E-7 4.499531740419295E-5 0.1667847151650798 
0.0 0.0 0.0 0.0 0.0 0.0 0.33330397377893983 0.0 0.1669589964094267 9.938514936872932E-5 
0.0 0.0 0.0 0.0 0.0 0.0 0.33361957290957506 0.16643668759765726 0.0 4.290859651836093E-7 
0.0 0.0 0.0 0.0 0.0 0.0 0.49996564415629197 1.2949691100965198E-5 4.273993583595474E-5 0.0 
0.0 0.0 0.0 0.0 0.0 0.1668419158812538 0.0 3.4624586025175483E-4 4.131596216644462E-4 0.33328438948766975 
0.0 0.0018062817533243286 9.095633533908094E-5 4.702484669269348E-4 0.0020919944205097375 0.16942633679731156 0.0 0.0018770187859820614 0.1656267225123226 0.16852097844412847 
5.822116758438877E-5 7.036991285945941E-6 4.7329234145792374E-7 6.593763172958726E-5 2.3282183581018127E-7 0.16665462255074273 2.3411143082146442E-4 4.3260285331501305E-6 0.3334919506416173 0.0 
9.540138336656515E-4 8.83779410837061E-4 0.0 4.527339147906138E-5 2.217130530371529E-4 0.16691797122384064 3.507710332801182E-4 0.1660694877366261 1.1981312696048005E-4 0.16494232130023723 
0.0 0.0 0.0 0.0 0.0 0.16561422109324098 1.8785431156021344E-5 0.16705645485324574 0.16874851104304983 0.0 
0.0 0.0 0.0 0.0 0.0 0.1674477247122874 5.965148723883148E-4 0.3326367167664089 0.0 0.0 
1.2364840792281995E-4 0.0017320546468286221 0.0011306004856397325 1.5566762381476085E-4 0.0016408955972800753 0.166091469193499 0.1644236777318829 0.0014373872186940705 0.0028444682309022593 0.16569553541215712 
0.0 0.0 0.0 0.0 0.0 0.16712540546047924 0.1669432324184477 0.0 0.1673964520361045 0.0 
3.002276631080589E-7 2.1305785457572478E-4 1.0377327560391668E-4 1.855442929294331E-6 0.0 0.16700361842535733 0.16736319880175912 0.16699035742559573 0.0 4.615989037132031E-5 
0.0 0.0 0.0 0.0 0.0 0.167332984435393 0.3389326318610076 5.280051431121908E-6 0.0 6.268407651305999E-5 
0.0 0.0 1.57031093033637E-4 1.0391480966702814E-6 1.7006992648556186E-6 0.3330998499420716 9.606201182762165E-5 3.952823743859239E-6 4.497825017225194E-5 0.16702261463530624 
0.0 0.0 0.0 0.0 0.0 0.33387717724874216 3.706781295784081E-17 0.0 0.16730051417614553 3.670370885395144E-5 
9.892196439366287E-6 1.0580774666138767E-5 9.957660148933952E-6 4.9829523046106976E-5 0.0 0.334097543447024 3.405600173214625E-4 0.1669068135959789 0.0 4.613679697793063E-5 
0.0 0.0 0.0 0.0 0.0 0.33284375798394783 0.16695867683930765 1.2945463789604268E-5 1.7729097648810452E-4 3.754375175659965E-5 
0.0 0.0 0.0 0.0 0.0 0.5002306023987498 4.4827867665357764E-6 8.680718162578819E-7 0.0 0.0 
0.0 0.0 0.0 0.0 0.16611090844898463 0.0014092830258525771 6.136432845707314E-4 6.39918127236566E-4 0.0 0.3315406319754989 
0.0 3.207151380435983E-5 0.0013219021193227125 6.445782478723983E-5 0.16426490814109307 0.003236215786602975 0.0 5.333070170490422E-4 0.16523723856329675 0.1661554562176924 
0.0 0.0 0.0 0.0 0.1671239620971316 0.0 0.0 9.017958076133086E-4 0.33245587986221314 0.0 
1.4352775892597011E-9 4.37948071987278E-7 5.6909112588198895E-9 5.963590738999168E-5 0.16895319880461807 7.12984796687497E-4 0.0 0.1666160393495996 5.234110199910582E-5 0.16673553833252877 
0.0 0.007311130912129806 4.899221507819309E-5 0.001760999073656552 0.16847788136971936 0.002771057436804118 6.576729112645235E-4 0.14769287549338095 0.176946262881599 3.7140456230570494E-5 
0.0 0.0 0.0 0.0 0.166470573091354 1.9046874574069758E-4 5.91718375940717E-4 0.3310700156392446 0.0 0.002675632383983544 
7.121518147708019E-5 0.0 0.001434038957300471 0.0015426124099489924 0.1674854709070213 0.0014351496738912006 0.1607692804028351 0.0 1.029767410199336E-5 0.16785198409304994 
0.0013754343566365625 0.0017803433992451291 1.8199792132047334E-5 0.0017378154453160932 0.17143736692941933 0.0 0.16486466801939112 0.0 0.16161607449748694 0.0 
3.29651814793114E-5 0.0019468992022653924 5.1695404211957605E-6 0.001086845310248232 0.16880500898581555 0.0014485444486762823 0.16203785676548768 0.1645636187846641 5.725507967567422E-5 5.187609707409015E-4 
3.8080843220484196E-7 1.5497860540376087E-4 1.5951153302600746E-4 2.3944582253268397E-4 0.168141968110442 0.0015328414767886856 0.3291110263632113 0.0 0.0 0.0013658262573967906 
0.0 0.0 0.0 0.0 0.16583612346822493 0.16783155589104343 0.0 5.961456332507886E-5 4.019363320858029E-5 0.1667699144733861 
3.898390829004739E-4 0.002445095181397881 1.4707070720516513E-4 0.0 0.166046657578937 0.16659263848679157 0.001210840404066807 6.829022799514692E-4 0.1642245364240852 3.674485873024582E-5 
3.253086352539889E-5 3.613733982608771E-5 3.0968008287146284E-5 6.53740246933803E-7 0.1648745737444369 0.16695993296280695 0.0011705888950328622 0.1674144885781587 0.0 0.0 
0.0 0.0 0.0 0.0 0.1650778673194572 0.16706417598279308 0.16387645775071932 8.862088889824497E-5 1.648755235248102E-6 0.004664059226597819 
4.573857758348094E-5 4.997194486212377E-5 2.7259027920804033E-7 1.3859489474753967E-6 0.16559942479977244 0.3341379232770589 2.6805834829980176E-4 0.0 0.0 9.909104557548073E-5 
0.0 0.0 0.0 0.0 0.33341883210615203 3.641910766631561E-5 4.239009328230812E-5 0.0 4.016597417930519E-5 0.1666551526671396 
0.0 0.0 0.0 0.0 0.33329069239989073 0.0 2.97517351392503E-6 8.593136204945928E-6 0.16695813829683687 0.0 
0.0 0.0 0.0 0.0 0.33429359332036923 2.798999132927002E-5 0.0 0.16678526660038187 0.0 0.0 
0.0 0.0 0.0 0.0 0.33382793253912507 6.311930044550405E-5 0.16650358772890608 5.633880392491742E-8 6.490774832996997E-5 2.768744908850616E-7 
1.8212580639353048E-4 1.0672850330334522E-5 5.491040935145053E-7 2.791846586282865E-6 0.33358240912106746 0.1660068105722304 2.680318779886705E-4 0.0 4.6826498784339205E-5 9.9090538767654E-5 
0.0 0.0 0.0 0.0 0.5002388344522198 0.0 4.4654632272577085E-6 1.2897511204104457E-5 0.0 0.0 
3.4407392809899074E-5 3.9481673116211364E-4 2.5417359738655203E-5 0.16640318333578966 0.0 7.53496346493502E-4 3.328756529122487E-4 0.0010853806267974763 5.749358068238004E-6 0.33205447005938 
0.0 0.0 0.0 0.1689551937600369 0.0012778946505491863 1.4084589541708867E-6 2.44645184496178E-4 0.0 0.16556904098131578 0.16512871534326645 
6.508808343683668E-4 3.6836538921914904E-5 0.006612781102284368 0.1654728451207256 0.0017630302462853717 1.5758041269080256E-5 5.032442750060677E-4 0.0 0.32794324701219696 0.0 
0.0 0.001217147629822133 1.576454628259448E-5 0.16555901814286442 2.786515197941563E-5 1.8520717789510652E-17 0.0 0.1666122576308656 5.192663858207445E-5 0.16866535171961453 
0.0 0.0 0.0 0.16641484615923158 3.829088219562857E-6 0.0 0.0 0.16763925849285236 0.1667789339750446 0.0 
9.23758967494308E-4 3.5561065727917264E-5 6.806885620427369E-4 0.16523971704653823 0.0024793022607814304 0.0 0.0026976733437871336 0.32861538434679044 4.931833221944594E-5 7.12944873654089E-7 
0.0 0.0 0.0 0.16687282928371572 0.0010516856636597542 0.0 0.16757190901897878 1.4141104864206475E-4 3.413794867915844E-4 0.16562836307740003 
0.0 0.0 0.0 0.17260002272257718 2.911506445602554E-4 4.232384414143203E-5 0.16167144555527818 0.0014442902482950275 0.1695582575675487 0.0013603652288233493 
0.0 0.0 0.0 0.16737782559835654 0.0 0.0 0.16741843257081543 0.16704546814827975 0.0 4.617512421449902E-5 
1.5891277029108455E-6 4.848925523809942E-4 0.0 0.16678488227740831 6.189897233614029E-4 2.7070964374318364E-6 0.33383178786127965 2.2454721560209473E-4 0.0 1.153684680014246E-5 
0.0 0.0 0.0 0.16646697274765648 1.0988004414407511E-8 0.16956331004485328 0.0 5.831058788486534E-4 6.674770775334854E-8 0.16775575043925217 
0.0 0.0 0.0 0.16693876110428227 0.0 0.16694152350958277 3.706815794467134E-17 0.0 0.16730207122711582 3.670405045209754E-5 
4.898616808081979E-6 3.2378256045831383E-7 2.1480442312245257E-4 0.16828736247463572 2.920184609312072E-4 0.16611550938029357 8.097076591958887E-4 0.16645056986213413 1.0957439300461947E-7 6.106293349682084E-8 
6.993837905753179E-6 0.005478541899090271 0.0 0.16717527720650419 0.0015311512160336282 0.15406083738533435 0.1680597373115511 0.005810888947780209 9.951583086771142E-8 0.0 
4.095052448407315E-5 0.0010626353417921696 0.001719453696142936 0.1654621702285614 7.582675132736072E-4 0.3279777046755935 5.891856386418282E-4 0.002977065627479736 0.0 7.5187170150475695E-6 
2.0814867611056513E-5 0.0063481056761229265 0.005062786627234135 0.16259468938309996 0.158713340047237 2.876403281926904E-4 0.0010256200210535063 0.0 0.0032328736062609315 0.16317706353926717 
0.0 0.0 0.0 0.1655963417414268 0.1651852764191868 1.3488242313688166E-6 0.001200333795793815 0.0024467945450620727 0.1662292891662232 9.846497943150627E-5 
2.862246228408376E-4 7.74849034572285E-6 0.0 0.1690727521122539 0.1655116054673096 1.1670766679253916E-4 0.0011858125182435037 0.164964798263582 1.151633713663117E-5 0.0 
0.0 0.0 0.0 0.16781336738126387 0.16603234210237447 0.0 0.1664947773016934 0.0 5.074437034306823E-5 3.777428309869073E-5 
0.0 0.0 0.0 0.1657196228803176 0.1683024873294254 0.16051678378556486 0.0038088608450983436 0.0 0.0010890690735591252 0.0024855928291622137 
0.0013378330894105502 0.0019450312591590658 0.002343174587015845 0.1618406470535258 0.3321921904791556 5.801028085997104E-4 0.0 0.0011410594439873244 2.7414072402270076E-4 3.420358329870781E-7 
0.0 0.0 0.0 0.33627345035280115 0.0 0.0 1.425261021679822E-4 5.837751453969595E-4 6.678997319320521E-8 0.16794498048748682 
0.0 0.0 0.0 0.33378702199769356 9.201548716716157E-6 1.0736621562166802E-4 4.969964710734982E-5 0.0 0.16672669013277838 0.0 
5.606830288650373E-4 1.534426519950171E-5 0.0 0.3334580736373526 0.0 8.354921212837978E-6 9.563353914419886E-4 0.1660907052597866 4.6884471967495116E-5 5.875053597097877E-7 
8.108467313791245E-4 9.78538426901974E-6 4.5066381774301324E-4 0.33257980099391776 3.89439127487734E-4 0.0 0.16669168431643225 0.0 2.1381622363907837E-4 0.0 
0.0 0.0 0.0 0.3367911093093769 0.0 0.1675051260739214 2.704510336627868E-4 0.0 4.724913728198062E-5 0.0 
2.869781488877808E-4 7.768889322030477E-6 2.87179437085488E-4 0.3346833648787503 0.1666876421227381 9.490792989262498E-5 5.694671085319704E-5 0.0 0.0 0.0 
0.0 0.0 0.0 0.5001851429014198 0.0 0.0 1.5780180618004054E-7 0.0 0.0 0.0 
1.8755752318348683E-4 1.9412481530770885E-4 0.16621909659524423 0.0016207959884004966 5.782514903051923E-4 1.3343101451170994E-4 5.348339810058486E-4 0.0016436828084979143 5.723613802352288E-4 0.3295252476304713 
8.488646782646302E-4 0.0 0.1622930546384 5.637818300097006E-4 0.0018873892212069796 7.940974082728592E-4 5.150128471628263E-4 2.8801260759797883E-5 0.16748740937869305 0.16944019357607687 
0.012729492775790496 0.001538569792643054 0.1617408117083237 5.75583441709331E-5 4.56639418681774E-4 1.5937410597597138E-5 6.406186547348926E-4 0.0 0.32344755687004906 3.16492467349093E-8 
0.0037206518014276635 3.156175449000446E-5 0.1638990396653637 0.0 0.0 0.0 1.4461009235573431E-5 0.1688954437744741 1.551094920986384E-4 0.1669248673864244 
2.3308145928804466E-5 0.006791061948162639 0.16929247161405153 3.0696780311091686E-4 9.19811419574579E-4 6.870543805495619E-4 0.0 0.15699535791879898 0.16808137475341448 0.0015138193330172954 
9.482080051221904E-5 0.004257530963510152 0.16801087238083987 7.813666576682101E-5 0.0 1.4267295563442273E-6 5.048123495048E-4 0.32972343464766235 0.0 3.648256296757424E-9 
7.323862973022357E-4 0.012820152687198487 0.15316260257122935 0.0 0.0017012105626853968 0.001446851037833333 0.16371471731540793 1.910406474214627E-4 7.058966558956973E-4 0.16664287868672373 
0.0021552304543964317 3.2909073626067157E-6 0.1668360777336499 0.0 3.066552210622896E-4 0.001417497862622235 0.16447388097605023 0.0 0.16855973687652961 0.0 
0.0 0.0 0.1686226999067784 0.0 3.0598037802876754E-4 0.0014512524069992786 0.16421274295174618 0.16823985714280745 0.0 1.1557144893086381E-5 
0.0 0.0 0.1690168195779533 1.1241733340158812E-5 5.476215103883293E-4 0.0 0.33717744564352037 0.0 2.6278050183197366E-4 0.0 
0.0 0.0 0.1656813529905837 0.001092644642314827 2.176130782690981E-4 0.16694163142702376 0.0012263461146605793 3.974213869478433E-6 4.522164337257125E-5 0.16792643300409782 
0.0 0.0 0.16720582367881165 0.0 3.7991510938374237E-6 0.16464136853891992 0.0013118603010328763 0.0 0.16796546190315953 0.0 
0.0020269483269952124 0.001957672624604843 0.16389290524698488 1.1291003959783642E-4 2.847382976148364E-4 0.16559961142836083 8.071929841688442E-4 0.16593363132695305 5.0772273278434774E-5 3.685485863697006E-5 
0.0 0.0 0.17919377742210593 0.0 0.0010551470268253206 0.15626609966805222 0.16676074070261412 2.8881515729941643E-4 2.3248939447261915E-4 0.0 
4.529207405150399E-5 0.003719789200891794 0.16567576273993784 9.280997268672622E-5 8.281677644277075E-8 0.328928904852608 5.534047016830272E-17 0.0015762638768200003 0.0 0.0 
0.00316060769566584 8.887199953363999E-4 0.1649173848529027 0.0 0.16512069786110717 1.1643202500583461E-4 0.0012057265565624832 0.0014549380861915635 7.741153174654749E-6 0.1645703215995139 
0.0 0.0 0.16670235312331874 0.0 0.16758182662779822 2.5886931429657613E-6 5.3517333850649E-5 5.797165108100668E-5 0.16750714618982643 0.0 
0.0 0.0 0.16509490774486232 5.855740421653874E-4 0.16804840486363126 1.4995199239628537E-5 2.0452294376118002E-4 0.16659909651227664 0.0 0.0 
0.0 0.0 0.16749058118713625 0.0017182412709183298 0.1726715276117708 5.26506859108068E-6 0.16572192049438117 1.9385873725953548E-5 1.1431534438276992E-5 0.0 
0.0 0.0 0.17538627987070682 0.0017992411411479785 0.17309765560751617 0.1539893642912641 0.001804244175746208 0.001516263535922159 9.996065934167865E-8 0.0 
5.930554968910422E-5 0.005652567914386933 0.17136271556891675 0.02912295484701309 0.3083943970288621 0.005531177984453989 0.026905715318738907 0.003276166077494693 0.01942931249121203 0.001919836459629033 
0.004775341928285047 4.319059699172206E-4 0.16971300583922133 0.16556296187205705 2.1854901283853393E-4 0.0 0.0 1.5248125103680727E-4 0.0013443013419201274 0.16820404075352913 
4.199709976940566E-4 2.739110444175976E-4 0.16636375602346987 0.16655061662926615 2.2020518032886356E-8 0.0 6.660355510199859E-5 0.0 0.1673035243012044 0.0 
0.0 0.0 0.16749134033623336 0.1642918501760232 0.0014371214863134472 1.7865127274207188E-5 8.45015748233917E-5 0.16760676900444782 3.497009132882066E-5 3.2829251105772557E-6 
0.0 0.0 0.16526059174451008 0.16210371428388665 0.0046492370465458935 0.003301808499061187 0.16461135208166786 0.005310889513020183 2.2709406390068832E-4 0.0 
0.004688377601113007 0.009639972245386886 0.17085265345492484 0.13387291674200674 0.009686126260380273 0.16620936278082332 9.52730157902486E-4 2.6415215600368636E-6 3.1631049881498767E-4 0.0066382028717923884 
0.0 0.0 0.16771623933326235 0.16451245305764356 0.16689176436578182 0.001811536764330824 0.0012110791461781305 0.0 0.001195283085971835 0.0 
0.008232282699808283 0.009211414770657048 0.16667017246952784 0.3011708780068879 0.0 0.004119765738030642 0.005751788330585714 0.002124865085959176 0.0 0.003572524716002974 
0.0 0.0 0.3336511221798266 0.0 0.0 0.0 3.4752582040386903E-4 9.781074143527644E-5 7.851986962197804E-5 0.16654096772115357 
0.0 0.0 0.33326770680183077 0.0 0.0 0.0 5.905433950094418E-4 6.783362796982742E-4 0.1660880022859884 9.53078760410267E-5 
0.0 0.0 0.3326793493492808 0.0 0.0 0.0 3.3996100631394503E-4 0.16745422436411883 1.1762206891821088E-4 1.1115356563809617E-16 
0.0 0.0 0.33503734949971603 0.0 0.0 2.788388239634996E-4 0.1661666550584538 0.0 2.3152828302909725E-4 0.0 
8.291842605331011E-5 0.006616642767611236 0.32391029806164 0.0 0.0 0.16982258844308837 0.0014596898311353002 0.0013947207713823065 0.0 0.0 
0.0 0.0 0.33169673737550376 0.0013541074110948266 0.16742730467636818 0.0 0.0 4.355078978964936E-4 0.0 1.0241985198243044E-6 
1.6351476694420304E-4 0.009420238647840789 0.31253853285517247 0.1729698169602274 0.0 0.004905891171726386 0.0015163119555812285 0.0052760886404427864 0.0 0.0 
0.0 0.0 0.49965888903879896 0.0 0.0 0.0 5.105953797961675E-4 2.8200712952830976E-4 1.1761688829772232E-4 1.111486699204403E-16 
0.0015639490671492218 0.16585064360590307 0.0 0.0 2.810088924093854E-4 0.0 0.0 1.8880637138349553E-8 0.0 0.3334719083689504 
5.520621417424943E-4 0.16845142180335804 0.0 0.0 0.001278259893947708 1.408861515003956E-6 2.4471510813078975E-4 0.0 0.16561636334798505 0.16503301261512032 
0.0038245830758471587 0.16260179373467076 0.0013075740905009934 0.0 0.0013203752575234658 1.3663681275852816E-4 0.0 0.0 0.3347613554062746 3.690690844082898E-5 
5.528104610439874E-4 0.16867975742134034 3.274924635446137E-5 0.0 5.83460761011679E-4 7.041394712342565E-5 1.8864819910299638E-17 0.16680543122132507 5.208177392567342E-5 0.17033070498829242 
0.0024804184936229835 0.1603026579521278 0.007900409924070822 0.0 8.840301286409565E-4 1.3193366612954505E-6 8.319204150600507E-4 0.15860660032835266 0.1660701758383861 0.0070777872199444675 
0.0037398264266055212 0.1679212443199601 0.0 0.0 9.019016869790084E-4 6.685711683368053E-4 0.0 0.330264771423021 7.240859397686498E-5 3.8014150411257016E-5 
0.01127809345040933 0.15798241559520942 0.0 0.0030114259010013975 3.145912720614334E-5 0.0043596352425357 0.16515809710860305 0.0 0.0019682919160175227 0.16162119601041508 
5.241060590309003E-4 0.15992114681301664 0.0 0.0 9.469887290629165E-4 1.3353123645888068E-6 0.1675987073399609 0.0 0.16726864506401545 0.004192484418705308 
0.001049437742802693 0.16514606659769893 0.0 0.0013346662141817793 0.006290814237547437 2.2498166422417576E-4 0.16282173119135854 0.167040177040922 0.0 0.0 
0.0 0.1686915656987105 0.0 0.0 0.0 0.0 0.33541950282876765 0.0 2.614104425322748E-4 6.161973760079719E-4 
7.861786765601452E-5 0.16625984749973416 0.0 5.770309617814633E-4 3.872523261170147E-8 0.16670409888589235 1.1377510834778308E-5 1.7639941313029754E-4 1.5031369054244772E-4 0.16643269599788307 
7.876517666924463E-5 0.16657137431679483 7.55681085773612E-4 0.0 0.0 0.16719376335353775 0.001023847913457364 1.7281542410297517E-4 0.16690833830032864 9.032822617968084E-5 
0.0031964267543864934 0.16526673255119348 0.0 1.1263778573760103E-5 2.855586394966466E-4 0.1660767102169823 8.095185379042E-4 0.166411692439626 5.091855013179067E-5 6.105484940214061E-8 
0.006438300185751272 0.16306936045735454 8.739150693682945E-4 8.463407641310063E-4 0.0014078006967633344 0.1637950804554446 0.16671900208606666 0.0 2.2646002650245683E-4 8.055623168633463E-5 
0.0018462395470569526 0.1664619075546005 4.613365787261285E-4 4.0133975900487497E-4 0.0 0.3282247813079883 0.0014560855078231136 0.0015528212523327838 9.917515888551993E-8 0.0 
5.515858162481823E-4 0.16830608000088484 0.0 0.0 0.16501413325229777 4.154654891645739E-6 0.0012045436134904366 0.0014535106407065571 7.733558298795236E-6 0.1644088610090168 
4.018066951248216E-4 0.1657385925766547 0.0 0.0 0.16872982183611615 0.0 5.29239991575763E-5 1.4057864562267802E-4 0.16784049231904744 6.967093066542799E-5 
0.0 0.1637445099038752 4.6635584607584426E-4 5.653509756220767E-4 0.16881688395480401 0.0 3.039741407327087E-4 0.16657348918213802 0.0 3.3510112489057046E-5 
0.0 0.1647367981427956 6.489715256575612E-5 0.0016904170297750852 0.16859075927324957 8.5433048021305E-6 0.1660552681086742 8.689440633920046E-5 2.599182986948941E-4 3.785749249764259E-5 
0.0 0.1627508373185884 8.489844284580972E-5 0.0015974468861681987 0.16650587661557856 0.1662775960147045 0.002427475001125461 8.41751913876494E-4 0.003142977046234613 3.59182948073898E-5 
0.0032420358649006983 0.1574444307654444 0.0 6.576887736737964E-4 0.3376990278659916 0.001832234397400115 5.514578012069291E-5 0.0032053892022220706 0.001245833540452812 0.0 
1.1821451296536531E-4 0.1635041137379425 0.0 0.16617095369702248 0.004276186122629029 8.552208414239663E-4 9.096543190070325E-4 0.0010613153703734348 0.0011269012026513606 0.1644642287592344 
5.044586820962189E-4 0.165877881854114 0.0 0.1658773686339793 0.0 3.801578194308613E-4 0.0 0.0 0.16679266579258537 0.0015050933562584157 
0.0 0.16596708254728063 0.0 0.1662228688889176 0.0 3.800780055162919E-4 3.6911515354465184E-5 0.16592987138656298 2.243837914668069E-4 0.00270919405797135 
8.908039605901761E-4 0.16759590779541464 9.667627424263059E-5 0.16647032818302196 1.6567532231930512E-4 0.0 0.1661186872028669 2.8770317625553983E-4 2.3159427594084527E-4 1.1534731812517398E-5 
0.0 0.1661564465834313 0.0 0.16067970811666007 2.428933459950266E-4 0.17496303095668947 0.0 0.005892727700695028 0.0 8.2464062199124E-5 
3.7674461697608837E-4 0.16704032670770533 5.830158589029978E-4 0.16479087872672163 0.16540011915317357 0.0012849619451961772 0.001209127467205329 2.911315626073593E-4 6.49955836847787E-5 0.0 
0.0027703970262781823 0.1636175964571718 0.021280427549745677 0.3073031194361442 0.0 5.163169820539869E-5 0.005773305870953503 0.0 2.230396659661499E-4 3.907431126981606E-5 
0.0 0.16591845796123425 0.16968984855720134 0.0 5.688451081106097E-4 1.0813204584861191E-4 5.184730425554263E-5 0.0010618720350910322 0.0011285848676286926 0.16572299185521816 
5.478516875092179E-4 0.16708347476125332 0.1692014102212723 0.0 5.718661853196989E-5 2.912280002663006E-4 0.0010384123451715774 1.5137034070018913E-4 0.16464098654303022 3.217523460628343E-6 
3.0137371152651296E-4 0.16355912106312848 0.16931617965462464 2.2408592951498062E-4 0.0 0.0 0.0016088061525336966 0.16773133546438043 0.0 3.700756735257839E-5 
5.759060473377909E-4 0.16986696009721955 0.16515487511413185 0.0 0.0 6.0480889042707166E-5 0.16690184023762908 2.2480751422964817E-4 2.2699680271652187E-4 0.0 
0.002743641906230495 0.14794917772884647 0.1593591548371584 1.9783782010890025E-4 0.002336478413686769 0.1835634609369419 0.008795605067097123 0.005023421720562017 0.004339032753442135 0.006604372057309564 
8.320477988573258E-4 0.15654152018619563 0.166722552829354 0.001326523538172121 0.16359254773702664 0.001795416681031026 0.009473532439286282 0.0031968238242192954 0.0012442149184604299 0.0 
0.023297608134893937 0.14086625684566784 0.1678953730007843 0.14893551315806877 0.0 0.003690417679861161 0.006205925596400396 0.004697323707816988 0.0034346853875464917 0.012407825445861548 
0.011558274239130136 0.15492973741390792 0.3080108231514507 0.008391403431232833 0.0 2.8356155046985117E-4 9.858643931874229E-4 0.010884959454010837 0.008243702667065004 0.0 
0.0 0.3294902537095694 0.0 0.0011430072868336349 0.0 0.0011450544924365815 3.3811470316730816E-4 7.299278701471135E-4 0.00110193233127732 0.16642799434615801 
0.0 0.33400266096437414 0.0 0.0 0.0 9.57530098217275E-9 6.668229424800512E-5 5.79246737026443E-5 0.167371406626812 0.0 
8.978467619109647E-4 0.3330434488644809 0.0 3.374483987278794E-5 0.0 0.0 0.0 0.16721337283746737 1.2063606431915436E-5 1.151963358463883E-5 
0.0 0.3340792839273477 0.0 1.2187580428543976E-4 6.010857254667431E-4 3.274849075700817E-5 0.16592819815524515 3.2514901689552296E-5 2.2550862706374936E-4 1.1687611436734592E-5 
0.002711905233781809 0.3319515265113991 0.0 1.0804866309877454E-4 0.001975906504452144 0.1637782165402346 0.0 0.0 5.0763144815626886E-5 0.0 
2.432204158949031E-8 0.33167054767464316 0.0011666646206324913 3.113516609208351E-4 0.1660837456526786 1.739862975306346E-4 5.273308759361054E-6 2.903910181940533E-4 0.0012348762061460484 0.0 
0.001723614291200671 0.3242808907490081 1.8705867427243572E-4 0.1751548945060566 0.0 0.0 0.0 2.877079849938197E-4 2.3159814686182225E-4 0.0 
0.0 0.3324427793782108 0.16668951641170368 2.262694583665057E-4 0.0 6.555523556171911E-6 8.54685901075704E-5 5.2737755456083E-4 0.0011123184236827915 0.0 
0.0013402749086384423 0.4971558588120612 6.242904098235741E-6 0.001187981600325143 9.03472497827097E-4 0.0 0.0 2.0721947833146107E-5 4.3067164337282483E-5 0.0 
0.16578115102659363 9.91230588865955E-4 9.694161738509696E-5 4.049747334173169E-4 0.002168922384988964 0.0010502285086335993 5.397734666223319E-4 9.815093525785577E-5 5.724269381822214E-4 0.32956299126493527 
0.16524523431455365 0.0 0.0 0.0 0.0019051387454226492 6.395979390258015E-5 4.587319494512339E-5 2.8863039499532542E-5 0.16784667007769974 0.16862378941620237 
0.1690435903312108 0.0 0.024899514886429584 0.023488126107965062 0.00983385216003561 0.0020589938452048456 0.012929451878421424 0.004674412629809425 0.27174947977357944 0.0 
0.15915446979382114 0.004308528247626752 0.0038128998822155756 0.010470179855472956 0.0016650705570715036 0.011544500949175205 0.006514037631980694 0.1503852111911484 0.0015644926330173421 0.15672269532653207 
0.1637760007446891 0.010651305948874316 0.0 7.71070293074167E-5 0.0014285256429485975 0.0036092738250237777 1.558697789893413E-4 0.15923989893671275 0.16846994511330818 0.0 
0.16337501905651558 0.0022747804845757616 8.563430485600869E-4 4.9480467692066506E-5 0.0037710358568955864 3.829674867299932E-4 0.0029048652689068685 0.32659290657123274 3.556003141661993E-4 0.002485584546108972 
0.1545417336910706 0.0 2.607142309935984E-7 0.0019786574659855292 6.779704285461809E-4 0.003945837800340037 0.1735473061113053 1.415395265280966E-4 1.0362527483888894E-5 0.16890909356442096 
0.16219359840612807 8.856639143581342E-4 0.007346293080767586 0.0 0.0010387794124209998 0.0014356085493613562 0.1665752844516184 0.0 0.17071334336292832 0.0 
0.16287045510224601 0.003705546777650283 0.0 0.0 0.0027395335324741196 0.0015228200304692025 0.16587051143758014 0.16206063643208002 0.002841396756210794 0.0024929477286548167 
0.16908789185988102 0.0 0.0 2.5199337094845733E-4 0.0 0.0 0.3367085952278856 0.0 2.624151015090978E-4 0.0 
0.16353659325707978 0.0 0.0 9.608527501796289E-4 7.125219747743236E-4 0.16514517505408674 0.004335775716731041 1.4153916814194868E-4 1.0362501245378713E-5 0.16890866587696945 
0.16603868022601323 0.0 4.80568553373571E-4 0.001727375561948933 2.427137734972826E-4 0.1684389105725811 0.0012155555547915967 0.0020852897612888234 0.163667607186537 0.0 
0.1635244036739145 0.0 0.0014752319116428294 0.0010826074249280823 5.816813854267685E-4 0.1686693173796519 0.001187009687749043 0.16507019732602163 0.0 0.0 
0.16582472618201394 0.0019341133498233733 0.0010166832450878211 5.781859420714539E-4 9.712417272518263E-4 0.15462050807987762 0.16102741770284174 0.008175878826331013 9.79353306548944E-8 0.006289968608695011 
0.1681109661920531 0.0010051609063001531 9.83039921119544E-5 3.339738704768401E-6 2.9266188280858795E-4 0.3312841806541211 1.0662043350585086E-4 2.8745248379516533E-4 8.856471636428453E-5 0.0 
0.1610127457356923 0.0012942610626775946 8.205125095952162E-4 1.0194083753193714E-4 0.16867393754645452 0.0014767416249654825 0.0 0.004517562302119915 2.8221751848350415E-4 0.16637850056174272 
0.16565152916501252 0.0 1.8391014174336257E-17 0.0 0.1682333323225641 1.4773156961263508E-5 0.0012116434516575598 0.0013720007583564711 0.1672498290138596 9.90450325506851E-5 
0.16620206714545988 0.0 0.0017209327553029086 0.001101788412220446 0.16588425511998206 9.637941017514687E-5 0.0011858492771480717 0.16496991199377387 0.0 0.0 
0.1661938572858242 0.0 6.547115297470235E-5 8.37149867594802E-5 0.1684398113477718 4.4424860548983086E-5 0.16592437531043663 3.251415257382329E-5 2.596852547577812E-4 1.1688139543234077E-5 
0.16632145058828018 0.0 0.0 6.947047584107519E-5 0.16848829248795796 0.16825729398249262 1.0874542183406134E-4 2.887976474386537E-4 1.5529903011879173E-5 0.0 
0.1377950413883749 0.008074999815361793 4.154481058486892E-4 0.002112290528864371 0.3182016816731088 0.03318589778914298 2.680318779886705E-4 0.0 4.6826498784339205E-5 9.9090538767654E-5 
0.16406915486744658 0.0 0.0 0.1686941273331454 2.2667813143184507E-6 1.4655932140023918E-5 0.0016025274031018137 1.4140883759128828E-4 1.0352959360180019E-5 0.1687531332443841 
0.16722430341448863 1.1259423358496113E-4 0.0 0.16682902865640992 0.0 3.8246680385767E-4 0.0 0.0 0.1677496411604421 8.598543206390109E-4 
0.16583753111918514 0.0 3.2947723361676455E-4 0.16668822611372086 0.0014401315592418571 1.63918255221042E-5 7.245967103340118E-4 0.1684684675702187 9.97896093784497E-8 1.1180055146585686E-16 
0.16764303287496898 0.0 9.619217831586188E-5 0.16563674612338444 3.662021586908445E-4 0.001484922910696442 0.16612250528863554 2.877097888493506E-4 2.3159959892300917E-4 0.0 
0.15713298138115905 0.009470672022306387 4.744988872476454E-4 0.1682770887524931 0.0 0.16893987575062058 2.704504337699905E-4 0.0 4.7249032477733056E-5 0.0 
0.1636852504884243 8.936414835486885E-4 0.0029768850373703575 0.16435505595265132 0.16673209085736349 0.0018307648469524681 0.0012099711246117148 0.001596110845159278 3.584138712067939E-5 5.587925811214617E-17 
0.1556092750675878 0.016946100844212636 0.0037261392133647172 0.30564402969245985 0.004938768171071722 0.008031587541697645 0.0058163265477320205 5.937283453069738E-6 0.0 0.0 
0.16397482321438095 0.0020826226603216976 0.16983199571959387 0.0 5.69321622873551E-4 1.0822262677382205E-4 2.129242086704996E-5 0.0010626649486810732 0.0011294275965541044 0.16584673935781907 
0.16664744123362688 0.004568901489971498 0.16773984428624666 0.0 9.344047737197501E-6 5.249225228294414E-6 5.801637614108018E-5 0.0 0.16838646721664705 0.0 
0.165118441483058 0.0 0.1680959571408809 0.0 4.8816852051641543E-4 2.697124422666135E-4 0.0 0.1672119905306348 0.001115779339966649 1.2173491305337567E-4 
0.16031620099989666 0.001869864113066745 0.16957068671726824 0.0 0.0019534838506044634 1.0733855745460432E-4 0.16542401363980516 2.865000618201991E-4 0.0012740790736976758 0.0 
0.1633606166362282 0.002421251467844738 0.1624157151058427 0.0 0.002746755933564807 0.17252055337847513 0.005872729444117214 0.0014082693576166732 2.3702720778661659E-4 9.181571436566195E-5 
0.15972519090863582 0.00432397844546211 0.15983722311711943 0.008458516840710589 0.16523568270656305 9.408121916156904E-5 0.0028515774158904814 0.0 0.0 0.0 
0.14885593807542616 0.0029289830862559985 0.1669611781274564 0.16578748386342898 0.0 0.0 0.01794663915607816 0.007461788564739171 2.3543377361756113E-4 0.0027384272628108715 
0.1785147419511187 0.0 0.30303883525180764 0.004995361720202543 0.0 0.021940572522536842 0.0018008815218098185 2.6835091694013584E-5 3.5625456146880696E-5 0.0 
0.16131079213815078 0.1725393499099845 6.973470741909464E-4 0.0 2.2888227016276557E-5 2.572811996287165E-6 3.079798443294162E-4 0.0 0.0 0.16689278888045397 
0.16755519852191905 0.1658464495058494 0.0 7.723316957189154E-4 0.0 3.824760213307398E-4 0.0 0.0 0.16775368393692433 0.00146620438713069 
0.16633486223670815 0.16820476040491295 0.0 5.139776654584805E-4 0.0 0.0 0.0011676820904433789 0.1677329823157455 0.0 0.0 
0.16563982036384847 0.16563982036384847 0.0017079480013378605 8.747354223530277E-5 0.0027077308149632473 0.0 0.1663978820475697 0.0 2.2602383835642324E-4 8.040107108738304E-5 
0.16605211348098575 0.1681662341284016 9.518772895955135E-4 1.0821228516662451E-4 0.001978898692405836 0.1620714952941268 0.0012043767052859796 0.0 9.920066521588677E-8 0.0 
0.15881944442399076 0.16987458390578092 0.0 0.008575616104149886 0.16573757226089397 0.0 4.658594409304416E-4 0.0 0.0 4.829449512529304E-6 
0.16012670741984433 0.16204990963091767 0.0 0.16581367577339134 0.0 0.0 0.0 0.0051338117536782 0.009634951395091788 9.555737196587467E-7 
0.15297935150246106 0.14183284880911162 0.16190103845094592 0.0 5.29339325817139E-4 0.013006965524392991 0.01169420166236744 0.008108093795384649 0.008160560603799587 0.006341693065658621 
0.1651879040540726 0.3319801313593228 0.0 2.0766112771971484E-4 0.0 8.995050720541277E-4 0.0 0.0 0.0031373170587257818 0.0 
0.3341067839789288 0.0 0.0020272921512316643 6.634185848152055E-6 0.0 0.0 1.42469841645405E-4 5.835447069421921E-4 6.676360862743371E-8 0.1678786861580783 
0.3339662372197057 4.963207250565294E-5 0.0 0.0 0.0 9.575679642971879E-9 5.3473966032165877E-5 5.79246737026443E-5 0.167371406626812 0.0 
0.3333527906851245 3.700959435416757E-17 0.0 0.0 0.0 0.0 0.0 0.1669018271467877 1.1254685073855872E-5 9.909490396547918E-5 
0.33373757242270446 0.0 8.277181988814038E-5 1.6808539984329826E-4 0.0 9.673335221451735E-4 0.16598804559916788 8.685922973732137E-5 2.59813078544375E-4 1.1262562855824768E-8 
0.3301578164232438 0.004893438296791493 9.542494674506175E-4 1.0848196150970814E-4 0.001983830315112807 0.16247539442722161 0.0 0.0 3.155706452055422E-6 0.0 
0.33111808810406157 0.0040761187836476425 4.174243428437381E-6 2.107525454990433E-4 0.16482329924176348 0.0 7.481005174934522E-5 1.2167903671463235E-6 2.880305137038845E-4 1.1225834149011203E-5 
0.3334912201614245 0.0 9.29508016373095E-5 0.1608319914184857 0.0 0.004192548056400818 0.001826453779063869 8.677103526766883E-5 4.312566955369281E-4 0.0 
0.3331076649787079 0.0011637317475822943 0.16805843790634525 1.4441651524710195E-4 0.0 0.0 5.185387638247943E-4 0.0013489975637933722 0.0 1.7338774000801245E-6 
0.3272493947586417 0.17210437239632576 0.0 7.57826515173826E-4 0.0 3.751649009230364E-5 0.0 0.0019336510156491165 4.5180753184363837E-7 9.542891723358933E-7 
0.5018926075056112 0.0 0.0 2.0963452483855182E-4 0.0 6.47158306509574E-4 1.0866175441007404E-4 2.885754499906393E-4 1.5517954490664557E-5 0.0 
0.012951878059288153 0.0361448619719845 0.0010601888658189735 0.039709406538514055 0.04761787947128765 0.024147090561677145 0.0018293850006232458 0.01212783810953567 0.0017780892490152239 0.3338384983155534 
0.013456190829473162 0.022457421173370056 0.055955585140372514 0.009092076166497758 0.014581884784648341 0.0010351496455466213 0.0043328792064523895 0.06190428618345233 0.15601505879992944 0.16360741956565056 
0.008954535134103943 0.06714075323470475 0.04647895254300601 0.034869117296548735 0.018537446823064106 0.004166836665211622 0.0701523439770592 0.002390493469571976 0.25492340353195775 0.0 
0.025029338888104775 0.023186680942744918 0.0 0.0011877847238223555 0.0058168246041682605 0.04893786229201989 0.05161596344885372 0.1822752451151144 1.1991059855485032E-4 0.16622366000120567 
0.016164629202942933 3.263949283824341E-4 0.036209314365594984 0.03759233909121801 0.011983878456915224 0.054935073570877416 0.0 0.16081869558759115 0.17789202164328302 0.021005938148171893 
0.021459606973453706 0.026303561922226826 0.03526839805566657 0.021663859218591805 0.042509333892822077 0.0014586589608605383 0.004139031458466696 0.31002754392846493 0.032739565759630065 0.021146365823565647 
0.03328112927184336 0.001087217309372068 0.0246609151976104 0.009559374382724093 0.036180941215223875 0.05539466294480706 0.15627109496375305 0.004224709044291951 0.0133853990935519 0.16704509640446397 
0.041555649395004786 0.0 0.0440243176813201 0.010364447123544271 0.050838304450875636 0.0028925988326744916 0.15325099457080485 0.03176697397841713 0.16833005241929985 0.026596165400332775 
0.026023652871501844 0.05721596960365844 0.029819098472867817 0.0 0.045905070489651256 0.0015751797614022595 0.17132331440926668 0.1395261418862903 0.03334497030587747 0.0018388618070907367 
6.619708891207715E-4 0.026089580870802088 0.023572500417084294 0.03984171859210553 0.0477765426186305 0.02452524420124938 0.3266616570618659 0.036290559601226645 0.0021547525024670174 0.009483985947440874 
0.039839250786879395 0.053956901642229986 0.033475353172144506 0.037336762280876803 0.017525519275192643 0.15376432399981046 4.401983934015856E-4 0.0025003346503839996 0.0 0.1688613654468403 
0.04885628914201545 0.042010085871135444 6.532130720523702E-6 0.0507555952852996 0.033119028678859574 0.15660807132698085 0.0 0.0024946564533164755 0.1672326421526285 0.002750520396392809 
0.05414216246288741 0.057409713343934764 7.546498965833831E-4 0.03808196683663877 0.049675939398271425 0.10635330222027839 0.03809281544976268 0.13730231517447933 0.013594052460976131 0.02787201620170187 
0.04624866290956775 5.394259252187338E-4 0.049567597102984196 0.011038649833405054 0.05690530276062743 0.14560632878647348 0.15357456563422336 0.04422586651712199 1.0062231989656442E-7 0.0 
0.04807659773671088 0.013752434790956636 0.02974444171334872 0.0019258387724977435 0.060281279650794065 0.28978936959236945 0.017875177647373126 0.004805490285654672 0.03174965661898137 0.020942394029976136 
0.01721429637417677 0.02094762672335123 0.020094875202762073 0.061312803348461814 0.1516385691332926 0.0025822099515083376 0.0046663656172511525 0.0 0.06705675838995828 0.15847145538502908 
5.729014893098046E-5 0.005198269563578559 0.03718023885605817 0.0550329769176117 0.1414734301810598 0.032791408784818475 0.038390765496897544 0.01932505953568029 0.16502817881338572 0.007105097006927367 
0.042394536168099906 0.040736364246495696 0.02960112908074263 0.027941703448032405 0.18343032066354728 0.00926496419260327 0.0012089717858341188 0.17414652642108447 0.0 0.002763313278155762 
0.009837536668366072 0.025806817003065204 0.03726915171973866 0.07516561879753765 0.16686082278993866 4.48275283456039E-4 0.15629130880951503 0.03635622187972441 2.3455367845672838E-4 0.0 
0.01920720353823284 0.05038627082791133 0.0 0.07174304042766949 0.15926301075838306 0.16079845043252217 0.011572897070783902 0.0364557562300535 0.002768339321035306 0.004170032146424322 
0.046327459174115196 0.0554806486738605 0.05356049416837144 0.03850958261028792 0.24587696285304259 0.01257101122176529 0.011288441556258372 0.002966609231089952 0.03300491838200906 0.004462370225831209 
0.01699354365270462 0.051916533129965435 0.0419839618609635 0.1766316278998174 0.03385339219429933 0.007609546081690605 0.012227556846701036 0.0032587896638503052 1.5440043952282296E-4 0.1620160628621746 
0.032944544181845795 0.03810067662270735 0.027032731476333612 0.1742129228849585 0.018826999502680714 0.002900567135028167 0.008969695801732092 0.025899776936933686 0.18267814217519254 0.0031446679284819006 
0.03596016803579222 0.001518449009248438 0.0583939578909847 0.15464705013796937 0.03188353597836753 0.007318737044637121 0.027194852482558703 0.16225550108039216 0.01564001590636979 0.0076583416735817944 
0.05879299086886486 4.7968672672677484E-4 0.03642761169757291 0.1340415703390376 0.019568118438383953 5.545733834007036E-4 0.11900512127895412 0.013577097755292178 0.07807446521097842 0.04009248541596087 
0.0918790556442761 0.0 0.03951440727821185 0.1267295936570277 0.005153574436402613 0.1464726663605297 0.05044059115111814 0.02164223312591268 0.03211158737572412 0.02998099086755501 
0.0010438564800306978 0.06747529145418515 0.07271402547157667 0.14266964281431582 0.1488723747387204 0.01105794044812154 0.04059666122365056 0.016923265279768746 0.0 0.006104440434795166 
0.026541346155660048 0.0010578032327084078 0.011879962099426123 0.3195063716324611 0.03041663420913035 0.03206763567171237 0.04193462264847969 0.01705666519507988 0.0 0.034628115979674794 
0.04363041546880174 0.001303056427007298 0.21528257135515638 0.031514331135079926 0.0018527686330641975 0.008493000868379348 0.027618808732757984 0.014365323909932342 0.00966181295268748 0.1626005291209368 
0.017333679843109254 0.019002318773112536 0.1861469292817447 0.05323174940978733 1.9427272264546094E-4 0.006066064341260101 7.819986874797999E-4 0.01600468523702331 0.19440981849081168 0.023844429330497064 
0.0034678369394170274 0.019754666255853016 0.18801077975304858 0.0 0.027760346291982277 0.026768857356756954 0.00325402062957646 0.20487247883323165 0.012216937290712908 0.02058110351707885 
0.02109267556557506 0.001394156915942243 0.18697604364433726 0.03551921256416012 0.0 0.006658652395624384 0.2058045663306877 0.009782481308109653 0.0020867990807380645 0.036194880908252756 
0.016707622887537764 0.005207170551961613 0.15503529578825703 0.049464196699591186 0.0 0.18583990228166186 0.020863131519994103 0.0046210852928916845 0.04214293278745548 0.037702597099320834 
0.0 0.04422260708730099 0.16677953859431888 0.025554118055702447 0.13214847375070113 0.0253854298311294 0.039696792967037875 0.05553500494787123 0.0021380286119199897 0.025984780992866517 
0.0299397986762517 0.025495853908836536 0.18533300297375763 0.18595006867672154 0.011858074280645083 0.014279937200612502 0.005949496491399317 0.01367891368572396 0.0029749337382405385 0.030939890515830105 
0.033958015168118756 0.017213011284418305 0.3152101193763611 0.0 0.043137869295115906 0.009608102499022645 0.019335519573734153 0.0036446252145978814 0.04085250760250268 0.02786197900062862 
0.056333523826735274 0.17210308313845568 0.0 0.013633033657970825 0.012017847783771175 0.020837552508681745 0.022432100603536686 0.0013092763074101367 0.05389804945325181 0.15668193682372228 
0.02764494054408852 0.15978042176785645 0.06106402632786826 0.006907091182563879 1.907107005790984E-4 0.008518951003359056 0.006685015654075569 0.01532739078247021 0.1979385287202967 0.023403753793599876 
0.0 0.17894337660461626 0.021132687186250835 0.03296546775157988 0.023283140763139552 0.008344656268403682 0.012967016946325068 0.21366015887124487 0.0 0.011449517075410342 
0.038195651577907525 0.2207607322968607 0.012807867465048292 0.020365343827661343 4.927783822286602E-4 0.056457829495410713 0.16482329163371143 0.0015558694962317643 0.0 0.02493574689963757 
0.0 0.20690908421408902 0.011024589685056877 0.003877402437111883 0.0 0.18726141228839896 0.020702113830461725 0.004585420633620357 0.04195867880948233 0.03742269326521456 
0.01564653250409716 0.17522177768319583 0.0012790170791214942 0.0 0.19988017122881435 0.03960203437506404 0.0162937790006936 0.01906756054410174 0.037941578130520855 0.021992709005973797 
0.016256773458162548 0.18732194600603713 1.5674592437760952E-4 0.1771978132164343 0.0038423888261791645 0.03233599270325055 0.008400059405990371 0.024062226563849615 0.0481742676795559 0.015776986499600232 
0.0562892426684701 0.17196780092380465 0.13906725199128459 7.959077575240168E-5 0.04325828719277814 0.009634923190965967 0.019389494020208255 0.024244355231001786 0.042869104648708516 0.0 
0.05813671829769537 0.2687662241481074 0.0 0.048721925994953875 0.03763833742943868 0.046172616752729385 0.01788167833033535 0.008054256866056814 0.02567036679646681 0.01668329291874614 
0.17823066535186108 0.06598927996777841 0.020604706861398682 0.015644941387111436 0.024791615340660492 0.0048983367835794545 0.028187510231851332 0.0035235466793774877 0.019931008707609693 0.1660320192754208 
0.19321111941491406 0.01180959800744997 0.04277704205338221 0.04012910686405663 0.05329332554719305 0.002687620135678906 0.009812869233109929 0.04118278926047085 0.21023344785212872 0.011937540895848208 
0.17205814681895698 0.02111050595633603 0.014189085238937745 0.025092240449505733 0.07678227800720443 0.0030641971203658777 0.03882363794946615 0.13993650275043368 0.013854858581062817 0.006522023618371527 
0.19362024436203884 0.0 0.021541691800553906 0.04114069583935805 0.018228409889415542 0.007589532048919169 0.20897542377395664 0.0047929753706573855 0.02235870962197423 0.007974994956671734 
0.16678062278037495 0.020158197402499876 0.0030205001392569282 0.022720713298065735 0.0053330958636010105 0.1840550399866405 0.020347643127914563 0.004506907043810895 0.039449394146424115 0.036641224651072786 
0.19461287078086476 0.0017293637868406688 0.0013156980911003657 0.006046362112591183 0.21190224135929753 0.041983953660203174 0.0017136405061218033 0.01955202839524657 0.03890559630072266 0.02255149891768453 
0.181581604626731 0.001977661356794592 0.05872103093599423 0.17282399575956822 0.016912146885102584 0.035629716863863375 0.011836990454757447 0.0 0.022359977240007687 0.024779831917170817 
0.1523737770847625 0.07737870417366699 0.13997835818754237 8.011221878025067E-5 0.04354169606824299 0.009698046881799425 0.01951652527948144 0.024282504363925393 0.04313881162110041 0.0 
0.18902485482765788 0.1866666736063047 0.0 0.009297086899231397 0.03857660295643746 0.04732362866104306 0.0064808276946029374 0.008055137245084023 0.025617312725422215 0.01668329291874614 
0.3180486201748954 0.03844143739360506 0.005760057046877671 0.043328124055245575 0.0 0.004018894035184117 0.02072866472740663 0.00459130153214547 0.040188107282003074 0.0373273531592314 
