0.0 0.0 0.5019097566720028 
0.004815882350183024 0.041837297093245594 0.4554577457538342 
0.0013095705823162784 0.08486855957572008 0.41563323909952865 
0.0 0.12615231158973284 0.3762326685726959 
0.0 0.16730424756927717 0.3349664312636836 
0.0 0.20941927546983652 0.2925952083354428 
0.0 0.2506398542774203 0.2510029284960385 
0.0 0.2928405205097419 0.20921574880290278 
0.0 0.33481591427883906 0.16720955208072852 
0.0 0.37598346823662987 0.12562814775198716 
0.0 0.41828338558853184 0.08382369687468896 
0.0 0.4596063916506382 0.04253533826442348 
0.0 0.5018425512647191 0.0 
0.04314818376261585 0.0011070433763298766 0.4573175907257577 
0.04429667945784961 0.04200023808376732 0.41620614529871414 
0.03694584926030089 0.08799638147386597 0.3784894397946416 
0.04149155332883216 0.12574282664598954 0.3348265465977785 
0.03829172939466106 0.16930273332262621 0.29564790035487726 
0.04330649303184838 0.20921189549634348 0.24998274287495123 
0.04272486033511411 0.25125925715447234 0.208495682937016 
0.04200747589430389 0.29282140564013925 0.16679838986114467 
0.04731600870092654 0.3327738453720006 0.12206583949170445 
0.04070184959770042 0.3775609802868674 0.08381724477381595 
0.04202458093915953 0.42099295033797596 0.03966421311332927 
0.041861136109609585 0.4601541652170537 0.0 
0.0850028400393429 0.0 0.41736256564047325 
0.08277107975047601 0.04175162040427644 0.3772185492955186 
0.08435204304277688 0.0836713950297974 0.3337924398700604 
0.08311616910606454 0.12668328684335053 0.29245190421843364 
0.08489147742145231 0.16676064098011312 0.2504057619906601 
0.08420998784047455 0.2089371859247423 0.20943066974259478 
0.08448687791689298 0.2509176905948372 0.16701672064437684 
0.08191677035433627 0.29318854165003966 0.12741085340387467 
0.08462123098177111 0.3304050950469407 0.08725747151427832 
0.08343578751395647 0.3760430444158021 0.042523532954542906 
0.0852966191661064 0.416700863742548 2.317631484616774E-5 
0.12616801103115993 0.0 0.3761349600835383 
0.12244709115353332 0.04565765576670797 0.3339539666127406 
0.126485627511573 0.08331361899158517 0.29254332235435815 
0.1259452228390186 0.1249289538480451 0.25062332060097514 
0.1214445942090862 0.17168752189014888 0.20956722002827455 
0.12422177758195603 0.20735981864311082 0.1700072667493663 
0.1268014291266262 0.24908846259526926 0.1262076658874863 
0.1259789737648786 0.29258036733414305 0.08289288890505149 
0.131608358966823 0.3329744131719363 0.03791837924377979 
0.12635345042571905 0.37525727972451756 0.0 
0.16735177052232897 0.0 0.3350615788419319 
0.16779382162416753 0.04186852230410945 0.2922607756404705 
0.16726623115257339 0.08437290187091029 0.250097634882363 
0.1675507825644294 0.12561735691666526 0.20944981152173106 
0.16722445004684913 0.16729252850250648 0.16748427196110824 
0.16386393058477833 0.2145110763327428 0.12416528917950995 
0.16783453836934997 0.2500845610504439 0.08389675011436525 
0.16623316522711723 0.29281093953088877 0.04324403956996051 
0.1691833204102085 0.3323433613327678 5.280955903726817E-4 
0.20957777084665688 0.0 0.29214288420622675 
0.20874008143257006 0.04386536729013608 0.24995941711905265 
0.21037010791443578 0.0797688113037231 0.21319751879553134 
0.2088554358450674 0.12603967141566028 0.16711903137559161 
0.21026570578195863 0.16819212373908393 0.12440006069246089 
0.2088416314579091 0.207156460164463 0.08574406992243219 
0.2125123863085291 0.2514093524716151 0.04144535621446855 
0.2094206980874861 0.2932477711179847 2.301869344379256E-7 
0.25177445383836206 0.0 0.2505274915372425 
0.2506657722535106 0.0395000185120444 0.21172043835760526 
0.25066545667585205 0.08388156825392754 0.16761902417989577 
0.249974171135635 0.12609267313646041 0.12565600636223823 
0.24993441183455872 0.1679120518506621 0.08388216857913197 
0.2488987368209262 0.21168974602898752 0.041920214841802854 
0.25071568386002424 0.2511420399436526 1.3481848251192764E-4 
0.29237056084743085 0.0 0.20902276581035287 
0.2930268994142249 0.03918385626579744 0.1703298470146893 
0.2906264634608626 0.08569473246291552 0.12574099341506909 
0.2938667188396422 0.12451559776750207 0.08384774901564375 
0.29315579903381483 0.1665093201392246 0.04254077333903547 
0.2933251918841413 0.20868411212290328 0.0 
0.3341208385157616 0.0 0.16728593456906057 
0.33529025988959554 0.04120389672206824 0.12577513948830213 
0.33425156262393574 0.08440393923903435 0.0838959337726415 
0.33789650582665115 0.12514431940506782 0.03902194008008654 
0.3345725974160671 0.167282594250888 0.0 
0.3762687973499207 0.0 0.12572348536927805 
0.3721864333450909 0.045738075916537946 0.08375177831067646 
0.37601854870003637 0.08356877055331294 0.04244782621439984 
0.3758367825973008 0.12623395164421836 5.286684646301653E-4 
0.41768081990763334 0.0 0.08370294313518373 
0.4189902074114415 0.040411632647251686 0.04271641522612887 
0.4191924100976788 0.08409871078153396 1.3520354865596566E-4 
0.4605615873818475 0.0 0.041917766965137264 
0.4573179129829831 0.044108342332516905 5.271476596966623E-4 
0.5012544360491251 0.0 0.0 
