0.0 0.0 0.0 0.0 0.5000017545151554 
0.0 0.0 0.0 0.08339024924827551 0.4172018619247057 
0.0 0.0 0.0 0.16683893504631953 0.3332047828665259 
0.0 0.0 0.0 0.2500979918584721 0.24994552072297696 
0.0 0.0 0.0 0.3332707093778751 0.1667590986310749 
0.0 0.0 0.0 0.4166625918625126 0.0833605848548327 
0.0 0.0 0.0 0.5000184890277755 0.0 
1.87765504131279E-5 1.8796565247678966E-5 0.08386011533943379 0.0 0.41684792114971847 
6.326349665716437E-8 9.988465066849984E-5 0.08374414291455555 0.08331612646467922 0.3336745741110471 
0.0 0.0 0.08315871011189375 0.16691903472013567 0.2499411794489129 
0.0018496546910343875 0.0013530530946758437 0.07883518742824268 0.25154509195163033 0.16696484383062826 
2.7006295410525994E-6 3.157500109357197E-4 0.08975680413931612 0.32889521412724637 0.08241261335314752 
0.0 0.0 0.08211676899212218 0.4182948695707583 0.0 
5.482611216849153E-5 1.1085167076024296E-4 0.16676933714527792 0.0 0.33320232814537404 
0.0 0.0 0.16677276978293562 0.08331738956952807 0.24995358718988048 
1.6560731068909532E-4 0.0 0.16669840060518173 0.16693152404340675 0.16707122667882965 
7.629367178638826E-4 0.001144913336743502 0.16836249053613184 0.2535203756881977 0.07747657314690672 
0.0 0.0 0.16626949753925904 0.333741877372935 1.5157069217879049E-5 
0.0 0.0 0.25008150473628704 0.0 0.24994493729991799 
0.0 0.0 0.25062414857308096 0.08340206732833937 0.16718668852747298 
8.85398862234901E-4 1.173159620729264E-6 0.24988447566616698 0.1662452798499044 0.08375744176470408 
4.9084986151212766E-8 8.312024694717499E-8 0.2500096277888243 0.2500097599940574 0.0 
0.0 0.0 0.33342153894056714 0.0 0.16660466961609113 
0.0 0.0 0.33385112274604145 0.08291374775785 0.08370693679285104 
0.0 0.0 0.33323933303367825 0.16682467789498343 1.5158664797069812E-5 
2.0925300102204991E-4 2.0438132688934183E-4 0.41635952308697544 0.0 0.08329476399356635 
1.4960351021357633E-7 7.073316397510054E-8 0.41667253716910796 0.08333140062427488 8.201190709761778E-6 
8.903539470954472E-8 1.507720501845085E-7 0.500021280222935 0.0 0.0 
6.645163011576303E-4 0.08314916887043226 7.142010918979203E-4 5.699860831211454E-4 0.41493350836608606 
0.0 0.08341563181490207 0.0 0.08345053287279379 0.334025954192762 
5.694164270963039E-7 0.08336654469773634 0.0 0.1667302881304794 0.24994493146860317 
2.5793622906015757E-4 0.08455379759914473 0.0013137180113779237 0.24790402225177632 0.167298756063703 
7.442724362428615E-4 0.08846575841285904 6.330917225611985E-4 0.32804762093991297 0.08220022847605579 
0.0 0.08341781316968432 2.071576132245207E-5 0.4170780977539365 0.0 
0.0 0.08332910096982828 0.08319329734209997 2.7420036063213527E-5 0.3341012658765874 
0.0 0.08302900953306921 0.08363105737016974 0.08343520927584422 0.24994280669918995 
3.5169863915249028E-6 0.0844724507818483 0.08461512303038635 0.16444717543316845 0.16700216404033885 
5.807420734762096E-7 0.0850246984850725 0.08266265235918605 0.24796008971860964 0.08541892053660154 
0.0 0.0831824418905575 0.08304993886126315 0.33366737527540613 1.8796792918331407E-4 
5.889819672442751E-5 0.08351448741208035 0.16651896144505474 0.0 0.2499252879344546 
0.0 0.08313275454447669 0.16563970449325052 0.0847342075647447 0.1671214281284204 
1.333459987390127E-5 0.08035662893208148 0.1665774367636661 0.1684787097309299 0.08474504418030028 
2.9451738695490166E-4 0.08373926527887704 0.16576712730807594 0.2505005230666203 0.0 
2.9620440137689597E-4 0.08356465701301717 0.25044449907618493 3.71153508472254E-17 0.16679362901566394 
6.09920363469931E-5 0.08648343981685143 0.24796927405350816 0.08831092427331277 0.08317252719530654 
1.8159605505578135E-5 0.08624524704374603 0.24716407359957676 0.16668124882155333 1.380726354236793E-5 
2.7425149446588494E-4 0.08382683667095087 0.332403577694991 0.0 0.08365058656362 
0.003492960385130594 0.0836658586770226 0.32952749686521554 0.08342348846532072 0.0 
0.0 0.08279967709818753 0.4171416600221163 0.0 1.4184886059983838E-4 
0.0 0.16675151587864107 0.0 0.0 0.33379645483372017 
1.138347651673126E-6 0.16666205235543838 0.0 0.08343412781702836 0.24994484779512102 
0.0 0.1667599064457588 0.0 0.16682738045199955 0.16696699593112127 
1.0444589736919641E-6 0.1691900815166129 0.0 0.2501828627714944 0.08285343351502115 
0.0 0.16684041426807467 0.0 0.33316618306826973 1.3796389607982469E-5 
1.1772859647551549E-4 0.16693284234827127 0.08330291101098662 0.0 0.2502167659948597 
9.176864022880818E-4 0.16936150036877623 0.08399300504615378 0.08461605388947674 0.16128796184687566 
0.0 0.16961203998405947 0.08200098557607023 0.16823113753243366 0.08099938163062022 
0.0038576542750710266 0.1658696749849634 0.0843324876214941 0.24742802212276618 1.3099869471644083E-5 
3.7740082424176703E-7 0.16675777232231836 0.16649251722311442 0.0 0.1669078620803156 
0.0 0.1688278951906453 0.1641366160220943 0.08365047231921073 0.08427283283922529 
0.0 0.16725931346867173 0.1669928826545649 0.16726669645831924 3.582679719311353E-5 
4.550166524456743E-4 0.1661793765001363 0.2501015809877611 0.0 0.08328304327747522 
0.0 0.16766878545298267 0.25165410051747716 0.08086238517814072 0.0 
1.1775825515599165E-4 0.16697489676818628 0.33293009702663506 0.0 0.0 
0.0 0.25008817866491434 0.0 0.0 0.24993571351198926 
0.0 0.2501514124688487 0.0 0.08330316942734335 0.16709532828884055 
0.0 0.251085518698753 0.0 0.16645375416009905 0.08315635768449382 
0.0 0.2499844246685865 4.679343666990598E-5 0.2500312181052564 0.0 
0.0 0.24967095705733416 0.0836315814376639 0.0 0.16688413547763717 
5.3554291945257536E-5 0.2543449051056128 0.08255332285667163 0.08052511074957512 0.08360529718361326 
0.0 0.2507998888210883 0.08287957756097798 0.16640049396220405 1.5159148278863414E-5 
0.0018172166280560533 0.2511906590020852 0.16613076734577967 3.963114847394023E-6 0.08154437617941325 
0.0 0.25044246366069606 0.1662841754602564 0.08328442360301515 1.5157059754377228E-5 
0.0 0.25018620286683724 0.249787676098278 0.0 3.830767360511651E-5 
3.028555524524513E-7 0.3335910333569259 0.0 0.0 0.1669690226927544 
0.0 0.33234250631917245 6.298169199039565E-5 0.08351002925914114 0.08413134488109984 
7.019536509272969E-5 0.3333782004178885 0.0 0.16669170455048654 0.0 
4.2123732613509344E-5 0.3322341618826198 0.08285094417485525 0.0 0.0857106568413221 
0.0 0.3339390115212779 0.08074382645311586 0.08503229453365421 4.3020324915882366E-4 
0.0 0.33348164628321997 0.16653412243916946 0.0 1.5157202409419489E-5 
0.0 0.41675026627172884 0.0 0.0 0.08329018905313901 
2.846440171951105E-6 0.41673873554101126 0.0 0.08334516499890482 0.0 
0.0 0.4171390459774396 0.08352096141592086 0.0 0.0 
0.0 0.5000404553248678 0.0 0.0 0.0 
0.08399877871519941 0.0 7.15778328487369E-4 3.826669479973926E-4 0.4149538123133202 
0.08329785855942123 0.0 0.0 0.08333271034104281 0.33355434805390705 
0.0832237486797314 0.0 0.0 0.16704958237952613 0.2501207530289935 
0.07978178182630152 8.857557112918084E-18 0.0 0.2591359964813479 0.169635011687426 
0.07775707658108942 8.632769674786704E-18 0.01973125446944449 0.31664792680470455 0.08632292183916242 
0.08337922546251808 0.0 0.0 0.4167816618250633 0.0 
0.08363745064333092 0.0 0.08345266414111965 0.0 0.33351190749406684 
0.08332954084894471 0.0 0.08347487819549232 0.08350482887245413 0.2501566479900736 
0.08531598558673023 0.0 0.08518008399162741 0.16581356789523813 0.1637980676965202 
0.08557106949038562 0.0 0.08178521112993467 0.24746967754338886 0.08768054703701868 
0.08324617307888924 0.0 0.08306225105559226 0.3338200121791474 0.0 
0.08357361205972914 0.0 0.16651941264578649 0.0 0.24994055351189093 
0.08152511694821206 0.0 0.17095921217810278 0.08734836684737536 0.1648254189056843 
0.08415909279403613 1.1151138045733813E-4 0.1662342872993344 0.16612969513371106 0.08347945926338586 
0.08316235965743181 0.005369400102435182 0.16418207723953182 0.24805880088667182 0.0 
0.0841124529605819 0.002058124728612585 0.24689809773788807 2.252979258784775E-4 0.16682018673495513 
0.0857115497172029 9.815565860021417E-4 0.24839525981191005 0.08846263337596402 0.08331540905924202 
0.08188905121797455 0.0 0.25393663795295257 0.16788011958581095 1.5269060249108016E-5 
0.08305721363566426 0.0 0.33561735962087463 8.480698333595707E-5 0.08216281202951764 
0.08184073252669904 0.0 0.3307018061132589 0.08751650560893762 8.403870425944523E-4 
0.0828766969071137 0.0 0.417529682923606 0.0 0.0 
0.08322767236919121 0.08341259711939567 0.0 0.0 0.33356832795388797 
0.08333910080662713 0.08333682393737096 0.0 0.08344050267156143 0.24996394504090846 
0.08328868301337514 0.08347374332399857 0.0 0.16682990136320713 0.16696951895204387 
0.08021610821924183 0.08396453348075589 1.822771286130706E-17 0.2523390888503379 0.08404666714569778 
0.08341800388551757 0.08342753490475752 0.0 0.3331764163052768 1.5200757597846016E-5 
0.08441151846441859 0.08293616880074432 0.08255377087650147 1.9808359018626078E-4 0.2499629644456278 
0.08295401004198048 0.08601150315653121 0.08334501398452884 0.08393698774681511 0.16458515195940543 
0.08446374290461825 0.08533804731259997 0.08209272261392302 0.16805197817171047 0.08101912347339316 
0.09116348654177933 0.08513021409265473 0.08510155720244461 0.2465438492774178 0.0 
0.08287459146940847 0.08427382173840017 0.16654819166698778 2.3373110485378257E-4 0.16625970546244392 
0.0912823933672701 0.07561226061721198 0.17213583825297707 0.08708668206598762 0.07794764247674471 
0.08493898941955429 0.08213445693934794 0.16670431844398406 0.16690235701166953 0.0 
0.08420639468537232 0.08347199979834384 0.25015256833357324 0.0 0.08308602093235427 
0.07967937959422008 0.07967937959422008 0.24646459526259526 0.0952236612523515 4.22994584638443E-5 
0.08415077490044855 0.08215703609673954 0.3343950961080886 0.0 0.0 
0.08304965300257829 0.16739815616585224 2.9120319832447704E-4 3.1990774918114085E-7 0.24989316626366256 
0.07595060575378804 0.1726059656985906 0.0 0.09153130542954165 0.166823401998519 
0.08673820117773397 0.16381357666486368 3.916589193657264E-4 0.16741746568066523 0.08780288826178795 
0.08299495460155323 0.1670480157773986 0.0 0.25074326140605857 0.0 
0.09009283393100198 0.16367053825215616 0.0838588931831334 5.585369635086701E-4 0.16593670851585793 
0.09535686483542218 0.1722066364944372 0.0666051480256241 0.07933435849602476 0.08664949580144209 
0.08204814383306193 0.1757276142445467 0.0757048699485989 0.16675377662791682 6.424049913870648E-4 
0.08427870333302673 0.1792763665591839 0.17158522886227182 7.173994527566349E-5 0.08396426367635351 
0.08338528492894218 0.16810936772656906 0.16373383170072559 0.08502939678839963 2.9017000236157596E-4 
0.08191262325176174 0.16475760563083944 0.25341631900122297 0.0 3.738373030243502E-5 
0.08332002588657583 0.24939483076065375 5.977451536035304E-4 0.0 0.16688917416141652 
0.08503722283649609 0.25333891528377617 0.0 0.08086550489467374 0.08379704002992985 
0.08314002726785263 0.2503046690910458 0.003774223811291527 0.16335759579260128 0.0 
0.08031584533079712 0.2654691939628279 0.08032795901358512 6.524156384911845E-5 0.07795881291839536 
0.09040793859668739 0.24353107292459056 0.08074382645311586 0.08503229453365421 4.3020324915882366E-4 
0.09024979034445356 0.24310367704017177 0.1651754567256386 0.0 0.001664817115776014 
0.08394848002511121 0.33195932199962164 0.0 8.263099703649872E-4 0.08329255688622768 
0.08346182411574386 0.33106802153514286 0.0 0.085527653601932 3.0099374660066546E-4 
0.07732822369826653 0.3265752365606319 0.09382922022132771 0.002848562949161106 0.0 
0.08822304293311369 0.4121338683821275 7.396905008228692E-4 0.0 0.0 
0.16699182081830255 0.0 7.458502204986126E-5 3.7171943414994698E-6 0.33347200395696 
0.1666590539903153 0.0 0.0 0.08343205691570375 0.2499400040734628 
0.16675560587419483 0.0 0.0 0.16682307814034827 0.16696269001892614 
0.16950064134234993 1.781227167523026E-4 0.004656801402794922 0.24377248244691527 0.08314111952428031 
0.16631523544438948 0.0 0.0 0.3338336840756149 0.0 
0.16668653362218705 2.2640619046198828E-6 0.08355739314265087 0.0 0.2501095334566648 
0.1691461651446105 0.0 0.08365157022375996 0.0841253880190104 0.1633943749969138 
0.16738678616188613 2.2178865022831975E-4 0.0830394080746148 0.1662245904176382 0.0834784694588906 
0.16792647571859518 0.001398394487815938 0.0841325176266452 0.24684131844895268 1.3068806936852943E-5 
0.16694405181304303 0.0 0.1666781231857372 0.0 0.16693496194126903 
0.16526698450518162 0.0 0.1657092575679675 0.08737704116117505 0.08229298234645951 
0.16697095824614117 0.0 0.166602056765909 0.16679997385050127 0.0 
0.16663298524946704 1.8499977688598242E-17 0.25009946786580434 0.0 0.08328233961448085 
0.16762613850841598 0.0 0.2515900917131803 0.08084181764287228 3.288828754243329E-4 
0.1669503603893727 0.0 0.3335616304277585 0.0 8.776893956296259E-6 
0.16518226934478816 0.08490006204325444 0.0 0.0 0.24992986979988405 
0.17867258308939638 0.08029670319192715 0.0 0.08617914104996502 0.17275357402789385 
0.16343133534900306 0.08731787292311538 0.0 0.166230801704033 0.08375014740747014 
0.1699823378530499 0.08138742803703647 8.608561736879349E-4 0.24791009755276278 0.0 
0.17092606933345236 0.08408946760516503 0.08260142751052303 5.585281940687571E-4 0.16593410318784968 
0.17453699828623842 0.08139806233693885 0.09551147822721283 0.07558870350484735 0.08948517359471242 
0.16871882227851026 0.09014286429216595 0.07496020540012213 0.16732823127109037 0.0 
0.16717276703021516 0.0807188018855961 0.16923850531054085 0.0 0.08337498459423583 
0.16903137099118554 0.08390366803939485 0.16467158515921612 0.08351816689918351 0.0 
0.16798983824220023 0.08254493066840665 0.24981787749417195 0.0 3.522342825955621E-4 
0.16628454891246297 0.16665401891919457 5.981470661530517E-4 0.0 0.16700138728948682 
0.17173320899370917 0.16773504300375788 0.0 0.08112649948067628 0.08405853385233701 
0.1663937158706898 0.16773934270344998 0.0 0.16727209049198002 1.5199319319346948E-5 
0.1769825216606415 0.16671108689210667 0.07597857217237619 0.0 0.08096620154467758 
0.16729233340790756 0.16729233340790756 0.08056990351097323 0.08512902504829478 6.675491307398663E-4 
0.16674052166294168 0.16674385064408279 0.16654894171043125 0.0 0.0 
0.16855484808387436 0.24897699674828996 4.635534676468871E-17 9.271069352937744E-17 0.08248949118079192 
0.16635864961287122 0.2458876282181152 0.00263450265742014 0.0880076052367584 2.4464188307255803E-4 
0.16662877077279298 0.2448550796658544 0.08741789213308024 0.0 0.0013036390520248119 
0.1660731229403698 0.3340365502786272 0.0 0.0 1.4258395129535075E-5 
0.25008941205759144 0.0 0.0 0.0 0.249936946152734 
0.2575182874598773 2.859027319999956E-17 0.0 0.08569628134913973 0.17178563981486605 
0.25021295689425815 3.3153389972816335E-4 0.0 0.16615595658891347 0.08344400135185151 
0.25021531436426014 1.9335512782192354E-7 0.0 0.2503201977604548 0.0 
0.2522796314563733 0.0014798028837358624 0.08385759187965224 5.585282962574414E-4 0.1659341335472619 
0.25051043699101555 0.001998057653452346 0.08194002169589 0.08460693492670855 0.08418767517530958 
0.25050200004356354 0.0 0.08390333864817466 0.16740839805958335 0.0 
0.24955032470962996 0.0034851890060064697 0.16621669823979615 4.3975950243388375E-6 0.08088602653897159 
0.25067533667782393 1.4464367378403534E-4 0.1665348320412259 0.08356939778498201 5.011009975327385E-5 
0.25040504640532446 7.29690389108649E-5 0.250079023841396 0.0 0.0 
0.24929322500631768 0.08173147733781644 0.0011154633639467266 0.0 0.16796225606729115 
0.23773550841022562 0.08240723754037738 0.0 0.0859454988493439 0.09796825943235021 
0.25049555333608575 0.08334873143052783 0.0 0.1669356196789445 0.0 
0.25455280056589047 0.08469872110180368 0.07551464956302881 0.0 0.08645422153110195 
0.2517064051450435 0.0829225886434194 0.08060483569931992 0.08508028625592826 3.240678725084218E-4 
0.262348102278512 0.06791077472441276 0.17083746006620384 0.0 0.0 
0.25230890967024416 0.16424404623600244 0.0 3.934680184677377E-5 0.0834223454490383 
0.25331936913192177 0.1639987493019409 3.5008576305520884E-5 0.08342320710224964 0.0 
0.2511830897568048 0.1679934370267342 0.08751678056829328 0.0 2.2740673322462474E-4 
0.2499939651277035 0.2500225284735104 0.0 0.0 1.5200591567433336E-5 
0.3331993022978154 9.670648977771233E-5 0.0 0.0 0.16682120551000823 
0.33079216931002614 0.0 0.0 0.08732844633364512 0.08198197876698461 
0.33382707386962734 0.0 0.0 0.16692701353564737 0.0 
0.3352955752255241 7.642839016267325E-4 0.07800903445371278 0.0 0.0863088803712124 
0.32960185234739736 0.0 0.08506828539653825 0.08502969030305177 6.667701858053787E-4 
0.33347481677461444 4.529505847909741E-6 0.16653297386339289 0.0 1.5157097871110626E-5 
0.33719280306435906 0.08044197495618416 0.0 9.273354928852469E-17 0.08302940751633717 
0.33156629852553104 0.08436926616863248 0.0 0.08478250339642474 0.0 
0.33467561783085487 0.08207105919536088 0.083929268227021 0.0 0.0 
0.33516976340443655 0.16489144734876432 0.0 4.950987861149472E-4 2.333111256268282E-4 
0.41660517007797354 0.0 0.0 0.0 0.08342492213172828 
0.4171953947849031 0.0 0.0 0.08352540958098044 0.0 
0.4166487186936994 0.0 0.08390954024448853 5.557313042394574E-17 0.0 
0.4192740808463627 0.08074567902270655 0.0 4.0577659901008345E-4 3.291245687820487E-4 
0.5000146336028628 0.0 0.0 0.0 0.0 
