0.0 0.0 0.0 0.0 0.0 0.0 0.0 0.0 0.0 0.0 0.0 0.0 0.0 0.0 0.5000000716555704 
0.0 0.0 0.0 0.0 0.0 0.0 0.0 0.0 0.0 0.0 0.0 0.0 0.0 0.25032459075776925 0.24967800673693893 
0.0 0.0 0.0 0.0 0.0 0.0 0.0 0.0 0.0 0.0 0.0 0.0 0.0 0.5000000898723318 0.0 
0.0 0.0 0.0 0.0 0.0 0.0 0.0 0.0 0.0 0.0 0.0 0.0 0.25021541424299065 1.3923108854218757E-4 0.2497629559728951 
4.2221764730978E-9 1.3692031973147342E-6 1.4397122620086151E-8 0.0 5.1756967344977995E-8 0.0 1.0998081018817005E-8 9.829907523612761E-11 1.9319309355046408E-8 1.4347756917181328E-8 3.343417722838423E-8 0.0 0.25147475120141266 0.24852322849834985 2.122943881072358E-6 
0.0 0.0 0.0 0.0 0.0 0.0 0.0 0.0 0.0 0.0 0.0 0.0 0.5000002706192159 0.0 0.0 
0.013087292374896482 0.009051522992101182 0.009926474240728182 0.00944209023411202 0.01058492628664507 0.007397989760059036 0.010498771563425229 0.012523105340458567 0.006658777377787534 0.014336671124524544 0.0055500931093963165 0.18137488879026764 0.009185712708851943 0.0 0.2013393971958386 
2.013530564295624E-5 1.8982447325985236E-5 3.871385677964426E-5 1.9026755811116766E-9 0.00822759914018202 1.2050891791381696E-5 0.0 1.4214243690055971E-12 0.0 0.008974440504752247 4.972730010102459E-7 0.23325828527283812 4.3212224417771446E-4 0.24894318036088695 7.805396663806956E-5 
0.003992370608193554 0.003735747438109959 0.002642999545285988 0.004154913187650235 0.003620474550248868 0.004044651389263824 0.004440939612093973 0.003548127485383116 0.005264948091897735 0.00402215462080152 0.0033934753266438807 0.20721880555683844 0.25016234222824885 3.082792005699116E-5 0.0 
0.008370945522913313 0.007828424985391132 0.006514352581043996 0.007049726896504432 0.0066156761743649236 0.008108496952579656 0.00817492057083198 0.00683949817358152 0.0061538121263152515 0.007450323478949163 0.006285807306008387 0.41349131451210924 0.005794466587348914 1.2607891927419985E-4 0.001201299318192255 
0.0 0.0 0.0 0.0 1.6931685767833643E-6 4.626072913137483E-9 2.9063136890558985E-12 4.914253074577664E-13 1.4084632507059419E-6 1.853771070116488E-10 0.24987145327077928 2.1816604252400393E-4 9.428371565079972E-5 1.3968933060183312E-4 0.24968010934034868 
5.651758542034467E-4 1.1973763626779169E-4 2.767384987493943E-4 2.984708348700819E-4 3.475930530202387E-4 3.721141487683649E-4 3.962076289475549E-4 4.23969950223054E-4 6.533207637246061E-4 1.0842115980848293E-4 0.248560234726185 6.127511987512932E-4 3.7230924675285467E-4 0.24720383587794154 0.0 
0.0 0.0 0.0 0.0 0.0 0.0 0.0 0.0 0.0 0.0 0.2499604278085317 0.0 0.2500431231957144 0.0 5.55115454719253E-17 
0.0 0.0 0.0 0.0 0.0 0.0 0.0 0.0 0.0 0.0 0.25003571313536543 0.24996046200548086 0.0 0.0 5.092947632428271E-6 
0.0 0.0 0.0 0.0 0.0 0.0 0.0 0.0 0.0 0.0 0.50000035715363 0.0 0.0 0.0 3.222854252653991E-9 
0.0 0.0 0.0 0.0 0.0 0.0 0.0 0.0 0.0 0.25001014576720504 2.5182023293267856E-4 2.9530655334947285E-5 1.7850662879609568E-5 1.622507588918497E-5 0.24967898583786138 
2.5795572388747143E-4 6.724852491474913E-4 0.0 3.2054711572909256E-4 3.9789964611535805E-4 0.0 1.51086504525696E-5 4.437362069034248E-5 7.903629237440251E-6 0.24922000472929118 2.093508786663279E-4 0.0 0.0 0.24907578486715223 1.1713527540050592E-4 
0.0 0.0 0.0 0.0 0.0 0.0 0.0 0.0 0.0 0.24997285597166985 0.0 9.274657599577608E-10 0.25003103484941014 8.396780380755065E-7 0.0 
0.0 0.0 0.0 0.0 0.0 0.0 0.0 0.0 0.0 0.2501512323973076 9.53855712349332E-6 0.24984068562744624 0.0 0.0 0.0 
0.0 0.0 0.0 0.0 0.0 0.0 0.0 0.0 0.0 0.24984190922632354 0.2501649183943958 5.913766964570245E-7 0.0 0.0 4.9212678382900565E-6 
0.0 0.0 0.0 0.0 0.0 0.0 0.0 0.0 0.0 0.5000003530650439 0.0 0.0 0.0 0.0 0.0 
4.7853648035502035E-4 4.2083800863880087E-4 4.7712360107404625E-4 4.607711238455046E-6 0.0 1.5596931522213384E-5 0.0 1.2361545251798995E-4 0.24863778551935845 0.0 1.995026560525364E-4 5.871437745414863E-7 5.283660268887225E-6 0.0 0.24971679270106434 
0.0 0.0 0.0 0.0 0.0 0.0 0.0 0.0 0.2504582942201897 1.984156622173195E-5 0.0 0.0 0.0 0.24946602792108014 8.0625339634487E-5 
9.790470077396843E-5 2.700733247586476E-4 6.676151249554872E-4 0.0010036967910996043 6.419626419360312E-5 7.28710907720397E-4 1.6949026031279498E-4 4.1262623421373047E-4 0.24846438561313516 2.7897385421527145E-4 0.0 0.0 0.24781813674738662 3.0347690402177044E-5 1.091668833702444E-8 
0.0 0.0 0.0 0.0 0.0 0.0 0.0 0.0 0.25012715633033883 1.8208447255285205E-5 0.0 0.24981735681156447 9.681648927702663E-5 1.0481942933676377E-7 0.0 
0.0 0.0 0.0 0.0 0.0 0.0 0.0 0.0 0.2497514468962666 1.167447973794015E-6 0.2502297216287824 2.8566912831099173E-9 3.699701236151649E-6 1.5234131472761989E-5 7.1773666984931315E-9 
0.0 0.0 0.0 0.0 0.0 0.0 0.0 0.0 0.24970506671222725 0.2502976652907076 0.0 0.0 0.0 5.5511454544514E-17 0.0 
0.0 0.0 0.0 0.0 0.0 0.0 0.0 0.0 0.5000011068906579 5.551127412080725E-17 8.093543766826799E-13 0.0 0.0 0.0 0.0 
0.0 0.0 0.0 0.0 0.0 0.0 9.94890374898457E-7 0.24979751819399937 1.390942305536875E-4 4.7953274249530895E-5 9.797495769862271E-7 2.1826381305741085E-4 0.0 1.3969926607533924E-4 0.24969786796300558 
0.0 1.789486762161831E-4 9.207912225806875E-5 3.631544608253574E-6 0.0 1.054507937613099E-9 3.167489522281798E-4 0.25010919715990326 1.14834625862787E-4 1.742838447250771E-5 2.6158386232626234E-4 0.0 0.0 0.24902503077781435 2.1179937040869813E-6 
0.0 0.0 0.0 0.0 0.0 0.0 0.0 0.24995929756126775 0.0 0.0 0.0 0.0 0.25004199257452636 3.6545459704102144E-8 0.0 
0.0 0.0 0.0 0.0 0.0 0.0 0.0 0.25008094085401755 0.0 0.0 5.331388601558017E-5 0.24980626134225592 0.0 0.0 6.992442115048465E-5 
0.0 0.0 0.0 0.0 0.0 0.0 0.0 0.24983920608085042 1.9118267384572723E-8 1.1361752836096941E-6 0.2501721447134241 2.9790844234835287E-5 3.4104848554113664E-5 1.227271379941679E-5 5.552099607779736E-17 
0.0 0.0 0.0 0.0 0.0 0.0 0.0 0.2498137314091061 5.546979129558286E-17 0.2497372655953861 4.3082208153418487E-4 2.9789043653170914E-5 3.699917819132394E-6 1.0481015810754141E-7 0.0 
0.0 0.0 0.0 0.0 0.0 0.0 0.0 0.2512612803467213 0.24869765968604762 0.0 1.9064015248701474E-5 0.0 0.0 3.082543886443994E-5 2.1308014888862037E-8 
0.0 0.0 0.0 0.0 0.0 0.0 0.0 0.5000007018424495 0.0 0.0 0.0 0.0 0.0 1.158868689210241E-8 0.0 
0.0 0.0 0.0 0.0 0.0 0.0 0.2499263869709555 1.6492007232684413E-5 1.3917461719278437E-4 4.798098785443934E-5 9.764099396194359E-7 2.1704478108751488E-4 2.656373111189624E-6 0.0 0.2497040606554529 
1.9385937826502255E-4 1.8816741522331845E-4 9.345433548673033E-6 1.1267487329772243E-4 2.6201895966073928E-5 1.9446403328412818E-4 0.24958392752481717 2.111373527380103E-4 1.7684862908764443E-4 1.1240322877676102E-4 4.400822522279047E-7 1.1106521568989665E-5 2.3096325461327287E-4 0.24898247069734275 1.1102985427075704E-16 
0.0 0.0 0.0 0.0 0.0 0.0 0.24995985326260914 0.0 0.0 0.0 2.574007054144547E-7 0.0 0.2500428059455749 0.0 7.177390296846311E-9 
0.0 0.0 0.0 0.0 0.0 0.0 0.250009832447686 0.0 3.659747409774052E-5 1.7480221492851992E-5 4.55678398472344E-5 0.24978151707435006 3.595889672802003E-5 3.074070758672215E-5 7.710571101707685E-5 
0.0 0.0 0.0 0.0 0.0 0.0 0.2498871391967124 0.0 0.0 0.0 0.250210206840543 0.0 0.0 0.0 4.641246473894539E-6 
0.0 0.0 0.0 0.0 0.0 0.0 0.24971653062812138 0.0 3.6554539363377294E-5 0.2496766379170526 4.281658419573893E-4 2.9781659862818332E-5 6.051321974373357E-6 3.1048930886959616E-5 7.710063335795541E-5 
0.0 0.0 0.0 0.0 0.0 0.0 0.25016495510261805 1.9272334750180494E-6 0.24978849517371277 2.339541463851245E-6 1.918095193628108E-5 0.0 5.5508586394382275E-17 3.086164769229991E-5 2.124538460493579E-8 
0.0 0.0 0.0 0.0 0.0 0.0 0.25000295174409093 0.2500065718436775 0.0 0.0 1.9124133495956315E-10 0.0 0.0 5.551220858313165E-17 0.0 
0.0 0.0 0.0 0.0 0.0 0.0 0.5000006931034683 1.4472455415408389E-7 0.0 0.0 3.0269791791810165E-7 0.0 0.0 0.0 0.0 
0.0 3.860971120829383E-5 1.9207018337004818E-5 1.033484545038467E-9 3.062347382067702E-6 0.2498931525396839 8.938762692920465E-7 3.050635245866291E-5 1.344326479628177E-4 0.0 1.9624417584882607E-4 4.998337897004538E-6 5.255616183317554E-6 1.6217716981077337E-5 0.24969595088342156 
0.0 1.7866254677705392E-4 3.2241920725993804E-5 2.2012592657125434E-4 0.0 0.24963406624190113 1.8481891089287085E-4 3.972953046887597E-6 1.1478885585157505E-4 1.9969406675134392E-5 7.905826952199382E-6 4.7609416064813746E-4 0.0 0.2488050521892735 3.57408877782117E-4 
0.0 0.0 0.0 0.0 0.0 0.24995982762416677 0.0 0.0 0.0 0.0 2.574006790128023E-7 0.0 0.25004278029862403 0.0 7.1773895606596594E-9 
0.0 0.0 0.0 0.0 0.0 0.24985094032010743 4.2769907904093254E-7 1.8040595676729684E-4 0.0 0.0 9.53400203509721E-6 0.24996717641795252 0.0 0.0 0.0 
0.0 0.0 0.0 0.0 0.0 0.2498355239212091 0.0 0.0 0.0 1.0255055865544266E-6 0.25015955166542847 0.0 0.0 0.0 4.64030685134335E-6 
0.0 0.0 0.0 0.0 0.0 0.24966748073969594 0.0 1.9234010067503506E-6 0.0 0.2502619180849805 7.356806772636144E-5 0.0 6.035600335790322E-6 0.0 0.0 
0.0 0.0 0.0 0.0 0.0 0.25013336974324357 9.245336517579011E-6 1.9270613707886127E-6 0.24975989813472962 7.11275178084676E-5 0.0 0.0 0.0 3.0895375616668175E-5 6.556606831545944E-7 
0.0 0.0 0.0 0.0 0.0 0.24994537303707814 7.038115772446242E-7 0.24994969612468057 0.0 2.071975922466666E-6 4.5085749233535555E-7 7.397608323658154E-5 0.0 2.7793599981711374E-5 0.0 
0.0 0.0 0.0 0.0 0.0 0.2498937510788108 0.24989768566475323 0.0 0.0 2.672387594800508E-6 1.1694826095070888E-4 2.978479990143342E-5 1.0550953127228603E-5 4.260807228006843E-6 7.710539628974558E-5 
0.0 0.0 0.0 0.0 0.0 0.49999752379163714 0.0 0.0 0.0 2.0723976608709687E-6 4.5094926170261686E-7 0.0 0.0 0.0 0.0 
0.0 0.0 0.0 0.0 0.2503079221634885 6.849783034347519E-9 4.217930068318293E-7 2.778980943210812E-17 0.0 1.4938034337641859E-5 1.499941076870293E-7 0.0 0.0 0.0 0.24967685778929044 
1.0498272603646521E-4 9.662854359895049E-5 1.7363122005039478E-4 3.27728211017838E-5 0.24918416631275225 1.6197219469999853E-4 9.14566741200487E-6 2.106773531577312E-4 4.210353963860491E-4 1.1226799591882563E-4 8.556415589309434E-5 4.850436877769326E-4 2.7221325090650247E-8 0.24900862899200074 1.5336614004469068E-5 
0.0 0.0 0.0 0.0 0.24996360058575662 2.775153446885133E-17 0.0 0.0 0.0 0.0 2.5740456428862584E-7 0.0 0.25004655451232416 0.0 1.0340326300404797E-6 
0.0 0.0 0.0 0.0 0.24989510161243111 6.8384860239196355E-9 0.0 4.521874023810846E-8 1.366217870306056E-4 0.0 9.534002091559326E-6 0.24996717789830422 0.0 0.0 0.0 
0.0 0.0 0.0 0.0 0.24973673077118635 0.0 2.7726346859678495E-17 0.0 3.5629553706958407E-6 1.8803130586107353E-5 0.2502362165253559 0.0 2.130329576893084E-6 4.261199691336583E-6 0.0 
0.0 0.0 0.0 0.0 0.2495822806186276 0.0 0.0 0.0 0.0 0.25017458780188123 3.9210949742602395E-4 0.0 4.614165584689539E-6 2.1417751849399725E-6 2.9618347261028443E-6 
0.0 0.0 0.0 0.0 0.2501535261198118 2.777262043893856E-17 1.0069063794478102E-5 1.9272229984049615E-6 0.24978713730117078 0.0 1.906377577261283E-5 0.0 0.0 3.082505164509324E-5 1.0622581338595628E-8 
0.0 0.0 0.0 0.0 0.2500174751047939 6.841834826724577E-9 0.0 0.25002110225661595 0.0 0.0 2.996239047274837E-7 0.0 2.13051521744697E-6 0.0 0.0 
3.0543467830909915E-4 5.965865594434943E-7 0.0 1.1006165249845059E-4 0.24962197530932217 2.0470834281242627E-4 0.24976207385419483 0.0 0.0 0.0 1.6443612655749863E-8 0.0 0.0 0.0 0.0 
0.0 0.0 0.0 0.0 0.24782666712770562 0.25177818039608596 1.08160891234375E-5 5.5468481320643536E-17 0.0 3.7073941087994473E-4 8.402841423890524E-8 2.8567150006512667E-9 0.0 1.4783761755770535E-5 0.0 
0.0 0.0 0.0 0.0 0.49999997855770173 0.0 5.551114885068451E-17 5.5511148850684515E-17 0.0 0.0 2.9960077216406266E-7 0.0 0.0 0.0 0.0 
0.0 0.0 0.0 0.25005712445771267 0.0 2.1250013504021582E-7 8.833724292679649E-7 3.0518959200337195E-5 1.344006022520756E-4 0.0 1.0157627149435356E-7 0.0 5.2535614259443995E-6 1.3685679764611212E-4 0.24971866252111657 
0.0 0.0 0.0 0.2484786482141032 0.0 2.7586671637503194E-17 0.0 7.192182346066053E-8 0.0 0.0 0.0 0.0 1.0789664388803344E-6 0.2515231720931146 2.0679677841854612E-6 
0.0 0.0 0.0 0.24996012353005892 0.0 2.775114843812198E-17 0.0 0.0 0.0 0.0 1.2411438495769275E-6 0.0 0.2500440603710381 0.0 0.0 
0.0 0.0 0.0 0.24911503105947722 0.0 2.1179888144458645E-4 9.07202077736803E-4 2.0751021205620934E-4 3.719211690889592E-5 1.1605957077636264E-4 5.348732490433706E-4 0.24878314125382905 0.0 3.108784326245398E-5 1.1460518537161807E-4 
0.0 0.0 0.0 0.24974672457273422 0.0 1.2525967225497894E-7 0.0 0.0 0.0 2.0196884733955317E-7 0.25023284251731576 0.0 3.6996831475909125E-6 3.082578350515338E-5 3.013155541695463E-9 
0.0 0.0 0.0 0.24939956319115894 0.0 2.1257349323656984E-7 2.647735663221165E-6 1.9486974149932747E-6 1.7354012559781966E-6 0.2505701217524967 2.458491932663479E-5 5.899958331429455E-5 8.096680905068442E-5 1.7386103975552895E-5 0.0 
0.0 0.0 0.0 0.24998447282188807 0.0 0.0 1.006225913948137E-5 1.8161136397929512E-4 0.24979774527030066 4.043260232406281E-7 1.9064600791148946E-5 9.666757198674065E-8 0.0 1.5412720681968886E-5 1.2308164147674179E-9 
0.0018835998725638538 0.002323167183879885 0.002173443464846227 0.24259844423042348 0.0038303958074841966 0.0032773870142505457 0.0 0.24079172011131314 1.3103893219297752E-5 0.0014157000996143445 2.684912670954374E-4 9.456336253160785E-4 0.0 0.0 5.738401898239232E-4 
0.0 0.0 0.0 0.24945767710697686 0.0 2.1303934087520648E-7 0.2504238079991132 2.640631816253028E-8 1.3199464319879484E-4 0.0 9.29895267297563E-6 0.0 3.700002249429634E-6 0.0 0.0 
0.0 0.0 0.0 0.247378533208288 2.1589741700257122E-6 0.2513253328918483 9.149823001857161E-4 2.7293151560610295E-8 9.698464151455781E-6 3.7075059320459687E-4 1.0246106113930615E-5 0.0 7.447410216723772E-6 1.6557747609716197E-5 8.912397159402639E-6 
0.0 0.0 0.0 0.24970936641198196 0.2500681550362298 1.940554153609388E-7 2.011682097199108E-5 3.850367901460492E-6 6.980778146253526E-5 3.986975201532819E-5 2.489564285090491E-6 0.0 4.291969889214543E-10 1.2321121523222449E-5 7.742326833752769E-5 
0.0 0.0 0.0 0.5000028335577927 0.0 5.551146581936815E-17 0.0 2.2850240187736592E-11 0.0 0.0 3.02699126136403E-7 0.0 0.0 0.0 0.0 
0.0 0.0 0.24997914357712406 4.468422608831517E-6 0.0 2.124150005960689E-7 8.939828094872481E-7 3.0509988479505495E-5 1.343610966360911E-4 0.0 1.9349789254127542E-4 3.2493741647028227E-11 5.256077651064544E-6 1.6456410176228072E-5 0.249718112015194 
5.408005912643147E-4 4.897987267448472E-4 0.24898952041433872 0.0 0.0 0.0 8.096377713644084E-4 3.98215858393692E-6 1.157299257462536E-4 0.0 2.909260421512697E-7 0.0 0.0 0.24888153041173272 3.5751327463429025E-4 
0.0 0.0 0.24961620885352362 1.685505407154619E-4 0.0 0.0 2.046632004274793E-7 4.163896207738654E-6 6.988244658875454E-5 4.889541506877522E-7 7.384873434239854E-5 0.0 0.2500160345170221 5.807525111425864E-5 0.0 
0.0 0.0 0.25012497707392406 0.0 0.0 0.0 0.0 4.362285537218438E-7 0.0 0.0 5.0787060109844186E-5 0.24984815196279847 0.0 2.1412217499326883E-6 2.9610693875954497E-6 
0.0 0.0 0.24976042413683028 0.0 0.0 1.2526654322760788E-7 0.0 0.0 2.772899125906542E-17 1.0352114835214643E-6 0.25023870903548173 0.0 0.0 0.0 3.2228538433305795E-9 
2.532400371088123E-4 3.5700123476051264E-4 0.2485495953797966 0.0 0.0 1.250443455072643E-7 0.0 9.10521894525772E-11 0.0 0.25032282714268905 4.228124887189795E-4 0.0 8.050183132562086E-5 1.7015117620256642E-5 2.162134129509161E-6 
0.0 0.0 0.2501306593929153 3.972849395805748E-6 0.0 0.0 9.159600029624242E-6 1.927070436391884E-6 0.2497610730968683 7.112785241839124E-5 0.0 0.0 0.0 3.089552095984328E-5 6.556637676228549E-7 
0.0 0.0 0.2500074623763852 0.0 0.0 0.0 0.0 0.2500110825412868 6.141540390023906E-6 2.3373350357201806E-6 5.109650697569686E-7 5.551420820350735E-17 3.4103841715876125E-5 5.551799449053747E-17 6.577296335429195E-7 
0.0 0.0 0.2493533646338304 0.0 0.0 0.0 0.2503468803778268 2.6063864390339213E-8 1.313741181463679E-4 0.0 1.6992070795087032E-4 0.0 3.6998435100204823E-6 0.0 0.0 
0.0 0.0 0.2523254082615677 0.0 2.801374779499352E-17 0.24766640243888985 5.551024203636708E-17 0.0 6.295794411348199E-6 2.7827355764064316E-5 1.4284122270307344E-5 5.551561632320995E-17 1.0553050393780344E-5 4.2616541703043734E-6 5.093547153718013E-6 
0.0 0.0 0.24971184558950407 0.0 0.25007063777589583 2.7500013592842148E-5 7.490416829660864E-6 0.0 6.94415276879486E-5 4.0037473318102766E-5 0.0 0.0 4.2920823840167145E-10 1.047916377089497E-7 8.077908848956151E-5 
0.0 0.0 0.24998522815498103 0.24998522815498103 5.550787122276658E-17 2.5075858593020063E-7 3.1673109914579317E-6 0.0 6.4583542920281084E-6 2.33965824183579E-6 1.6201520936693437E-8 0.0 0.0 1.6112039466494903E-5 5.092974375621566E-6 
0.0 0.0 0.5000043841478506 0.0 0.0 2.5077560232896023E-7 5.551166581113132E-17 2.6803533769352783E-8 0.0 2.339772089372632E-6 0.0 0.0 0.0 5.551192855380597E-17 2.537669560787583E-7 
5.3112473069884585E-5 0.2470460597921657 0.0011839903735800686 0.0 0.0 2.7738054802027486E-4 0.0 4.187666489295013E-4 0.0 7.582818999200284E-4 8.992154254625363E-4 0.0 0.0014289106282141535 0.0016504074701861747 0.24629648910547086 
0.0 0.24941883670561962 2.1699127652683928E-4 5.478131438813484E-4 0.0 0.0 4.590151149511837E-4 1.3436093250663274E-8 4.317462901770489E-4 1.8656795263924476E-4 2.600447132449927E-4 0.0 2.320427963236072E-6 0.2485697557280261 0.0 
0.0 0.2501008873296557 0.0 0.0 0.0 0.0 0.0 0.0 0.0 1.1690814118821285E-6 0.0 0.0 0.25018479865379545 0.0 2.567460407127836E-7 
0.0 0.24920114323354906 2.090081266660184E-4 5.473179079981017E-4 0.0 0.0 4.586001545611029E-4 1.3679656449764061E-8 1.7971962924163664E-4 1.8621230552512668E-4 2.5033157115731845E-4 0.2489826196003877 3.9240705888777743E-7 0.0 0.0 
0.0 0.24975612073191342 0.0 3.966900562117472E-6 0.0 1.2526637445492325E-7 0.0 0.0 0.0 1.128649464683109E-6 0.2502383930327918 0.0 4.334147642073265E-7 0.0 3.013069658456171E-9 
0.0 0.2500229518021425 0.0 0.0 0.0 1.2539821313988056E-7 0.0 0.0 0.0 0.2499465473077069 0.0 2.878248562731277E-5 4.484562518716482E-6 0.0 2.960929620735646E-6 
1.6801413407963105E-4 0.2497739472612108 0.0 0.0 0.0 0.0 1.0060547989240775E-5 0.0 0.24957395976561988 0.0 4.2824836538969755E-4 2.978739989285081E-5 1.8535813333579738E-6 1.7266958510929333E-5 0.0 
7.997886309533724E-4 0.24915767975275196 0.0 0.0 0.0 1.253653701404554E-7 0.0 0.24996121319186798 6.132947660994531E-6 2.0720968139593256E-6 2.995570504793911E-7 7.39803770509407E-5 0.0 5.5165085353419794E-8 3.22286063345594E-9 
1.673010966858595E-4 0.24871392832076405 1.8407166501516338E-6 8.048753839983026E-5 2.764050740206025E-17 0.0018217514453309274 0.24832430678953876 0.0 2.6630218654191516E-4 1.6185871478539406E-5 6.851711859103193E-4 0.0 0.0 0.0 1.17101522833762E-4 
0.0 0.24560642380186237 1.8164963052235264E-6 1.4910753383712626E-8 0.0 0.253931577886029 2.2055975356783503E-5 6.097023681302298E-5 2.686781513063917E-4 3.974351812522312E-5 6.455054538853008E-5 9.82358064060873E-6 3.6998737687329957E-6 0.0 0.0 
0.0 0.24968353405623325 0.0 5.261046777751722E-6 0.25004755416989083 2.9648853518848974E-4 3.746850245876944E-6 1.7037178423479436E-6 8.552506990920688E-6 3.961423013856598E-5 2.4978613204685922E-5 0.0 0.0 0.0 1.1104704572029453E-16 
0.0 0.24997663986120242 0.0 0.24997663986120242 1.1101192847693507E-16 2.5074997106755706E-7 6.334444484285322E-6 0.0 6.133451355622275E-6 0.0 1.809906501440616E-5 0.0 0.0 1.611208486662642E-5 2.7435844655420835E-6 
0.0 0.24997247958237817 0.24994723473282637 5.24180898033558E-7 0.0 0.0 0.0 0.0 0.0 0.0 1.5097235558047452E-4 5.551905722397201E-17 1.4947475357468423E-5 0.0 2.117852570003935E-6 
0.0 0.4999977738763695 0.0 0.0 0.0 2.5077228696840583E-7 0.0 0.0 0.0 2.0723997368310805E-6 2.99600843163871E-7 0.0 0.0 0.0 3.222854507230976E-9 
0.24987449607631587 0.0 0.0 4.4665520157417195E-6 6.170748457722223E-5 2.0511780929708943E-4 6.206485121097484E-7 3.052972234704925E-5 9.171171438667858E-8 1.5863981078555286E-5 4.559134389897168E-5 0.0 5.647626011059297E-6 1.3924706892314703E-4 0.24973664415221714 
0.2504288975328136 0.0 0.0 0.0 0.0 0.0 0.0 6.67057873629626E-10 0.0 3.610068062719643E-4 2.595787900590578E-4 0.0 1.0901294379098422E-6 0.24901037490564787 2.5544249412812883E-7 
0.24878041723671274 0.0 0.0012762964924312704 4.195902522363808E-6 0.0 8.17969498099361E-5 9.159895701265524E-6 8.055755706033752E-5 2.3607884637147242E-4 2.803674834786213E-4 4.455303831707187E-4 4.7756814164466094E-4 0.24848667590978898 0.0 4.659074531782647E-6 
0.249638759389861 0.0 2.771546985134832E-17 7.316619673967147E-4 0.0 2.511450967047445E-7 2.4914409792221203E-4 1.8800904100180102E-6 3.0725349933569715E-6 0.0 5.40912098022136E-4 0.2488188188980704 3.699717229726321E-6 3.104731252347112E-5 5.551328810543831E-17 
0.24974541607323422 0.0 0.0 0.0 0.0 0.0 0.0 0.0 0.0 1.128582598831593E-6 0.25023233438543074 0.0 3.6996756348801395E-6 3.184385708089187E-5 0.0 
0.2500171623130321 0.0 0.0 0.0 0.0 1.2539530944010337E-7 6.8311403345161816E-6 0.0 0.0 0.24994758863718777 0.0 2.924540089991235E-5 4.484585353222544E-6 5.551175491193183E-17 0.0 
0.24902124729285297 0.0 0.0 0.0 0.0 0.0 0.0 9.713501004452029E-4 0.24961447384368834 9.996802486900719E-7 1.9214484245560073E-5 3.239092798386225E-4 2.3094773898032114E-6 7.752054252364389E-5 2.566147491701592E-7 
0.2496624961196333 0.0 0.0 0.0 0.0 1.2521742774327206E-7 7.030153875911029E-7 0.24966693953415336 6.1257274810405E-6 0.0 5.310501896736398E-4 7.397151709529844E-5 3.4097967759203594E-5 2.779377994961638E-5 6.572758750742344E-6 
0.24888885331157623 0.0018209467844576663 5.923682041850832E-4 0.0 0.0 2.1294946304429587E-4 0.2482876069812193 0.0 2.6859980742728796E-4 3.975781196913351E-5 6.896599181221532E-5 0.0 0.0 5.553114061426126E-17 0.0 
0.2514126507990324 0.0 9.49526035044177E-4 0.0 2.2024684769938577E-6 0.24758597347739084 5.55056392825764E-17 0.0 5.7589439091299145E-6 3.96940224430007E-5 1.4283261607895694E-5 0.0 7.4473857775300466E-6 4.261370930069369E-6 9.03822488304263E-6 
0.2497565666143422 0.0 6.758979931966605E-4 5.2768273885100534E-6 0.24924317323251402 0.0 0.0 3.849467185225154E-6 2.685364140212046E-4 4.3017666755473997E-7 1.4767557771737063E-4 0.0 0.0 1.6315869999193332E-5 0.0 
0.25036535298066165 6.959937276419768E-5 1.2647054690189463E-5 0.2492477301094431 1.233995111680468E-4 8.890481547905997E-6 0.0 0.0 5.941951915096454E-5 3.169834787960485E-5 1.4287767343128285E-4 5.551799187605699E-17 0.0 0.0 4.640914865825627E-6 
0.24978366210666583 0.0 0.2502201338649083 8.937658696040994E-6 0.0 4.1450634454141493E-7 0.0 0.0 0.0 0.0 9.630458532998798E-6 1.281499275921626E-7 1.0467778587586474E-5 1.2271657838351121E-5 0.0 
0.24996047068811666 0.24996047068811666 0.0 0.0 0.0 3.573389289716611E-7 5.307380278725899E-6 0.0 0.0 0.0 1.922673482660464E-5 5.899309556069611E-5 0.0 1.802791333537592E-7 0.0 
0.500000137592068 0.0 0.0 0.0 0.0 0.0 0.0 0.0 0.0 0.0 4.5094974999337E-7 0.0 0.0 3.65454084240857E-8 0.0 
0.026187910385430675 0.0240691938792659 0.0203063244909 0.021646795045055196 0.0253500900416859 0.017805673073332938 0.027089717811600057 0.02898789794292661 0.012408436537841919 0.0063605104522279155 0.01830864974892142 0.01574281660163857 0.008923794155783975 0.0 0.24715193867462715 
0.03174116119238458 0.021822795360886844 0.024016697648155973 0.013626172665091413 0.02507423990729286 0.016514145420335993 0.02487564621440307 0.02821195996540328 0.015000844893779043 0.033527769042403115 0.001930785249077114 0.00847784497339136 0.0019879450817474583 0.23261555700558628 0.022843809395535992 
0.019117170239870605 0.0207742558438743 0.016125776175319233 0.017386228399422717 0.027347080816686114 0.02331922658058942 0.024829089415080042 0.026568867013887436 0.03061038608899519 9.469964896942708E-4 0.018031033976436447 0.01186442683213392 0.24523193321674058 1.2038175057089185E-4 0.01783478511804607 
0.014877602134898091 0.01619688443371086 0.013932998914068911 0.018005842261093703 0.016069225082035333 0.011231241798952135 0.01807378106291705 0.014440205216817945 0.021427339129188084 0.016571443435161173 0.008623542793768122 0.2818140316510715 0.014145052444873072 0.016982475681227356 0.017838268117530896 
0.020998606350072384 0.02534047418041281 0.019497797331018592 0.02633891729395493 0.025340625047245113 0.01668958934028144 0.02513992152335467 0.026632130998521044 0.015008531111617273 0.03359586189236476 0.2405694031556951 0.0 0.0038582450713770216 4.4769370121191783E-4 0.02284544051665177 
0.02081066201768897 0.022656062760199172 0.019989494488911227 0.02802240002449877 0.02332824778851626 0.02735953373893731 0.02819461663936005 0.02269677163118569 0.03367898278292749 0.22779498497743436 0.013039424053040092 2.7858009605902614E-5 0.01465707636145454 1.8610543374514497E-4 0.01784013756881063 
0.0345018339703872 0.023720822869318904 0.04175373744338704 0.03999688420689747 0.010674043885230272 0.021145862458479714 0.032180877739182705 0.031946307683731544 0.1962220193588293 0.04094506204408722 0.0010625193353605736 7.132634689748637E-4 0.003855901439161726 0.004403677960711427 0.023526961438574277 
0.02806211651023876 0.03474438411655481 0.02816081620841906 0.029325651828668226 0.02848024980778333 0.021706552350486262 0.02035752108949239 0.24931941633918311 0.022472235629034786 0.006797918078275447 0.004197689658576279 0.0 0.005444099234892109 0.0 0.022826898290046013 
0.0339766546509035 0.0491865896910303 0.03920511549176282 0.04431620224108405 0.02750501633403274 0.033744128051733976 0.22649562520248823 0.027330771480072208 0.0 0.002673143009014371 0.0019740130217603367 0.013944151021540922 4.242534797332042E-4 0.0 0.0 
0.013816030063062309 0.0010722846295919252 0.009019643648585382 0.020687592570045706 0.0023389494485926855 0.2799133197842441 0.036464707007602876 0.0182840880211257 0.012979155559449842 0.012305287140967312 0.04425866365573955 0.018428860078312036 0.01714510305058347 0.015503987994528214 0.0010552546328494224 
7.077531096989613E-4 0.007020501906030552 0.004074097558012864 0.010143098971732408 0.28978275603592835 0.032745092005542056 0.03886698728103504 0.01929200625722065 0.013694637106156881 0.004861265531830261 0.019890997523760983 0.025003758935630904 0.0037873842020907686 0.006648993649872047 0.026720395449042266 
0.0025338181405402263 0.022062228826736065 0.017766717048165646 0.23583797110720686 0.02488214430738614 0.017647575484479754 0.014872100322137401 0.04130036386490604 0.006253947877837931 0.018128283998803976 0.017318408047404112 0.02938105401435855 0.016607818609487 0.015229928292418848 0.02699646621442768 
0.00153469866911774 0.007376127560175676 0.31234654157799147 0.016838139651743113 0.038012549711885286 0.03153586520493677 2.6633439885493645E-4 0.019100163741720425 0.011601498188222063 0.0122814134063638 0.0059540732432941095 0.01721908367032611 0.017319259026771738 0.008469261830152494 0.0021387537581404005 
0.036028431223987654 0.2602879212934844 0.022480062144702155 0.016709153122915463 0.037222279168057405 0.031004317419092587 2.637786494394037E-4 0.018916878246007688 0.014384433920706437 0.012756085541909988 0.0019048960719018006 0.02011748821766924 0.017204456533560897 0.006998453817914344 0.004886704239059928 
0.26019212247549295 0.0 0.014617018706992072 0.010790504706373046 0.03454847687730864 0.021603426807058564 0.008845464810944248 0.009015475578369474 0.010379381080842296 0.010360008316002154 0.04246305812574085 0.02541551354101119 0.016375380805718612 0.008041387056616476 0.029848920099968777 
