0.0 0.0 0.0 0.0 0.0 0.0 0.0 0.0 0.0 0.5001202326638694 
0.0014376952129535928 0.0030915589107186254 0.003954986473858044 0.004170060674821471 0.0016305475782877855 5.860648799730771E-5 0.002541710823955953 2.984174655184674E-4 0.16381050183879894 0.3205961527036133 
0.0 0.0 0.0 0.0 0.0 0.0 0.0 0.0 0.33426195243561135 0.166143485035629 
0.0 0.0 0.0 0.0 0.0 0.0 0.0 0.0 0.5005645087256312 0.0 
0.0013952553828836323 0.003215202787737112 0.005067428632882077 0.003016410799692676 0.0033682530977993635 7.734860269202121E-4 1.6049977534459935E-4 0.16443310327873528 0.0023917146792287944 0.31845503759585303 
0.0020937585375894055 1.9992720127648368E-4 1.437462561058392E-6 0.0015773721440313414 0.002208586516927357 0.0020981575389526995 0.0022683830741989323 0.16411161743806618 0.16326855337281376 0.16337532200009056 
7.552246095718372E-4 8.591059901402173E-4 5.592390341614328E-4 3.44802654471807E-5 6.192848496141405E-4 1.3167188411983418E-4 5.439114036594158E-4 0.1664583192522371 0.33107359717495777 7.850034500544255E-4 
2.970522794122657E-4 1.5447851351939386E-4 4.537858655145409E-4 7.187941823335607E-9 1.234305263057848E-5 5.804725409483578E-4 0.0 0.33285392091525023 4.932674987801187E-4 0.16591763361183046 
1.592101742419568E-4 1.0406318114102036E-5 0.0 0.0 1.02085529916784E-4 2.2863695277938875E-6 2.1281168362332514E-6 0.33348861203737756 0.16656633810723293 5.554790701336992E-17 
0.0 0.0 0.0 0.0 0.0 0.0 0.0 0.5000882374225045 1.0467321606879618E-5 0.0 
1.9497216073951994E-5 0.002483246808889949 4.526179817583556E-4 8.044198814875913E-4 3.062329058103792E-7 0.001989527292956832 0.16490481656289682 0.0027321801853305377 0.004178686635863615 0.3239462252591326 
0.0020407869261477272 0.0023261166680468297 0.0036300312286688574 0.002377763852024701 1.0314583878581686E-4 0.001437824496335261 0.1640745947293496 0.0028176069371855694 0.16045680583118496 0.16405236764064718 
0.0028284103615049587 0.0032980206740254175 0.0011226154660729031 0.0018612481174903497 0.0011331036163696006 7.395814691718149E-4 0.16263478625279015 0.0026647826636870026 0.32535362653810573 8.539107250864254E-6 
8.121060433305621E-4 0.002176803832324614 0.0031153009428092756 2.937933369182434E-4 0.0047554210322590645 1.4119948347486098E-4 0.16726581539576355 0.16503115797065196 1.9942732398265453E-7 0.16189363684241684 
0.004728470721073545 9.965992111562356E-4 0.006004898714717796 2.1252064890358584E-4 6.81782311272901E-4 0.013010707302944397 0.15972252773712012 0.15090205458092804 0.1639548157678121 0.002143715288531409 
6.396653409222628E-4 5.577977029233194E-4 9.645465975618851E-4 0.002085805907587679 7.053159602595528E-4 0.0025369393439876493 0.16511453952636249 0.32743548139468315 4.183545637515629E-5 2.196971937516279E-4 
0.0 0.0 0.0 0.0 0.0 0.0 0.33349947165690474 1.6842591439393922E-4 0.0 0.1663904585950006 
0.0 0.0 0.0 0.0 0.0 0.0 0.3341322431368005 0.0 0.16661867306656925 1.0484832494985403E-5 
0.0 0.0 0.0 0.0 0.0 0.0 0.33431807364447225 0.1663333934857249 0.0 0.0 
0.0 0.0 0.0 0.0 0.0 0.0 0.5003189833509687 0.0 2.3500427035458354E-5 0.0 
0.0028368965781414316 0.003016439032632297 6.063725067510267E-4 0.0027472460305484683 0.0011863457702202714 0.1621169422132756 0.004946096430901948 0.0031362481295160727 0.003282024743039217 0.318547300824161 
7.887686181002266E-4 8.802363609082679E-4 1.4663890207394289E-5 0.002021142956003977 0.0016604931848757734 0.1677037747383798 0.0029376062776303984 0.0015978550760818828 0.16228615053830486 0.1644139846648297 
2.3412716452451046E-7 4.093502441624926E-4 0.0015055292468974617 8.913448848825303E-4 0.0 0.16512948062252059 0.001087134538799631 0.0020225033519421943 0.3298395699947117 4.104816240084956E-4 
0.0 0.0 0.0014579586201515975 6.70861670391282E-6 6.162504912343455E-6 0.16803234817095994 4.965407876464727E-4 0.16803865487856703 1.3247661056480169E-5 0.16253390803173715 
0.004649369792291374 1.929023630711317E-5 0.0 0.002181565893494944 0.006735330570629973 0.16140854190798348 0.012969825397334024 0.15302397405574716 0.1563827420017598 0.003616501988318849 
0.0 4.5539690163348115E-5 0.0 1.5619926931408287E-11 4.557522135990932E-5 0.16715367288070643 6.64192112740501E-5 0.3343133489073234 0.0 7.423099426370912E-6 
2.776657871726527E-4 5.27933795281523E-4 6.170926036778281E-4 1.5514100531621782E-5 9.412625132088993E-6 0.16538066786258676 0.16743816438820727 1.343887781684093E-4 0.0 0.16692742202370353 
7.23938617579176E-5 6.31285255131905E-5 4.965014590882625E-7 1.2834243434735231E-4 3.6652503542107774E-6 0.17026443767151356 0.16385996434681402 0.0 0.16594012281702208 2.180676727482475E-4 
8.76526478406686E-6 5.140721156111044E-4 9.153396034144337E-4 0.0010421268699059704 0.0 0.16819821634922363 0.16433349242113568 0.16399937056675543 9.90242058008257E-4 3.642881257396322E-4 
1.8930739363769717E-4 2.2112065001586855E-4 3.1418312357653523E-4 3.451702989385216E-6 7.334652003108594E-4 0.16696969515574817 0.33266699794006266 0.0 1.6689923482127434E-16 1.2138675529064079E-4 
2.5243893065422965E-7 1.5875486911710106E-7 0.0 0.0 1.6825542109498845E-9 0.3341832883723051 0.0 0.0 0.0 0.16758111112309262 
0.0 0.0 0.0 0.0 0.0 0.33376930374661123 0.0 3.86815864986524E-5 0.1665901458521542 0.0 
6.417313684034471E-4 6.646338046751446E-4 9.73737080205339E-4 6.251353749832841E-4 0.0 0.3319037457629958 0.0 0.16647002659351023 3.0679378539957933E-4 5.176129963240356E-4 
4.68067598439996E-6 9.168771011797902E-6 1.3432411751952383E-5 0.0 0.0 0.3328603340617255 0.16747319638204253 0.0 2.5975214513330247E-5 9.854162198104625E-5 
0.0 0.0 0.0 0.0 0.0 0.5001012835393337 0.0 0.0 0.0 1.154201711573137E-6 
0.0 0.0 0.0 0.0 0.16799936018751094 8.980932504963126E-4 0.0 0.003319810222507453 8.300102821017911E-5 0.3289655412258938 
0.001015323672619599 7.677429355471819E-4 0.0014821915187335141 0.0027198661886083785 0.1653085112427387 0.0010930175184031949 0.0028176587601068024 0.002805023834654718 0.16162430364680544 0.1642307806226735 
0.0 0.0 0.0 0.0 0.16871792040169115 0.0027362931844320125 0.001109910114432195 3.447757309693169E-4 0.33236675131296045 0.0 
0.0013012644388521045 0.0017323321112075719 0.0023733868841846533 8.546759973265882E-4 0.16600193512796194 0.0035704397936842723 6.415646660078072E-4 0.16126482517428203 4.4466098338538206E-4 0.16444379649137283 
0.0060610140489138434 0.005213203682527109 0.011208181652668167 0.007380109919359405 0.15340207289947014 0.007721650849062211 0.002353912205057361 0.1574008287012512 0.1541578336896417 3.999156175387811E-4 
2.0406054322212675E-4 2.1984524632851619E-4 4.077192428987079E-4 1.4582820043797132E-4 0.1674338596017098 1.6702165245468308E-4 0.0 0.33454407526270036 0.0 8.403707901067412E-5 
0.0011481011739676867 0.001125518107572637 0.0017229675762303277 0.0022319492204130684 0.16512380676274313 5.274743587896821E-4 0.16486160481112447 0.0 4.6530231239295543E-4 0.16346495018753202 
0.0016863969381410008 5.0087849340854805E-5 0.0013577746568130327 0.0 0.16681807658421513 0.0016466167923059971 0.1648462890456877 0.0 0.1657002890765436 0.0011406651587441898 
1.327149257533309E-4 9.123957176003685E-4 8.552680603006823E-4 5.436324681762702E-4 0.1655164060023581 0.003864742244715134 0.16530876605090936 0.16505471052442636 5.9586880419671624E-5 2.967717547350525E-4 
0.0 0.0 0.0 0.0 0.16706677165202843 0.0 0.3333315864617819 0.0011773497778019566 4.77835182034344E-6 1.45076411819886E-4 
0.0 0.0 0.0 0.0 0.16759656270943635 0.1669522413494648 4.774166132871475E-4 3.978135651060207E-5 3.977109702376303E-4 0.16632388656992228 
0.0 5.339820761261244E-4 1.882386009383987E-9 0.0 0.1665945139597099 0.1664859760232154 0.0 0.0012942507486375663 0.16700587402883704 7.52247318516087E-7 
0.0 1.9554824153813736E-6 5.2992033394582E-4 3.801610796331662E-9 0.16593799313375382 0.16718576842078328 0.0017602910936301633 0.16389383355026846 8.529440540783114E-4 4.1123425511761373E-4 
0.0 0.0 0.0 0.0 0.16769956015040255 0.1668569129798353 0.16597155442269296 4.1984845158578345E-5 4.768770880085414E-6 1.492455998807661E-4 
1.1974493669483805E-4 0.0024713422548701515 0.0022976974958039188 9.143817360270154E-4 0.16547524076126174 0.3298352002731299 9.933350316095485E-4 0.0 3.225926973630762E-5 4.0626562920399685E-4 
6.06630653260734E-4 1.324187831349766E-4 0.0011543444935149746 1.7564728732554887E-4 0.33155269184851055 0.0 7.397356746562104E-4 8.189901056030275E-5 4.4936279538921166E-4 0.16641944991100546 
0.0 0.0 0.0 0.0 0.3335957538645768 4.333179994459675E-6 0.0 9.808483671745772E-5 0.1669115031609403 0.0 
0.0 0.0 0.0 0.0 0.33300110754681733 1.071465318929107E-4 1.3434674309362555E-6 0.1675972424485926 1.2868907590812823E-4 0.0 
5.047335642634143E-4 5.548578483126948E-4 7.56976516807921E-4 0.001792990860604496 0.3310664660454509 5.179099973016344E-4 0.16503456970975217 2.485006582133179E-4 7.608958561542907E-4 0.0 
0.0 0.0 0.0 0.0 0.33259521121045577 0.16740332158197488 2.5061820414345445E-4 8.995912037952143E-5 4.7247190082533945E-5 0.0 
0.0 0.0 0.0 0.0 0.5002797010938024 6.498290123003033E-6 0.0 0.0 0.0 0.0 
0.0010295068699679821 0.0012664464557309574 2.017226306260149E-5 0.1681493150827896 0.0036676906124769944 9.323310219575118E-4 0.0020839605407395206 0.003784024643354263 0.0032372405021780363 0.32377622066585 
8.704357374704178E-4 0.0010707653215517214 3.3241062193254187E-4 0.16506283112272124 0.005356294408067251 9.741681832346695E-4 0.0034418550487810076 0.0017579374549731655 0.16026799690271984 0.16398951462899772 
0.0014371813205359607 0.002976022364953681 0.0 0.16437768140013895 8.295192079319824E-4 0.0028756232303726896 0.003679871118178502 0.0 0.3251567893712425 3.161878998306995E-4 
0.004273502029093695 0.003621893859590938 0.012082667672852607 0.1605335817318709 0.005928722180688283 0.005401368420315118 0.0076704696350538126 0.15489740594294565 0.0016734207882045406 0.15085033154762137 
5.312337417872296E-4 3.883334752952055E-8 6.094612785681065E-6 0.16685797885812284 0.0 2.174350711150918E-6 4.790551092904409E-4 0.16955185663028047 0.16643272784908214 4.076588134839922E-4 
9.295602193751325E-4 8.104904738451485E-4 0.0032875865037469963 0.16610992194140187 5.159473752377531E-4 7.389115841661215E-4 0.0013298977982543923 0.3290287557922414 7.29329613254598E-4 2.0601529312702104E-4 
0.0 0.0 0.0 0.16797239153760468 2.958171168272975E-5 9.638814635400318E-8 0.16684776515639435 3.339164129686896E-7 6.544039336851545E-5 0.1656335697323084 
0.0 0.0 0.0 0.165754067821486 0.0 0.003394818907856857 0.16505822673878756 2.912855295480815E-4 0.16606586452820649 0.0010102709543347898 
5.334393710602957E-4 0.0014467052049448132 0.001840190008757641 0.16535816905483766 2.2773574972749842E-5 0.002095054394461939 0.1647999938024304 0.16558211905964326 2.945135786311283E-5 2.993304636721281E-4 
0.001829781257695176 0.0015905761117443185 0.0016172935541443397 0.1664407690732558 5.169750062623778E-4 9.860506365348867E-4 0.32646678359343945 1.4407724267268143E-4 7.247472639757134E-4 2.047209071419421E-4 
1.0913944995203055E-7 6.23254973415143E-4 8.743396110606834E-7 0.16715300658610469 0.0 0.16713222904930333 4.7793130609627486E-4 3.536917314496868E-4 1.6181221139802325E-4 0.16770762025269792 
0.0013714301174427089 0.0012377999092626735 0.0 0.16708502379294926 0.0012890291313136467 0.1642957860157602 0.0012106006740865483 8.441293585348732E-4 0.1663255183355846 2.9760555157095953E-4 
0.0 0.0 0.0 0.16601432277571865 2.6893144218491674E-6 0.16847415262178358 0.0012470216517350132 0.1640512961342995 0.0 4.109273872174247E-4 
7.051766802579697E-5 5.8121222187554166E-9 7.104510475798056E-5 0.1681156267311747 2.2649555172791148E-5 0.16763289664779124 0.16464767334272082 5.278793329154899E-4 5.958826860483327E-4 2.423112436302691E-4 
9.108196822913059E-4 6.302775859508895E-6 0.0012437956320836283 0.16610713233591498 0.0 0.3313644549460175 0.001608145433462158 0.0 3.3433319901792294E-4 0.0014459508563729592 
0.0 0.0 0.0 0.1671130315557949 0.16658481627883112 1.9680640658607216E-4 0.006888967812277542 6.342185891771613E-5 2.0750654528437596E-4 0.1676201146562251 
0.0 0.0 0.0 0.16713890286692923 0.1674411048333459 0.0 9.801150786671426E-4 1.949780651016697E-4 0.166689769692465 6.211720693587232E-5 
6.42786043325645E-4 2.171155385132601E-5 0.0022594880381402106 0.16431413146412913 0.16670950644879762 1.0745108315305853E-4 0.0 0.16807293979701637 0.0016935384282842816 0.0 
0.0 0.0 0.004702829822683354 0.162301968201566 0.16586961249254137 0.0 0.16662067635984087 0.0 1.1309398498269336E-6 0.005430092023399646 
0.0 0.0 0.0 0.16636258082261643 0.1665888278519138 0.1675826044959054 2.5088660719243974E-4 1.6616069152926554E-5 4.729085521078527E-5 0.0 
0.0031854552835825344 0.0 1.8619260306328226E-5 0.17250285695131126 0.32262928531939217 0.0 0.0015617806042741524 4.193578787928534E-4 1.1534264331660697E-7 0.005439019975701909 
4.6873372075363466E-4 1.4245387706551775E-4 6.242740711981756E-4 0.3329422875901188 0.0 0.0 3.8539023364362967E-4 6.016403162348938E-5 2.023677159303454E-4 0.16600754360651784 
0.0 0.0 0.0 0.3334918141582521 0.0 6.294818532321446E-7 4.0720005501878175E-6 1.5307013181844323E-4 0.16688720101865018 1.0255634495321862E-4 
0.0 0.0 0.0 0.33290915765159845 1.8922808822323576E-4 1.0717783215219816E-4 1.343859892345782E-6 0.1676462019160791 1.287266692989009E-4 0.0 
0.0 0.0 0.0 0.33437225192510794 4.9835304461607E-4 0.0 0.16612739343308597 1.6932592214662255E-5 0.0 0.0 
0.0 0.0 0.0 0.3328463745095097 0.0 0.16752973822630388 2.515939641379604E-4 0.0 0.0 0.0 
0.0021281164252971298 0.0022039972704780007 4.772094180132898E-5 0.3311976613600097 0.16276885540631525 0.0 0.0019084437200455418 4.0703728742327557E-4 3.5057575277723556E-4 1.4269072807742916E-4 
0.0 0.0 0.0 0.5006474824648899 0.0 0.0 5.972427840877751E-6 0.0 0.0 1.0264083640672625E-4 
0.0039423663284860275 1.1709262881213609E-4 0.16452135132489812 0.0 2.687723545272777E-4 8.781236595314211E-4 0.0015600636446547363 0.003276891586755591 0.004163457149971812 0.3288320439001539 
0.0 0.0 0.16646074985227838 0.00267924923657955 0.002999584691314891 0.0019700446353486684 0.003174226174740312 1.687208137801853E-4 0.1643079490782812 0.16525924179482665 
0.0 0.0 0.16707512664707236 0.0 0.0 9.853661184419328E-5 4.89716732456016E-4 0.002109738215225266 0.3307071532593601 4.114953545630356E-4 
0.0 0.0 0.1667422478030086 0.0 3.9676049914893216E-4 5.496764144440869E-4 4.9122543077896E-4 0.1662398390704036 2.725472838452932E-4 0.1659402555167353 
6.165951134879032E-6 7.506980523328311E-5 0.17379422571179146 0.0 7.114768997898298E-4 0.0 8.50434015987846E-4 0.1603160853045128 0.16742710931569071 2.0347177172577618E-4 
0.0 0.0 0.1663601767911243 0.0 9.209944184554692E-4 0.0 4.879882069869016E-4 0.3334921698073894 0.0 0.0 
4.2382663842534276E-5 3.618687433195145E-5 0.16809016942839003 0.0 6.88125696583164E-4 0.0024389744935432184 0.16479952002612408 0.0 4.8756593895727616E-4 0.16634612918754743 
0.0 0.0 0.16829903641869892 8.917477154304171E-6 5.268669421894537E-4 0.0027272192589769127 0.16505562541322896 0.0013673282834463481 0.16585642905612025 0.0 
5.762321847776557E-5 0.0011182880175309507 0.16656872708071424 4.370129007022543E-4 4.856223003201714E-4 0.003556148592168376 0.16569192480506162 0.16537885600953386 1.8583488056719684E-5 1.831864122192502E-4 
0.0 0.0 0.1672486702438326 0.0 9.785973581841394E-4 0.0011340736893154253 0.3323422597103742 1.8488843593774589E-4 9.012553307503411E-4 0.0 
3.7002054199899786E-5 4.269363559174055E-5 0.1704994366905851 0.0 0.0 0.1643118829481546 0.0 3.339574787092198E-7 2.729316311153239E-4 0.16575655116119628 
3.4345724830109047E-10 3.8320670838882425E-4 0.16734644904579044 0.0 1.6398297995767655E-4 0.1672481756139515 0.0 2.632965382522079E-4 0.16725340256963359 3.148310410616292E-5 
2.5103438324624716E-6 4.0923377412161854E-4 0.16493583310902551 0.0 6.765818514003111E-4 0.16886549290497518 0.0012967780841089446 0.16460093065171696 7.074071103443644E-4 2.2031788627796515E-4 
7.750576517969821E-4 6.45507845257175E-4 0.16646591443759698 6.782921555029474E-4 8.284079804340403E-4 0.16537985639642844 0.1651550610229185 0.0010041933142824575 0.0 4.1933383692628276E-4 
0.0016476733234861921 3.1380491721593627E-5 0.1667502086389726 0.0 1.2523699084982013E-5 0.33170658670765985 2.3650116226816943E-4 0.0 0.0 1.311416480658538E-4 
0.0 0.002203637341577995 0.16678345756485607 1.7210434760444403E-6 0.16481446396640692 1.708039236021264E-4 0.001322291607279242 0.0 0.0 0.16624092012408714 
5.480892606507664E-6 6.896416173207343E-4 0.1675827392721413 5.276831374865049E-4 0.16597425546529626 0.0 8.573376879444988E-5 0.0 0.1669843365986228 0.0 
7.635390357514718E-4 7.873167794600867E-4 0.16521907351510595 1.698462826603733E-6 0.16777059642606088 2.330342946888047E-4 2.5845065133986135E-4 0.16658176226198068 1.8521503065537304E-5 7.828012319814868E-5 
0.0 0.0 0.1672365454539416 1.396533296919789E-6 0.16610117170074074 0.0 0.1690141566677951 4.278981580893955E-4 0.0 3.552931706307134E-6 
9.664843117374418E-5 1.1289027603989263E-4 0.16614780450986924 0.0 0.16764045224374424 0.16693636183735847 0.0016123350039530227 5.343122625030252E-6 0.0 1.1858918432223982E-4 
3.965514336653565E-5 0.0025324107681989065 0.16572928467652945 6.30117360726048E-4 0.33282890659013264 6.44752927683959E-6 8.964453275029815E-4 0.0 3.331398399951692E-5 3.0334630093617357E-4 
4.906318588084719E-5 5.234431282572335E-5 0.16657693259614714 0.16788636058255635 5.26395108957712E-4 6.159715005643328E-5 4.1432910954103424E-4 4.0008224395170374E-5 2.774616303744069E-4 0.1661127337723768 
5.7493621065287E-4 3.966394393991222E-5 0.1702211331585517 0.16619276102374786 1.1676238216514784E-4 0.0028390706361087715 0.002648395138422851 0.002911679458574386 0.16235579317334625 0.0 
7.018710701769114E-6 5.8260825454538E-4 0.16890292529776776 0.1648860849382088 0.002476010554275591 0.00585571056595164 0.0026696302559780097 0.1562670646400232 0.004608170975034064 0.0 
7.016664196438914E-5 0.001080620664872015 0.16719284494202352 0.16338727692688484 0.0016223509444632897 5.174308923270444E-4 0.16436802020152838 0.0015125349809918232 7.249778342331237E-4 2.969967372372476E-4 
0.0 9.091132722441924E-4 0.16692247788191636 0.16569928365855 4.18357148553577E-5 0.16947021215362457 3.911168932579431E-5 0.0 0.0 0.0 
6.395855427818067E-5 4.9627863262533E-4 0.1604840099009579 0.16478110689951214 0.16622232125292236 0.006386388315706261 2.710875600204099E-5 0.0018771653610050855 7.103660999299262E-4 0.0010282217257115453 
2.490234052537757E-6 4.0595549764453794E-4 0.16361457055421907 0.3365551338174941 7.329232469193769E-4 0.0 0.0 0.0 0.0 0.0 
8.317849428031555E-5 7.263151082068812E-5 0.33333694921183676 0.0 0.0 1.9668545059507356E-4 9.77506272890331E-4 0.0 2.7274874969240517E-4 0.16553401374871546 
8.513968250746003E-5 7.154734206263997E-5 0.3352132279144685 0.0 0.0 0.0 0.0 0.0 0.1672358515568725 0.0 
5.591393265862647E-4 2.7152542586577575E-4 0.332746424310205 8.690441182617101E-4 9.59737967256759E-4 0.0 0.001298777016281293 0.16510984028385736 7.088580204827057E-4 0.0 
0.0 0.0 0.33380359417638467 0.0 4.995019312556523E-4 0.0 0.16583646658970455 0.0 4.130300796585556E-4 0.0 
2.6549485244414245E-6 1.9249202050711404E-7 0.3351889917701253 3.721376975581395E-17 0.0 0.1669237237609669 0.0 2.0053469723818146E-4 3.970997114669441E-5 4.099674746439799E-4 
0.0016996268088080517 0.0012967637981852796 0.32928127867558593 6.005618760090205E-4 0.16458847257412765 1.5499451858947414E-4 7.101291739650328E-4 9.766934444903814E-4 6.70877925337606E-4 0.0010704274599856105 
6.665678590543747E-4 0.0011567361928618409 0.33477723796363507 0.16502977357585483 6.292090007460205E-5 2.6537178296276794E-8 3.900675301391061E-5 2.7351249069373847E-4 7.282484387488188E-4 0.0 
0.0 0.0 0.5008801415640625 3.6024867200745456E-6 6.832304335381178E-5 0.0 6.79618331967663E-6 5.973632818400419E-5 0.0 0.0 
0.006509510458804172 0.16127599160750358 0.0019215132718152308 0.002110919872071029 0.003974593379758474 2.720383333477101E-4 0.003476185597511546 1.4870456789874985E-4 0.002654955540076742 0.320301757479402 
0.0022898092607576423 0.16545485979501753 0.0014738059148097114 0.0 0.0013172885891739017 0.0038888570585908343 0.0043062121462866445 1.2682450704818175E-4 0.16050148282442445 0.16409804576867695 
3.713857519162718E-4 0.16644917165247033 0.0 0.0 0.0 0.0027055214594987206 0.001097428320106827 3.448490062952624E-4 0.33158476148124255 1.0113920870670436E-5 
0.0 0.16608096324609184 5.759075435562836E-4 0.0018369966625898322 1.993552581462162E-4 6.58633346063627E-7 0.0 0.16826758381807577 0.0 0.16820564419262546 
0.0014014400354710088 0.16870313524722522 0.0019746293367751354 0.0019433166118263308 6.613957705181875E-5 0.0 0.0 0.16078082456784057 0.16698630691867078 1.0305824679712062E-5 
0.0 0.16720518376760982 0.0 5.7350692190364775E-8 0.0 0.0 6.640350579250608E-5 0.33427448129580817 0.0 7.42193880987056E-6 
0.0 0.1659972242661651 5.75617167649937E-4 0.0018360704382734058 2.9658587522623095E-5 4.613653965409623E-6 0.16728584883406197 0.0 6.491528745325499E-5 0.16606795511724862 
1.4205120804037085E-4 0.166082563352675 0.0029083328063812656 5.303645017464778E-4 2.6357505149003744E-4 0.0014036533244151056 0.16474975132724778 6.586924605974688E-4 0.16445107501702538 3.019004080923201E-4 
0.0 0.17055061453607387 0.0011489913487846286 1.7486689543432482E-6 1.7946462486327443E-4 0.0 0.16536231493884723 0.1650498689290342 1.8546520045035482E-5 0.0 
0.0034504053227934718 0.1654973426391384 8.990068224059894E-6 0.0016554090662316918 0.0 0.00311194942513088 0.3278683838855644 2.491738457812693E-4 7.615593305434548E-4 0.0 
1.4541059811472754E-5 0.16744344314421833 2.1005945265884738E-4 0.0 0.0 0.1670234474897616 4.7762023435908384E-4 1.8247547133545212E-4 3.980499488762571E-4 0.16646564842428327 
0.0 0.1676125789472348 5.908654760399134E-7 0.0 1.6386909569552084E-4 0.1671320237115919 0.0 0.0 0.16700604254126453 7.522480775493991E-7 
5.665722111019147E-4 0.16709183611794004 0.0 0.0 0.0012773351917137771 0.16808688484660192 1.704347748049156E-5 0.16501868811622417 6.955005632292567E-4 3.028423906692976E-4 
0.0 0.1660628042994978 0.0 3.2105562002522685E-7 1.5760831660416787E-7 0.16890528635534266 0.16853469929767337 6.007654981815427E-5 0.0 5.590676201608565E-17 
0.00569215907567428 0.1579611457808816 5.891161246837222E-4 0.0 3.4926191811738796E-4 0.33024784914551664 0.0036429032689169675 0.0016033230261904066 0.0029979420442229764 2.7713473555487163E-4 
6.39490946118236E-4 0.16516428914289152 1.5230936779267858E-4 0.001069445401153667 0.16759977524537858 0.0 0.0013606044370516632 0.0017213707984535004 0.0018216953532551488 0.16348966071194504 
0.0013247449127428911 0.16668803601016974 3.2271832346051786E-4 5.285033141085995E-4 0.1660317326259766 0.0 0.0 0.0 0.16699939667174005 0.0 
0.0 0.16935241387591268 0.0017135539680345842 1.2736225959577164E-4 0.1610152085973987 0.004974792984416733 0.0010113810932573118 0.1634586025484098 0.0 6.973079333533354E-5 
0.0010380759676079146 0.16733869668209636 0.0 0.0010850446389808074 0.1649027093566019 0.0 0.1666544906592095 0.0025564238183321043 4.063547633368876E-4 0.0 
6.508247116060198E-4 0.1682606554860267 0.0 0.0 0.1661158189021584 0.1675531852432498 0.0 3.27901089426338E-4 3.8229921606922216E-5 6.181685915816385E-6 
0.0 0.16109129627104574 0.0 0.0 0.33884214247111394 0.0 0.0 0.0 0.002528737158890949 0.001957220111027999 
0.0 0.16718654517064413 0.0 0.1679263572012239 3.1210145842268795E-4 0.0 0.0 0.0 2.7731114081883275E-4 0.16606508830151379 
6.065918007950729E-5 0.16502068854744026 0.0 0.1665510455437193 0.0016326917942114626 0.001769710835694242 0.0024045428216800625 0.0 0.16397097424926962 0.0 
6.547406183566663E-4 0.169290908537059 5.938071178839809E-4 0.16832604028970727 7.535989824687389E-4 0.0 4.852037160400398E-4 0.16453441115998527 1.9543059109121012E-5 1.0366158489974509E-4 
0.0012919345217885076 0.16684904815308527 0.001451512093266166 0.16459937056865429 0.0010075252715677522 5.20296455860136E-4 0.16481526795693646 3.1592255506527216E-5 3.209704899782268E-5 1.0742744920664612E-4 
0.010229454214796777 0.15754152265804197 5.862085951393461E-4 0.16621820027428164 0.0 0.16926380238177718 2.916810780638857E-4 0.0 3.832285196965346E-5 9.446198691078347E-5 
0.0 0.13633273655646186 0.006217678885104056 0.1705753683491927 0.16130981774156655 0.01726394050805618 0.0020226428515529343 0.003923239182954434 0.002047255441930878 0.00499726490671082 
0.0 0.16388859001590675 0.0 0.33627930758093266 7.323225742789297E-4 0.0 0.0 0.0 0.0 0.0 
0.0 0.16790568407679685 0.16563425507525825 0.0013387780631334584 5.011107396794952E-4 0.0 9.785225107378209E-4 1.9544187733468282E-4 4.882309775781879E-4 0.16668519458317413 
0.0 0.16268894663430042 0.16134835492772884 0.0010738139370131627 5.733051812431387E-4 0.0010767021909234246 0.0012041129542983647 0.009466887259077775 0.16396746797393 0.0 
3.924471210453715E-4 0.16695039981105922 0.16858059281586074 0.0013483450682704816 7.51091426323199E-4 0.0 0.0 0.1651516310220932 1.948635515785624E-5 0.0 
0.0 0.1667588653639052 0.16450295053211192 0.0013296340264461236 7.406684986746582E-4 0.0027232648082233003 0.16471758919532897 0.0 7.261393869022002E-4 2.822447049245645E-4 
0.004797152552012906 0.15759091231593558 0.16928020119268697 1.3785248139837071E-6 0.0 0.16597625249214512 0.0016167277114283662 0.0 0.0026504176279798604 2.2390958923477748E-4 
0.01811037186903882 0.1405252305799694 0.16676288909306394 2.5681743747937386E-4 0.16613557147862842 0.006640582343101581 2.7108614552589002E-5 0.0018771555662357648 7.129767908692911E-4 0.0010282217257115453 
0.0 0.17540150860636133 0.17479642239133109 0.16706178551196185 0.0 0.0 0.0 5.742736469800995E-17 0.0 0.0 
0.001265088321397324 0.16928018855572835 0.3215878678129236 5.012113726690236E-6 0.0023869997897085302 0.0014586832005414215 0.0018402411956609844 2.116539971984552E-5 0.002680230539127597 8.807103228171839E-4 
0.0 0.33497841940587897 1.316330170342356E-4 0.0 0.0 0.0 3.0663200601076474E-4 0.0 6.485489293300773E-5 0.16751350354310468 
0.0 0.33406920075334723 6.412784968572832E-4 0.0 0.0 0.0 0.0 2.6295766938072687E-4 0.1670381434851186 7.523926703613377E-7 
0.0011282410888618453 0.3327375953631422 2.1975606595464644E-4 0.0 0.0025452900848863505 7.494216597609437E-6 1.702404560247358E-5 0.16483054441011538 2.824846299342599E-4 3.0224879967380517E-4 
2.8705238568565116E-4 0.3341014617249581 0.0 0.0 4.983772820030758E-4 0.0 0.16613547303442558 0.0 0.0 0.0 
0.0 0.3334826115029753 0.0 3.396342621424673E-6 2.529096531242908E-4 0.16582751139813098 1.757271901459056E-4 0.001172154492395303 0.0 1.0273152358656385E-4 
2.833704083536945E-4 0.3313092823842837 0.0 0.0 0.16792517685264077 0.0 0.0 6.0832888518844386E-5 0.002236250578227591 0.0019546988550836484 
2.5779952387785984E-4 0.3273443846964863 0.0 0.1691450303800142 4.4071081129727624E-4 0.0013848885545530553 4.7646498552955045E-4 5.598178117552938E-4 6.577734152067705E-4 6.794491992499408E-4 
0.0 0.32994288492094737 0.17063622154342128 5.098131344891564E-6 3.3930840116949664E-8 0.0 0.0016706547859598173 0.0011780481641442684 8.905353462139411E-5 1.0141749041128297E-5 
0.0 0.5011354259595197 0.0 0.0 0.0 0.0 0.0 5.563720883555942E-17 0.0 0.0 
0.16488178717221705 2.471093504639362E-4 0.006356106904367922 0.0 5.162500951647215E-4 0.0020106895163967565 0.0013916155604407133 0.003394691948332334 0.001682551424450228 0.3261366520903963 
0.1637580280710164 0.005277938096599922 0.0014851512608759724 0.0028182553982697292 0.0010458926422068269 9.997517783245343E-4 0.0029977446043470217 0.0 0.1620059412042693 0.16465488576400988 
0.16716123896403381 0.0019478460113345696 0.0 0.0 6.27282762931924E-7 0.0027426473250232474 0.0011124875154763744 3.4209517014708115E-4 0.33313187216640544 0.0 
0.1654334111235737 0.0019359500844604563 5.848053097854704E-4 0.0 0.0012795884777047897 3.2187941990503517E-6 8.558435870091444E-6 0.16881784065171349 2.3746707694363925E-5 0.16573662431464334 
0.1656094602878996 1.2892715991242926E-5 0.0018999740574902767 0.00571445038412254 0.0 0.0020324109732253186 5.015821023762847E-4 0.16233434899254834 0.16676649618447922 4.084763426163026E-4 
0.16704108280635893 0.0 2.8667774764123017E-5 5.730423916291942E-8 0.0 0.0 8.015274357874999E-5 0.33403130885344134 5.619579776280518E-8 1.0649604916701785E-4 
0.16566364125255248 0.0019303952569194247 0.0 6.965771574955596E-7 2.9515202042014197E-5 0.0 0.16647253973324677 0.0 0.0015188828782437237 0.16597978749954387 
0.16963450747937814 0.0 0.0017963087380324114 0.0 9.744257515835182E-5 7.332853469792683E-4 0.16572860107354018 0.0 0.16457086945213836 0.001141699910166444 
0.16946459970399852 9.716197713602482E-4 0.001148220674721314 1.7474960527284001E-6 1.7934425082232895E-4 0.0 0.16525139987642506 0.1649391634365415 1.8534080158539754E-5 0.0 
0.1658768120594122 0.0 9.695642435905062E-4 0.0011404296667926347 0.0012180248928487295 8.403079453273029E-7 0.33084392637098886 0.0 4.117070858521945E-4 0.0 
0.1668817930574542 0.0 2.127798052818784E-6 1.6241656211263424E-4 2.499672550116221E-4 0.1666531376481872 9.743491394575962E-4 0.0 4.7051342776917174E-4 0.16585150280376237 
0.16720696906080443 6.937417519954798E-4 1.6180959661409974E-4 0.0 1.6430840888322722E-4 0.16758008441390382 0.0 0.0 0.16745376550332539 7.54264763486986E-7 
0.16894508893582935 7.603594052433344E-4 0.0 0.0 6.757477800692573E-5 0.1691203344041433 0.0 0.16562976346049074 0.001186856217355454 7.579356632927554E-7 
0.16748815132750405 0.0 0.0 0.0 2.5062838300752454E-4 0.16689593547173895 0.1660103698575649 0.0 7.89417290347987E-5 0.0 
0.16581792254368605 0.001246830919051624 0.0 0.0 9.496087199957584E-5 0.33146285024050787 0.0018210385136885753 1.225794230675479E-4 0.0 1.6759323598388053E-4 
0.1666383446687734 0.0 2.1246940053495755E-6 0.0 0.1669417701171945 0.0 9.771922271660787E-4 3.878031227821056E-5 4.7005604163347325E-4 0.16612782381724617 
0.16673130513097195 0.0 1.61463831298591E-4 5.233397846703895E-4 0.1677188119261848 1.393818288890932E-6 9.817447178022138E-4 0.0 0.16686996485896147 9.905388584432394E-5 
0.16689438513748528 9.568835297273388E-4 0.0020827955003568763 0.0 0.16709512053073247 7.164082450707864E-4 0.0012760840135747809 0.16273870638656907 3.217359948834501E-5 1.5496605111188288E-4 
0.1672344689903703 9.588333894382203E-4 0.0023783960958003642 0.0 0.16515050431027514 9.351350110977422E-4 0.16406825764249933 0.0 3.013011895882505E-7 1.5463663984990452E-4 
0.1679244656336356 0.0 0.0 1.7102211633795815E-6 0.16893206027617483 0.1685727607783193 1.7779010710476035E-4 0.001185914784008413 9.042811560941478E-5 1.0395606709541641E-4 
0.16477393153470749 0.0 0.0 1.6781346531048293E-6 0.33970459868061603 0.0014052007919619857 0.0 5.70247449389251E-5 7.718963272660513E-5 0.0 
0.16813214923447878 7.72240603496639E-4 1.1117568849725487E-4 0.166676543034946 7.774562225683701E-4 7.510833886247441E-6 4.15681323517683E-4 6.0582963541875136E-5 2.037768351859264E-4 0.164227990661678 
0.1695568390452258 0.0 5.89622284120447E-4 0.16505993682216585 0.0 0.0 0.0 0.0 0.16715431213431933 0.0 
0.16663804353843878 9.55413803505516E-4 0.002079596428509082 0.1674708827455933 0.0 7.166521680071422E-4 0.0012765184951176295 0.16279411571971625 0.0 0.0 
0.16836387999988217 0.0 2.0248310194739445E-5 0.16638357847185706 4.954411179324191E-4 9.269561023671967E-4 0.16678198936254388 0.0 4.153692674662455E-4 3.3739108861415945E-5 
0.16788379913186982 0.0 5.866028074113361E-4 0.16628384002238933 0.0 0.16935428687366508 2.5267828984322017E-4 0.0 3.834036172092713E-5 0.0 
0.16571623166251234 1.8398197594583762E-17 0.0 0.1612123971509004 0.16681072863725233 4.563303856287468E-4 0.0036574979831044217 0.0037219756524998517 0.0019596894417686574 0.0 
0.1583904463904371 0.0 0.001959879334725867 0.3290192227537084 1.6201865242739656E-6 0.009434963430361968 0.002435633256296739 0.0010009367943339892 0.0 1.5465844965255776E-5 
0.16533802407687262 0.0 0.16887816732968536 0.0 7.952620566971173E-4 0.0 3.863517023791377E-4 6.273747780824437E-5 2.0287404697908883E-4 0.16642290024217082 
0.16490704941075235 0.0 0.16843796482825665 0.0 7.720203989687861E-4 3.026059040001521E-4 0.0012407920375370643 6.404978380696349E-4 0.1642371455603269 1.7911215905564289E-4 
0.1659469443072163 1.842381184360601E-17 0.1666601405660914 0.0010429841943409427 7.768512059176493E-5 3.0516557322323732E-5 9.777078912636052E-4 0.1672136340715267 2.6057693856927465E-5 0.0 
0.16721466486782458 0.0 0.1684514626571426 2.665088037653949E-6 6.566804757468288E-5 0.0010782306888376411 0.16508878386751347 0.0 7.052433103336175E-4 3.0370231199963033E-4 
0.16187874347081002 0.0 0.17017794070781514 7.692540427233182E-4 0.0 0.16655489237553547 0.0016223640788024223 0.0 5.946722897584613E-4 2.2212618971614306E-4 
0.15957264678467523 0.0 0.16774794048261152 2.5833443190796006E-4 0.16159579803932855 0.0066052566968320065 0.0018986156513174245 0.001874218225756043 7.118611371501257E-4 0.0010266127821847609 
0.1605681980940192 0.0 0.16400621198267284 0.17432463498305462 0.001155440229671506 1.1162454397600626E-5 6.177774516084601E-4 9.003721531452382E-5 3.072943856210609E-4 2.42015499515396E-4 
0.1637426368503775 0.006892334504231628 0.3279102090866466 0.001563330328826714 1.1644232556794301E-4 9.233679596537784E-5 0.0014656240918612706 0.0 2.6049040031465336E-5 0.0 
0.16160128092138837 0.16955390700750914 0.0 0.0 0.0019988301590782905 1.9648566979101233E-4 9.765133830320211E-4 0.0 4.1603523467420263E-4 0.16543682664513892 
0.17511339331209128 0.1580505922945362 9.969691662470976E-4 0.0 3.762799072991212E-5 0.0 0.0013617018296428185 2.1893126835230515E-4 0.16670174189098821 2.969092746603906E-4 
0.16077061129780354 0.16868235896464567 1.1084737191862143E-4 0.0021782805509614235 0.0020023727094111575 0.0022024395202642636 0.001381942749087203 0.16289058700469009 5.937420021032479E-4 1.2859723822810467E-5 
0.16719907044780102 0.16566638434139747 0.0 0.0 4.980981044429342E-4 0.003203998884214062 0.16696923904702082 0.0 4.1531958046005365E-4 0.0 
0.17152133561133903 0.14936778396463912 0.005619677119707266 0.004797598158033814 2.011801603432655E-5 0.16490856053254382 0.0022078506936571377 6.070198306248316E-5 0.0024251717686164216 3.0174303293677997E-4 
0.16659183166288602 0.16630734473363226 0.0 0.0 0.16858682663708593 0.0 0.0 5.6673970241413265E-5 3.359133490683423E-5 8.423989633805321E-5 
0.1584021630073024 0.16667558718018746 0.0 0.17389901975646607 0.0 4.571764047845516E-5 0.002410781115910516 0.003701346108479538 0.0 4.127859219077851E-4 
0.17923068633776265 0.1558258310537949 0.16519279470973264 0.0 0.0029462435311440995 0.004489952865488885 0.0 0.0 3.255352705928217E-5 1.5912114538573033E-4 
0.1737165822682551 0.3274592526581936 1.830771139175048E-4 0.0 0.0 0.0 4.5875284199561824E-4 6.113722013865453E-5 8.728656889708021E-4 5.531385556884084E-4 
0.3326618494672953 0.0 4.241548599012905E-6 3.2376086657882045E-4 4.982842515947844E-4 0.0 9.730032073219913E-4 3.856735443975612E-5 4.6991765768274586E-4 0.16566028314433873 
0.33491250754111374 0.0 0.0 1.0086004115341265E-8 7.115597413604738E-7 0.0 0.0 0.0 0.1670081202450955 0.0 
0.33590624000989583 0.0 0.0 0.0 0.0 1.727049673649773E-9 0.0010075504631316828 0.16495705592400983 2.605360495363596E-5 1.2887551233740118E-5 
0.3337973279192501 0.0 0.0 0.0 4.994925544616481E-4 0.0 0.1658427422236331 0.0 4.130300796585556E-4 0.0 
0.33358169661458 0.0 0.0 3.3973517504649397E-6 1.524014843765563E-4 0.16701105969543042 1.76143014172839E-4 0.0011749281667527616 8.95903664652542E-5 1.0299299155577287E-4 
0.33110790600460593 0.0 0.0 0.0 0.16683206980601123 0.0013869833479635727 0.0 1.5142738737695185E-5 0.0025257460898063648 0.0 
0.3215255585378733 0.009641758522351631 0.0 0.16166814933882087 4.1011874052879096E-5 0.0016294337411129052 0.0018922597770461022 1.8648533804386884E-4 0.006182161180583456 0.0 
0.32033109666733545 0.0 0.16566530292438592 4.949614249310187E-6 3.2942377975844784E-8 0.0 0.0016219858169309001 0.0011182948493528699 8.645475693886163E-5 0.011974769092959156 
0.3241855099566488 0.17340157419469257 1.8136132984592252E-4 0.0 0.0 4.921502723077356E-4 0.0018183686045778376 0.003644821743515318 3.176964299043364E-5 5.343935550842689E-4 
0.5020842275003838 0.0 0.0 0.0 1.1690233983641754E-4 0.0 2.7126075998204994E-5 0.0 2.6072159052680264E-5 1.2896729115359759E-5 
0.0073174510229998884 0.022530843905708555 0.032806740407771984 0.021048610225184942 0.022554581322224418 0.005116824548601478 0.022357601569041822 0.05020161184676123 0.0024247321539050963 0.3171972347523873 
0.010497253710408808 0.0020751231133280287 0.022734721358451237 0.026287560337242135 0.03806433425222024 0.034385372823486325 0.03717509112864319 0.00595818324425039 0.1657175923881598 0.16580793290881035 
0.04038976503936302 0.028790325117450135 0.0078737245134949 0.008299899476513436 0.041730402257311255 0.005900690646349681 0.053639599689202115 0.04071631498324903 0.25517471835487904 0.01968055713434949 
0.019769548941328367 0.01611499772045437 0.007330891625780003 0.008135938811839445 0.008260630553254301 0.03840404420478021 0.048511751433676815 0.1616601652922219 0.008351035710615485 0.18770137511258844 
0.03232740648534962 0.036875599579914285 0.012697469505813627 0.022215756790275768 8.4802303234741E-6 0.06827705744303766 0.014814493551751379 0.14594659212395839 0.1535561293208429 0.01915896201294123 
0.013842071713257754 0.015789534310024955 0.0243108880737284 0.052041198476947124 0.017597748545681968 0.03772406986000403 6.483597027324345E-4 0.31324026992461257 3.975673964172288E-5 0.026347503574959897 
0.02730417592151536 0.03018234200916851 0.057288205499814136 0.05475323675760651 0.026100687702540336 0.01148541491236777 0.14525533629024126 0.008654276326747624 0.0032275336305119437 0.15692356611214442 
0.005673165970369854 0.017467997602965673 0.03079427942824068 0.015429060505016043 0.0 0.027518310354636102 0.1895380045767435 0.04820071548721282 0.1569330019431979 0.018900745130095525 
0.04050377561834577 0.033490478592251405 0.04994955525263854 0.03259484352539744 0.012529114182234173 0.01015531457240868 0.15993335110417306 0.1621985780280503 0.0030055510302368915 0.0 
0.009066606206791871 0.027145739834419046 0.04818829006636941 0.024144096139669093 0.0 0.027312851509407283 0.2693524172208502 0.05594232279047446 0.024294745051610236 0.018775930626143897 
0.012881151501480436 0.026982204958969573 0.05087831253573576 0.037787228380429166 0.019508042963400363 0.171822443491777 2.1715105733232566E-4 0.007979698944114301 0.008566204258426422 0.16909533878345953 
0.021257268139602506 0.02308641437960463 0.0368611188378178 0.039138400497933656 0.06084778680768396 0.16157044471340276 0.0032996767276995955 1.7216158321293128E-4 0.159954180956103 1.1717401435420604E-5 
0.013736192929327245 0.01121098194521427 0.043675410389965016 0.03882716530020691 0.0624909480888458 0.16507348668595764 0.0016372063662722812 0.16448154942676774 4.457714336537561E-5 0.0017187730339728213 
0.028825190214987733 0.03325902287080658 0.04152860430305952 0.055649314355588564 0.012118498854340262 0.16508393331333177 0.16928738782439634 0.0 6.813769521972777E-4 1.4452243353717746E-5 
0.03541807682059973 0.036832613553744904 0.014199962695184372 0.048914417667350475 0.08068185073335646 0.23470149528600345 0.0311375998262281 0.006642435666930771 0.011338816873725708 0.003641407055274647 
0.022566313107073604 0.024945055365944074 0.03854233996721994 0.07221890358911863 0.14886267838675873 0.01478998323076 0.0025119772068540767 0.004472123059381141 0.013928602895087976 0.16578024683106915 
0.04634820783939718 0.001580968481201424 0.038063232210209956 0.07216745883061465 0.14875663683587295 0.014879922089173792 0.017320783188013063 0.005433892132640747 0.15422469322485877 0.0026744764505945663 
0.033214579632625474 0.0 0.044207249167137655 0.06162687709294308 0.1609059655742671 0.03743384041876859 0.0012518073951214577 0.16457919688948772 0.0 1.520599418588917E-4 
0.016008956001198612 0.04671160991897134 0.051248696624568 0.03260265513093926 0.16749938078704493 0.008008293123870962 0.1522474421445123 0.0035012605465881853 0.025454294571075828 0.001020463310091069 
0.018361586253837 0.013443272822051495 0.02159361730381912 0.0 0.19041329175282898 0.16782895651507804 0.04111494575988404 0.01291098956572099 0.0021507122360901044 0.04228336246917669 
7.667117340316412E-4 0.027502451438653538 0.03769668219238633 0.03637392930008695 0.32420324497260483 0.0038764160113568293 7.689776904014914E-4 0.02883071729119008 0.01980693313207058 0.02588217809188047 
0.05550917156347519 0.02405915184001446 0.012996038412204518 0.1648066477876366 0.03772739231102054 0.011426849587462463 0.00663362292463671 0.022441521711040788 0.005393305794557104 0.1705483244823977 
0.03249395179002128 0.03706557640251433 0.06168327884047678 0.15470950292527696 0.0 0.019723167836556893 0.001360855094424325 0.01491783256763759 0.15355170839525709 0.026362582259354842 
0.008865440075802821 0.025959955110925578 0.0614331470528585 0.13544645114132647 0.03537248010202004 0.0023467061068996225 0.026918316794045872 0.17701702831533517 0.03456140518099618 0.0010426122159971863 
0.012654735845959938 0.013631131963627934 0.009887231327514737 0.1774652691181538 0.03368115480514318 0.009576747863495296 0.19558554329575617 0.0062371208916285155 0.030472993279169514 0.02003563928857746 
0.04680374151955543 0.036381489925625544 0.0024898973336340328 0.13641988758548143 2.0357529520769998E-4 0.14321216944236806 0.0361751033395576 0.0526772784439013 0.04458337275245368 0.005319195831823988 
0.04222686611012104 0.04667805095361788 0.07212176050399664 0.13513851190523166 0.15162040970240512 0.017339228731892004 0.0036293607917425924 0.004241667375624998 0.00964962536344801 0.023829534529764117 
0.010708431826581051 0.012215017754200839 0.020327819483811776 0.27356448748617157 0.04994758492231805 0.02529699774492188 0.03369599615166189 0.020686026522946398 0.029657452640776433 0.026395511000989753 
5.435872737020379E-4 0.0 0.15144640491128022 0.03890334311414928 0.029949950283269192 0.01257758948589834 0.04681815557990002 0.046700411164984273 0.013019957584555293 0.17175771174622198 
0.051434314074135935 0.058670687712759594 0.09763777448509314 0.014296025963075 0.05128849764166509 0.021468909454470907 0.029177207551904057 0.0019851296374802877 0.1494682873190306 0.026358200191861615 
0.06511484546325952 0.023394143782969636 0.15613277961984476 0.0023564560957006074 0.031320040382756466 0.004980785270353585 0.03160481147969011 0.19041936338745113 0.003940100627553709 0.0010453677604630913 
0.06219112207029198 0.05167708074912211 0.1515260563497759 1.913490262453349E-6 0.0 0.06382863813615802 0.15361430987723787 7.53903651741659E-5 0.0033652059284432698 0.02951419758217943 
0.041982057083523594 0.03263349760623492 0.11359056093970003 0.03543255608299449 0.05249194660772225 0.1778925570507729 0.044935298862570215 0.015129444111324341 4.5281997137813903E-4 3.907841514774153E-4 
0.0634050350001631 0.07250971120678923 0.12052507264872049 0.0 0.12986627288249186 0.03174243628832381 0.03598239602596576 0.02205979091076156 0.0 0.02639500651055035 
0.030862204854518103 0.06464719685771937 0.12487328076056912 0.1199583007411785 0.056445344688537694 0.03895834624275529 0.042279874728925526 0.011917437150566338 0.013832409688726456 0.001758513321348 
0.02927033949330499 0.0785867140774941 0.14101715528627845 0.0801778645116545 0.05001733109881336 0.03757478546263447 0.040439808760552524 0.0038842819218930518 0.040213313254747036 0.006675429027635648 
0.01485005487496145 0.1731146214912281 0.00877557427380836 0.01691214618787672 0.03242803930962512 0.008980070037031938 1.278459871639634E-4 0.012531193478018949 0.010613800480874078 0.22887811915803383 
0.018693081451564682 0.1455432770336668 0.033255020480157965 0.050549873498422174 0.03818866964907411 0.013876995477219904 0.007050992104612752 0.007625775402957965 0.19005557387124272 0.006820017451009523 
0.07595168047929751 0.17367813086320288 0.018392179945719615 0.03370917446783753 0.0021165884016269413 0.014731142988421307 0.007140983562681524 0.16113010762401356 0.020617047414274087 0.009761871590565819 
0.02105271942848174 0.14910651568746713 0.019366655025933655 0.03519773450513023 0.014635650468501838 0.011113780980305315 0.18002964261091858 0.04288356762694067 0.02310667712802372 0.02033466405967177 
0.02151125588972705 0.15812869255961978 0.008524533473371596 0.01994716974667716 0.012757206843927288 0.14249856465846053 0.03990176591905098 0.08206244464914048 0.0037842224110052514 0.018917830538288233 
0.048219231519335236 0.148477932167004 0.009716686262262986 0.02593060372357142 0.18608975577364856 0.020621597989559766 0.03701708577881423 3.390156759799184E-4 0.0251907297816565 0.009587712780217954 
0.017734075429112272 0.13760540406456245 0.0076264161494987584 0.21071498141495953 0.05889968364672975 0.01675045669366009 0.0 0.02879542791575817 0.020310403763618933 0.005297248194423245 
0.033231634132056945 0.17486642007821926 0.16881403776960086 0.005437053874673507 0.059564836250613235 0.020518675145891657 0.0020587318354357265 0.02256802869646253 0.01024528114748047 0.015689109723592963 
0.03524024911642208 0.25905017107422024 0.013957223203719152 0.03124781427881287 0.020811010538663445 0.01395184721753069 0.04109770646242303 0.07030882539840434 0.0037868205399890966 0.018930818930220503 
0.16612003835273798 0.010190299668362558 0.02994005541400638 0.03830371979402349 0.0046169089274199025 0.017783217376099017 0.02686209408212347 0.011210135213365668 0.014888589250124838 0.196886167051862 
0.16306569628506642 0.0 0.03301798164295472 0.050021220468650845 0.03789054671565429 0.01376866359143444 0.006742891306991555 0.007604791020432627 0.1884423760335828 0.006762128923034936 
0.18210986904086965 0.0016208448632278629 0.037202290102311485 0.05654998948641501 0.04272154839759834 0.015524152565175236 0.00760260229215356 0.1445369197186458 0.016575307346643645 0.006877885942419836 
0.1541540120760609 0.03901602108025303 0.009290060988641533 0.022959413650213974 0.028583800909089213 0.011793723639285176 0.19104388106936793 0.029826772100929922 0.01023704107022283 0.020351529297272696 
0.2009359939065106 0.011298811034855019 0.01704607677042132 0.025832993081323245 0.03234912664638885 0.15761860790972138 0.03980408655282425 0.007871436899360101 0.008551052519700019 0.019389400646283774 
0.21423169447299376 0.00730758690411063 0.01056808091296383 0.029158334260835004 0.187384776338912 0.021751466573397268 0.012024041193902392 0.0 0.016132902986541266 0.00952953396150047 
0.17353448047256534 0.08446654687786205 0.02020063954645816 0.1551591021074811 3.470470689781295E-4 0.0040324282988815595 0.03883279002816169 0.01658403503059118 0.012802306861373413 0.0 
0.19375981238539403 0.02045716132388148 0.1836649129630215 0.039264106168149356 0.007671604407817205 0.03876087473160291 0.004884753025594954 7.659846952866317E-5 0.01828134975291279 0.015123435258909542 
0.16801079174314307 0.1705966512812103 0.06654902582031141 0.014902849442624558 0.012337794101036949 0.01685033579135989 0.004550711835510454 0.006255265726634015 0.044951582805624446 5.9717051236164336E-5 
0.2592843523783191 0.03784409940611183 0.043880068123857474 0.06333027819436116 0.026841236677689232 0.016351608191909013 0.044110696387124435 9.635825437182666E-4 0.024044494438699066 2.917438907193133E-5 
