0.0 0.0 0.0 0.0 0.0 0.0 0.0 0.0 0.0 0.5001249721979235 
0.0 0.0 0.0 0.0 0.0 0.0 0.0 1.7554626832268927E-5 0.18477766872393228 0.3181746298552606 
4.407802948202909E-8 7.673132133263766E-5 8.523781609661685E-21 0.0 5.064606463205676E-8 2.2358254192973345E-8 0.0 0.0 0.33368483387717757 0.16686118981832895 
0.0 0.0 0.0 0.0 0.0 0.0 0.0 0.0 0.5002131856015772 3.3256037425704494E-6 
0.0026949811888418124 2.6226281728379276E-4 0.0014649202913779513 0.004248428289930638 0.008514087744623046 0.0048289558574977 0.0016359601009348845 0.16356725865611066 0.0011741089392023592 0.3201564387737172 
0.0 0.0 0.0 0.0 0.0 0.0 0.0 0.16706231654557305 0.16657999631123874 0.16674858911793325 
1.3099022058845727E-4 1.4501739545223535E-4 2.760076160406926E-4 9.700440202372453E-6 3.898005128158087E-6 1.8382683365450006E-6 5.353736714059793E-4 0.1668790518519672 0.3321460422660384 0.0 
0.0 0.0 0.0 0.0 0.0 0.0 0.0 0.3335030877005059 3.702628067486846E-17 0.1666933345289977 
0.0 0.0 0.0 0.0 0.0 0.0 0.0 0.33365697455388865 0.166857717302438 1.2757009597097414E-7 
0.0 0.0 0.0 0.0 0.0 0.0 0.0 0.5000825273431371 0.0 0.0 
0.0023521279406624935 0.0016675040119690896 1.7822338305246093E-4 0.004697322487636982 0.0030163098487212573 0.0063573564362302696 0.16289983853486545 0.002478611270557039 4.8831098622111834E-5 0.3216073311206041 
0.00100612650646871 8.849119127212135E-4 8.681167309439157E-4 1.5970031719876296E-5 1.323555452491583E-7 1.5858737180748624E-4 0.1667681157356526 6.005796065398023E-5 0.1640817764628608 0.16680169107065432 
0.0 0.0 0.0 0.0 0.0 0.0 0.16661335094004326 3.0242272840412013E-5 0.3334210973938062 3.555074194376258E-6 
7.19460785374624E-7 7.670421033104907E-7 4.403930758272424E-6 5.793174487910942E-6 3.200568209812664E-7 1.1788651065771461E-7 0.1658803431949019 0.16776157010143772 8.624252788616609E-5 0.16664545514987283 
1.9298919630719898E-4 5.744909525229429E-5 2.4941384880594104E-4 1.6346877181486134E-4 2.5238814192033795E-6 2.595544151300722E-7 0.16662794735339892 0.16651537991571616 0.1668299652976535 3.668512230082744E-4 
0.0014877157116338258 0.0013525965000267823 0.0013059521254961304 0.0 1.618889914538139E-5 0.0012058635282869747 0.16626939172811087 0.3286274274801178 0.0 3.9920742254466056E-4 
1.8858124481372244E-8 3.48930074903449E-7 1.4351630259901596E-5 1.4377286402360894E-5 2.687038958219577E-5 1.2903092457333254E-5 0.33370568526633543 7.607142767342293E-5 0.0 0.16670055561202607 
5.769317890392604E-7 1.9749880441838223E-7 5.680591597030207E-8 6.576309588308553E-5 0.0 8.974776692757444E-7 0.33351614319394884 0.0 0.16671711755411164 6.75451829823065E-5 
0.0 0.0 0.0 0.0 0.0 0.0 0.333603848082364 0.166713652023471 0.0 7.066911693984609E-6 
0.0 0.0 0.0 0.0 0.0 0.0 0.5001480413767574 0.0 0.0 0.0 
0.0011935218847636136 0.002009932891334158 1.0547543346470536E-4 0.003417467074405266 0.0010502956646299766 0.1662492470453671 0.0016318495077670473 7.830572251250302E-5 0.0018512599726621106 0.324599299415806 
1.65454190234057E-5 1.930321648145472E-4 1.7032731287422128E-6 7.284965355325891E-5 1.874310302426485E-7 0.16669113505729308 3.250399690460435E-4 1.5076772112957018E-4 0.16649510643671314 0.16695352136683508 
2.6757548378617436E-4 2.6660169629300144E-4 0.0 0.0011569383734936327 1.4878608256411344E-5 0.1661412925722169 1.0013372509712587E-5 1.221659135230069E-4 0.3321412741727908 1.0248994670356835E-4 
0.0 2.1089826767557628E-4 3.4093827386493235E-5 6.0553920466301054E-5 5.9347232787852E-6 0.1668332740562146 1.072745358485778E-4 0.16744788493766907 2.9868904374615993E-5 0.16736099534202642 
0.0 0.0 0.0 0.0 2.7350363908441443E-4 0.16583229134108318 0.0 0.16814168766178153 0.1663369499894517 0.0 
4.225138451742577E-5 2.5133937887450616E-5 9.26089450326801E-4 4.3857306700210297E-4 1.9198358475427147E-6 0.16446715287837296 1.227408910972408E-4 0.3339992745990598 1.7042489283128614E-4 3.891410615768595E-4 
9.994470030632361E-5 1.6834727218900227E-4 2.1751260381109803E-6 1.229451106137799E-5 3.164439307219973E-6 0.1676339430922357 0.16579976737163174 1.4876742630012802E-4 2.8219130446914927E-4 0.16586874773194926 
0.0011043416115949496 0.0012988048973701424 6.328141805093361E-6 2.717833126137114E-4 0.0 0.16692686561021897 0.16471720284136285 5.8165695178347236E-5 0.1663644395845227 0.0 
0.0 0.0 0.0 0.0 0.0 0.16848826454709326 0.16636098640166397 0.1652943748592586 8.619290075871393E-5 0.0 
0.0025430742054652986 3.1473078824477675E-5 0.0025511924600844925 0.0 0.0025109089858792806 0.16325539785951573 0.3282864715739151 0.0027245736955973875 0.0 1.7664759181798167E-6 
0.0 0.0 0.0 0.0 0.0 0.33344803789896127 0.0 0.0 1.64188473722527E-4 0.16661409525262355 
1.915598839882467E-4 2.687355993663847E-4 8.923682507369666E-5 7.955443347853414E-9 6.101122539089187E-20 0.33320039706636806 4.3735162046960456E-4 0.0 0.1663069948348749 2.1846127634205646E-6 
0.0 0.0 0.0 0.0 0.0 0.3332275576028418 1.8183268826429732E-4 0.16634393211181564 5.548376451646428E-17 3.887985643840628E-4 
0.0 0.0 0.0 0.0 0.0 0.33318635923134804 0.16706859653457345 0.0 0.0 0.0 
0.0 0.0 0.0 0.0 0.0 0.5002549557659215 0.0 0.0 0.0 0.0 
5.139161527550175E-4 4.6315911537094754E-4 3.5728440076276345E-5 0.007096141666358342 0.16525154891825386 0.005379059364020498 0.0015041227871602043 2.5743590004402225E-5 0.0020183514855195784 0.31969984730596396 
0.0 0.0 0.0 0.0 0.16741112298117183 3.027080959212711E-4 3.264773203655831E-4 6.980214573318648E-6 0.16709152885864123 0.16644412021736502 
0.0 0.0 0.0 0.0 0.16692270542118184 5.076496127315573E-7 1.3819896004201252E-4 0.0 0.3338763724875815 3.401522196855452E-6 
0.0 0.0 0.0 0.0 0.1659713158014453 2.228365265253174E-5 4.243942712140905E-5 0.16807107659006498 6.362830467622569E-8 0.16636979218336995 
0.0 0.0 0.0 0.0 0.16726321556434098 1.5126793087707034E-5 0.0 0.16749028394707302 0.16853367078024523 9.94631680845707E-7 
0.001979051251947469 3.5806685138514154E-6 0.0 0.004022456315717121 0.16482254179297864 1.5234729327544033E-4 2.1293912685690083E-5 0.3299338770907686 0.0 0.0 
0.0 0.0 0.0 0.0 0.16470095062031972 4.919608893545655E-5 0.16644432022954656 2.3442927897101984E-4 0.0034674928479959464 0.1663296920763119 
0.0 0.0 0.0 0.0 0.16582230856108826 4.9872315935039624E-5 0.1675778925999437 0.0 0.16687886465554294 0.0 
0.0 0.0 0.0 0.0 0.16697283720900544 4.549149050140122E-5 0.16678932346021808 0.16654263210997228 5.555004059739602E-17 5.703339839241662E-7 
0.0 0.0 0.0 0.0 0.1660333836870833 1.9936831198664426E-5 0.3342160296131965 0.0 5.554105510302316E-17 5.702417295756888E-7 
0.0 0.0 0.0 0.0 0.16693990154016386 0.1662181521416788 4.47300112515028E-4 1.1849981632609424E-5 1.642717703204927E-4 0.16669862242431244 
7.97114066924173E-5 4.474312960179763E-5 8.20205790927811E-6 9.184705664555166E-5 0.17706296312704795 0.15802688910725426 3.9757663031955265E-4 0.0 0.16785499167357026 3.419374866836924E-6 
0.0 0.0 0.0 0.0 0.1674683582412115 0.16499081508196148 3.341429871009E-4 0.1648286722288587 0.002101371671271238 0.001415691775706061 
1.0828899555645749E-5 3.079803606930786E-7 2.02212832191057E-4 7.241497370317304E-5 0.166915652427537 0.16618596513994177 0.16695222220555936 7.681223782296318E-5 0.0 1.2486808003063838E-7 
0.0027915396609706766 2.2751844784360013E-4 5.201954046096711E-6 2.6917856196998083E-5 0.17190331336997988 0.3250838477439626 0.002255818575923338 0.0 0.0 8.047781461070819E-4 
0.0 0.0 0.0 0.0 0.3331964956245608 3.589973729045879E-5 4.474508586201001E-4 0.0 1.6430261520839309E-4 0.16672992299599187 
0.0 0.0 0.0 0.0 0.3331976673781914 8.468808208773966E-6 1.836488143358749E-4 0.0 0.16684869260501575 0.0 
0.0 0.0 0.0 0.0 0.3333568557296247 1.299465649506097E-4 1.819741506318016E-4 0.16647334452209855 5.552692982827632E-17 0.0 
2.8007014275971756E-4 7.965361867405023E-6 1.4611938087469303E-4 1.3549034029300294E-4 0.33273077198490286 5.845468038590451E-5 0.16693794491559724 0.0 0.0 1.2483823646808375E-7 
2.1018967938770506E-4 1.4882676143654166E-7 2.103385061491416E-4 1.4308779621842972E-4 0.33315399375091626 0.1663347183456916 0.0 7.676815794252669E-5 1.5391904642647375E-4 0.0 
0.0 0.0 0.0 0.0 0.5002020638802206 4.0932165604777045E-6 2.7844658436031212E-5 0.0 0.0 0.0 
0.004381519408278185 0.003948777718388126 0.0 0.16638606782500465 0.0 0.005421129553042941 9.58841230260696E-5 2.33950008217879E-4 0.0021407298077801055 0.3202615727575031 
0.0 0.0 0.0 0.16899467863833076 0.0019100842050538004 8.407863973354322E-5 8.443927669866654E-5 2.851283271613647E-5 0.16525877985542684 0.16506011619756628 
0.0 0.0 0.0 0.16710302491493476 0.0 1.2806700268432086E-6 9.61652013400875E-5 1.8116362642032373E-6 0.33420001135675204 0.0 
0.0014592038264290754 0.0 8.571805264826916E-4 0.16461261009903333 7.415773447796292E-5 4.2425947581335005E-6 0.0 0.1665850373585607 0.0 0.16677657471293209 
0.0 0.0 0.0 0.16717189623256123 5.892859793423486E-4 0.0 0.001988484833062141 0.1676670525970572 0.16567324780891457 7.106072390738473E-6 
0.0018566358984514063 0.0017379551481601346 0.0033576696245657743 0.1656376948683598 0.0023010371045264454 0.0 2.9261585179553567E-4 0.3241211165311604 3.407480455338206E-4 0.0011826034008381857 
6.21047959976271E-10 5.521419241822642E-7 8.843906774895528E-4 0.16644742265888146 1.8053193600856243E-6 5.606440586474251E-5 0.1671607206491493 0.0 0.0 0.166067482724002 
3.907165997164154E-4 0.0016619167018218507 2.569941180822344E-7 0.16621055541663388 7.470604662320513E-5 8.469363570229495E-4 0.16430636628577003 0.0 0.16664170899360906 3.5493519747253807E-4 
2.6047061324627032E-6 0.0010042086750121392 0.0020032843627407018 0.1658311895739552 5.142207661851323E-4 0.0 0.16481535529341948 0.1660833476088754 5.514761352402437E-5 5.847697957898072E-4 
1.2094183745280477E-6 3.843556402981839E-5 0.0012658780703706297 0.16650302008107892 0.0010519795353941621 0.002230455805579337 0.32866862304282485 2.886356482875846E-4 0.0 6.470588942537447E-4 
2.2220302439025783E-5 4.4024224499415444E-4 3.6324756209770576E-4 0.15530633180702996 0.0 0.17897228645548144 2.4380050401422092E-4 1.186391649358731E-5 0.0 0.166469079617692 
2.1901802686213128E-4 2.224567634353526E-5 8.307138302110242E-5 0.16794971459763877 0.003799498474212941 0.15710917964226664 1.7918406625077983E-4 0.0 0.16590780148370465 0.005432155330962644 
0.0 0.0 0.0 0.16125271074965028 0.008010169515609206 0.1667587887728706 3.3772352587151404E-4 0.16659490846366573 0.002123889105516191 0.0014308617463049786 
0.0 0.0 0.0 0.16936895611264396 0.0 0.1697534592837242 0.16234583127069863 1.2013704617538095E-4 0.0 8.376654816919696E-5 
3.6343100065696247E-6 1.640054351187813E-4 0.004638588347681481 0.16457592004878308 0.0063593302253067245 0.32110662533749007 0.0020918889284121953 6.660010267724385E-4 0.002462468423559004 0.0031985333975157373 
0.001612750116756391 0.0016468141940383287 5.196884588535222E-5 0.1664811411507914 0.16549070782905753 0.0 2.539516940607995E-4 1.1312156858534168E-5 1.632455316812483E-4 0.1656132371016587 
0.0 0.0 0.0 0.1662469145506306 0.16776766699881784 1.1903733577619717E-6 3.5502619071814216E-4 3.4185723799743376E-4 0.16697238691126715 0.0 
1.21021689432782E-6 9.924452455773242E-7 3.211850122028715E-4 0.16471750842378458 0.16865123757226197 1.2376540853753179E-4 0.0 0.16640642411277778 1.3857258009577247E-4 0.0 
0.0 0.0 0.0 0.16994428218096172 0.16652690853038046 9.784880779290781E-4 0.16310416184565443 0.0 1.3866441771541481E-4 8.022119705794022E-4 
0.0 0.0 0.0 0.16523586630430412 0.1633933571919247 0.17053125025200436 2.595710032976829E-4 7.423642575596817E-4 4.227458512979429E-4 0.0 
8.802655863206023E-22 1.8853198322862177E-23 1.619708409392848E-5 0.16748717625273607 0.33264423631014406 7.604729079983397E-6 0.0 5.552838348866264E-17 0.0 7.064619431728517E-6 
0.0 0.0 0.0 0.333811162880638 0.0 1.2220893409868515E-4 2.4968584111914854E-4 0.0011546902355411104 2.0439814532960938E-4 0.16655949852143462 
0.0 0.0 0.0 0.3334457940505771 0.0 1.0121577687448325E-5 8.925854374062289E-5 0.0 0.1669260127158563 1.3242573660954032E-5 
7.004727953661539E-7 4.454728710466046E-5 2.6579904706104056E-5 0.3334104374766522 0.0 5.070587623458822E-6 0.0 0.16665542667605213 0.0 7.064443549453155E-6 
4.862745623293085E-4 3.764104563851937E-4 8.626850187145022E-4 0.33201225508451543 0.0 4.2259427284690104E-4 0.16554853331475736 9.464766121462036E-5 1.4075247674738133E-4 1.989253417856384E-4 
0.0 0.0 0.0 0.32856504969384337 7.620614441312643E-5 0.17053749403734886 2.5958050716060456E-4 7.423914382850021E-4 4.2276132960087487E-4 0.0 
5.959871564823009E-4 4.881166185539468E-4 0.0 0.3321720905458847 0.1669054176568702 1.8550843725422464E-4 0.0 1.3657390194109182E-4 4.302903038896212E-4 0.0 
5.167889825580432E-5 1.7691035254231785E-5 3.8387179887430835E-5 0.5001881450006685 0.0 7.606983862401797E-6 0.0 0.0 0.0 7.0667140730391805E-6 
0.0027126407738380987 9.734889850675862E-6 0.16299369553569842 0.003931174787416365 0.0029320256185776947 3.518323610068702E-4 3.186992628292158E-4 0.0029831213214770837 1.175795480134229E-4 0.32434515655366447 
0.0 0.0 0.16645281606481963 2.846139743054655E-4 1.0999089198500555E-4 3.7988874875035017E-5 6.4709669042099005E-6 0.0 0.16686017598796735 0.1666839299642214 
0.0 0.0 0.16674973632331233 0.0 0.0 5.061603536981271E-6 9.015563834833081E-5 0.0 0.33382397990699325 1.9806682307029773E-6 
0.0 0.0 0.16728582535971606 1.2629204170209286E-4 7.62705211456342E-5 3.6145148966391455E-5 0.0 0.1671008678194226 5.732663915668502E-7 0.16610367451826819 
0.0 0.0 0.16757067425234293 0.001531405586574834 2.8247490983421728E-6 3.1323433249427654E-4 0.0014261924608932176 0.16578146229353935 0.16418943959123963 0.0 
0.001970596792777497 0.0027674884962264343 0.16326255376230522 0.005366191326098662 0.0 1.2854453509829347E-4 0.0028921111691066798 0.32454463232064 0.0 9.647476715166749E-4 
5.0064641403821E-7 4.4509907800449036E-4 0.1667632778857675 3.9441870730218787E-7 1.8039913198882908E-6 5.602316341962495E-5 0.1670377528455875 0.0 2.4610444449695874E-4 0.166067482724002 
0.0 0.0 0.16833778648289216 1.814008364808114E-4 9.874996255624935E-6 3.7690707080812327E-6 0.167885813130209 0.0 0.16810439104092315 0.0 
5.332706695481978E-8 4.040839801417776E-5 0.16737493469143863 0.0 1.7287575346125996E-5 0.0 0.16720311061413617 0.16722935223088034 0.0 1.6050036771797698E-5 
0.002240226852335384 0.0025019263690135777 0.16532166608542032 0.0 0.0010916643956989799 1.1377813930991336E-5 0.328814395631234 0.0 0.0 3.713958342054555E-4 
1.2845031976568318E-4 5.2803389542039666E-5 0.1866983361649478 0.002968150702220525 0.001727624504068693 0.1468478140316444 2.167542966111883E-6 1.01317389427504E-5 6.318082423884971E-4 0.1723823654251704 
0.0 0.0 0.16732121918815968 4.025373957256679E-7 0.0 0.16630543972238795 5.580803275313591E-4 0.0 0.1663059263015331 1.041364633162007E-6 
1.0807316629786812E-4 1.8997047962131592E-7 0.16455904573789423 0.003972494677911009 4.364332987500889E-4 0.1622224504041068 0.0054266643831359625 0.1657142036315038 0.0 2.820632293334358E-4 
9.578103630778867E-18 0.0 0.1725437757699668 1.6582439226976467E-5 0.0 0.1701298029623187 0.15907010631175847 1.9715045369696722E-4 8.31629426226317E-4 0.0 
0.0 0.0 0.16957824809518487 0.00432215276657338 0.0 0.3276971031320631 0.0022628524231446353 7.457338561330591E-5 0.0 3.605194247524232E-4 
0.0010834477836277503 5.649896504665105E-5 0.16568060367600257 1.3987145625151518E-6 0.16682194913923948 3.594794199233782E-5 0.0 0.0 1.6430261520839309E-4 0.16672992299599187 
6.409278917150196E-5 6.630930356884797E-4 0.16597951185249327 0.0 0.16694453428720238 6.489799782702064E-6 0.0 1.60605579013973E-4 0.16706271494777092 0.0 
0.0 0.0 0.16739303413454396 1.803827711382747E-4 0.16371464471819708 2.4213923876538474E-6 1.0588271187771462E-6 0.16465232111426814 0.0026605198220232664 0.0021416921991419266 
0.0023213649949714635 1.8919787095223432E-4 0.16598937708804748 0.001491341100097809 0.16657296231308216 9.787586833088025E-4 0.16314926905201332 0.0 0.0 8.022115957433038E-4 
4.6132557520152865E-5 6.77494498100917E-4 0.16516722596781722 8.884514083282653E-5 0.1626420474957183 0.17052736987657846 0.002170113187404291 7.451873046409659E-4 0.0 0.0 
6.22915476209368E-4 5.079078882514958E-4 0.16435460506613353 1.3898894386022038E-6 0.33401158116793467 3.9566182264051395E-6 1.402390733972209E-4 0.0 2.375934949473805E-4 3.5475566602162425E-4 
0.0 0.0 0.1653939904653677 0.17071759502721368 0.0 1.1519402511884104E-4 6.590541315532582E-4 0.0 0.0 0.16722649054480757 
0.0 0.0 0.16671104052648114 0.16659461102683623 1.0216088613283037E-5 4.808065867776156E-6 9.583768551056186E-5 0.0 0.16686162314453667 0.0 
1.0623621561199197E-4 1.0346783570521582E-4 0.16643677969626008 0.16692761727544056 7.701561685353816E-5 5.851618652866733E-5 2.8334213334368874E-5 0.16612304313945336 4.0826184938411056E-4 7.062365238091838E-4 
0.0 0.0 0.16754070237235308 0.16807145990527547 0.0 0.0 0.16608097518530196 3.551133011587295E-4 5.573855274710764E-17 8.556064458832185E-5 
0.0 0.0 0.1657858495705367 0.16546260204183263 0.0 0.16881519832735828 2.887367781429153E-9 4.009809559846687E-4 7.899415620671814E-5 0.0 
0.0 0.0 0.16488550920414613 0.16542898335793657 0.16733211057370395 0.0030451823628578623 0.0 0.0 5.558795485012754E-17 2.2191032688821804E-4 
0.0 0.0 0.16696289402483433 0.33243388187194695 0.0 2.3130192726072372E-5 6.971618380105701E-4 3.074693787973954E-5 4.22733516077246E-4 3.32797962355978E-6 
0.0 0.0 0.33315592258076293 0.0 0.0 8.467747190892546E-6 2.944439675397607E-10 2.3244624421843216E-4 2.906698856039956E-4 0.16682410642133919 
0.0 0.0 0.3334116559861605 1.0305994435297194E-4 0.0 7.169612041660889E-6 1.7077686026185725E-5 0.0 0.16692020661267906 0.0 
2.6141774327123667E-4 1.6310846019986625E-4 0.33273881298275054 1.1382812727221148E-4 0.0 1.4816727849991362E-6 1.08770541048231E-4 0.16660045306084856 1.4075412173949757E-4 7.185810973275791E-8 
2.6795531325648066E-4 7.716483202659323E-5 0.33341882534908374 0.0013735915874263742 0.0 0.0 0.16603271276005088 7.533347108063657E-5 1.6713205460527896E-6 3.4216683572386964E-4 
0.0 0.0 0.3315865142815296 0.0 0.0 0.1678987662534834 2.8840282761778943E-9 7.445399854879029E-4 4.228028311018547E-4 0.0 
1.820154378735141E-4 1.65054692629414E-4 0.3328994882945847 7.991922129544084E-4 0.16565092717617233 0.0 2.607715921942326E-4 0.0 1.1790016970570167E-4 1.4321679395502918E-4 
0.0 0.0 0.33326931255256953 0.16650508938960368 0.0 2.3147682953542532E-5 6.976890069483616E-4 2.288495466697856E-4 0.0 3.3290004133732674E-6 
0.0 0.0 0.5004190220076884 0.0 0.0 1.271903478422351E-5 0.0 0.0 0.0 0.0 
0.014072548492557147 0.15441158251686665 0.0 0.0036319174510832815 0.004214593481572045 5.917340248982487E-5 4.14099462217511E-4 0.0 0.0016872886870951246 0.3271464190052623 
0.008263439298457123 0.1538753426102577 1.1672792055347368E-5 8.85573093861053E-5 0.0 4.2970922435793123E-4 0.001461469717471509 0.003239342820131672 0.17207553113540403 0.1731526204943503 
0.0 0.1661286456808603 9.653441878195964E-4 0.0 0.0010475000530157678 0.0 0.0 0.0 0.33246163966986303 0.0 
0.0 0.16324137727338991 0.002122422439894192 0.0 7.533733745516569E-5 2.0516977731779366E-4 0.0 0.16767454323288883 0.0018121066089565876 0.16635538855925994 
0.0 0.16987728310149636 0.0 8.501659750028543E-4 0.002810274169359096 2.1867952549367998E-4 0.0015731899907720271 0.16282787049564793 0.16923427884050085 0.0 
0.0 0.16455157103141127 6.62539546746365E-4 1.3293679975391655E-4 0.005303248327095054 0.002486130793024986 0.0028398499561214587 0.32378802605386164 0.0028379766237017897 3.4665826957604325E-4 
1.8640374471262937E-4 0.16572201973635525 0.0016113915359644718 3.951521583713718E-7 1.8073459765966932E-6 5.612734267975753E-5 0.16734837203314246 0.0 2.465620941079061E-4 0.1663762976217378 
0.0029966094121333994 0.1659962986518528 3.189601691346809E-7 0.0 0.0 0.001771921987630361 0.16423884097577762 0.002526127379682149 0.16324141677710913 2.607086675619883E-6 
0.0 0.16719781151761787 9.577427262662989E-4 0.0 0.002346396707848731 1.5419694787017405E-5 0.1653000119460721 0.16731874869102098 0.0 2.0346622749641764E-4 
0.0 0.16665330401678963 1.1004812954746741E-4 8.817026166913917E-4 0.0010509546387043312 0.0022282827720791214 0.32834841587864105 0.002725087794830412 0.0 3.608555655203081E-4 
0.0 0.16380706231920256 1.0322026198474324E-5 0.0 0.0 0.17263644066871447 0.0 1.1903033713931374E-5 0.0030845086014787033 0.16235185321341827 
1.244971823148552E-4 0.16718156371651813 0.0 4.025009282749834E-7 0.0 0.16629037345653033 5.580297688328671E-4 5.129952307627217E-5 0.16631638899823625 1.0414301478586655E-6 
0.0 0.16773054450467564 0.006652099027997541 2.442478000827864E-4 6.703521437311804E-4 0.155877093880634 4.283630190061311E-4 0.16293834301135465 3.311787898160224E-4 0.005810067561364786 
0.00787939681004505 0.1558359356433317 0.007145033652449026 0.004806071453324691 6.743427206466414E-4 0.15718305098957175 0.16297112745242498 0.008428281777583344 1.1845168054732366E-4 0.003243125107527107 
7.531440547364972E-4 0.17166310067389529 2.970798671480891E-4 0.0043709763077652624 0.0 0.3290412580358908 0.0022832797977312964 0.0 0.0 8.145751179967199E-4 
0.0 0.16623972182079466 0.0 7.999602319504878E-5 0.16700281494915928 1.2239503066810263E-4 1.92531119107638E-9 2.3602222337873373E-4 0.001038556947068889 0.16624184275571235 
0.0 0.16733069370298093 0.0 0.0 0.16641240931484774 9.968889260093126E-5 0.0 2.3630384203156274E-4 0.16719321910176702 0.0 
0.0016340263863791904 0.16565244873379856 5.447736951673995E-4 0.0 0.1622238705645441 1.2241645087835836E-4 0.0 0.1645927087702189 1.3706223447109068E-4 0.005794792328904971 
0.0 0.16798185282817757 5.150829365034806E-4 8.108221449177132E-5 0.16607155499038412 0.001001393236903774 0.16427695788203128 2.045244891913264E-5 5.952733200535488E-4 2.381911035121964E-5 
0.0 0.16483996038762938 0.0 2.1069085335211247E-4 0.16321020742138354 0.17129894528857303 9.862228345059601E-4 8.798526229821373E-5 1.176345482444122E-4 0.0 
0.0 0.16564276337301337 2.854088964433026E-4 0.0 0.33490239127594357 0.0 1.4061197770543195E-4 0.0 2.4171004133677703E-4 4.987491784312222E-4 
0.0 0.16894635995124618 0.0 0.167709238066289 2.2208000632494612E-4 7.670243799527942E-5 4.703691870191464E-4 0.0 0.0 0.16778616030288374 
0.0 0.16784198975360348 1.5752276293312225E-4 0.1677071484301848 0.0 1.002754063407482E-4 8.74145014927386E-6 2.3759987239011312E-4 0.16723559681194877 0.0 
9.589228471043506E-5 0.16864801915617103 0.0 0.16482169795978407 7.701365630704627E-5 2.7256204775123075E-5 0.0 0.16583435786095735 1.2032469819349397E-4 9.638874755028925E-4 
0.0025315194876487134 0.16333076821993772 0.0 0.16640898139154153 0.0010344812644059182 0.0036029467260213417 0.1631429595385378 0.0 0.0 2.2162661700715172E-4 
0.0 0.16579326648336662 0.0 0.1654700044932429 0.0 0.1688227507669278 1.8385614320642223E-9 4.009988941944879E-4 7.452022278222934E-5 3.581060743254169E-4 
0.0 0.16502330291080472 2.8434154207593375E-4 0.164105933190204 0.1718537502662418 6.221602704382638E-4 4.6563032510890716E-4 0.0 3.477260827176991E-5 0.003358502736934759 
8.559180792441997E-5 0.16650922508825328 0.0 0.33170101658818274 0.0 2.3079201187062385E-5 6.956249137194413E-4 3.561756209524368E-4 0.0 0.0021452294416699903 
0.0 0.16693589572286158 0.16693589572286158 2.525980347079968E-4 3.6048090579661007E-6 1.119477708814501E-4 1.3635753037509365E-4 0.0 2.461570418862372E-4 0.16610297463091653 
1.236212338068932E-4 0.16600529258673555 0.1692937212691327 4.855830549209004E-6 0.0 3.0296310223016863E-6 5.23771799731843E-4 5.128999384215566E-5 0.1672118614174796 2.8603883257961264E-4 
0.0 0.16737213321044317 0.1667559023661019 0.0 2.3386320878957185E-4 0.0 8.834014514927E-5 0.16622219761698145 2.351366276245235E-5 3.6689266330587557E-4 
0.0 0.1686656407117412 0.16591087221834613 0.0 0.0 0.0 0.16575477205951722 9.37522079133301E-5 1.4092753942790363E-4 1.991727577058521E-4 
0.0 0.1654806059921335 0.16585766526206022 0.0 0.0 0.16886097339611553 2.8881505942938178E-9 9.474056370660711E-5 4.2285706420541747E-4 2.3256909652530966E-5 
0.0 0.16522826881073208 0.16249954553506177 4.590296147500599E-4 0.17121376819437056 1.672622780277168E-4 9.8292054404555E-4 3.820651821458775E-5 3.339842920178371E-4 5.67168933153632E-4 
0.006937094498510245 0.17287519786910943 0.17503233950800165 0.14494518091809105 0.0015141154902149816 0.0 1.7033183405268932E-4 0.0 0.0 3.674629818690927E-4 
4.3047960471578E-4 0.16657177532942474 0.33228899428378805 1.3385278062563768E-4 5.718918034838874E-4 6.461434736820891E-7 1.4037812809004755E-4 0.0 3.336834037076163E-4 5.362183429698992E-5 
0.0 0.33374966086181546 0.0 0.0 0.0 1.5315760396859896E-6 0.0 1.1807420217279204E-5 0.0 0.1668618485293592 
2.4862828437617607E-4 0.33387153502834366 0.0 8.038183145682852E-7 0.0 3.017830304977517E-6 5.217316559303343E-4 5.109021416125254E-5 0.16656055441167245 2.8492468257845414E-4 
0.0 0.3331178586423948 0.0 0.0 0.0 9.347091107436094E-5 3.9665124186158315E-4 0.16671571728643306 1.0694260117793657E-6 0.0 
0.0 0.3318255667523544 6.824671859008834E-4 7.5479113123973336E-6 0.0 1.267931309976578E-4 0.1678705977793581 3.1004377775303344E-4 0.0 5.560252442223541E-17 
4.3877089260633265E-4 0.3324771054911781 0.0 0.0 0.0 0.1671316259888404 2.8872745453680904E-9 2.4002520662745673E-4 1.1446643495200974E-5 3.556966444745038E-4 
0.0 0.33013722302756415 1.1991357489640337E-4 4.6257229184438613E-4 0.16925960684896585 1.4934356353472097E-4 9.73567078397143E-4 3.0131530616876306E-4 5.48807160814165E-4 0.0 
0.0036474967123342602 0.3310662696287593 0.0 0.1624775635464641 1.1159034822677998E-7 5.214467533533436E-5 5.874085106171267E-4 0.0018435978882721748 3.8376664876071876E-5 9.508203263249566E-4 
4.40672062042006E-4 0.33391770996534065 0.16584599760082552 2.049565703184143E-4 0.0 1.9399530325253309E-4 0.0 0.0 1.1403811688633606E-6 0.0 
0.0 0.5000959356331252 1.3649263361497817E-9 0.0 0.0 5.559885650018103E-6 0.0 1.086242687153231E-5 0.0 1.289899680566661E-7 
0.16556856419442437 0.0011680843266687366 0.0 0.003955385280741854 0.0021083225011258025 6.345177066767643E-5 4.0179078962808494E-4 8.457612401992912E-4 0.0020611628771965043 0.32401781235981414 
0.16700372665646765 6.3413763627731534E-6 0.0 1.6904564951435757E-4 0.0 3.196894556401365E-5 3.254986535170976E-4 2.5179009897211123E-5 0.16660497508130354 0.16631686148397748 
0.16649159406495 0.0 0.0 4.856172319409185E-4 0.0010831792366415994 3.2000609245013466E-5 6.146171445602024E-7 4.4302790621684295E-5 0.33245337195729624 3.89450013037775E-4 
0.1669285986095337 0.0 0.0 3.9375757445624566E-7 7.415773355177999E-5 4.244680521302324E-6 0.0 0.1665850373585607 0.0 0.16677657471293209 
0.17030842021014064 0.0 0.0 4.959072399468178E-4 6.020904090081811E-4 0.0 0.0 0.1665654964430635 0.16594585108301588 5.594611056482792E-17 
0.16331221622638384 0.0 6.575494906464202E-4 1.3193555825553828E-4 0.005263305795673192 0.003774603096666443 0.002839902175889067 0.3237939799372485 7.067177053405057E-4 3.451946215814306E-4 
0.16523920453709653 0.0 2.0357676750323858E-4 0.002467411322208768 4.1659209465632214E-4 0.0018200009684958035 0.16364411028355969 8.395146732552505E-5 9.249067243492358E-5 0.16675883265485855 
0.16757183576315682 0.0 0.0 0.0 4.5318519248427656E-4 0.0017245985043376198 0.16326212296551243 7.874434825998645E-4 0.16705313542537562 0.0 
0.16636562113128184 7.398413299724324E-4 5.3329298768404734E-5 7.487990858865849E-4 0.0016304146444970167 0.0 0.1643506126479751 0.16685596170094769 5.135160771284718E-4 3.8190530214823204E-4 
0.16705126027468323 0.0020674259017115356 1.1488437364118577E-4 6.96473696322542E-4 0.0010652790713593279 4.2836076607442685E-4 0.32930775606638857 4.056646749084755E-4 1.4428026512752319E-6 3.722554921568945E-4 
0.16287697937157142 0.0 6.94080912572714E-7 0.0 0.0 0.17164614074139561 0.0 0.002765600113067798 0.0 0.167518286962635 
0.16233706910942014 0.0 0.0 0.0 1.2302615857683344E-5 0.17198879885479693 0.0 2.3665448576488333E-4 0.16843610478514576 8.572470739121213E-5 
0.16379563189060095 8.267748942790104E-8 0.0 0.0 6.819306989377342E-5 0.16690266809935958 0.003954756525570252 0.16727209842595958 0.0 0.0 
0.16805820508348124 0.0 7.512844330666007E-6 0.0 0.0 0.16844726247396913 0.16374910177719854 1.198480846314277E-4 0.0 3.6154038978603834E-4 
0.16267758600919857 0.00572240366384553 0.0 0.004292121716269478 0.001679195196368741 0.3240002292217102 0.002304381307508045 0.0 0.0 0.0011402848428599625 
0.16400466769159022 0.001593034467820444 0.0 4.626622445036764E-4 0.16673069322150674 1.2219987458636915E-4 5.422806050499186E-4 2.3602973228808996E-4 0.001038589988152331 0.16624713164296456 
0.16669790525126105 0.0 1.8931851799259059E-4 1.1690451441864191E-4 0.1660876360349226 7.155343476343249E-5 1.910877950237685E-4 0.0 0.16681317094358966 0.0 
0.16691591328075608 0.002281095605296329 0.0 0.0 0.16579466199621315 3.0295661089882798E-5 4.108922822790744E-6 0.1674243893921386 0.0 0.0 
0.16590361176081284 2.7323311361927914E-4 0.0 0.0 0.16302800804114703 0.0070109520938724966 0.16416678103211185 0.0034191501582789296 0.004793301026763352 0.0054684853533043904 
0.16382084222459034 0.0021850289731186285 0.0 4.638026250822318E-4 0.16461340679182793 0.16873697034122662 8.287187421118071E-4 0.0 4.319805307609304E-5 9.659467401707162E-4 
0.16597549510368387 0.0 0.0 0.0 0.334997905679121 0.0 1.406520803427376E-4 0.0 2.4177897721463782E-4 3.558029025114121E-4 
0.16834814787015218 4.663192177733218E-4 1.8742170825084062E-17 0.16489061364063534 7.704585745910902E-5 0.0 8.688741965718793E-6 1.0556376238212033E-5 0.0 0.1668810321931657 
0.16730034478938968 0.0 4.964319775700777E-7 0.16697463977766738 1.3916891110155285E-4 3.0243477010895568E-5 0.0 2.3663000045184672E-4 0.16848982027225903 0.0 
0.16860092973826427 5.485046183683915E-4 0.0 0.16521779506909595 7.719873440670402E-5 5.357973754186082E-6 8.706121930283467E-6 0.16622629953025667 0.0 0.0 
0.16485077770863593 0.002198766168230819 0.0 0.16666746498083637 7.704861142658128E-5 0.0 0.16537684607762307 0.0 7.530376092849204E-5 9.631575450622012E-4 
0.1632766286533541 0.002177770297088351 0.0 0.16507596850024647 7.63128793871347E-5 0.16849417224796778 1.2992183156347922E-5 0.0 7.37025710025081E-5 9.630443768555161E-4 
0.16543088688843602 0.0 0.0 0.16597615864516255 0.16788558067191028 9.474331556332911E-5 0.0 2.28342977727161E-4 3.3333493049486824E-4 2.2158113984633806E-4 
0.16485139577485072 0.0 0.0 0.33217077471422873 2.1294618309783362E-4 9.671645248034742E-6 1.565625154275537E-4 7.104213970832702E-5 0.0030040859423245926 2.241652115199492E-4 
0.16712976741894553 9.512728227482211E-7 0.16713071869176827 1.5018214238483063E-4 2.2008556112333353E-4 2.473801711294958E-4 0.0 0.0 2.0411857706700777E-4 0.16636343036874193 
0.16739873550932585 0.0 0.16671397432333288 0.0 0.0 1.3024120609149195E-4 1.1395350903916537E-6 0.0 0.16826960203186947 0.0 
0.17051002375382499 5.796294874532072E-4 0.16275206767864694 0.0 0.0 9.09941617817955E-5 1.8221747240686382E-4 0.16696905902572134 7.658688434068071E-4 0.0 
0.16720641238406436 0.0 0.16537514913826562 0.0 0.0017139408027441905 2.6116734806485306E-4 0.16574494137982132 2.086396679965078E-5 5.064475951766551E-4 6.917630824881493E-5 
0.1645480160579429 0.0 0.16636685556350772 4.790572772101143E-6 0.0 0.16864763633405028 6.546415238088098E-4 3.85183349839632E-5 4.2282872431481633E-4 0.0 
0.17502301575767293 0.0 0.15608992916790893 0.0 0.16930711841565982 0.0 0.0020504521775004266 0.0 4.2390234612732465E-4 3.607572255857884E-4 
0.17690448170325293 0.0 0.1722018272180528 0.15044272339421402 0.0 0.0 1.3003849802890747E-5 8.93685949162325E-4 0.0 0.0043993443072089826 
0.16586615289491127 0.0 0.33281393119546204 1.3452828871253464E-4 5.711927316749438E-4 9.444809772406567E-5 6.545274581344664E-4 2.286847286343263E-4 3.338338182470574E-4 1.067117041680027E-5 
0.1675410823603229 0.1667898181325349 0.0 0.0 0.0 8.497611333295989E-6 1.9945898459443365E-5 2.3327995404179283E-4 0.0 0.1672766117318085 
0.16659408529285236 0.16569557089697134 3.773807784765129E-4 0.0 0.0 2.934980193289225E-4 1.8168698170779052E-4 0.0 0.16750884560063123 2.6108440072774784E-6 
0.1672968706841271 0.1663945658608119 0.0 0.0 0.0 0.0 9.101807385478747E-5 0.16680290803216105 0.0 7.037922885184387E-6 
0.16637330829507094 0.16637330829507094 1.061912846471189E-4 0.0014703194706044951 0.0017873000857717718 0.0 0.16450183103854943 2.1406914793206306E-5 5.134023337989785E-4 3.827358802920483E-4 
0.16424932436442824 0.17487915046525468 1.9402604355672326E-6 0.0027974275864041114 1.170359743882387E-5 0.15872223054525647 5.207441839956279E-4 0.0023128560450862536 0.0 0.0032622124533161242 
0.1663811941691922 0.16582534770021493 0.0 0.0 0.16888900836827178 3.422941033106579E-4 2.736202008317899E-4 3.5911102450358136E-5 0.0 2.616561141472216E-6 
0.16434319836658628 0.15992818742750387 0.0 0.16574342599118497 2.1335230410999932E-4 0.0 0.004650312637443482 0.0036993182042072263 0.0020713233703854306 0.0 
0.1658628833191262 0.1658628833191262 0.1687159644262519 1.6944847673891692E-4 0.0 6.469371826682139E-7 0.0 3.0087812550408133E-4 0.0 7.518967232037322E-4 
0.15854336569335095 0.3317927126413876 0.0019742567090488237 3.96129363269725E-4 0.0017706851693195407 2.916433648617865E-6 6.158273919159241E-5 0.005551058047997771 1.2739450559712834E-4 0.003736760902589091 
0.33357622264310527 0.0 0.0 0.0 0.0 8.478429860570642E-6 0.0 5.0928229385427954E-5 0.0 0.166798170750861 
0.3326331098080749 0.0 0.0 9.99307576005114E-5 0.0 0.0 6.477092007458863E-4 4.95554704673837E-4 0.16615223462718623 2.8422619556034727E-4 
0.33349842170367283 1.6833667611504414E-7 0.0 4.6915315428254E-6 1.4045975232113636E-4 0.0 1.2937006359128232E-5 0.166920138825423 0.0 0.0 
0.33293967618551834 0.0 4.0204211519723204E-4 0.0 0.0 3.59153840814396E-5 0.1662482651264713 1.79106881496804E-5 0.0 6.593153720966827E-4 
0.33300127670833807 0.0 0.0 0.0 0.0 0.16717449896701636 0.0 2.4008677704356706E-4 7.450962738095875E-5 1.4418232515345654E-4 
0.3343627046181219 0.0 0.0 0.0 0.1669392957374749 1.9409654900507224E-5 2.7355666596849123E-4 0.0 0.0 0.0 
0.33544483771787315 1.9092921780493522E-6 0.0011787037643369437 0.16411780186680888 3.295530217894194E-4 3.7042358667419966E-4 0.0 0.0 0.0 3.4049543226118624E-6 
0.33227667275399814 0.0 0.16740502364824805 0.0 0.0 5.477293997415866E-5 5.94881006698504E-4 0.0 0.0 2.609176714736484E-6 
0.32804224547398053 0.17042148095370432 0.0 0.0 8.865775461069762E-7 1.5306011134087422E-5 3.6266214789751133E-4 1.5736387275678898E-4 0.0 0.0017870894104610362 
0.5003093395817843 0.0 1.3655087857339692E-9 0.0 0.0 5.562258197897952E-6 0.0 1.0867062151728044E-5 0.0 2.6047659665056275E-6 
0.016902549931955967 0.0016448761805049283 0.009187777812279451 0.030902305797808352 0.057579098299174424 0.0326572772493249 0.01659428435556323 0.030768153284880233 0.0017954049200183935 0.33654020043750166 
0.008543107608997725 0.006334893089760188 0.007634522430104448 0.021222251122531375 0.02966116687197596 0.009037224114078651 0.04160054691187058 0.04286674593594168 0.16679518674905863 0.16665575647009115 
0.021440228861622165 0.015898378420905992 0.012048612243775764 0.0 0.03349468666037363 0.010205228650887261 0.046977156688659094 0.07418813693455821 0.2865156592468298 2.611454255302277E-6 
0.0010222807063422496 0.029540338794040312 0.0014463887349925393 0.030174459213920764 0.04217317309309928 0.02178848022675555 0.04782996420938176 0.16156994469717065 0.002045046997695464 0.1690684408222849 
0.011276678364105697 0.040538309519943666 0.01004529737356177 0.05942994611484196 0.015484989286240317 0.03866423938387518 1.883514059748075E-4 0.16537887890584207 0.15476420345043249 0.005220819052572068 
0.0359390354176186 0.01569238032382722 0.02376626162940998 0.011736532358862831 3.402115298790223E-4 0.025341357191719198 0.05761067558047943 0.3263082900306248 2.8458584829079435E-5 0.003910747136552498 
0.004173871929398996 0.05229755137620749 0.00437837357544358 0.05876677396944296 0.0058133428885417514 0.021933137422540466 0.18388493506859194 0.007768603539130522 4.894100683208956E-4 0.17505379837661242 
0.033517373763538715 0.01614404683993237 0.017944799274499202 0.0 0.06501784023346298 0.015495934637881018 0.13741318483634132 0.017782913872039223 0.15430844617160408 0.053231032569765545 
0.03212773625455839 0.019384247588249397 0.011663292557185019 0.006592450493136241 0.037346274631824036 0.0015765479589939452 0.19078513428971744 0.182488340403365 0.005613743591512001 0.027282637384319634 
0.030194411188356335 0.003713371900658235 0.05118251883559992 0.06657195063470812 0.007136805824306939 0.0023372698976851258 0.2828435054939445 0.01097587718919682 0.02934275995309584 0.02707263042231141 
0.03941216006442869 0.005819596835524497 0.012739082399071308 0.055693306964653855 0.07424425628152823 0.14592190876034777 0.0 0.011893738800145572 6.454149118324947E-4 0.17609480490751642 
0.07385660493338969 0.039513928291822244 0.03192970300881947 0.016319474010480138 0.01539605277838993 0.15235177915472622 8.420908907557265E-5 0.00637127955668832 0.1671546489953248 0.0 
0.047518107479941826 0.0 0.037282799955687465 0.07059898883643856 0.0020069189991993855 0.16869391491959704 0.001279496041112184 0.161096470606505 0.004538435330646841 0.007649114469453721 
0.03011747337719248 0.04135224451372146 0.015052789807913842 0.02936739430231462 0.05354912425756439 0.16599628637093908 0.16599345939982266 1.5373715289322012E-6 0.0 5.715650715346623E-7 
0.030650318132716257 0.02591198151301858 0.028792687599491645 0.048410781929119594 0.043264959843754086 0.3264771651452069 5.060580224118736E-4 3.021601940142333E-4 0.0 0.0016243160140359944 
0.03306903672256573 0.04366759304679037 0.03612485466590817 0.002482736363073637 0.11490859515636632 0.045667576486758885 0.05565383542241433 0.0016245622842590937 0.0020307473667149013 0.16537528244441982 
0.07331041975201735 0.03547623082990137 0.040828890283120735 0.0 0.1438873427617284 0.007902794131466944 0.0 0.0 0.15559962647002104 0.053159002910193584 
0.0025874528966352336 0.0379988709882357 0.03485938139612327 0.06281053665532177 0.10717040238256721 0.06896575372768637 0.003886681533614066 0.16004835710943266 0.0147776753318955 0.012639799081233477 
0.04631116898373267 0.04910887657992569 0.06136344188706136 0.0 0.16101637060192966 3.3051269162789895E-6 0.18158507224578987 1.2560071480316587E-4 1.1378992836744853E-6 0.004627634653660586 
0.030231815878060092 0.04321655576485765 0.05810982241204416 0.04075000600512642 0.16139849260072137 0.16632920277727029 5.368374020347634E-4 4.115368204163106E-4 2.052598685687184E-4 0.0 
0.04487338848504541 0.040797840430520135 0.04120657636183638 0.07293810220830498 0.19216573227226785 4.351870416896273E-17 0.03710300259125831 0.026723252442268867 0.0029730328747196613 0.05336554399545654 
0.027228878564549013 0.03595567655183115 0.02974502369428793 0.17670558914859735 0.0 0.03314456551471673 0.02879447875616912 0.0016245622076609758 0.0020307472709651555 0.16537527464697463 
0.053632417979404066 0.05200279277557301 0.05358836444162276 0.15911237487577365 0.0 5.5830191790790815E-5 1.737372315278006E-4 0.016975501136973426 0.16820210368721142 0.0 
0.055165159639837244 0.06487918118103629 0.03874401194103578 0.15509754215709406 0.0204876456865841 2.673707097265301E-4 0.0 0.16631696203674293 3.342303969174433E-4 3.6324137542166824E-4 
0.04927572652068523 0.052252526230562465 0.0652915537903376 0.16397626947956012 0.0034936749015316198 0.003549239720274088 0.16718294307577766 1.2701764151957194E-4 1.513445387577756E-6 0.004679843283462268 
0.0521225334335925 0.06130077955599017 0.03660709170303604 0.16329386001071391 0.02048992217683705 0.16638278104885587 5.370103290953352E-4 0.0 3.3408101799738875E-4 3.5877334398117997E-4 
0.06406501088882939 0.057110569249171454 0.011595552253786992 0.13712618418761793 0.16977677474135328 0.048637445630812015 0.004542702651968183 3.487094622942208E-4 0.004557749746595683 0.010605891394746984 
0.04812135042292749 0.04375081183160513 0.04325012082577906 0.27226747605609164 0.0 4.522934905897318E-17 0.03856145736372479 0.0 0.002717939816613128 0.05208917793007847 
0.04690653399020914 0.042273800252351446 0.14312690482660298 0.0758096646758696 7.099662831613485E-4 0.0 0.0 0.019895411788815546 0.003860798917355404 0.1837312490271144 
0.0 0.04665458576654429 0.18908169781831266 0.03223982192887905 0.004411044219334985 3.4324233106259526E-4 0.0018883130175857425 0.04694443489563206 0.16092948406781424 0.024856516618460535 
0.05822928148140816 0.01724924462119702 0.1601187220152054 0.06752135591474538 0.01886089053511243 0.0 0.001402927534663553 0.1588991765042508 0.020871796727468684 2.2394099659406392E-4 
0.0 0.08953697119177963 0.14150251199288902 0.035964004000207446 0.01903743695574098 0.034454471949918464 0.15685939855917033 0.016719038792354587 0.002832310561791094 0.003911872436288962 
6.588506063169504E-4 0.07375157172341995 0.1578528668121136 0.06643570803057117 0.018585890188422154 0.16169890281864271 2.7656526599319174E-9 7.139801673578587E-4 0.02075997599732343 2.2274123185528374E-4 
0.0 0.025291972038701434 0.15263680913335498 0.0 0.184796141783922 0.03729726828007716 0.024062073738886223 0.01485327340756313 0.05395975996559588 0.017350726969226755 
0.0 0.02513518004726703 0.1516905709660191 0.18230082181887647 0.02348517608724782 0.046863397013900285 0.02583372337053183 0.015946894707489324 0.020772499413668516 0.014203317090514114 
0.056186057473288725 0.008822746757231104 0.2634676715072132 0.043941401610695756 0.009119370171072314 0.0 0.03856514502223533 0.03251380110590216 0.031204458440526925 0.023966794777415812 
0.059865200617493945 0.19430115932691416 0.06538352762018725 4.007209916706391E-4 0.01507368704042338 0.009172535805322617 0.008691676035912518 0.014368873959474929 0.004116711060921012 0.15974513357452916 
0.015849421635781253 0.1985892131577208 0.054141039939056175 0.015865388003850275 0.03355492621610804 1.3669686011933775E-7 0.01882151157740717 0.0037807057601647242 0.16480050161964507 0.014589399418697177 
0.014972150887259195 0.18759723429068292 0.04726536119863545 0.014758098102750559 0.012859162571509177 0.01254563816077731 0.010521422790208595 0.1822035389272093 0.031394764348805386 0.01484096054801895 
0.016300582177636948 0.23995974490280905 0.025111664657527497 0.009600126501306693 0.008822572101849087 0.03248496002229443 0.1414515418639381 0.016665331704516305 0.00785460532042986 0.028259146028158877 
0.0 0.1621636784477912 0.030384562874349718 0.08767295188788889 0.011208985104386726 0.18639551756064998 0.005752110377754635 0.01338525897462873 0.02178609614919187 0.025655397643797158 
0.01658651856092395 0.18199621630667823 0.04467055818245015 0.008469009759009626 0.1575995624742261 3.005636857604217E-4 0.014861537087277485 0.009378122316833595 0.027982308618337313 0.05372188772554213 
0.0 0.18724564039276884 0.0 0.19304334312166319 0.018627659055376663 0.04101868963969567 0.026462922897494405 0.016335293176519907 0.010409787833153196 0.014235505751605529 
0.027435328257366644 0.1826520039176921 0.22136609075258232 0.0 0.0 0.044541769588968855 0.007063562060566501 0.03750977701636357 0.010332168989848126 0.03170599838887923 
0.024658934110417002 0.30897015896406305 0.08423400974535518 0.02480839162041559 0.021513751530135714 3.4084968392272103E-4 0.027014198898618585 0.004055012379778367 0.022507831444613654 0.014956017178239361 
0.15074845657214983 0.08258699636078334 0.022865192257889747 0.028775312959061886 0.0024430085792061795 0.031143959331699892 8.144668305646529E-5 0.01120955143904716 0.005283219316235476 0.16749567931294637 
0.18465187272540803 0.03818193705942471 0.016736685812907045 2.859870551132864E-4 0.08133412116940991 3.8374366578660394E-5 0.0068776206819250695 0.0 0.17426002130302895 1.4126557944888006E-4 
0.17418100934236339 0.021421145180987745 0.044288046835534264 0.025032961727526632 0.012875215993805028 0.004088750875848061 0.010227164676533902 0.17800260830488965 0.030320594071771755 0.01444606536325364 
0.14072712909935758 0.007609504089412523 0.0 0.06754208927316244 0.014117445474796493 0.04021797837244365 0.20251629447976038 0.0 0.020931726659953465 0.027381319548853977 
0.18131867432570326 0.023820256028161093 0.057775375447287405 0.02952936135351167 0.02785847176317404 0.17093642114237362 1.255944996521767E-4 0.009502509489780632 0.0063407604308826195 0.0 
0.16513812184674329 0.017169690076410053 7.282055691580629E-7 3.2323448423414004E-5 0.1791202795073895 0.024206358814377976 0.03204202403905974 0.07767143826885772 0.020887905795190467 4.109146879555285E-4 
0.16323214114338006 0.026079104350998767 0.022858702411474176 0.17430076561871785 0.0034870575871717643 0.0400974917536084 0.005380406172877159 0.008420906447543152 0.02862691166239623 0.06088112807628397 
0.1767481554102018 0.031263116821333675 0.21917857535549579 0.0 0.0 0.04410161271373066 0.006993760716046055 0.037139109519432945 8.609903672908316E-4 3.5412423194840513E-4 
0.14187570662608448 0.18720298580262998 0.07236205192840277 0.013696750358137841 0.012587393257708692 0.04634713800478495 0.009711288337060803 0.0 0.007748682564234792 0.02787805919910638 
0.23987557289201916 0.02950040013944743 0.06099184203291063 0.03447445883019111 0.01773126602195726 0.005630874814997733 0.016890420317669255 0.06558399737571824 0.026407364310882416 0.017797365636720876 
