0.020983665329117572 0.02478173057142678 0.025525475086547806 0.01522575833563017 0.022667683578219404 0.009689095030300706 0.01938604679488233 0.020055318819433687 0.014093890519362131 0.021089853077980315 0.01913012269634698 0.021985022140719342 0.028318200770703465 0.011994950301091196 0.22760132229575072 
0.004560763104685277 0.004925665534125179 0.004427584324716928 0.006010449385320362 0.00647029525279321 0.006412917052380062 0.004504894430125445 0.0011409566348483827 0.002585464617562974 0.0030223022619860853 0.0024015828887519845 0.0028936004756233845 0.0016692193087587633 0.22431158651034405 0.22643027407259275 
0.0 0.0 0.0 0.0 0.0 0.0 0.0 0.0 0.0 0.0 0.0 0.0 0.0 0.5000115804228429 0.0 
0.0 0.0 0.0 0.0 0.0 0.0 0.0 0.0 0.0 0.0 0.0 0.0 0.2504342920867121 1.8320197077698115E-4 0.24982902768773413 
0.0 0.0 0.0 0.0 0.0 0.0 0.0 0.0 0.0 0.0 0.0 0.0 0.2502721314906817 0.24983892580494474 0.0 
0.0 0.0 0.0 0.0 0.0 0.0 0.0 0.0 0.0 0.0 0.0 0.0 0.5000336721851291 0.0 0.0 
5.6459588014050506E-5 5.607396692808884E-5 6.494209152269183E-5 4.333620690882844E-5 1.8046136754755838E-5 2.3137400471307926E-6 3.9330633555068554E-5 4.596514134561828E-6 2.900104933109608E-5 1.8700000091734168E-7 0.0 0.24998888130633154 2.1147986814062805E-6 1.0570840398010703E-4 0.24972761370668398 
0.0 0.0 0.0 0.0 0.0 0.0 0.0 0.0 0.0 0.0 0.0 0.2501585703583138 8.83654604616269E-5 0.2498750463104221 0.0 
0.0 0.0 0.0 0.0 0.0 0.0 0.0 0.0 0.0 0.0 0.0 0.24990530363715585 0.25010499949529247 4.8446554922110206E-5 2.370377339459368E-7 
0.0 0.0 0.0 0.0 0.0 0.0 0.0 0.0 0.0 0.0 0.0 0.5000364135904127 2.3936998574661966E-6 0.0 0.0 
0.0 0.0 0.0 0.0 0.0 0.0 0.0 0.0 0.0 0.0 0.25025233057607243 3.237351875113587E-5 1.612518085292648E-6 1.830937212309564E-4 0.249681409849802 
0.0 0.0 0.0 0.0 0.0 0.0 0.0 0.0 0.0 0.0 0.25022476006551597 0.0 1.3177952908734745E-6 0.24982318962237257 1.7887991557178175E-5 
1.087429550102984E-4 1.2224310566770285E-4 1.5296855126606447E-4 1.404722488109722E-4 1.4828304142129446E-4 4.080197231375035E-4 0.0 1.3400461540547572E-4 1.3581118519842916E-4 6.148319339092359E-5 0.24989272571537674 3.0748015873439553E-4 0.24877450372460239 0.0 2.7373590492661215E-4 
0.0 0.0 0.0 0.0 0.0 0.0 0.0 0.0 0.0 0.0 0.24977913698398407 0.25022486765410373 0.0 9.855983011741372E-5 4.4367834297487877E-5 
0.0 0.0 0.0 0.0 0.0 0.0 0.0 0.0 0.0 0.0 0.49996371186884053 0.0 5.834927559484552E-6 3.128518581740052E-5 3.399905681334801E-5 
0.0 0.0 0.0 0.0 0.0 0.0 0.0 0.0 0.0 0.24974277687259713 3.861364806037303E-4 8.206452844615563E-4 8.453884589582423E-5 1.4048455253000972E-4 0.24889255054567203 
0.0 0.0 0.0 0.0 0.0 0.0 0.0 0.0 0.0 0.2500387598578205 4.573832147377591E-5 2.1150662522895912E-5 1.7586615478690332E-4 0.24984829306859474 5.350894825260988E-6 
0.002625634241107627 0.0042657656865506145 0.0037459654966923678 0.0038153990850701516 1.9404449471247535E-4 7.958209774453142E-4 0.0031593881154887947 0.002060102469089383 7.847206770752477E-4 0.23534712067385422 0.0030013921296179196 0.005455656320969963 0.2313996850208186 0.0022215263590584845 0.003089173723777091 
0.0 0.0 0.0 0.0 0.0 0.0 0.0 0.0 0.0 0.2460337780910172 4.500571048318061E-5 0.2539533552976423 0.0 1.5330859863333148E-6 0.0 
0.0032450131863236745 0.003700216232953749 0.002703282602392199 0.0018436374070911967 0.002974803036293179 0.0016475610490206054 0.003918265387281701 9.236312791105862E-4 0.0023117834673368615 0.2362810792685665 0.23613238003338102 6.064838436273107E-4 0.0015829284837120833 0.0022208109527110664 0.0016738117110338179 
0.0 0.0 0.0 0.0 0.0 0.0 0.0 0.0 0.0 0.49988874870005245 0.0 5.413277897541275E-5 1.6826933841107347E-4 0.0 0.0 
0.0014070090621994024 0.0016128560602290973 0.0022437906685830213 0.0013373376840320216 0.001977262283900783 4.551605631345554E-4 0.0014593024287203194 0.001547222491917065 0.24063569581461206 0.0022817918505847264 0.0024890578305997576 0.0012306598723316859 0.0019327836124306385 0.0012873937372486026 0.23860098377175354 
0.0 0.0 0.0 0.0 0.0 0.0 0.0 0.0 0.2501499866618882 3.5838003382643684E-5 1.0787315234802037E-7 8.393415511658517E-5 8.423511255558517E-5 0.24992075423477772 1.7528550021160896E-5 
5.2057713063239104E-5 5.147807131368763E-5 6.0903090042805185E-5 0.0 0.0 3.293104388389666E-5 3.190251781228217E-5 2.9637129643732586E-5 0.24995440439250305 3.396915444626288E-4 0.0 1.5622706121837541E-4 0.24941454416628986 3.0500085569460086E-5 5.364450803023003E-6 
0.0 0.0 0.0 0.0 0.0 0.0 0.0 0.0 0.24989090304913272 0.0011420633990142071 4.752935242889765E-7 0.24833851370833981 5.5439123044743837E-5 3.020330386169121E-4 3.5940786334787855E-4 
0.0 0.0 0.0 0.0 0.0 0.0 0.0 0.0 0.24898116814994004 0.0 0.2502250628815516 6.642210707293011E-5 1.7421011048230706E-4 0.0010729593988215548 2.7383027897639155E-4 
0.002540839733011405 0.0030007343665213 0.002279138250396279 0.001954148738792921 0.0022686049000255433 0.002605857225090366 0.0023890327557621635 0.0024881131618501103 0.2392409602991375 0.23756963838895623 0.0 1.0553765815473833E-5 7.692703287771806E-4 0.002009598123417227 0.001128401951206483 
0.0 0.0 0.0 0.0 0.0 0.0 0.0 0.0 0.5001255676065435 2.0160785074625782E-5 9.401751159234805E-7 0.0 3.1208067929621938E-6 0.0 0.0 
0.0 0.0 0.0 0.0 0.0 0.0 0.0 0.25048777108954634 0.0 0.0 0.0 2.4513325225891195E-5 0.0 2.4272414127331925E-5 0.24974834509533056 
0.0 0.0 0.0 0.0 0.0 0.0 0.0 0.2490838188245569 4.61647120139855E-5 0.0 0.0 2.106993533977027E-5 6.566062429969773E-5 0.25098918958482835 0.0 
0.0 0.0 0.0 0.0 0.0 0.0 0.0 0.2498734001711416 1.7247654771365256E-4 9.052295460311984E-6 4.5472859581676553E-7 3.310207836347916E-5 0.24982807160156686 3.0381843103483117E-4 0.0 
0.0 0.0 0.0 0.0 0.0 0.0 0.0 0.24945916012529823 2.1471317865108893E-5 0.0 0.0 0.2500521799536202 2.691079229387763E-4 0.0 3.077083657405237E-4 
0.0013636198651507535 0.0011828444639422186 0.001311893300005199 0.0010281105669368742 0.001561101385339342 0.0019910693035218906 0.0016530548488556775 0.24411667849435947 0.001136344726934006 0.0018749849786561432 0.2431509642342028 0.0 4.237270185935188E-5 2.224406504328332E-4 1.1859777640863591E-4 
0.0014112556453004979 0.0015192464648245566 0.001428035461646358 6.585163251292221E-6 3.0743103364021376E-4 5.209930098189192E-4 8.407932391236392E-4 0.24710974161598026 0.001499656921107712 0.2438472520917938 0.0 4.4765371281855094E-4 5.312887197280006E-4 2.1093509822180337E-4 5.158152045922346E-4 
0.0 0.0 0.0 0.0 0.0 0.0 0.0 0.24911246886409327 0.24962854379620475 6.0460542706262336E-5 0.0 4.94041918374443E-5 1.7406294119824795E-4 3.0327656119606304E-4 9.806984980723571E-4 
0.0 0.0 0.0 0.0 0.0 0.0 0.0 0.5000884777383758 0.0 0.0 0.0 4.89398402293231E-5 0.0 4.8458871182312355E-5 0.0 
0.0 1.7200460229555944E-7 6.193107780847978E-8 3.3122421853944156E-8 1.1203463843243752E-4 7.132383836946838E-6 0.24992155573836428 4.647405797603392E-4 1.9533010020004755E-4 8.49088170771558E-6 4.73450574946008E-5 3.3100039570168726E-4 0.0 1.4051465990463645E-4 0.24894589093880512 
0.0 0.0 0.0 0.0 0.0 0.0 0.24894899622315722 8.728544629917454E-4 3.165906813244654E-4 0.0 0.0 2.7301964251418924E-5 8.42747974483228E-5 0.24981685072030663 0.0 
0.0 0.0 0.0 0.0 0.0 0.0 0.24785538967694948 0.002291101146047073 0.002712728761545382 0.0 4.600028256934305E-4 0.0014185948786362937 0.24320344500292868 0.001312465808560166 0.0015322517458246376 
0.0 0.0 3.8519629351223086E-8 3.7216998983023936E-8 2.6211870612492113E-5 1.2146910037549444E-6 0.24940692488277785 4.374121259598929E-5 0.0 7.648606623198122E-7 2.7697725585782515E-17 0.2500287158475287 4.045613201803827E-4 0.0 3.077762676302977E-4 
4.970918783031653E-6 4.1878101030011353E-4 2.220806495393873E-4 3.515344638868647E-6 2.30712198303178E-4 3.730283962420319E-5 0.24865822569560536 4.376596689390989E-5 1.6242153986669258E-4 1.0069064712871173E-5 0.24881492840021965 6.634234600158742E-5 3.3690901679798824E-5 0.001172189471091151 2.6667390100401173E-4 
0.0 2.786358877635113E-7 9.923102977048392E-8 6.2603330066023E-9 4.785403312087587E-7 4.177712505799916E-8 0.24997352447337856 4.383590814804286E-5 1.7045580711534702E-4 0.24960459018600598 0.0 6.650022123518569E-5 0.0 2.797332417615969E-4 0.0 
0.002877349483748932 0.0032983089284494165 0.0022018169182259554 0.0016008159639739517 0.0023946125263828145 0.0014840484133206734 0.23987891744943554 0.0031783765822357363 0.23678387669995898 0.0042546900796758495 0.0 0.0 1.7622539897131005E-4 0.0024309766695620317 5.40274218992483E-4 
2.547591979670012E-6 6.733034027035103E-4 1.0539068535559052E-5 7.66208342338047E-7 0.0 0.0 0.25028683660552636 0.24813145875108175 9.250323665245254E-5 0.0 0.0 4.221920011969718E-5 1.088571732523297E-4 5.258434616277381E-4 2.688600977094166E-4 
0.0 0.0 0.0 0.0 0.0 0.0 0.49936029493804496 8.756860498261957E-5 3.405102773248658E-4 1.808737287764032E-5 0.0 6.65019709640298E-5 2.692911692311586E-4 2.0630097174111947E-6 0.0 
4.8595340241569075E-5 0.0016117453387429074 4.2507577097615705E-6 0.0016820736537416225 3.443796856773561E-5 0.2450404619028059 0.0010094033493010088 1.649324001922611E-5 0.0012864932880460947 0.002001404076096906 0.0015254912152907175 0.0012301872643197635 0.0017084484113273895 0.0011133618186250395 0.24346721982869168 
1.497844168162751E-5 3.826703538077968E-5 0.0 0.0022880070207305686 0.0020593941996046154 0.2430816564921296 0.0010408887711040305 0.0 4.2476757998391584E-5 3.684887683332936E-5 4.5225901098764915E-4 0.0 7.534824749885088E-5 0.2509449429533542 0.0 
0.0017192978964663825 0.0021037066616564973 0.0018430392734830742 8.90302862374728E-4 0.002031513809278276 0.24188267313165435 0.001075826675027945 4.470678246503934E-5 9.328648870583387E-4 0.0014321226550366665 0.0012471416270783285 0.0012573794091204345 0.24280872677923368 3.750015072467902E-5 0.0013415971318252004 
0.0 3.6258168972987137E-4 5.577980038532943E-6 3.5364883176182123E-4 0.0 0.24924716162944754 0.0010514964999942251 0.0 2.159924602194585E-5 3.565423772078008E-5 0.0 0.24801218819211435 2.5651227804833525E-4 0.0011614136108493137 5.17542724489472E-4 
9.317982072478532E-4 8.936324198855969E-4 9.426654766583438E-4 0.002407753747320441 0.0016206320890894037 0.2426720604388611 8.875305868027393E-4 0.0019037982215237396 6.70738112952609E-4 0.0022848044732558456 0.23945795160311611 0.0016283357776411818 8.30618345023758E-4 0.0024510686859306944 0.0014889412113025771 
0.001788392711866178 0.002173881400577845 0.0014383799320837074 6.73111293256854E-5 8.136721570815002E-4 0.24585547864550925 5.997854932247005E-4 2.540703580439238E-6 1.9707182141371612E-4 0.24661423766893226 0.0 6.939514623825078E-4 0.0 3.627964098611184E-4 2.423680353483596E-5 
8.176611297496223E-4 7.751355480761062E-4 2.3352792270703052E-4 0.0011397530879504153 0.002875784173106159 0.23992387081239244 0.003484863541073818 0.004123157846867867 0.23945517100848948 0.002252242983190083 0.0 6.55383434497148E-5 5.168693959327414E-4 0.003912452540913208 5.722092488434844E-4 
7.787609577064237E-4 9.288997463371208E-4 7.660611593570681E-4 7.924957389978708E-4 0.0015942594133231565 0.24466205837140878 0.001049618568623842 0.2462381133296599 0.001562899170979062 0.0 0.0 0.0012468709186330808 2.691549132491136E-4 3.625385799335266E-4 7.427554342545651E-4 
0.0 5.022801188770113E-5 2.2953731608620242E-5 0.0 0.005632196394444214 0.2343185168932911 0.2526681729701272 8.63992542423378E-5 3.3596326021819367E-4 7.017531185865237E-5 0.003620128588442807 6.610257487279741E-5 0.0 0.0023034126264353527 0.0011827000116255875 
0.001623229813891553 0.002025564497633978 0.0013057341095012913 0.0015525451174901693 0.0015803035865349243 0.490123884655644 0.0 0.0 3.396671951139521E-4 0.0 0.0 6.459817056337054E-5 2.563100786523963E-4 4.861744231533065E-4 7.414284727141762E-4 
1.0315979836129989E-4 1.1105369852323784E-4 6.648985957059335E-5 4.2410496571478337E-7 0.24787740800420013 4.188837247124301E-4 0.001010286435276501 4.6389807966120685E-4 6.890346433643997E-4 1.9611529023458685E-6 0.0012916397594817512 3.506702937088468E-4 5.628086817627847E-4 2.613866392051912E-4 0.2468986469348443 
0.0 0.0 7.17547076978614E-4 7.320770243478777E-7 0.24859094816427726 3.2123842153497566E-4 4.589787522006556E-4 0.0 0.0012799828539947701 0.0 0.0 2.1457033356427183E-5 4.2364651655119355E-4 0.24818025223662132 7.250874869747858E-4 
1.9391178712689497E-4 2.2228129826582722E-4 1.5108590796905643E-4 1.5584129578902277E-4 0.24940190366254375 2.749913637630752E-4 0.0010483862915753699 0.0 1.7143083635741448E-4 2.6935241286487557E-5 6.448079311843519E-5 0.0 0.24822298171359605 2.1738579375308418E-4 0.0 
5.187475196671903E-4 5.152044548147831E-4 0.0011283232987754778 0.0011793166745491506 0.24390151282446854 2.744949875979898E-17 0.0021347952613275725 0.003739729796728488 0.001304191640959305 0.0021116847525226743 0.0016145751866170547 0.24129989393685128 1.2708342555560709E-4 3.422712774560757E-5 6.18233501491271E-4 
1.3957820195361622E-4 3.2980645482460255E-4 2.4477498585995775E-4 3.887257091302258E-6 0.24765210767606244 0.0 0.001009194455134152 4.373155400515247E-5 1.6694455629862645E-4 1.0061334951788505E-5 0.24862391960196692 6.629141669495575E-5 1.7475707893344324E-4 0.0017849585906089586 3.394571406944087E-5 
0.0 0.0 0.0 0.0 0.24840933972406737 1.3647753407546522E-4 0.0 3.5696582884018584E-5 0.0 0.2497299847674426 0.0 4.88330916292142E-4 5.114072990953522E-5 3.0317083291724593E-4 9.80356606948853E-4 
0.0 0.0 0.0 0.0 0.24807726213489012 0.0 0.0010351045641163086 0.0 0.24962844141946716 6.046051791040759E-5 0.0 4.940417157597938E-5 1.7406286981219655E-4 3.0327643681739844E-4 9.806980958719067E-4 
0.0 0.0 0.0 0.0 0.2495595734806996 4.204979311947568E-4 0.0010513941642653806 0.24818828051375005 9.343211776612051E-5 0.0 5.5434898694492586E-17 3.799312843297576E-5 2.8397776594462016E-4 2.101012773215911E-4 2.688441641266485E-4 
0.0 2.023300349601523E-4 7.284989454281084E-5 3.0870288407464593E-7 0.24290550551550383 0.004991837063025116 0.2498598792564346 9.25672269854639E-4 3.401765623225562E-4 4.08367137541313E-6 5.543372904824908E-17 0.0010141221171156255 0.0 0.0 7.428519946804379E-4 
1.4385781301581017E-4 1.409674219409958E-4 1.5043431598041248E-4 2.8801441522648136E-4 0.24945490637888437 0.24944468717762547 1.1550179892563868E-5 8.761667558079573E-5 3.453288569016178E-4 1.811716346218241E-5 9.400618616044124E-7 6.653922106882069E-5 4.016784621513228E-5 0.0 3.3941853952482816E-5 
0.0 0.0 0.0 0.0 0.4990050344085858 2.741562642651646E-4 8.771083431090368E-6 8.802038183725974E-5 0.0 0.0 3.4362903872040587E-4 6.503970886510667E-5 4.013826692187721E-5 3.037626599437686E-4 3.530710821697006E-5 
0.0 0.0011505467457673202 4.1962157063398187E-4 0.24749928690206688 0.0 1.4099027879176202E-4 0.001012859226856461 4.6507944074024115E-4 6.907893363572473E-4 0.0 0.0014563275408072168 3.5876637961656437E-4 8.99145549118274E-5 1.6925910937133978E-4 0.24713689381672954 
0.0016550849966230372 0.0016218310300708512 0.0011895820728598208 0.2474350133030367 0.004457254267251686 1.4084499486256757E-4 4.303948523586594E-4 4.5055648976051265E-5 0.0 2.149968536051207E-6 0.0 0.004763556154992849 5.678729782961152E-5 0.2374711720467726 0.001172005275241999 
5.728195756398586E-6 5.884943766341993E-4 2.3614965474384432E-4 0.24819986883121026 0.0 5.684375015879909E-6 0.001028624133267688 0.0023277181618645984 0.002741989076564891 0.0 6.332839020374186E-4 0.0011956554029983332 0.24139359689323464 0.002149232717630036 4.982044655238276E-6 
0.0017239206282112795 0.001657974365323778 0.0015078448710808107 0.24240300241574517 0.0028671335406726473 2.777332539738816E-17 0.0010332665256909672 8.598005798518897E-4 0.0013454037279182394 0.0021031899773783095 0.0016080801578739633 0.24032920532487737 0.0017944041376817107 3.652076165955144E-4 6.182200728186387E-4 
0.002207076763273722 0.002529974559987845 0.002739631840669199 0.23511037581039507 0.002812575439556923 0.002377106838207083 0.002525858900852583 0.004141592052782183 0.0032319932048348325 0.0046160031197667 0.23091857809048863 0.002805626387081822 2.8625096538064006E-4 0.00480632750281148 4.989399000893235E-4 
0.002002380558057031 0.002289113200319912 0.0032533090215533717 0.23248904129036646 0.005212236868789176 6.500123388843892E-4 0.005294109133259557 0.005555367738676249 9.560665328280817E-4 0.23428076379796686 3.543463061928696E-4 5.687427999173983E-4 0.0034665852162076064 0.002832485910327831 0.0025985642629160234 
0.0017474104945820906 0.0015055861283820382 0.0015343529567478664 0.23732712656833904 0.008246617403783359 8.720989643881187E-4 0.0011067967932909943 8.637260838461274E-4 0.2392944730758652 0.0022604289412066422 3.988482783167865E-5 0.003638764180674327 0.001784433534032582 0.001525272369723992 1.7254819219849116E-4 
3.1350818501688474E-6 8.285711740017804E-4 1.4741610140851904E-6 0.2490392421872287 0.0 0.0 0.0010102264669623413 0.2480383680400453 9.246905391667305E-5 0.0 7.690779133132195E-4 4.226864289712944E-5 2.8424713409609724E-4 5.266438368579593E-4 2.6926932398739555E-4 
0.017657371390720343 8.921684810032525E-6 2.5224873749678516E-4 0.2154204139553062 0.005039808295974466 0.009648279219044376 0.18228015217846963 0.009511931251611823 0.012416006622119198 0.0113414266379352 0.0109044158101092 0.008484537621090065 0.01171880127977676 0.0057570086724265356 0.0030988900945233475 
0.0013232437964471138 0.0011401199149114795 0.0024816107697735413 0.24371446080050008 0.0028829790980780673 0.2418878358594713 0.0012613790016972309 0.0 0.0 0.0011890766104529112 0.0010829929371313737 6.619744192688338E-5 0.0017856958365503257 0.0012499963887706322 1.448334153720296E-4 
0.0016519958418168407 0.0016188039425607812 0.0011873617620085728 0.24697318502102944 0.24616378542212353 2.7338165568703196E-4 8.35401055265025E-4 8.745350111408338E-5 0.0 4.173112141004543E-6 0.0 0.0 1.0821872058367319E-4 3.649665998404417E-4 0.001172005275241999 
4.8793865753169355E-6 0.0012895736878133306 2.294358426908529E-6 0.4960840728777065 0.0 8.380668512911234E-4 7.324310600925498E-4 0.0 9.338187980103299E-5 7.043613911494622E-5 7.692345760695455E-4 4.227725310682055E-5 1.1248892176767767E-4 1.2863213410303306E-4 5.762622938060253E-4 
1.674886444429321E-6 1.1773161438596902E-4 0.24859994725645818 2.7764219495851166E-4 0.0 0.0 0.0010117495812797263 0.0 0.001643870627903575 0.0020087369980224274 1.9770647280934777E-4 2.1669549745454097E-5 5.535760132636804E-5 0.0010899448584156348 0.24565767869894906 
0.0 0.0 0.2467575198574746 0.0012430235683618535 0.0 8.336473780468377E-5 4.56135200775892E-4 0.0 0.0012722210150945326 0.0 0.0015722729140414254 2.1841900648613072E-5 4.2367262857329594E-4 0.24819554915983108 7.027235671753818E-4 
4.5135431658026076E-4 7.921921527973018E-4 0.24681863300317736 0.0012495956989748188 0.0 8.380550494644443E-5 0.0010261367039073792 0.0 0.0013425866201376064 0.0 0.0015845586960500562 0.0 0.24549789308863657 5.253145364744565E-4 0.001486943601155945 
6.091839767408193E-4 6.641950177109405E-4 0.25273978129893176 0.0014234932820670957 7.208405928226864E-4 4.347719336357185E-6 0.0 0.0 0.001427630934734683 3.851304000319575E-5 0.0 0.24217064685675374 3.514421369972824E-4 0.0 9.806363412405215E-4 
0.0 0.0 0.24868630531704383 0.0 2.0722292205708934E-6 9.223758490654744E-4 0.0 4.377213343764469E-5 7.33983242839074E-6 3.6281155747068956E-5 0.2509456232287502 6.520010054035484E-5 1.7771109300786188E-4 3.251068824260017E-4 2.7667455435270743E-4 
0.0037320787528677024 0.0 0.23754104000083656 0.004757863512472461 0.0025182066617341742 0.0034256873814273526 0.0047014844943543115 0.003875722589143653 0.0 0.22926363407296949 0.004799885801048944 0.004150529736466322 0.0 0.0028217992760356508 0.0 
0.002441837825505773 0.005470858151731261 0.23839805603589576 0.0015291413004701682 4.4971464198083344E-4 0.005334665574550362 0.004732259846136142 0.003581932864215855 0.23426335911779228 0.0 0.0 7.723627992538273E-4 0.001699632574170734 0.002822697792977703 5.594310186102074E-5 
5.394141004755715E-4 7.114671770277109E-4 0.248274442946361 2.785418893571638E-4 0.0 0.0 0.0010099492951926822 0.24797309545413082 9.244419892459388E-5 7.511318044159255E-7 7.688723485475539E-4 0.0 5.446721748402839E-5 0.0 0.001183953842895188 
0.001869083979048569 0.0018362088026850436 0.2087424385332492 0.004362387911150608 0.008568799085134724 0.023457726420031615 0.18209851596323973 0.009512783412336296 0.010451686922483869 0.010352623338768538 0.011240243446578512 0.012866038933949742 0.0034135077892183167 0.00787108894411541 0.005008100851409432 
3.633513997291961E-5 8.1867506688004E-5 0.24609356711002903 2.4869812257345084E-4 0.0 0.24757049706443904 0.0016925978462995282 8.722134815006315E-5 3.866050089629042E-4 0.0025465032699590693 2.60109742614185E-4 4.2595257634862176E-5 3.5091333024141663E-4 5.258945133599551E-4 7.323285297198838E-4 
6.166126175879721E-4 6.201847101259865E-4 0.24547906591792856 0.0 0.2481938585707347 0.0018605204099020702 0.0 4.275582850625843E-4 8.497939561712364E-5 7.059210880145658E-5 7.665193509473293E-4 6.4831501485629E-5 1.5071923658840135E-4 3.031426342630579E-4 0.001426861311311977 
0.001399209765118407 0.0015942813832727088 0.24704971876126228 0.24158742037906258 0.0 0.0017152038342320144 0.0021403807771898926 0.0 0.0 4.7231498600331875E-5 0.0011042368204603583 0.0016320587860560146 4.762074404043739E-4 0.0012498218693159666 0.002572154094316546 
3.337962517616381E-6 2.346330506559985E-4 0.4954469054206286 5.53326610984677E-4 0.0 0.0 0.0020062756882457465 8.766561351286025E-5 3.8857102204117763E-4 1.323615247203245E-5 3.4244081496480946E-4 4.26014369003548E-5 1.0883075041072321E-4 3.0339986168401525E-4 7.344588245474129E-4 
0.003444196320997122 0.2421004686507974 6.171551516099286E-4 0.0014526033085770803 0.0025480104822672824 4.6941022930570417E-4 0.001018384305560932 0.0 0.0011905778547326121 0.0020182213480608503 0.0015383095166785026 4.3760968343050315E-4 0.0015434351156739473 0.0011276515109931737 0.2406677496985858 
0.002349788856914476 0.24140891606701753 0.0 0.0013264221472630699 1.0401824773860702E-4 0.0 0.006079715270203086 0.0023600428611010734 0.001359781315353028 0.0 3.2458680932689405E-4 0.0014288598326719932 0.011636658855998374 0.23200950023702452 5.731396055818359E-4 
1.530272752034439E-4 0.24651676953289953 0.0 0.0012768503515330377 0.0 8.334662071494523E-5 0.0010078122907223592 0.0 0.001335167052750347 0.0 0.0015758019128019063 0.0014100304395461484 0.245507527753728 3.6493922074521323E-4 0.0016261876766565265 
0.0022289081297331677 0.23622008566561653 8.733319087756218E-4 0.0031083189452019554 4.5315859886461366E-4 0.003351595204403186 0.004511890998675234 0.003786195701271021 0.005825614073367932 0.0052183405309815046 0.0 0.23192375036548007 0.0017870442743413391 0.0022333241124578257 2.697457744903188E-4 
0.0 0.24625495504335743 6.304550397197896E-4 0.0013201087082383121 0.0 4.813804686771233E-4 0.0 4.361012492663773E-5 1.8534946571096786E-5 1.0027433798847688E-5 0.2500018569169079 6.63628571708134E-5 1.6804286788551901E-4 0.0011728676429736964 2.760984832481211E-4 
0.0023137005551362353 0.23538359389992441 0.004484410133434992 0.0032258925135239752 0.0 0.003386421468090851 0.0046421343180241634 0.003826796591546801 0.005885768224958239 0.2315484510313703 3.548945902141166E-4 0.0012453322324322534 0.0017827201958762397 0.0022279201788010473 0.0015707228747935318 
0.0 0.2339439842545171 0.005758277355782952 0.0046263183773004694 0.0 0.0033850437242449465 0.004621975722261318 0.004812222938496834 0.23327505346772245 0.0 0.0030056709165688514 0.003949472056048682 0.0026540565385395442 0.0023180676148400257 0.0 
9.302284111102128E-4 0.24791050412404608 4.410587320206796E-4 2.782700366701173E-4 1.5963443296282227E-4 2.677370775825089E-4 0.0010106914496811337 0.24815253407955018 9.251161517744026E-5 1.811769936211489E-8 7.694319291297536E-4 4.2288099662003306E-5 2.843779764717949E-4 0.0 3.080392013010918E-4 
0.0027833187631440296 0.19543605855022422 0.004085103018423998 0.02396175862765878 0.008942525138185158 0.016623891490352316 0.18429099501471505 0.01221997240011095 0.0019664518476606415 0.00812108039457991 0.01117149615996913 0.012787347998978136 0.006967044590467142 0.007919017729989064 0.004627529741243154 
2.0423399936847336E-5 0.24396038597302566 0.003091530511389454 0.0016543113126661606 3.0175571836599284E-6 0.24352296019227376 7.236600701882141E-4 0.0010893241095214833 0.0013599296904910781 5.9218142240881466E-8 3.4091071552098934E-4 5.822792017761135E-4 0.0 0.002140572934886245 0.0015718321386672994 
0.0 0.2462196803864679 0.0 0.0 0.24769470323975956 0.0018567786223883148 0.0 8.693920904171417E-5 0.0025567744357933102 7.04551703976075E-5 1.0163543990701416E-4 6.489229243769944E-5 1.324909979240435E-5 3.0334317339378845E-4 0.0012260389742463327 
0.002277051952644488 0.24682710580122677 0.0038029520642417257 0.24293889656001122 0.0 8.604401284390176E-4 0.002114510566144351 0.0 9.069038576515184E-5 7.53654748014494E-6 1.7900859906631723E-4 0.0 3.371962032234604E-5 0.0011731886634172518 2.675869149094743E-4 
0.0 0.2276624197644772 0.24905489136401074 0.003823798559857946 0.005623382561918059 9.643530904599671E-5 0.001983667345878253 0.0 0.0021423100696582186 0.0037248463701443106 3.157366851173388E-5 0.0028247087833123256 1.0808104524723297E-4 0.0033715822510690845 0.0 
0.0018722172678742716 0.4948085357150863 8.803437479786044E-4 5.554210114149352E-4 0.0 0.0 7.322805669170649E-4 0.0 9.2455669023972E-5 7.042153852798869E-5 7.690751227482851E-4 4.22684895272424E-5 1.1246560413123897E-4 1.2860547016768536E-4 5.727682698931263E-4 
0.2425909177036771 0.0 0.002219835761953537 0.001971363844783038 0.001942793636122275 0.0018043971710877133 0.0010179676742269553 3.6286152459866243E-7 0.0011900924940012408 6.074987061079782E-4 0.001511520830954969 0.001236568691598201 9.20074984717151E-4 0.0017592312913116298 0.24166621646293615 
0.2347475089591207 0.0 6.009939985121783E-4 0.0012808115615115703 4.358543293369052E-4 0.0017690934296351092 0.0025867799066074423 8.251491973098546E-4 0.0012813538725067201 5.65744804015345E-4 9.867367389634813E-4 0.003709990194277356 4.050313197636067E-4 0.2511444181656791 0.0 
0.24609763981769667 0.0 0.0 0.0014559867859563647 0.0 0.0 0.0010058766833054675 0.002297609761820737 0.0013449209080938142 0.0 0.0026240024275826185 2.877865140679628E-5 0.24331514516362163 0.001313068606936309 0.001438938532675552 
0.23514296124632797 0.0 8.612233916854239E-4 4.0757410032300805E-4 0.0 3.1618928143617966E-5 0.004871665806904832 0.003920005290741069 0.0026727808640043178 0.011623541408069961 0.004841706197715583 0.2293918678473262 0.0030984244260189803 0.0035188234212886684 0.0 
0.2398529980389355 0.0 6.140649286789921E-4 0.0019362118516791976 0.0 0.0033449643103034723 0.0 2.6942049807123602E-5 0.0 9.907553073418102E-6 0.24701301604623704 6.55694709845958E-5 0.0038821166435921506 0.0034001758598627453 2.7608620911359746E-4 
0.2409309810150008 0.0 0.0037158298724548353 0.004824392128625 0.002553418433562454 0.003473588343752172 0.004767224769680005 0.0039299163380334505 0.0013625537830062842 0.2336683303080332 0.0 0.0 0.0 0.002824402330599836 0.0 
0.2496293925872455 0.0 6.390941802211018E-4 0.004830249376094157 4.772607353110649E-4 0.0 0.001038473722239602 4.500031627801078E-5 0.23283203897599927 0.003907210348689435 0.0028537893931095022 0.0023929959428821692 0.002660819968786269 3.423191171827869E-4 0.0014730095638722962 
0.23910187866682575 0.0 4.237970622982851E-4 0.0013434064490652014 0.001896243233077458 9.614769083436627E-4 9.903272713609249E-4 0.24194546076542425 0.0 0.003970188952707744 0.002975778726451736 0.002427978226264524 0.0026881852029063875 0.001528737646593176 2.690637211500379E-4 
0.21563992850979002 0.010524190406471555 0.0 0.004644039322940736 0.0 0.024022808663980898 0.17730802437755486 0.011013032765158866 0.003040132431105063 0.007869803405172949 0.008245530325515164 0.015435405459426718 0.011748087906536893 0.006917309905776085 0.0059889743952242745 
0.2405518740500172 0.0 0.0030480817737624645 0.0029119208766554025 4.7172787044637364E-4 0.2418134467243486 0.001976191342147329 0.003360800365754171 9.190153334169011E-5 5.766453194686765E-4 3.4048201032931815E-4 5.797154862186698E-4 7.17228403761415E-4 0.002140966350180724 0.0015721210252516468 
0.24420569529837433 0.0 0.0037088570723859873 0.0014667361806700182 0.24269354524784806 0.0 7.233986937300016E-4 0.0 0.0018362404420226824 0.0 0.00298557568866058 2.0232308418399295E-5 6.997233731088895E-4 0.002139466217229374 3.3141077463800497E-4 
0.248078854384136 0.0 0.0013244620786805523 0.24499642367300256 0.0 2.65821257259938E-7 8.295810547961062E-4 8.684423755823224E-5 0.0 0.0011794204581330593 6.134423315403006E-5 0.0023773862643183853 1.082488869065809E-4 6.70914950459284E-4 7.915863401589785E-4 
0.24476106395479091 9.166546343049269E-4 0.24749754554427741 7.390779437246833E-4 0.0 4.947088069517017E-4 0.001998880482702028 0.0 3.870706303593129E-4 4.156409646581065E-6 0.0030113648731514473 0.0010151536611329886 3.042070971323838E-7 0.0 7.436080600221962E-4 
0.24467234885427405 0.24608975785089762 0.0014829215514877737 6.998731820488368E-4 3.9296118561600565E-5 5.097098590869473E-5 0.0020285908848799244 4.2608955606741287E-4 3.378118082082964E-4 6.6090446679639295E-6 0.0023472103151829307 5.690770885462225E-5 1.1082472300583595E-4 5.247905946565266E-4 0.0014246451700155828 
0.483257400254521 0.0 0.001237222062876678 0.002647001062147879 9.113865983401359E-4 1.0113899715968694E-5 0.0018760689856224635 0.0 0.002507557916483694 0.0011715262468786204 0.0019954308815663966 0.00239792194188694 8.345971611587686E-4 7.007543341580831E-4 0.0013471990838995894 
0.020983665329117572 0.02478173057142678 0.025525475086547806 0.01522575833563017 0.022667683578219404 0.009689095030300706 0.01938604679488233 0.020055318819433687 0.014093890519362131 0.021089853077980315 0.01913012269634698 0.021985022140719342 0.028318200770703465 0.011994950301091196 0.22760132229575072 
0.019497191513196864 0.022434834774358994 0.021498490418073453 0.012256732522574004 0.031128135951222668 0.025952055154736454 0.02561097259819139 0.020533643478210552 0.02624617262948732 0.024301250986628237 0.014388179458256949 0.013254856882206787 0.022075479496506015 0.212829966640803 0.011852408604501955 
0.014706490099607254 0.022604140393051243 0.018828588591630092 0.01585641801555408 0.02122293200876209 0.013568026219267214 0.015403679760055486 0.017048836014580532 0.016861912005941587 0.023625879145649013 0.009586019749667428 0.018625578166256106 0.2616866991005478 0.018843986057957833 0.013101746539572344 
0.016553502843634098 0.019174247356298642 0.01976476255056204 0.01501552450482251 0.01588996040415716 0.017302333541536 0.0167619346033796 0.015571674682331017 0.012910342127497625 0.02028663287352101 0.016059192149574842 0.2640892376263477 0.015232021580375009 0.024152373659759137 0.014412095676816927 
0.015661618454229326 0.024013346665090883 0.020561023580804673 0.018614709941827467 0.022295237501734514 0.014548866108348558 0.016309953874645133 0.02289737195301371 0.007315939334080586 0.01830795847023396 0.24066849324395062 0.025731993566106413 0.021042636273474483 0.021066886295983547 0.013102193412061756 
0.016308684775408203 0.016536219652836807 0.018098723709061033 0.013784657762744113 0.019080656356931947 0.016783841199757454 0.016259636187713197 0.01630406134196563 0.012604150945722164 0.26906815882810414 0.016857443820443827 0.023644357219074496 0.015492498710235395 0.016399248084141387 0.014506627180587888 
0.01591996051986721 0.018318622127489012 0.01703629186723875 0.013856145632105587 0.019199374683188424 0.012276980311073118 0.017244091452293837 0.014760757992289172 0.2631626422710028 0.01667105839241292 0.021377062226766014 0.015914370663796345 0.021085843442651287 0.019825423644688842 0.01643233875640742 
0.020963862598375353 0.017590415604959168 0.01760182340306557 0.017241915982027227 0.024677129371035243 0.014502763221028642 0.01026007711846599 0.25513907630844646 0.015274483486544388 0.01482496580031977 0.021473395956931807 0.015903102878044088 0.02127546069770193 0.022056237467743812 0.0168106574646673 
0.01834905961445625 0.013127945704242317 0.014370718755387523 0.01441738438367914 0.02323660988725263 0.013733899615142028 0.26806231549443443 0.019138317774370344 0.015532005519147995 0.011768387084475385 0.022741560621108083 0.01644193374342562 0.02147629968167303 0.016557957288630683 0.01629700451119306 
0.014162621140499257 0.016296504296215264 0.014047505617660336 0.012027145211409053 0.014639959168284334 0.2656790347556298 0.010304302274874583 0.020812377965192665 0.021254575460163166 0.018899971818652675 0.021213501461698047 0.017786342500335655 0.02034132840207129 0.018112353231289575 0.016396171573912405 
0.018493164980873073 0.020621393509542476 0.021087511405290305 0.021541253363734067 0.23009649612863559 0.01725196441291709 0.02995870225661266 0.01049160255046598 0.008894514727328554 0.024236333875401715 0.02121279268799181 0.02657904474583022 0.021514829524771788 0.016094573707146842 0.0167862203042305 
0.00865986445959531 0.015568899183312068 0.011061558892838674 0.250144252883664 0.011879105359158142 0.030363587541237594 0.020055278563253894 0.027572660134308202 0.014474666786718562 0.02496931251279321 0.016280369042220855 0.01168790684301497 0.02359327804101785 0.021416005186889055 0.016261788352428443 
0.006808472659260348 0.010811658315665947 0.2702258577256563 0.020337109462127297 0.02599634088406478 0.01770800139781854 0.01786353696898876 0.015849409698578707 0.015208933929105398 0.01651727026537517 0.022133100473829315 0.017268486361591322 0.012899216018633688 0.012716472972241107 0.02105875100173688 
0.003987770737298195 0.2877341809144463 0.010609418013947375 0.017293222649459886 0.013352683427345195 0.0183233384390953 0.015137273254513285 0.012785112286040318 0.010732639622444489 0.015184591423923605 0.026340592227629044 0.018134250311959615 0.020454663805243772 0.021161449904973626 0.010717982256464274 
0.2698265318248909 0.016796697722654783 0.01042398639375523 0.017287380045162584 0.012683140960373235 0.020276871134563928 0.01075813179202803 0.012492552327587513 0.014378639009701261 0.016727790520490428 0.025786353402824216 0.01940301661490209 0.020325848722190554 0.02103077272905944 0.013129220676637599 
