0.0 0.0 0.0 0.0 0.0 0.0 0.0 0.0 0.0 0.500138079932821 
1.9592486565250374E-4 4.774174958779587E-5 2.1203047021751706E-4 3.4834699140024226E-6 1.539559431309923E-4 5.367229465128488E-7 2.1626535058437302E-4 4.5124493031676083E-8 0.16805279274376403 0.331377926905243 
3.1554101770294487E-4 7.688906766214615E-5 3.4147942443983647E-4 5.6101997984851885E-6 3.79572439993169E-4 9.796227062286378E-7 3.997751929811717E-4 8.26354215904385E-8 0.33271414786812753 0.16599721482257515 
0.0 0.0 0.0 0.0 0.0 0.0 0.0 0.0 0.5001402513589266 0.0 
0.0 0.0 0.0 0.0 0.0 0.0 0.0 0.16828515158338636 1.8105646842254699E-6 0.33223115106142054 
0.0 8.793821835489312E-4 0.0017244611052315778 0.0 0.0012506060745711184 7.774637065777669E-4 3.335007623098484E-4 0.16498747434719627 0.16546139695568138 0.1670797786951437 
0.0 0.0 0.0 0.0 0.0 0.0 0.0 0.16750161426858923 0.33314046049634305 2.8791357988207985E-5 
3.112261179551764E-4 2.739276633098232E-4 2.764119219815702E-4 3.242462474117189E-5 0.0 6.398936885747869E-5 0.0 0.3333420893312793 3.0956476952948274E-4 0.16668267062795014 
0.0 0.0 0.0 0.0 0.0 0.0 0.0 0.33477257489907997 0.16668244717253153 1.8988710798115365E-5 
0.0 0.0 0.0 0.0 0.0 0.0 0.0 0.5002878110962814 5.38255118884068E-6 2.6027311795905626E-5 
0.0 0.0 0.0 0.0 0.0 0.0 0.16654713324013792 6.034542749204195E-4 0.0011602030586654512 0.3322781930020539 
0.0 0.0 2.605631408281201E-4 5.249433275830465E-4 2.616163893944165E-5 0.0 0.16746247627121483 6.097117963441992E-4 0.16635956061251722 0.16649850277312261 
5.1194725148881295E-5 3.561704297672909E-7 8.969492398353674E-7 1.4486797258541213E-5 1.0615048246402174E-6 0.0 0.1675370150714327 2.583329474907549E-4 0.33285204095956006 2.2531355245724535E-5 
3.620332567655648E-4 7.774532239597454E-4 0.001521857766911999 0.0010907185977092916 2.7328111769451196E-4 0.0018929835142752608 0.16579554816503936 0.16490065105373153 1.1622381742859345E-7 0.16768652031353976 
6.156095903679746E-4 1.0471750178193205E-5 0.0022080409502794065 0.0011686968440349672 1.6146629834547088E-7 0.0018824667793687505 0.1648744477879984 0.16398452240286635 0.16666842770786594 0.0 
9.841591896190423E-4 0.0013312290596469603 6.690830191283934E-4 0.0015345624831937027 0.0 0.002346904521629075 0.16491107709106512 0.3287281638311394 7.839086968191453E-8 7.038480963657861E-5 
8.341164709357973E-5 0.0 2.331803389740825E-7 3.098563772693694E-6 5.4231403894396885E-6 4.320789127460124E-5 0.33355164605632953 2.400122927773625E-4 0.0 0.1663329830434802 
0.0 0.0 0.0 0.0 0.0 0.0 0.3337235223088158 0.0 0.1669291163200561 1.6010566315400217E-7 
3.258623366857249E-4 4.016347635528953E-4 7.404470138459002E-4 4.1695556940396847E-4 7.355782275500764E-4 0.0016751614047566072 0.3313795536382547 0.16532751216617592 1.7298257298234836E-7 1.3462017615218936E-8 
0.0 0.0 0.0 0.0 0.0 0.0 0.500617178995066 0.0 0.0 0.0 
0.0013188807765022223 7.278950910423159E-4 0.002351156561473239 0.004360054966556723 0.001521067841348909 0.16349925107013577 1.676261435251319E-5 0.0 0.002609833605353671 0.327385381066265 
0.0 0.0 0.0 0.0 0.0 0.16636917685568994 0.0041582753424866566 0.0020059368108724662 0.16450968898492768 0.16446995820808424 
6.263131742735308E-5 1.862907152813385E-7 1.549163555081421E-7 0.0 2.3931308855430253E-6 0.16709918150564132 1.9681974897114167E-7 1.4585609245012615E-4 0.33419769537085897 6.367143011332719E-9 
9.541227429506714E-4 9.088611954614131E-4 0.0039002210510513126 4.495721302696725E-5 4.5295267858046163E-4 0.17594930005362353 0.004258209478581833 0.155555781566124 4.208400132389093E-4 0.16552077610807475 
0.005133569257312852 0.009869224676836413 0.015129371143946947 0.014939155551674013 0.002586799992792109 0.14897547843781994 0.005634591659985149 0.15275249325942983 0.1589110311302174 0.0013909291143545275 
1.4388823407672009E-4 0.0016707163274818245 0.0016966670600997067 7.986911879607337E-6 0.0032074758528147485 0.1637574250675797 0.0 0.3289647575418754 0.001254915388986623 0.0010994281165708744 
0.0 0.0 1.4140619505442886E-4 1.3485978405916309E-4 2.693977043653003E-4 0.1670997370916151 0.16638840864935583 0.0 5.787661611876878E-6 0.1664142058544971 
0.001639413398580628 0.0022442834604783474 0.003855840988036587 0.0014937246214389917 1.2104611212754413E-5 0.16638200763345773 0.16379780809698463 3.7683765309347554E-17 0.1643148990365695 0.0 
0.002022907746674392 0.0019329402434234652 3.118208813745713E-4 0.0019712177276537055 5.478602408171932E-4 0.1667074852159179 0.16573302492124853 0.16264904548304318 0.0012610144378994365 2.222042065876542E-4 
0.0028314991072838163 9.97689037110998E-6 0.0021541467433747446 1.1092510778864354E-18 0.0056995485463363325 0.17531974972900152 0.31868840065743537 1.3772753537891906E-7 0.0013998217863921485 0.0 
0.0 0.0 0.0 0.0 0.0 0.3341939254014025 0.0 0.0 0.0 0.1674354725460532 
0.0 0.0 0.0 0.0 0.0 0.3337925314620434 1.1968096902115617E-5 3.9212337032461854E-4 0.16627415575256113 1.183651246581954E-5 
3.1735118352012292E-6 1.973386106224598E-6 5.2599065870195225E-9 0.0 2.2881376329515094E-9 0.3343651102554169 3.225327670206257E-5 0.1667466608709863 4.481985979189375E-6 1.2670902581963383E-4 
1.1865579549535956E-6 9.94217018379289E-6 0.0 0.0013112898018836409 0.0012584066163894411 0.33108201390568803 0.16645635095813657 6.399408303368375E-4 0.0 2.879808975037571E-5 
0.0 0.0 0.0 0.0 0.0 0.500270866845498 0.0 4.569055812398341E-8 3.142415964559717E-6 5.554157744303243E-17 
8.979861861328393E-10 3.464204836471051E-10 1.7480172655515812E-5 0.0010900693579728208 0.16761656526587715 0.0011990600680479185 0.0 4.2926491812525894E-5 3.002736802972303E-4 0.33108439951618995 
0.0 0.0 0.0 0.0 0.16750715537975244 1.5164424460696585E-4 0.003569258849674694 0.0 0.164476734877835 0.16724378509175986 
1.5723191890442133E-4 1.9675635469573765E-4 7.767226560445997E-6 3.26648748429894E-4 0.16657683856318278 2.6728978860254794E-5 0.0 1.4601364672898348E-4 0.3328201941410405 2.8613580862369724E-5 
7.463595460966981E-4 0.0035749099008435766 0.004430376800408873 1.6041140755322525E-4 0.1632559852879879 0.0 0.003656002159492804 0.16410155067078736 0.001881569654456525 0.16243136270422326 
8.801505289630996E-4 3.594510471730393E-4 0.0 9.673182239599406E-5 0.17538413656137133 0.006557732602584836 8.517910926239659E-4 0.15797395471840406 0.17047628442536325 0.0015384660013788639 
0.003676317876214088 9.498844700042865E-4 0.0010361408547148237 4.418587289676699E-4 0.16476958805808314 4.093232702277207E-4 0.0 0.3289322118332056 7.985560053311013E-4 6.588215259693123E-5 
1.2094564708011176E-4 0.0 1.2835704219154234E-5 1.9111917363412666E-7 0.16863344068366368 1.543317194991182E-4 0.16927116534903483 0.0 0.0 0.16438426583850987 
5.41476712290074E-5 0.0 3.651873820087226E-5 4.6390000217121204E-5 0.1653191780841246 1.7472229982991774E-4 0.16963247991818545 0.0 0.1670613307877836 2.341351442527006E-4 
0.0 5.109690545449016E-5 6.0888272609137606E-5 0.0 0.16529602033400567 1.6565789672025713E-6 0.16940583889699248 0.16606640472624243 0.0 5.67804518121595E-4 
0.0030841960058757166 0.002847738621708594 0.002805077793212518 2.202048757524402E-5 0.16935322259722882 0.005883351348888134 0.31393825158831873 8.190641109227774E-4 0.0025248831488113863 0.0018818900814966627 
1.6246765167170476E-5 8.773137305821943E-5 3.1766099847031495E-5 0.004039771112832861 0.1622834011482982 0.16575786882442423 0.0015439877443273876 8.718891568022654E-4 0.001325347544251416 0.16601923159656065 
2.1588331596187398E-4 0.0 1.045670186978089E-4 8.090300648310073E-6 0.16806155167826717 0.16594869983129662 0.0 6.563575860006052E-8 0.16642369814572103 2.9522368113394072E-5 
0.0 0.0 0.0 0.0 0.16805968612783256 0.16637023126845357 0.0 0.16676133346313582 1.325509980063704E-7 1.2574345848509385E-4 
2.279314191563023E-6 7.883118804271051E-4 0.0 0.0 0.16526627961000248 0.1643601887431104 0.17271892591816124 0.0013003819207477725 0.0 9.081769572920638E-4 
1.2648133934894923E-4 4.276999672636057E-4 5.267623778706761E-5 6.114217835241301E-4 0.16656539109654805 0.33327012447349497 9.186369300632129E-5 0.0 0.0 0.0 
0.0 0.0 0.0 0.0 0.33397411489734785 0.0 0.0 0.0 0.0 0.16725202882014426 
8.434344228115534E-6 3.8206196562247163E-4 2.6048052287805373E-4 1.7816259738181096E-9 0.3330013528927488 7.204320645103042E-4 0.0 0.0 0.1664405754155707 2.9525362019783626E-5 
0.0 0.0 0.0 0.0 0.33350886982822747 2.860883253835878E-4 0.0 0.16644471510904946 0.0 1.2550468477625572E-4 
0.0 0.0 0.0 0.0 0.3340260251590215 1.6751853259110494E-4 0.16677448104748213 1.376745616172531E-7 1.726843117993611E-6 5.561883056967858E-17 
0.0010391137073995625 5.0305580729850696E-5 3.7943887132440624E-4 0.0010616815052466957 0.3321151103574174 0.16553498021997146 0.0016794723465438218 0.0 0.0012706506359101341 6.975338310457856E-5 
0.0 0.0 0.0 0.0 0.5014783358438218 0.0 0.0 0.0 7.754194969472712E-7 1.6441605362089883E-7 
0.0 0.0 0.0 0.16862369267189198 3.463705456067327E-4 0.001395297813843938 0.0 2.645570171356714E-4 9.360025154989624E-5 0.33197331601365865 
6.181975882980621E-4 0.001614513147866345 1.9930352093205605E-4 0.1652040978121607 8.196156100875397E-4 1.5250298720515906E-4 0.0022027918278668046 0.0021940475405130256 0.16450587675719044 0.16475365663164263 
0.0 0.0 0.0 0.16689231829896564 0.0 3.983796225105445E-4 0.0 2.587273983409184E-4 0.33323555089706797 2.8799576088658575E-5 
0.005765466035475223 0.0022241717782558704 0.003603486725686515 0.1653109093946787 0.0057936327069364425 0.0023698395757365005 0.002411277124013294 0.1548999253917639 0.0 0.16390993088321268 
0.0057489186189756064 0.0036140999726552224 5.550374910809205E-4 0.16265634230322887 0.006175839211747598 0.006167781717393845 0.005307510160944406 0.1426324749322321 0.17038240511502772 0.0 
0.0 0.0010847781967821375 4.6437392534520527E-4 0.16687682919533553 0.001265789813477539 0.0 1.3060950329131652E-5 0.3304642432949367 2.5125766644888537E-5 5.988337478824696E-4 
0.001940533878081679 5.830669234614913E-6 0.0022358128454638988 0.16600130875029012 3.8226375373190597E-4 0.0 0.16578638888197816 0.0 5.549606265404763E-6 0.16678134678528395 
0.0 0.0 0.0 0.16771587355070466 0.0026383249101885114 8.689098724306031E-4 0.16356349916787738 6.8890526326595405E-6 0.16717496289626652 0.0010469274586442307 
0.0 0.0 0.0 0.1704629232308822 3.8289142138956035E-4 0.0048510654767194026 0.16310875338103298 0.16555951004265193 3.705562699338127E-5 2.839567794898654E-5 
1.955299717015998E-5 0.0023144230533301874 5.355345673632129E-5 0.17522061353812685 0.006355979475543076 0.0052609836106807546 0.3228609638628187 0.0 1.5833018889502433E-4 2.9458594565902315E-5 
1.437825135303121E-5 8.792688013940458E-5 4.121435668937738E-5 0.16711170555766558 3.85903530250192E-4 0.16598759382949274 0.0 7.816618603100471E-4 8.518790040585347E-4 0.16567541690603527 
8.45195630839068E-5 2.978077630090277E-7 8.500659967824149E-8 0.16717030525245882 7.5404997318646E-4 0.16629262707668446 3.9222023345866945E-7 5.152667686764425E-4 0.16812698347387375 2.93843882524652E-5 
4.161339618268641E-4 1.3160062563613245E-4 5.035501950897066E-4 0.1671463564889573 8.223610692490854E-4 0.16566689948938138 2.466305845415544E-4 0.16587346109492934 4.637516288143908E-4 1.8981732741785267E-5 
0.0014261995229818902 0.0010537549240850275 0.002228762845319558 0.1722145076203967 0.005815945048864109 0.1602328294748734 0.16228215542958002 7.11781528548958E-5 2.2104398624341673E-5 0.0 
1.2334266934738633E-4 0.0 2.582221271813929E-4 0.16798202421047273 3.355029594682357E-6 0.3322517326614199 0.0 6.652533856528359E-4 6.028361552557201E-6 2.8828617044012574E-5 
1.3964975065683708E-4 4.5635811651390194E-5 1.4702629273893988E-6 0.16795206976833257 0.16545760564316603 0.0 0.0 1.4956641925206608E-6 0.0 0.1671336190590155 
0.0 0.0 0.0 0.16651742475324047 0.16716209471705032 2.3377672776030596E-6 3.5691164395590613E-5 0.0 0.16778237943135124 2.8840692145359464E-5 
0.0 0.0 4.424410278613522E-4 0.1633909908841416 0.1710046699516013 0.0 0.0017243571582124394 0.1660240788001496 8.83763543949131E-4 0.0 
0.0 0.0 0.0 0.1670749624043466 0.1677217908676522 1.2755238852267887E-5 0.16790150973886148 0.0 0.0 0.0 
5.230601911598847E-7 8.338830545174307E-4 0.0016594534046010514 0.16476827554925416 0.16880120950060204 0.16416091298384788 0.0 8.228316468696719E-4 2.193482853153434E-5 3.8304643629875375E-4 
3.345124848281357E-4 0.0 0.0 0.1678577297498815 0.33168228921186627 4.489896577311279E-4 2.8544198695877934E-4 0.0 3.144539404949513E-6 5.557910882976978E-17 
9.157786045209917E-6 3.6100950316526225E-4 4.350705609321744E-8 0.33293563617149263 1.8732135522233012E-4 7.582429720610614E-6 0.0 4.267397684745402E-4 0.0 0.1673019852302087 
0.0 0.0 0.0 0.3335640910264407 5.953142418565582E-6 0.0 0.0 0.0 0.16685234627370116 1.6956102559365728E-4 
0.0 0.0 0.0 0.33338521048553055 4.051686193771614E-4 2.7337142340733754E-6 0.0 0.16748938891734555 6.337917662810035E-4 0.0 
0.0 0.0 0.0 0.334187849953269 0.0 1.9070702041633322E-5 0.16701021131053273 0.0 6.758646013579105E-7 0.0 
0.0 0.0 0.0 0.3346091994654031 0.0 0.16698770905586016 3.8607248093291236E-5 0.0 0.0 3.7238144052135005E-6 
0.0 0.0 0.0 0.33382078819951344 0.1670802400357995 1.903537751238271E-5 4.905304052826618E-5 5.561874479346792E-17 5.226248940310228E-7 0.0 
0.0 0.0 0.0 0.5005771607870698 0.0 0.0 0.0 0.0 7.740260395250433E-7 1.6412059191126493E-7 
0.0021770941611439923 0.0032926415979921573 0.1643615476256371 0.0 0.0019824070566967153 0.0024434375046671975 8.098653704340388E-4 0.0 0.0013157118309659163 0.3252774683352832 
2.6978753581297928E-6 0.0010942388484839105 0.16955093288315243 4.740542519992922E-4 1.6770131756810457E-4 1.6581288215241684E-5 9.663455525256047E-5 0.0020284053701031773 0.16491111641260475 0.1655637482956131 
0.0 0.0 0.1673973576304733 7.690982207273804E-7 6.681993143568014E-4 0.0 0.0 1.8659110483715364E-17 0.3332545286643543 1.6986545745984857E-4 
0.0063762762818104545 0.003549139369335787 0.16409637751750455 1.9422754659662858E-4 0.006943518645380589 0.0032502149647774176 0.0014931871931966605 0.1520399885861229 0.002341837804575574 0.16358778829964973 
1.7183870277979035E-6 0.0011256218262460668 0.17895520204107188 0.003271903381516981 0.006656332186767225 0.0 0.005713870951640009 0.15603711345117774 0.18707225665370403 1.7593230639767412E-5 
0.002392151614651936 4.577162281556608E-6 0.1626006494034581 0.006563059187190921 0.0086500913456834 0.004113879224027081 0.001829330201917254 0.3238005228616151 0.0011017564898922107 0.0018349616932151662 
0.0 0.0 0.16521825998310732 0.0 0.0 1.446275528082148E-4 0.16935793430273166 1.8199066655744814E-5 6.363993058982628E-4 0.16656406221834594 
5.735110511183841E-7 3.756758787683886E-4 0.16690265252528944 1.6735397654431925E-4 5.946230562193527E-4 1.1001258233901661E-4 0.16021879489641838 0.0036540903765645114 0.16937786551226275 0.0 
0.0015401938685872137 4.8358075348925795E-5 0.16410959354919052 0.0 0.0018879167291171465 0.004758506741767973 0.164098150818686 0.16457664952482143 0.0020212597626760175 5.711123270073609E-4 
2.3793087700419024E-5 0.009356307806298658 0.16273284291650433 0.0 0.01280083613173596 1.5862148935130675E-4 0.3157388965159489 0.0 0.0 0.0034135255615407693 
0.0 0.0 0.1655916718886059 0.0 9.093596693662923E-8 0.1678400230420588 0.0 0.0014531431577156212 9.437964698106325E-4 0.16586845508271833 
4.014619212938552E-4 5.553758446907942E-4 0.16624646276755636 1.5348542682146828E-4 9.480165555470234E-4 0.1666128835731891 0.0011309169334277167 0.0011970545292685536 0.1632597962011942 2.118392234636622E-5 
4.1646386385330334E-4 5.486454653310213E-4 0.16768361143830224 7.056144236101147E-5 1.5430873433889696E-9 0.16627311851060717 0.0010430264588380449 0.1642060033214714 9.184463650299248E-4 2.16575845916393E-4 
0.0 0.0 0.165019568442107 0.0 2.223377460434466E-4 0.1734597233773952 0.1679768985865683 1.3924390539804767E-7 6.932782595640755E-5 1.6683910298025714E-4 
0.0 0.0 0.16776138015082506 7.13823148174478E-4 0.0 0.33246536917846886 0.0 0.0 0.0 5.763279148492963E-4 
0.0039052403231508077 6.439476364263195E-5 0.16544907913628704 1.4344824361035586E-4 0.16544022450456863 0.0 0.0 3.5200484072935784E-5 8.48275687503431E-4 0.16593984945204698 
0.0 0.0 0.16616055219451206 1.147286396226504E-6 0.16532258251555618 3.5004843598124735E-4 0.0 3.176312287918258E-4 0.16849753956617433 2.812035712091067E-5 
0.0 0.0 0.16479463216110654 0.0 0.1710806474191654 0.0021502752769862357 1.9554421159008996E-4 0.16527404603808715 0.0 0.0 
0.0 0.0 0.16727157200872733 0.0 0.16791916164346427 3.311469044705486E-4 0.16639992248084043 1.3793667616873917E-7 0.0 1.6776581005752033E-4 
0.0 0.0 0.16495836740404393 3.7522245107251976E-4 0.16685491864120902 0.16874550886240616 5.853602915783679E-5 0.0 0.001253295719284667 0.0 
5.526552528698744E-4 0.0 0.16722588329047608 3.217745420015497E-5 0.3332878968706529 2.292617215360375E-5 1.7967661267622595E-5 0.0 6.857156613918298E-7 0.0 
0.0 0.0 0.16644245535236946 0.16646214380954086 4.3329282931460815E-6 3.515528709249808E-4 1.7385873122549197E-7 0.001452397361700792 9.433120855693018E-4 0.16582561487969294 
0.0013494273982681522 6.720033360898161E-4 0.1645524160528393 0.16487278992625734 0.00280488800311267 0.0 0.0 0.0 0.16719322409025775 1.6990743721727715E-4 
0.0 0.0 0.16562897297997603 0.1675667868113872 4.049383767815645E-4 2.732160763664337E-6 3.279629823729576E-5 0.16741066718397887 6.334938776400712E-4 1.4425120307318637E-5 
0.0 0.0 0.1653940789973845 0.16735841261876613 6.269377382782558E-5 0.0 0.17095684094852848 5.592993028030813E-17 6.596700342162621E-4 2.900929482941533E-5 
0.0019014461924378085 1.5110357019698127E-4 0.16708562740712 0.16741093329401574 0.0028480680080461077 0.16119855644798384 0.0 7.813079517213046E-4 0.0015364373768544243 0.0011329487245385688 
5.1997180204956645E-8 0.001382824634948408 0.16610053156533255 0.16743354988793718 0.16774913356257437 4.0409721449767837E-4 0.0 1.3712519938836038E-7 6.360521848793623E-4 2.8967582602239095E-5 
0.0 0.0 0.1654401924068552 0.33330395405128416 4.887746035354883E-4 0.0 1.7899945064144678E-5 5.864747624108204E-4 0.0012655291274294993 4.3907485054678997E-4 
0.0 0.0 0.33289809951920357 7.570196310876119E-5 7.635851909154667E-4 3.524277215493379E-4 1.7429138426900819E-7 3.949840897002423E-4 9.456078675046109E-4 0.16571406814594228 
0.0 0.0 0.3333404632877736 0.0 0.0 1.5158260163750016E-5 0.0 0.0 0.16760041432631115 1.6275492061042525E-5 
0.0 0.0 0.3346127517598572 0.0 0.0 2.875520933842342E-4 3.332062920899379E-4 0.16628535125252203 0.0 0.0 
0.0 0.0 0.3336748236653453 0.0 6.232665691752183E-4 1.6330834246086937E-4 0.16587398325172537 1.375007005501854E-7 6.703983328440179E-5 2.8777583717591016E-5 
0.0020141888379365605 0.0 0.33163191274873877 0.0 0.0 0.16796161720063305 3.995289398638661E-5 1.1667249003595533E-4 0.0010949712498886848 2.5917378777806595E-4 
0.002009567082747567 0.002625260442747859 0.32966734468304465 3.557747181530617E-4 0.16617343348447297 0.0 4.744857178538149E-4 1.2664136023540263E-4 7.931806007273786E-6 4.7576951386887836E-7 
0.0 0.0 0.3329016154204501 0.16852213991149748 0.0 2.482541894222439E-4 0.0 1.7798928866199297E-4 4.815833577496163E-6 0.0 
0.0 0.0 0.5018814177695343 6.224834953334445E-5 1.00776942373168E-5 0.0 0.0 0.0 1.0779621822308969E-5 0.0 
0.004697821087008587 0.1662752091990672 0.0014517434748884718 4.0631990627414995E-4 0.0 0.0015762223636044995 1.0089278937267467E-4 0.001523581439692389 1.6300696778224764E-4 0.32699545197463264 
4.1567490098257397E-4 0.16859475128241003 0.0014550158318287281 4.7354747406083204E-4 6.997037397974559E-4 1.661507892486326E-5 9.930078198530563E-5 0.002032568243004768 0.1652495615911689 0.1659035328630492 
1.7850332677023557E-4 0.16634058378725702 0.0 1.3070599292963768E-6 0.0011868851868441878 1.3125840623626848E-4 0.0 2.1476227140766166E-4 0.33322869972450875 1.701355445136011E-4 
0.006581089992474429 0.1629070318470532 0.002983805356499997 4.064310235973603E-4 0.008914383967613716 0.0032135560472517613 1.5206940685565988E-4 0.15510269235488264 1.0599192417796439E-4 0.1645162818136891 
0.007342861409496213 0.17560403165298807 0.0 0.0032858566511809206 2.42228620321095E-6 4.4612102089951157E-4 0.0 0.14882749965687228 0.16700605609670097 2.88990590978064E-5 
0.0 0.17134821709335002 0.0 0.0 1.9076024397397478E-5 7.698159791281362E-6 4.8172857976266524E-4 0.33003376635175435 2.198772194258922E-5 0.0 
4.053110433276949E-4 0.16439124513007708 6.462558878190543E-7 0.0 7.019424171797871E-4 3.96448461716762E-4 0.16990350985797104 6.955025972335309E-4 4.934320313458935E-4 0.1649010257122594 
0.004741194731618546 0.16478385052377853 0.003714136230893418 0.0013014120424236011 0.001997732719260609 6.558114531611345E-6 0.16147198280190755 0.0 0.166812324056106 2.2028357253092617E-4 
0.0044997528386931905 0.16641007017322118 0.0 0.002111967095727041 3.4505096208809583E-4 0.004825992980538857 0.16538496892609497 0.15978005097546077 2.4125954751464035E-6 0.0014458641689513035 
0.0 0.16764480957227415 0.006499551308196997 0.006994266215705442 0.0 0.005143323775271235 0.3178392732240206 0.002734612014334131 1.567130702748606E-4 6.971127987944893E-4 
0.0 0.16727774494190176 0.0 7.089503446019346E-6 2.144422814216644E-6 0.16762530138335854 2.000069231714128E-6 0.0 0.0 0.16683083756469103 
3.3057138752790575E-4 0.16771436142392668 0.0 0.0 5.70611701044046E-4 0.1668927192642569 8.072096004707423E-4 6.621758093785504E-4 0.1661407024984956 2.893376586577196E-5 
1.1783859646977078E-4 0.1658149602766788 0.0035726788274177274 0.0019906835139281297 0.002676346493098094 0.17220848067927694 0.0 0.15801352305680139 8.304685163680253E-6 0.0 
4.719238967435868E-4 0.16321717112870326 0.0 0.0 9.268406487615155E-4 0.16293397633254494 0.17122018174192383 0.0012890980396082579 0.0013459117249347452 9.027195315803242E-4 
0.0 0.16813909105366495 0.0 8.091265498776047E-4 0.0 0.3333988055080128 0.0 0.0 2.2007567443198618E-5 1.8722540281028288E-5 
4.2755986504589406E-4 0.16813209589936695 0.0 0.0 0.16587172506028786 0.0 0.0 4.833650445636486E-4 1.55536341662743E-4 0.16553692276799253 
4.207174625069224E-4 0.16556256896858582 0.0 0.0 0.16963325975243276 8.039598245935428E-4 0.0 0.0 0.16513863708532053 2.8844097547874397E-5 
4.415045866967597E-4 0.17361566783763027 0.0 0.0 0.17055748783733518 0.0 0.0 0.17291856028071337 1.111419621168001E-5 5.866932070020514E-4 
0.0 0.15958837774226958 0.0015831318424198624 0.0 0.169538202721184 0.004727747087478856 0.16572633670152997 0.0 0.003472906871038549 0.0014923701276206816 
2.538080387873554E-4 0.1654025914819969 0.0 3.2098477338112456E-4 0.16750463700057755 0.16701988480191343 2.9272945972413356E-10 3.746584637995113E-5 7.078082934988027E-4 2.0486539716642473E-4 
4.2311976132475396E-4 0.1663860855609884 0.001062763171530265 0.0 0.3309660924252254 4.279098950484757E-4 0.0 9.817925901288658E-7 2.3186245538399207E-4 7.793876765769084E-4 
3.400533919455052E-4 0.16650713699119293 3.4793182243226666E-4 0.1686551390975154 4.3683264922526345E-6 0.0 0.0 3.7287354274171226E-17 3.5037287606182375E-7 0.16592459205592572 
9.318662805200884E-4 0.16740536747203677 0.002928949190028846 0.16150863863431333 3.952933431778269E-6 5.31780343573091E-5 0.0 7.585067834770413E-4 0.16771848315947763 2.3366166503946745E-4 
0.0011839578619891927 0.1671931212352306 3.7289313030474536E-4 0.1672966027541378 7.548230917848742E-4 0.0 0.001137277665838348 0.16513603795254522 0.0 0.0 
1.7877598735947757E-4 0.16659466600752107 0.0 0.16533709550920417 6.257282349109263E-5 2.519466866899459E-4 0.17075644409885327 5.586436881012337E-17 0.0 2.893739751776543E-5 
0.0014637248025918665 0.16344500841241 6.082183734207716E-4 0.16339541816408984 0.0 0.17081658828519086 0.0 6.394414986224882E-4 5.831810424814E-6 1.6954470756745955E-4 
1.7924958055162932E-4 0.16703598981635737 4.6745637525247703E-4 0.16763277813651264 0.16794873732240678 3.9388664900961073E-4 0.0 1.372854496736052E-7 2.0824601013462126E-4 2.8976789944390955E-5 
0.0 0.16644423102907546 7.960300456635989E-4 0.3293976469250316 1.5353217440726696E-5 2.4591807213611915E-4 0.003749712346079737 0.0 4.986427199999126E-6 9.691769875988133E-4 
0.003203877315777447 0.16547432985358757 0.16772927835764434 1.4075053336783536E-4 0.0 0.0010745269909500862 0.0018791343929293954 3.0220422201218856E-4 6.003210441736691E-4 0.163773011640751 
3.3905542981388885E-4 0.1659354404710971 0.16805115261389808 9.149991661160407E-7 4.348508108331969E-6 7.218972757951628E-4 0.0 0.0 0.16677908146127676 2.8550928928771543E-5 
0.0 0.16790379140451323 0.16503911497848756 0.0 7.34762645665602E-4 3.341817747132778E-6 0.001126741050722223 0.1660741630577047 0.0 5.678045285967925E-4 
0.0 0.1653821309275732 0.16004856406793821 1.3615792116851113E-4 0.0 0.003933897857296344 0.17223994378742918 4.466194663217773E-4 8.871982746811607E-4 8.925762251815728E-4 
0.0020845906394448455 0.16711049128268698 0.167152579406731 0.0 0.0 0.1693216161369433 2.741414185526977E-5 1.1761420523505332E-4 0.0011038092464744928 2.2021526080683295E-4 
0.0 0.16891168404644616 0.1660298115448158 6.524595297566924E-4 0.16663820564018916 0.0 1.0129135949560992E-5 0.0 0.0 2.239338268268553E-5 
3.378852009350233E-4 0.16536272454505177 0.16802390103025602 0.16894423109236384 6.051447258154133E-6 0.0 0.0 4.916156339181548E-4 0.0 2.893652958456659E-5 
4.173512525437957E-4 0.16753689446802605 0.33123814601259777 8.206572794915897E-4 1.0725030166500694E-5 0.0 0.0 7.736618659226885E-9 8.400514776626246E-4 3.828895764851517E-4 
3.974193964336329E-6 0.33419013133850906 0.0 1.8704561954023973E-5 4.284271058678005E-6 0.0 1.9959176374520866E-6 8.443140818786845E-5 0.0 0.16652660039211692 
0.0 0.3352957865957433 0.0 0.0 0.0 1.5247176160068354E-5 0.0 0.0 0.1674333886605624 0.0 
0.0 0.3334649999055882 0.0 0.0 0.0 1.4979911320119853E-5 0.0 0.1673314708915657 2.1940449612858124E-5 1.9390320145174522E-7 
0.0 0.33392707449057907 0.0 0.0 0.0 8.020154122696047E-4 0.16648604135190817 0.0 0.0 1.7436852718846288E-4 
0.0 0.33336143170566845 0.0 0.0 0.0 0.16781831082494084 2.931259071515566E-10 0.0 0.0 2.0483783461273074E-4 
3.57670199143641E-4 0.33329950094116795 0.0 2.618978557222391E-6 0.16674867383563766 3.916515591699485E-4 0.0 4.7801253707072295E-4 3.871712206275648E-6 1.701355445136011E-4 
0.0 0.3336255428290523 0.0 0.16889412969674866 6.536156886867973E-6 6.539635575624927E-4 2.216604653796781E-4 3.428890079645773E-6 1.1690866055998612E-5 2.895093805787856E-5 
6.80650843374893E-4 0.33328067269846967 0.16618340434663076 6.315073132831743E-5 0.0 3.501012424412388E-4 0.0 0.0 2.1672426767308255E-5 0.0 
0.0 0.501133895706007 0.0 0.0 0.0 2.2788466461772755E-5 0.0 0.0 2.195557422195149E-5 0.0 
0.16841651499208646 0.001456406241996747 0.0 8.000975064434006E-4 0.002706673662652849 0.006071780734112042 0.0017863739344434499 0.0032687486499094567 5.073220174774986E-4 0.3167630379412552 
0.16716068555218072 4.0086053025104544E-4 5.6098758081376585E-9 8.06347288803067E-4 6.486847135857258E-4 0.0016576840814920392 0.0 0.0 0.1639447795044043 0.16766235827192505 
0.16725727640637575 8.223024726292397E-5 1.7101372192203119E-4 1.3148419962724862E-6 3.3590369866200924E-4 0.0 0.0 2.1477404498317166E-4 0.33324696779940194 1.6986160355938072E-4 
0.17200953751594822 0.0022347729572568687 0.0 9.035324240679258E-4 0.00883096862719409 0.002383250910385013 9.354027960939591E-4 0.15878657496854834 0.0023982531270835337 0.15592058924239882 
0.1704483107497245 0.0 0.0 0.01171303348407332 1.894317856450438E-4 0.0 0.0 0.14537509150659725 0.17428960218420783 2.8870340374129604E-5 
0.1685359382512224 0.0 0.0 0.0 2.781209009734569E-4 9.604999865173709E-4 5.732779478958834E-4 0.32870171108255825 0.0 0.003955751038946864 
0.16777218393344262 3.8197790323328815E-5 1.1520873899003599E-6 0.0 2.602269783575146E-4 4.0261108953065636E-4 0.1666130071839924 7.036428174765306E-4 4.924003035897696E-4 0.1661511419936196 
0.16397268058447317 0.004313912735084743 0.003678626752165629 0.0 0.0019593219636437373 0.004938484112936879 0.16379298260092104 0.002605396639827187 0.16200358559608138 1.031104593488852E-4 
0.16947044429743516 0.0 0.0 1.7796820874277665E-4 5.230451302007799E-6 0.0 0.16629496748676345 0.16857016472316166 1.0834706714692694E-5 5.71939590439249E-4 
0.16222117071921552 0.005240316384569054 0.0 0.006725857878830351 0.0 0.005659358966391012 0.32324370600076036 6.55410818420862E-4 1.052061379621346E-4 6.985324089647701E-5 
0.16757005532141273 0.0 0.0 7.10189203628621E-6 2.148170097197254E-6 0.16791821910221005 2.003564263264043E-6 0.0 6.999740920528393E-6 0.16714501175423307 
0.16709551048781504 0.0 0.0012803887124700922 0.0 9.172845693549323E-5 0.16674631374587043 3.9468131801314203E-7 5.166725436928287E-4 0.16551988127548034 2.8826370256486886E-5 
0.16700806107298555 0.0 0.0 0.0 9.098328092544276E-5 0.16743698678885272 0.0011296281987341961 0.1664997095392186 4.620321000654938E-4 1.9033105535573728E-5 
0.15868923503005225 0.0 0.010313222097895805 0.0 3.522291277330182E-6 0.16934777845479426 0.16369687468653307 3.7908937906925576E-5 1.062081744705705E-5 5.691844118455182E-4 
0.1664416746166417 0.0011754890566009072 1.1507608683989936E-6 0.0 2.0139334874878114E-4 0.3311718283220055 0.0 5.985045025588616E-4 2.1871041890065684E-5 0.0011617212661930928 
0.16603521296625431 0.0027378080247542104 0.0 3.83899450556805E-4 0.1650448336305662 3.5291809497135334E-4 0.0 4.800936237952663E-4 8.482685433816146E-4 0.1659384519175942 
0.16274134460066408 5.734250629820557E-4 1.1228695224487239E-4 0.0 0.17016497093279087 0.0038922712214810224 2.0269089052404448E-4 0.0 0.16576963774730694 2.9167356308025443E-5 
0.16931259729987852 0.0 0.0 3.410271768187874E-6 0.165911651326074 0.0 0.0 0.1682084102250733 1.0811455246107222E-5 5.707121981553533E-4 
0.1678834030313898 0.0 0.003683705151646823 0.0 0.16717669574700783 1.6548012314367936E-4 0.1674416274850495 1.3817714306248122E-7 0.0 0.0 
0.16399314171451293 0.0 0.0013013050429038103 0.0 0.16681541536551187 0.1687055579852397 0.0017553898269250254 0.0 0.0 1.400161602962849E-6 
0.16765753096785002 1.6765403989106866E-4 1.7151006414660783E-4 0.0 0.33235884388827786 2.2753071616702634E-5 4.981575781698062E-6 0.0 3.980620905772655E-4 0.0 
0.1644231292914972 3.909185212149862E-4 1.1331777985631672E-4 0.16564286536119996 0.0027974713642667376 0.0 0.003090017395613005 5.257590295528246E-4 0.0 0.16449617671686725 
0.16550185572879125 0.0 0.0037473427841645804 0.16334836378351525 0.001773906016598283 2.9585115510573183E-4 0.0 0.0 0.16663004075062937 2.9118040873397916E-5 
0.16508044892184637 0.0 5.899548714349615E-4 0.1676087023539136 3.215920209498829E-4 2.732160763664337E-6 3.279629823729576E-5 0.16741066718397887 6.334938776400712E-4 1.4425120307318637E-5 
0.16875963436241936 5.946307264485028E-4 0.0 0.16373110377172206 0.0016324480537212105 0.0 0.16537078991196752 7.805164483496801E-4 4.806420937564029E-6 1.7686723887726501E-4 
0.16697481150462626 0.0 0.0 0.16240103367452782 3.054150483327697E-5 0.17107314989414815 3.7782383396724813E-4 0.0 0.0 1.7057664110586297E-5 
0.16658595956097297 0.0 4.656972002383631E-4 0.1670019269802203 0.16731669711931835 3.924043383855305E-4 5.18492644596413E-4 1.369101333883082E-7 2.076766991177767E-4 2.8897572072521673E-5 
0.1675252785920219 0.0 0.0 0.3329732938518586 0.0 0.0 4.827797400117343E-5 5.557186382375366E-17 0.0 0.0 
0.16701525363442088 8.21112593611196E-5 0.166479268228912 6.397508839769946E-5 6.853323970760206E-4 7.902177651429843E-4 1.9599999678423153E-10 4.2848230597197876E-4 1.8190813958931173E-4 0.16586114247056655 
0.16867252774743424 0.0 0.1665971518002698 6.581187516764155E-5 4.361630999754193E-6 0.0 0.0 0.0 0.16859802168919175 2.8980895707490665E-5 
0.16678565005930274 8.199837722432968E-5 0.16625040149766074 6.388713889192102E-5 9.7252078785768E-4 7.898124459714287E-4 0.0 0.16614188006997987 2.7165282434926376E-4 6.977478743368733E-4 
0.16878767091034513 1.6780134869641248E-4 0.16345452287037684 0.006436002025746392 0.0 0.0 0.15844803918784262 6.714395677770837E-4 0.0040364445336237825 4.458728569328302E-4 
0.16612095120511672 0.0 0.16654092990586325 0.0 0.0 0.16746614831310935 2.9251078979494674E-10 6.399521414185621E-4 0.0 0.0 
0.16855582719305504 0.0 0.16648188714969078 6.576634147926108E-5 0.1677222389040954 0.0 4.850245006468662E-5 5.583025397974787E-17 0.0 2.8919726246634054E-5 
0.16555021650568671 0.0 0.16588574550045435 0.1677801938280097 6.399447489342068E-6 0.0 2.9813169938949046E-6 7.15671075404395E-4 0.0011192771437434342 9.804907272880386E-5 
0.16779803215169103 9.478854921223843E-4 0.33279947564127355 4.209642773198835E-5 2.2152840019101757E-7 1.9862381209127168E-4 0.0 1.2317225358659952E-6 2.1967245142687852E-5 5.749892790696532E-4 
0.16743813195021634 0.168565072148255 0.0010247803705130372 2.645437115862154E-6 1.8737625703417655E-4 0.0 0.0 8.914118979383834E-4 0.0 0.167038366564164 
0.16429819679373814 0.1705527013584282 0.0 0.0 0.0 2.6226791024347066E-4 1.4762374283059878E-4 4.0638060812386487E-4 0.16686645217726495 2.8900138758635703E-5 
0.1657131349056976 0.16682846503326826 0.001014222780734495 0.0 7.42205226466251E-6 0.002027238331752595 0.0011331887678759872 0.1670245138319645 0.0 1.26384932328507E-4 
0.15748979615257735 0.1684589733620564 0.0 6.251217643038622E-5 0.0032335446887213535 0.0 0.1721061644161661 1.439536385928804E-4 8.274362386419108E-6 9.281453505951241E-4 
0.17509545551855132 0.16470129861349808 0.0 0.0 0.0 0.17105793255827512 2.9878450933116084E-10 0.0 0.0028285366393759645 0.0014384201626977114 
0.16609457710671752 0.16713430382779335 0.0 9.645327825718318E-4 0.1672667423841246 0.0 4.8370728133481324E-5 0.0 0.0 6.988683016374584E-8 
0.16725019611574365 0.16616682279231038 0.0 0.1687885668376842 0.0 7.503673352815906E-5 0.0 0.0 4.900242399291201E-7 6.381870986823502E-4 
0.166067182991881 0.16936827111522965 0.16518845608527696 0.0 0.0011677874023074176 0.0 0.0 0.0 4.628097607752351E-4 0.0 
0.16400307932691524 0.3362765514722324 2.78522483612442E-4 0.0 1.1699381224729521E-5 4.3818517885228233E-4 3.794240880372874E-4 0.0013041311493178955 0.0 2.8909223462406677E-5 
0.33261284420876525 0.0 3.9093150832372234E-5 4.200226844483407E-5 1.8697745692834874E-4 7.5685093395517815E-6 1.8976813145060633E-6 4.2595875651200505E-4 0.0 0.16699579194457292 
0.33356630030382595 0.0 0.0 0.0 2.1132579724555226E-4 0.0 0.0 4.2709405170116796E-4 0.16716981236183076 1.6988364542308516E-4 
0.33454586520615 0.0 0.0 4.22414050825385E-5 6.717639570873484E-6 0.0 0.0 0.16789087046644083 1.375236762020847E-5 5.696381784874284E-4 
0.32858210129152676 0.0 0.007209763189278587 0.0 7.84835290157476E-6 1.1869934610840915E-7 0.16590537039485664 0.001304957605220726 0.0013111169728294667 2.884531231519683E-5 
0.33246826476091906 0.0 4.224057192920643E-5 0.0 7.293505147747155E-10 0.16738994422177966 2.9237768516953444E-10 3.5956523910029393E-4 0.0 0.0 
0.3335508997183039 0.0 0.0 0.0 0.16694515847761793 0.0 4.8277731477409594E-5 5.557158465923077E-17 0.0 0.0 
0.329967781929173 0.0 0.0 0.1670369686921581 9.283482714722824E-4 2.4324586772105612E-4 0.0014303982995972676 0.001025344313820173 0.001189008774856345 1.9610403782326297E-4 
0.33200903292927714 0.0027541526832233934 0.15915723994063033 0.0 0.0012609365894563202 0.002525725682705148 0.002270820588486216 9.89181606340485E-4 0.0012361687612399172 5.211393100872748E-5 
0.3338691975784798 0.16626401307570335 1.9462348988284226E-5 0.0 0.0 2.023911496083697E-5 0.0 4.568161175820271E-8 3.1418006688879557E-6 5.55307022143584E-17 
0.5008376955047276 0.0 0.0 2.1226317759187662E-5 6.420506092027044E-6 0.0 2.9911275861619654E-6 0.0 2.326061458962952E-4 0.0 
0.021116443199018446 0.029001670706082013 1.401070377620265E-4 0.0498253689361872 0.05012865153803802 0.0 0.007642159811416272 0.036949255500639606 1.7620969270913796E-6 0.3081380210165025 
0.0 0.019034431886567508 0.0373263616919059 0.0 0.02706965934570469 0.016828382748681626 0.014757581906192776 0.050966674706066833 0.17078948186478107 0.1677563826385406 
0.05595349136596752 0.044660147120440426 0.008053375465530276 0.04464751555411039 8.81456612743307E-4 0.0605677292144012 0.015995615301676563 4.169705273017234E-4 0.2626052245258639 0.021089475467034907 
0.022323959960493554 0.009764837547800689 0.04285666091253634 0.030869890291907183 0.006187752619319471 0.05267128134041657 0.008764057111100117 0.16585986425164384 1.4329903909961391E-5 0.16682100914662065 
0.02993334956085747 0.018817820358822727 0.04805030168991788 0.06413692131851999 0.005759426931324525 0.0057519127217752 0.0049496458555908195 0.1330153343117413 0.15889419704721439 0.033931499727522005 
0.04668615824909842 0.05754204158811311 0.0 0.01768412404905467 0.008879393627770536 0.061506933899573873 0.060931682679856956 0.24201609033302607 0.006172442679129943 0.0010283808465739387 
0.039472039552763086 0.0 0.035564603433985514 0.0017220441641644625 0.02514587365416539 0.05130002943701344 0.15205587418623298 0.0 0.030447412042381265 0.1672453210616787 
0.021608278513909875 0.029665651114345187 0.052804940936542505 0.052688742339099176 0.017531341078536856 0.0 0.16255886454227805 1.0441156257623087E-4 0.1654045530283519 0.00149267076049183 
0.04840905259490731 0.03553234647364688 0.04763199802605262 0.03694126951719289 0.012273640672247529 0.002426243047479634 0.1602393847448019 0.15882454676134866 0.0 0.0020289889453607014 
0.012207840399858155 0.02735196035852452 0.03485780844868409 0.045984731682596036 0.0067952867007261344 0.003607947164286211 0.30914364469626987 0.048612164397357716 0.024046421953245953 0.0015311247418349518 
0.07381592365085571 0.028218451178930463 0.05738846407467196 0.0 0.024548215565721457 0.16467148900063638 0.005136642001895846 0.006423738133314049 0.005828056392894103 0.16338145902473727 
0.0351172116512125 0.04858057526631994 0.04749376190388466 0.03683405969905289 9.518051970177997E-4 0.16727873321112793 2.0139485201983422E-4 0.0012648928543752224 0.16349060281855524 2.1213870867514548E-5 
0.024350762516483573 0.03546685679400201 0.06032229513168893 0.033529565695851436 0.01718487651727338 0.14748572628642279 0.0032199992402242136 0.14647847824327073 0.04516466797615946 4.5424976512332046E-7 
0.04881236763190681 0.03606527131689662 0.07628048503523047 0.0 0.00529770353062024 0.14595495990734927 0.14782167653799583 2.8343817512615507E-4 0.0434538827737162 0.0 
0.0668398541698472 0.025551629897904833 0.051964892939981834 0.0 0.022228254655508532 0.3033446570884498 0.006923591419717375 0.008617245670062917 0.013619607768516718 0.027209385496287427 
0.016593651301099414 0.02523234244845672 0.03463594884442593 0.05358392704725132 0.1457976093645486 0.01548110971156319 0.006231658467446952 0.02062697927659356 0.004617090427551248 0.20472558331013993 
0.05524311943886038 0.02577500461363153 0.01553883061050559 0.061292602816962284 0.15930202140986463 0.0018352556745720714 0.0 0.002433026237519375 0.17174433521655902 0.02909391451674774 
0.07863310730623771 0.0053179618830848955 0.03852210429405066 0.022707376723102093 0.15642496237806092 0.005198659022767678 0.01997380018650061 0.14874104201460284 0.008732679391399774 0.023422395104480843 
0.002216200959275586 0.028394388279364188 0.05005653117795107 0.07158134785757204 0.1585255019266848 0.018792648947621258 0.17753236825252117 0.0012795244963463219 4.411170983217442E-4 2.9478057507835345E-5 
0.058121522699287276 0.003076637416668928 0.04639483755031279 0.04872019962275102 0.17891716224404006 0.16499727707187714 0.002480098952184086 0.0 0.0010259621339923297 0.0025475188719841445 
0.06977666700202666 0.03255598040388592 0.05811152870124738 0.0 0.2620320627903088 0.019991487090072372 0.007775373404264231 0.03534743408584272 0.0 0.02864711101332947 
0.04740257130963889 0.041754037137207295 0.06731357953844418 0.15648869682420544 0.001385986506223212 0.002012437491923451 0.025099916651238664 2.1760748998138658E-4 0.0 0.16748202711648882 
0.0509781779824058 0.02326978173951166 0.06273440148124944 0.13104434894631492 0.02075184672290967 0.0 3.029108545707483E-4 0.04536424108888612 0.16814847491369633 2.890362156105798E-5 
0.0027786221076383324 0.005148821228189809 0.04049581568791386 0.20314443649767105 0.014198018103946575 0.0 0.01516415672967169 0.19908502107097714 0.03832304652517065 0.03568432477656958 
0.0465861388552154 0.0 0.0 0.18501506708856877 0.005011543229405533 0.005879111882303331 0.21962116121636754 0.021537783683021935 0.019845662603686476 0.021276167521370373 
0.02540775868572925 0.03540972106429008 0.046106240577744165 0.21541378941022396 0.01244395135152627 0.1643834667034219 1.7897507172483655E-5 5.897126562801002E-4 0.0012653651682792474 4.390179649818256E-4 
0.010501078557070291 0.004609133988942592 0.010623593964544409 0.1919941015722097 0.1832330025531152 0.012351067574796409 0.008964620507193505 0.0196811204169816 0.04767936912989908 0.02107147486428323 
0.032361200486259865 0.014203979931545183 0.0353812112711342 0.3254469575835623 0.0366763886917778 0.011088481453857112 0.004254184238328854 0.021411915471685302 0.019729683258203238 0.021151828211930443 
0.03514837842016244 0.024428014471108025 0.15566013765421433 0.04057907915098211 0.01980640779714853 0.014740896091686034 6.985930207151883E-4 0.038045902656467345 0.013044755050322132 0.17831528909348593 
0.03961571004265908 0.06881038159544829 0.1738766987516395 0.0 0.0159326503366848 0.008701926479231268 0.03169756898947722 0.0 0.18559101681736367 0.010597702385382551 
0.013659953134121772 0.0307124128034999 0.1978210683800298 0.021903316363128308 0.014905134936293968 0.016275764863575497 0.02510565508210451 0.1456987737429488 0.03721068976989017 0.03464855900839745 
0.06962901261624943 0.06747970195637054 0.15347440099346832 0.04401849978270686 0.005918070330517154 0.009668854309977612 0.15036308414701968 0.003689964134457306 8.31968034365785E-6 0.0011357710026292812 
0.05733316598754394 0.08300393819028022 0.13576792806821367 0.0 0.004390304570352622 0.13324601170265443 0.006095759764619353 0.0061508348930554655 0.036685512486813794 0.05327088185701243 
0.011448972035974688 0.0016520725354456512 0.1309558788941198 0.0128576986558729 0.16906785259458884 0.05834221996257395 0.06989465590138695 0.014333700389022336 0.002640264075122814 0.03892328187372283 
0.0438451327547461 0.026811182693302123 0.11919883839089557 0.16847121527723716 0.005552418071020331 0.01721866795488486 0.02481049843851175 0.054377616557670434 0.0025916864996929183 0.050443503823515916 
0.028853742601086235 0.0016418714717916765 0.3048291242395686 0.03018377629209377 0.020267290647330315 0.05187602215270402 0.02512780688229988 0.01214783621519955 0.04612439356394999 0.0 
0.0032978034224504867 0.20011683592664484 0.01815786217835151 0.04155857113494569 0.0061411758176280196 0.0356083043176878 0.0057734993010177624 0.04127548909184133 0.005197207621988265 0.1590731929447443 
0.012245433128339731 0.1554811307610086 0.009915500628061942 0.0 0.014618539311721706 0.05112694492404608 0.004611103323793157 0.06480370570854453 0.14654154565961905 0.05061939186892898 
0.038892056557281944 0.15236216683999562 0.04061338198818907 0.02087123057356197 0.0 0.007770097319409226 0.01695985211948814 0.18660528367189852 0.05006532952090593 2.6955928030738637E-6 
0.005044689695203594 0.1753320501960256 0.03236326508926997 0.0015981511919622427 0.03386195410299925 0.0 0.22700948873453825 0.0 0.01134737009760589 0.01856422803776986 
0.003720168733402932 0.19679253676603398 0.0 0.0 0.013002288897472465 0.18628944918052978 0.009343324704193 0.05481163959165312 0.006892364730016766 0.05131255176402208 
0.019284844759055512 0.20436703921379235 0.024786557977863704 0.00852390578680521 0.18919525724667471 0.01172409479295096 0.011314529059395563 0.03683539579957715 0.00543490330965416 0.0 
0.002350822718285875 0.18845289426986717 0.011279753974335921 0.17932222145190613 0.0059100419100473044 0.018327699381948327 0.020637412221473143 0.033466218857871266 0.0025886543884499932 0.05038448807639761 
0.002023240301767466 0.18524509531782066 0.18657562611004078 7.169776933926394E-5 7.680615276500083E-4 0.0028824133803996067 0.015822769544895667 0.05270049721479982 0.006682073411686894 0.049342194462015355 
0.02136950856225852 0.2713301620485425 0.01730354274526 0.02518882628138592 0.02758365830597493 0.0028808897891579198 0.006927553671903057 0.028881197105776767 0.06282812877004133 0.050597839829286985 
0.16535031096968222 0.04950854293517621 0.01270182284449451 0.018312768231226236 5.539795289811729E-4 0.0019569399357858763 0.004705770588263224 0.019869459138767573 0.043707592313594855 0.19036527345787352 
0.16783422059787634 0.049253640172696816 0.04609922885812515 0.023690409112965223 0.04456912339762987 7.834121651902262E-4 0.021727216340190317 0.0011564181032907347 0.1609833101326934 1.105792452613411E-6 
0.18456046201810453 0.016023315872288946 0.04259453959965511 0.021889348132043063 0.0 0.008149129714462073 0.002770907416726228 0.18560921542353923 0.04457754484047299 2.653833266521019E-6 
0.17909398705487878 0.0 0.009736889969406592 0.017077351622857177 0.030486923487326845 0.006065732047739504 0.2220324246964945 3.965427345482747E-4 0.0386813893631857 0.027453708417250228 
0.19825570110623084 0.058401905563907355 0.0020366085701370297 0.019160699047809024 0.043167379860262964 0.16307328217778824 0.0316589357677622 0.0 0.0 6.020317248863257E-6 
0.18094376252913733 0.016841679669497116 0.05680541566044407 0.03587237808274015 0.14820182574305635 0.01801667677207354 0.024304841909707695 0.03192013864074291 0.008175976871505392 0.0 
0.1764576883435457 0.024273498209289243 0.011866636746039327 0.18865231168199048 0.006217539909112134 3.189101737426277E-4 0.020746446645154255 0.03364303220281949 0.0 0.05036708914238548 
0.15253207493757767 0.011891249489349654 0.17574738447214036 0.030005499391672952 0.01866431483182196 0.022225176451031104 0.026986143786609032 0.0022088571100087723 0.00336935854629652 0.061019654944816384 
0.20607828544689782 0.1995286047168766 0.005251794536705188 0.0 0.039066435549579136 0.014861741792707946 0.009373917488090378 0.02885866527372776 0.007719047071455633 0.001222835770007951 
0.31349631862406135 0.02443986250286675 0.0 0.02980839799536341 0.01854171188939155 0.02207918276985478 0.02680887606138574 0.003208016247928267 0.006293645486304642 0.061174445319959865 
