0.0 0.0 0.0 0.0 0.0 0.0 0.0 0.0 0.0 0.0 0.0 0.0 0.0 0.0 0.5000070134507979 
0.0010561814037007458 0.0010561814037007458 7.458650261133812E-5 5.417175262702216E-4 7.355164789973837E-4 0.001649925671787769 6.337450056222453E-4 5.329820762738581E-5 0.0010006336491558197 0.0 0.0022462870829255467 0.0017816126733781511 7.92930542134763E-4 0.24534430925437137 0.24379066187009849 
0.0 0.0 0.0 0.0 0.0 0.0 0.0 0.0 0.0 0.0 0.0 0.0 0.0 0.5000321205345433 0.0 
0.0 0.0 0.0 0.0 0.0 0.0 0.0 0.0 0.0 0.0 0.0 0.0 0.2500100252663948 0.0 0.2500100252663948 
0.0 0.0 0.0 0.0 0.0 0.0 0.0 0.0 0.0 0.0 0.0 0.0 0.250035457053894 0.25010622417894074 0.0 
0.0 0.0 0.0 0.0 0.0 0.0 0.0 0.0 0.0 0.0 0.0 0.0 0.5000072411389773 0.0 0.0 
0.0 0.0 0.0 0.0 0.0 0.0 0.0 0.0 0.0 0.0 0.0 0.2501044564916551 0.0 3.848614858749584E-5 0.249893237170638 
0.0 0.0 0.0 0.0 0.0 0.0 0.0 0.0 0.0 0.0 0.0 0.2501074462289501 0.0 0.2500095871900059 0.0 
0.0 0.0 0.0 0.0 0.0 0.0 0.0 0.0 0.0 0.0 0.0 0.2500818424073401 0.2500818424073401 0.0 0.0 
0.0 0.0 0.0 0.0 0.0 0.0 0.0 0.0 0.0 0.0 0.0 0.5000364750067927 0.0 0.0 0.0 
0.0 0.0 0.0 0.0 0.0 0.0 0.0 0.0 0.0 8.429104052901222E-6 0.2500610427562338 0.0 0.0 0.0 0.2500694718602867 
0.0 0.0 0.0 0.0 0.0 0.0 0.0 0.0 8.365243549230964E-6 6.295324657805933E-8 0.25003412771839595 0.0 0.0 0.25004255591519176 0.0 
0.0 0.0 0.0 0.0 0.0 0.0 0.0 0.0 0.0 0.0 0.2502017614863585 7.238061467016207E-5 0.2499421263747214 0.0 0.0 
6.797805939098015E-5 1.3430032788396036E-4 1.979191649843299E-4 1.2192022288734013E-4 1.2634369276455225E-4 0.0 8.307680243383585E-5 1.8333087898124233E-6 7.974708550589431E-5 0.0 0.2497276502150996 0.24977902255363824 0.0 0.0 0.0 
0.0 0.0 0.0 0.0 0.0 0.0 0.0 0.0 0.0 0.0 0.500011413484291 0.0 0.0 0.0 0.0 
0.0 0.0 0.0 0.0 0.0 0.0 0.0 0.0 0.0 0.2500100252663948 0.0 0.0 0.0 0.0 0.2500100252663948 
0.0 0.0 0.0 0.0 0.0 0.0 0.0 0.0 0.0 0.25011512346922427 0.0 0.0 0.0 0.25011512346922427 0.0 
0.0 0.0 0.0 0.0 0.0 0.0 0.0 0.0 0.0 0.250021434295272 0.0 0.0 0.250021434295272 0.0 0.0 
0.0 0.0 0.0 0.0 0.0 0.0 0.0 0.0 0.0 0.25002767166200623 0.0 0.25002767166200623 0.0 0.0 0.0 
0.0 0.0 0.0 0.0 0.0 0.0 0.0 0.0 0.0 0.25001982546598683 0.25000297117285647 0.0 0.0 0.0 0.0 
0.0 0.0 0.0 0.0 0.0 0.0 0.0 0.0 0.0 0.5000119890586792 0.0 0.0 0.0 0.0 0.0 
0.0 0.0 0.0 0.0 0.0 0.0 0.0 0.0 0.2500604418491035 0.0 0.0 0.0 0.0 0.0 0.2500604418491035 
0.0 0.0 0.0 0.0 0.0 0.0 0.0 0.0 0.2500051546100353 0.0 1.349037330395239E-4 0.0 0.0 0.24995427306707493 0.0 
0.0 0.0 0.0 0.0 0.0 0.0 0.0 0.0 0.2500592827968937 0.0 0.0 0.0 0.2500592827968937 0.0 0.0 
0.0 0.0 0.0 0.0 0.0 0.0 0.0 0.0 0.24241942252627594 0.0 4.6047251419686944E-5 0.257658859209632 0.0 0.0 0.0 
0.0 0.0 0.0 0.0 0.0 0.0 0.0 0.0 0.250227861311064 0.0 0.250227861311064 0.0 0.0 0.0 0.0 
0.0 0.0 0.0 0.0 0.0 0.0 0.0 0.0 0.25009253069408466 0.25009253069408466 0.0 0.0 0.0 0.0 0.0 
0.0 0.0 0.0 0.0 0.0 0.0 0.0 0.0 0.5000232320452209 0.0 0.0 0.0 0.0 0.0 0.0 
6.994382691675775E-4 7.564607561688196E-4 0.0 0.0014558990253363971 8.72038833150835E-4 0.0 0.0 0.24874325608690753 3.978264630057144E-4 0.0 0.0 8.918976046702887E-4 4.212436006172929E-5 1.1055875694008153E-4 0.24762578992036416 
0.0 0.0 0.0 0.0 0.0 0.0 0.0 0.2500602307249409 0.0 0.0 0.0 0.0 0.0 0.2500602307249409 0.0 
0.0 0.0 0.0 0.0 0.0 0.0 0.0 0.25002060582402486 0.0 0.0 0.0 0.0 0.25002060582402486 0.0 0.0 
0.0 0.0 0.0 7.30120215812634E-5 1.1475058033734536E-4 0.0 0.0 0.24957377371752443 0.0 0.0 0.0 0.25034345612471026 0.0 2.1750945756069874E-5 3.801109046014453E-5 
0.0 0.0 0.0 0.0 1.1099274417262377E-5 1.7679293913996962E-4 0.0 0.24974605331654134 0.0 4.581259916212561E-4 0.24924925304726037 0.0 2.781152760385191E-4 0.0 1.2485476096438754E-4 
0.0 0.0 0.0 0.0 0.0 0.0 0.0 0.25005535788316635 0.0 0.25005535788316635 0.0 0.0 0.0 0.0 0.0 
0.0 0.0 0.0 0.0 0.0 0.0 0.0 0.22013748183517476 0.26907208121254317 0.0 0.007334437132107219 0.0036813569222209326 0.0 0.0 0.0 
0.0 0.0 0.0 0.0 0.0 0.0 0.0 0.5000128378072617 0.0 0.0 0.0 0.0 0.0 0.0 0.0 
0.0 0.0 0.0 0.0 0.0 0.0 0.250186769855299 0.0 4.295091260574444E-4 8.219458749340177E-4 7.68865919091316E-4 3.6475091255419514E-5 1.3347142669724793E-4 0.0 0.24828245367188137 
0.0 0.0 0.0 0.0 0.0 0.0 0.25007323669792836 0.0 0.0 0.0 0.0 0.0 0.0 0.25007323669792836 0.0 
0.0 0.0 0.0 0.0 0.0 0.0 0.25039655547739204 0.0 0.0 0.0 0.0 0.0 0.25006437735649734 0.0 6.248719627352346E-5 
0.0 0.0 0.0 0.0 0.0 0.0 0.2501261428303097 0.0 0.0 0.0 0.0 0.2501261428303097 0.0 2.175735194439032E-5 3.802228566087207E-5 
0.0 0.0 0.0 0.0 0.0 0.0 0.25001068269674903 0.0 4.2920682773198756E-4 8.213673706682539E-4 0.24855273637869826 0.0 2.644701225036582E-4 1.0887151794104638E-4 0.0 
0.0 0.0 0.0 0.0 0.0 0.0 0.25006410337130686 0.0 0.0 0.25006410337130686 0.0 0.0 0.0 1.078197409440294E-4 0.0 
0.0 0.0 0.0 0.0 0.0 0.0 0.2501495499839299 0.0 0.2501495499839299 0.0 0.0 0.0 0.0 0.0 0.0 
0.0 0.0 0.0 0.0 0.0 0.0 0.2501104757497148 0.2501104757497148 0.0 0.0 0.0 0.0 0.0 7.078835746508238E-5 0.0 
0.0 0.0 0.0 0.0 0.0 0.0 0.5000083564229314 0.0 0.0 0.0 0.0 0.0 0.0 0.0 0.0 
0.0 0.0 0.0 0.0 0.0 0.24977954177766726 0.0 0.0 0.0 0.0 0.0 0.0 0.0 0.0 0.2503252420292529 
0.0 0.0 0.0 0.0 0.0 0.2500871220704468 0.0 0.0 0.0 0.0 0.0 0.0 0.0 0.2500871220704468 0.0 
0.0 0.0 0.0 0.0 0.0 0.2287272284961414 0.0 0.0 0.019344854687630437 0.0 0.0 0.0 0.24807208318377186 0.003922398429952512 0.0 
0.0 0.0 0.0 0.0 0.0 0.2503714387176712 0.0 9.414594128392036E-5 0.0 0.0 7.827268988100987E-5 0.24978210163252584 0.0 0.0 0.0 
0.0 0.0 0.0 0.0 0.0 0.25024987186495457 0.0 0.0 0.0 0.0 0.2502330020639763 0.0 0.0 0.0 0.0 
0.0 0.0 0.0 0.0 0.0 0.25013452503613287 0.0 0.0 0.0 0.25013452503613287 0.0 0.0 0.0 0.0 0.0 
0.0 0.0 0.0 0.0 0.0 0.25005610716653504 0.0 0.0 0.25005610716653504 0.0 0.0 0.0 0.0 0.0 0.0 
0.0 0.0 0.0 0.0 0.0 0.25040145279027776 0.0 0.25015280979395144 0.0 0.0 0.0 0.0 0.0 0.0 0.0 
0.0 0.0 0.0 0.0 0.0 0.2501036553094913 0.2501036553094913 0.0 0.0 0.0 0.0 0.0 0.0 0.0 0.0 
0.0 0.0 0.0 0.0 0.0 0.500064670104738 0.0 0.0 0.0 0.0 0.0 0.0 0.0 0.0 0.0 
0.0 0.0 0.0 0.0 0.2518177547462267 0.0 0.0 0.0 0.0 0.0 7.292699080164093E-4 0.0 0.0 0.0 0.24844968314534005 
0.0 0.0 0.0 0.0 0.250100120914559 0.0 0.0 0.0 0.0 0.0 0.0 0.0 0.0 0.250100120914559 0.0 
0.0 0.0 0.0 0.0 0.2498419815019052 0.0 0.0 7.580694447088183E-4 0.0 0.0 0.0 1.4503362748252759E-4 0.25120131376027716 0.0 0.0 
0.0 0.0 0.0 0.0 0.2503789562565866 0.0 0.0 9.414876806712277E-5 0.0 0.0 0.0 0.24971156442432335 0.0 0.0 0.0 
0.0 0.0 0.0 0.0 0.2509969050502001 4.796790656199856E-5 0.0 0.0 0.0 0.0 0.2510956499830687 0.0 0.0 0.0 0.0 
0.0 0.0 0.0 0.0 0.2500874125125391 0.0 0.0 9.403914030626724E-5 0.0 0.24986439579521336 1.5946897848254182E-5 0.0 0.0 0.0 0.0 
0.0 0.0 0.0 0.0 0.24769887396447565 0.0021346323378005376 0.0 0.0 0.2498335063022762 0.0 8.537415066390844E-4 0.0 0.0 1.0037176709475071E-4 0.0 
0.0 0.0 0.0 0.0 0.25001695921427897 0.0 0.0 0.25001695921427897 0.0 0.0 0.0 0.0 0.0 7.07618896335392E-5 0.0 
0.0 0.0 0.0 0.0 0.25016505905139075 0.0 0.25016505905139075 0.0 0.0 0.0 0.0 0.0 0.0 0.0 7.60588757586793E-5 
0.0 0.0 0.003373878753448181 1.7084904016925512E-4 0.23874646138715158 0.242291189180769 0.0 0.0 0.0 0.0 0.0 0.0 0.0 3.428521288843872E-5 0.016027819635661807 
0.0 0.0 0.0 0.0 0.5002057518175391 0.0 0.0 0.0 0.0 0.0 0.0 0.0 0.0 0.0 0.0 
0.0 0.0 0.0 0.2503181299274997 0.0 0.0 0.0 0.0 0.0 0.0 0.0 0.0 0.0 0.0 0.2501931585640451 
0.0 0.0 0.0 0.25001737915747313 0.0 0.0 0.0 0.0 0.0 0.0 0.0 1.807789642086084E-5 0.0 0.25010622417894074 0.0 
0.0 0.0 0.0 0.24561679269151618 0.0034732939548995125 0.0 4.0405512903470394E-4 0.002766945000181349 0.0 0.003167044680643845 4.280198817073773E-4 0.0030407217997723552 0.2415473365311929 0.0 5.470203872649517E-4 
0.0 0.0 0.0 0.25038445500943635 0.0 0.0 0.0 9.415083573612517E-5 0.0 0.0 7.827675911579939E-5 0.24979508728587835 0.0 0.0 0.0 
0.0 0.0 0.0 0.2501984756680067 0.0 4.781531907892284E-5 0.0 0.0 0.0 0.0 0.25029690649000713 0.0 0.0 0.0 3.5266414601421166E-4 
0.0 0.0 0.0 0.24990037728368 0.0 0.0 0.0 0.0 0.0 0.24990037728368 1.8990906884229258E-4 1.446417936801924E-4 0.0 0.0 0.0 
0.0 0.0 0.0 0.24999338544904987 0.0 0.0 0.0 0.0 0.24999338544904987 0.0 1.8997974938416337E-4 1.4469562660358463E-4 0.0 0.0 0.0 
0.0 0.0 0.0 0.25001230541973235 0.0 1.5367024522737954E-4 0.0 0.25016597566495974 0.0 0.0 0.0 0.0 0.0 7.080406551500657E-5 0.0 
0.0 0.0 0.0 0.24973154353360008 0.0 0.0 0.24973154353360008 2.2186710874763164E-4 0.0 0.0 0.0 0.0 1.6588658786247348E-4 1.2234324756734975E-4 7.600461557179494E-5 
0.0 0.0 0.0 0.2510511493666682 0.0 0.2510511493666682 0.0 0.0 0.0 0.0 0.0 0.0 0.0 1.3032674626701484E-4 0.0 
0.0 0.0 0.0 0.24965082642982983 0.2500602517527409 0.0 0.0 0.0 0.0 0.0 0.0 0.0 3.3190070632155234E-4 0.0 0.0 
0.0 0.0 0.0 0.5006082091923432 0.0 0.0 0.0 0.0 0.0 0.0 0.0 0.0 0.0 0.0 0.0 
0.0 0.0 0.2506650136711791 0.0 0.0 0.0 0.0 1.8858357781669193E-4 0.0 0.0 2.77772832173423E-4 0.00145939362131148 0.0 1.3116004162593229E-4 0.24862174465950163 
0.0 0.0 0.2498009300402125 0.0 0.0 0.0 0.0 1.879334991309034E-4 0.0 0.0 0.0 0.0 0.0 0.2503965321664053 0.0 
0.0 0.0 0.2499788492122713 4.066926799897412E-4 0.0 0.0 0.0 0.0 0.0 0.0 0.0 3.621165234284267E-5 0.2500895419957469 0.0 0.0 
0.0 0.0 0.25075048737802796 0.0 0.0 0.0 0.0 1.8864788251247194E-4 0.0 0.0 9.534923082433367E-5 0.2502712370680362 0.0 4.025779292860734E-5 0.0 
0.0 0.0 0.25098363276483815 0.0 0.0 4.796537010146341E-5 0.0 0.0 0.0 0.0 0.25108237247624426 0.0 0.0 0.0 0.0 
0.0 0.0 0.2498445502759024 0.0 1.0239377587066254E-4 0.0 0.0 0.0 0.0 0.24994694405177306 1.8994445675032086E-4 1.446687464240661E-4 0.0 0.0 0.0 
0.0 0.0 0.19679236777221956 0.0 0.0 0.0 0.0 0.0011736454262242166 0.2945793606826964 0.0 0.0 0.007375556059715825 0.0 3.4759545250346907E-4 3.8021866305727655E-5 
0.0 0.0 0.2505172642712403 0.0 0.0 2.4294320419831047E-5 0.0 0.25054155859166016 0.0 0.0 0.0 0.0 0.0 0.0 0.0 
0.0 0.0 0.25016577308867605 0.0 0.0 0.0 0.25016577308867605 0.0 0.0 0.0 0.0 0.0 0.0 0.0 7.605909285083986E-5 
0.0 0.0 0.25029814455784205 0.0 0.0 0.25029814455784205 0.0 0.0 0.0 0.0 0.0 0.0 0.0 0.0 0.0 
0.0018115869598081342 0.003579047782067487 0.24322576612868918 0.0 0.24902412974398003 0.0 0.0 2.2116589392955508E-4 0.0 0.0 0.0 0.0028206520641447983 8.81107568718729E-5 0.0 0.0 
0.0 0.0 0.2494792543374586 0.2494792543374586 2.0448813331970113E-4 0.0 0.0 5.004381150307487E-4 0.0 0.0 1.8985689155863502E-4 1.446020535248454E-4 8.298146496821622E-5 5.443009656311102E-5 0.0 
0.0 0.0 0.5013857429165487 0.0 0.0 0.0 0.0 0.0 0.0 0.0 0.0 0.0 0.0 0.0 0.0 
0.0 0.24862374435273402 0.003470414034562245 0.0 0.0 0.0 0.0 1.2145418514515883E-4 0.0 0.0 2.792810060964047E-4 0.0 0.0 1.3111026019583277E-4 0.2485273809657306 
0.024103351232044917 0.22724335499694878 0.0 0.0 0.0 0.0 0.0 0.0 0.0 0.0 0.0 0.0 6.782515684774623E-5 0.2487052744604689 0.0 
0.0028532608877292775 0.20265286552188777 0.0 0.0 0.04474594757273455 4.207550126347278E-5 0.0 0.0 0.0 0.0 0.0 0.0 0.25029414948361506 0.0 0.0 
0.03281327986794716 0.2226863836372503 0.021946918411526045 0.0027788258656751834 0.0 0.0 0.0 0.010129624640315282 0.032703718192363465 0.016034926993815254 0.005083836147485258 0.11669948658595865 0.021935137527732382 0.00973515793288652 0.01781128152516232 
5.651460845053066E-8 0.21616201791007217 0.0 0.0027831874286061787 0.003312368387915048 0.0 0.028140174463782596 0.0 0.0 0.0 0.25038092493158315 0.0 0.0 2.0382165935734956E-4 0.0 
0.0 0.2490263227612705 0.0 0.0 0.0 0.0 0.0 0.0 0.0 0.2514565125350078 0.0 0.0 0.0 0.0 0.0 
0.0 0.20022241900409302 0.0 0.0 0.0 0.0 0.0 0.0 0.3003055971530156 0.0 0.0 0.0 0.0 0.0 0.0 
0.0 0.17948418664604726 0.015417338506200343 0.0019520781103555644 0.007639949113958002 0.0180642447561705 0.006419721870618919 0.22863350191720977 0.0 0.0 0.0 0.0 0.006508544005778712 0.012322116430672912 0.034550937220875495 
0.006076124398454646 0.19908986058029787 0.0 0.0261952293459578 0.0 0.0 0.23136121432471032 0.011994405055435517 0.02497920498248298 0.0 0.0 3.613130119092432E-5 5.60148230167508E-4 0.0 0.0 
0.023631554000237722 0.18405218740364881 0.01783962477860113 0.0022587777399619784 0.008840295325020207 0.15780653675479644 0.0 0.0 0.04289034668123262 0.01893298408743461 0.0 0.0 0.006489219185287435 0.012285530262109871 0.034448350427422766 
0.02314224130169021 0.20479324889274528 0.0 0.0022829368863796795 0.23059598342699503 0.0 0.0 2.0479929741599315E-4 0.0 0.019959029730687392 0.0 0.0 0.006840893017707514 0.012951326775869895 0.0 
0.012344285056390871 0.15163711647798916 0.04370386326081661 0.14313593026606194 0.013615478883515698 0.0 0.004594070791087241 0.01348875190073879 0.04249158756595949 0.0 0.003080363256988286 0.0015810652704516572 0.04737975343480058 0.012665472458873788 0.017135526732513992 
0.05280615796233407 0.23614749846962158 0.20115133046691666 0.0 0.0 0.0 0.0 0.0 0.0 0.0 0.011087761764431107 0.0 0.0 0.0 0.0 
0.0 0.5003010207501042 0.0 0.0 0.0 0.0 0.0 0.0 0.0 0.0 0.0 0.0 0.0 0.0 0.0 
0.19067137899051614 0.0 0.0 0.06035237574345856 0.0 0.0 0.0 1.8885347057971032E-4 0.0 0.0 2.7817036878840655E-4 0.0014614822431381908 0.0 1.313477522762543E-4 0.24897756148294645 
0.2514238381366519 0.0 0.0 0.0 0.0 0.0 0.0 0.0 0.0 0.0 0.0 0.0 6.784597066231086E-5 0.24878159577993872 0.0 
0.23877963456988258 0.0 0.0 0.0 0.0017756893090214076 0.0 0.0 0.0014346423025467338 0.003961217649493 0.0 8.256623572364388E-4 0.0036769481955714785 0.23367005643724778 0.0 0.01750667656384434 
0.253499301493667 0.0 0.0 0.0 0.0 0.0017649684444628305 0.0 0.0 0.0 0.002423510928772759 0.0 0.242210865625187 1.6595752994083896E-4 0.0 4.485035391204064E-4 
0.2505679818429692 0.0 0.0 0.0 0.0 0.0 0.0 0.0 0.0 8.217874748738548E-4 0.2486798634762616 0.0 5.4380257422732786E-5 3.223972376579069E-5 2.4989021989749947E-4 
0.25063481453725295 0.0 0.001125641785675634 0.0 0.0 0.0 0.0 0.0 0.0 0.2487203649732808 0.0 0.0 1.350532525887883E-4 7.084424467633594E-5 0.0 
0.18953243676858467 0.0 0.0 0.0 2.221447396854627E-4 0.0 0.0 0.0011316729363714173 0.28404446747659745 0.0 0.0015943506076190664 0.0071001718055973585 0.0010673123701419665 0.0 0.017527241859165408 
0.2503509848503351 0.0 0.0 0.0 0.0 2.4278195201705074E-5 0.0 0.2503752630455368 0.0 0.0 0.0 0.0 3.3259109224669794E-4 0.0 0.0 
0.2498278769034612 0.0 0.0 0.0 0.0 2.42274659551101E-5 0.24985210436941632 0.0 0.0 0.0 7.215498251034593E-4 0.0 0.0 1.2989157991582487E-4 0.0 
0.25079569021382214 0.0 0.0 0.0 0.0 0.25079569021382214 0.0 0.0 0.0 0.0 0.0 0.0 2.5394810309201847E-4 0.0 0.0 
0.2538163603337163 0.0 0.0 0.0 0.24394571962439301 0.0 0.003387875210091051 0.0 0.0 0.0 0.0 0.0 0.0 0.0 0.0 
0.23413520837804555 0.009566030270842662 0.0 0.2437012386488882 0.0 4.097064883910112E-5 0.006930247206908836 0.0027262393019327484 8.533982773536102E-4 0.0 0.001956657109362799 0.0 0.0 2.1771707844682922E-4 7.602810574024719E-5 
0.24209418709014324 0.0 0.24891467387748417 0.0 2.496527124814767E-4 4.764059584888516E-5 0.007151909550599303 0.0 0.0 0.0 7.197504493371928E-4 0.0 0.0 0.0 8.962201824029716E-4 
0.2362031736539179 0.2362031736539179 0.0 0.0 5.536919528797717E-4 9.038718212991404E-5 0.0 0.0028212144386141965 0.0 0.0 0.0015975092887628754 0.0071142384598783985 0.0 0.0 0.017523294170638873 
0.5014927223512373 0.0 0.0 0.0 0.0 0.0 0.0 0.0 0.0 0.0 0.0 0.0 0.0 0.0 0.0 
0.00539437782457209 0.02255848153694094 0.027828158593222328 0.04420792163754637 0.02428602605470582 0.015022558093541433 0.04038644134019566 0.005758926345728226 0.020746652555107284 0.04279344029956145 1.6786095144173977E-5 0.013473906467213727 0.012492261915206767 0.0 0.23034536287626092 
0.0056765782402559304 0.015497257885364735 0.02107937732273477 0.033486781302112203 0.011642978245761763 0.010562994577291512 0.028397411294152033 0.016833232044613077 0.01601806021123793 0.022780643422460344 1.226852892248625E-5 0.011115730213901432 0.009190625114519737 0.2769835126253162 0.02300610043265769 
0.0 0.0 0.0 0.030627771921067286 0.004278252578448607 0.003971840998970099 0.001121439404231525 0.03993920972664878 0.002210340227603002 0.030875590235419366 1.0722728066805012E-4 8.387535949727597E-4 0.34206262258575687 0.012107423916520976 0.03394894424182925 
0.019075231317346633 0.03715086586055079 0.05501439058168662 0.033889425323017454 0.035118990431432 0.0 0.02309235519326549 5.095937314992476E-4 0.022166813962254676 0.0 0.0016816701727523477 0.27404235813136546 0.0 0.0 0.0 
0.030996079196079305 0.026656105314509893 0.035034913655380716 0.0220451842807534 0.0309262689348688 0.018536227432745397 0.001956229911677501 0.017211550977402706 0.03251254430387084 0.0 0.2140209745859967 0.001246465940366012 0.022516322126199077 0.029956785980510554 0.01679269338174619 
0.04487812572618605 0.0 0.03989538138756947 0.03663628172829931 0.004738793353884031 0.01605342623363347 0.0016942062616077218 0.047869296179894556 0.03400249581067572 0.22548189007114056 0.0 0.0 0.02147694186799809 0.012550634762219104 0.01685039715133268 
0.027829126294896835 0.022656729588548506 0.07450200498242256 0.0435475699682638 0.03180364551837205 0.0 0.0 0.0 0.30048056684347796 0.0 0.0 0.0 0.0 0.0 0.0 
0.0 0.0 0.0 0.06451965762791921 5.202819165619656E-4 0.043375969087706266 0.0 0.3029353754630385 0.044730484462462715 0.0 0.0 0.0 0.006486793641725703 0.012280938170522445 0.03443547430593484 
9.057145410719051E-4 0.00931116370436085 0.025403293116518663 0.024549292744274524 0.026707684975434624 0.0 0.28214697926674 0.013488510059617924 0.042490825730228506 0.0 0.0030803080288613087 0.0015810369233814478 0.04737890395867697 0.012665245378408654 0.01713521950801894 
0.027841446672740314 0.0013795021846038813 0.0 0.02612784372561972 0.055348792582963914 0.30957203972866976 0.007528832904842957 3.5673800969823006E-4 0.024350723794503752 0.019590461548222356 0.007445177226898688 0.00716371451389372 0.0 0.0 0.017966225938086656 
0.01436622690522735 0.01437825421616423 0.019989565560113463 0.020473203169513652 0.2364072652787483 0.032195002659766776 0.010832183993938952 0.035223707788920276 0.04174166072271193 0.027982149848647952 0.006800401852776937 0.013963820953829708 0.0 0.0 0.0343995008606373 
0.0 0.0 0.0 0.33269289977272193 0.012911914146920726 0.030529519757468714 0.008519925989237245 0.014059820083325226 0.043356310381856646 0.01913867333948948 0.006914641773787835 0.014198399121019112 1.3420009065063967E-4 0.0 0.034987109943054144 
0.01829414312265715 0.024239787445956184 0.3319172024145583 0.0 0.014532564069142566 0.012443455235713153 0.0 0.014672900132776107 0.023863253889317298 0.019047450787929573 0.0 0.003403086992099025 0.0 0.012276830490733944 0.03442395646423172 
0.03296191062701455 0.2567208128523658 0.024883176009745666 0.003150602367925853 0.012330675520399518 0.029155212591988135 0.010361261068243451 0.01350823060541082 0.04165537221436288 0.018387832235354482 0.006643369195378942 0.013641372963360696 0.0065908774845024835 0.012477991955225849 0.03498800868448327 
0.26534959734725116 0.0 0.022793008349276916 0.08177562563195588 0.0 0.032677281962330225 0.011612943940780848 0.0 0.04504117448222047 0.01988241890626608 0.007183350794203153 0.014635598848505932 0.007124963081942995 0.0 0.0 
