0.0 0.0 0.0 0.0 0.5179342794946358 
0.08808850817333111 0.0 0.0 0.08824467840430208 0.3876735385705136 
0.002445554100024481 0.004016644469435313 0.001790801045397814 0.1860836521172952 0.3152217553812552 
0.040595854677600775 0.0018633147105460177 0.0 0.3421826479215279 0.1333336590308513 
0.0 0.0 0.0 0.4740230630176461 0.07096711000874745 
0.0 0.0 0.0 0.6158641396514781 0.0 
0.0 0.0 0.09825920056964234 0.0032940981155959214 0.438913614775852 
0.055377337339235985 0.005992089163740592 0.06712436941883644 0.10067939567138638 0.32071371561710643 
0.0 0.0 0.13132675111928296 0.2254844135162228 0.24320339595486107 
0.03333209504982204 0.010691546159506933 0.07999429751948113 0.25402244240807437 0.13351971706749283 
0.016245950965954745 0.018516483716127734 0.05376397183083047 0.3518673548701519 0.09584514473330552 
0.0024850597225678666 0.012905680712683344 0.09604031641202956 0.44290684291493276 0.0 
0.0024411636471435966 0.0040094334703892716 0.16576328098670914 0.023871003194790567 0.3180574530634443 
0.0 0.018002814991965904 0.13755155635972727 0.1158944843364363 0.24781416247035903 
0.057831699850409604 0.0 0.15938029375005552 0.18484420370942 0.17935733117778754 
0.0 0.0011000505870804812 0.15572273073202567 0.2818250742293864 0.08707859792846716 
0.0 0.0 0.14105116943861537 0.3900898293824289 0.0 
0.04534298323825639 0.022949077166785098 0.2276592933378822 0.0 0.22952433293191257 
0.021749810926613003 6.608172283064674E-4 0.21108737711458775 0.13602367007440977 0.16188662907034293 
0.0 0.0 0.27852214600205677 0.16225236893339695 0.11235013900446397 
0.04021738161844405 0.020354897898050346 0.20192453220479772 0.2629788749535441 0.0 
0.0 0.0 0.383359529187498 0.0 0.18082327320014877 
0.003856307392585089 7.016509403210181E-5 0.3250155765016112 0.12207832466435072 0.06343968582051902 
0.006247179328893627 0.010260536988619477 0.42420463850567947 0.0 0.0805034870894215 
0.0047640697984999685 8.668173238211869E-5 0.4015232019705278 0.10808610597168823 0.0 
0.0 0.0 0.5037283049966863 0.0 0.0 
0.04838357413443597 0.07946649614361437 0.03542974377020047 0.030328690167599905 0.3140406712356788 
0.0 0.08255403689025306 0.02255086789327681 0.12034330776156606 0.31188297455471353 
0.007086975185506197 0.08558511937813026 0.0030013842257807454 0.19420738371511811 0.23778751275242646 
0.012302944040416148 0.0638929785749988 2.1542365397537146E-4 0.3021475437139966 0.16810599625475892 
0.01411544108026878 0.07330583407967488 9.585391989829036E-4 0.35128469263975426 0.10191360969028648 
0.015330778201762681 0.0796174541610082 0.016482824484509898 0.44290684291493276 0.0 
0.038978791544347434 0.09115457893534591 0.07504386271659488 0.046618103841170704 0.2825651590628907 
0.0 0.0718897174165907 0.06540908703117171 0.09632700330612198 0.29581284057028046 
0.0 0.08489999152699576 0.10172953170351293 0.1861391702358139 0.19206089785284838 
0.03490660931584681 0.12142127202583275 0.0605577728001043 0.2631523643279431 0.06835214402654323 
0.07642354880452254 0.09050520547368039 0.0442380372309246 0.30480041853835754 0.0 
0.0 0.11318658028981932 0.16496058033568006 0.0 0.24709264220430238 
0.0 0.06670916720693879 0.18384599956019054 0.1156926569305945 0.16338321022686927 
0.04215485558176139 0.07989647335206654 0.19533560375273532 0.21936997030604674 0.07128499278538933 
0.03531893590545751 0.06694029388668171 0.16549967897565868 0.25405421401731904 0.011662970001005251 
0.04740903334111657 0.08951789611589561 0.23946536858197187 0.0 0.1596025163574832 
0.05224812075935218 0.09902632876653097 0.24482751224161559 0.11699494070778688 0.06814278267728197 
0.0 0.09009356772518823 0.2482918421241827 0.19005010644521833 0.0 
0.0 0.09969311191683729 0.3258922311684618 0.0 0.09320616110474199 
0.034993150298584665 0.0940079043954301 0.33087355554053693 0.07510955572822195 0.011957354091315325 
0.017603305233917246 0.09700920572018265 0.4419382267488208 0.0 0.0 
0.08222107396088257 0.13504212480627803 0.014810117120914776 0.021092236464316832 0.25639285476101586 
0.013514685561105532 0.16320869578753783 0.005080887216429092 0.0981772765063253 0.22966716272298746 
0.050624744432860934 0.151646190127114 0.0016011012331695702 0.16379696948243844 0.14854632194466516 
0.013293904541208476 0.1605424567434166 0.005630062804596686 0.26573040300852296 0.08936652412694765 
0.025970697332777373 0.12665973612605666 0.0016594453956049584 0.3496764060165875 0.0 
0.0 0.1547034324159119 0.07329136042764722 0.024966131473634735 0.2531501506424755 
0.006745435306668845 0.15349135928993587 0.10100700730836308 0.09079528661215637 0.1702235476455713 
0.0692714177373717 0.13129073519370207 0.1168247797554895 0.21936997030604674 0.07128499278538933 
0.008680457189243996 0.19573487128968156 0.09797226775475423 0.33622821689784654 0.0 
0.0 0.19159497321421504 0.1652402871873247 0.00814688171114106 0.16281858947799616 
0.0 0.19553653234151755 0.14236411591673706 0.08310227681668259 0.094327778071051 
0.06450662616341296 0.1796847539767152 0.12883672749897798 0.14633329567416106 0.0 
0.0 0.17752508624377472 0.25872891623662536 0.0 0.08660337990065849 
0.0484082102306747 0.13674776657228502 0.2511779338030808 0.07769978817235233 0.0 
0.0 0.17390049869545088 0.3408611742816555 0.003319412815971439 0.006173637158211188 
0.021010674035184935 0.25373322164212514 0.007899026923804888 0.0 0.23185027456355176 
0.01711864518983456 0.20673153973505828 0.006435806820243976 0.12435819942810278 0.20613312604237052 
0.0 0.22177892862103904 0.0 0.23033442156136363 0.07578344650357513 
0.03186737571389667 0.26209069989076017 0.0037521442839203575 0.2890712879383502 0.0 
0.0 0.2743321048311291 0.08465253470206244 0.0 0.1693261093223508 
0.0 0.24870016071603146 0.0767431103201794 0.09109050163962494 0.08976637535134716 
0.022690094005867554 0.20098555265692422 0.0754368062659971 0.16677637785952 0.044056991339035255 
0.0 0.245306721573575 0.16338862854787425 0.028287303399739453 0.07651109913623431 
0.0 0.267952621429853 0.18125362489915914 0.09504852425657123 0.0 
0.02427003829266313 0.24678330500325382 0.2364129596826701 0.0 0.0 
0.0 0.41610460805686117 0.0 0.0 0.19645491217428687 
0.0 0.3651439368945308 0.0 0.09155629093764024 0.07655230103275332 
0.02739265172569486 0.2933358512897305 0.009221107804069434 0.17817818267003704 0.0 
0.050716637645460236 0.3145550388602105 0.060862384320189505 0.0 0.08365331677158752 
0.0 0.2976420178834508 0.09184543407043347 0.10901625732759754 0.030764965493181088 
0.0 0.35775968339420056 0.15101544187084753 0.0 0.0 
0.0 0.427846944965 0.010800910583492545 0.0 0.08707859792846716 
0.007856289734780565 0.4548592949899378 0.005030787302017243 0.09573949239015446 0.0 
0.013786212415161229 0.4572123977629124 0.08607784433235606 0.0 0.0 
0.0 0.5091345038900847 0.0 0.0 0.0 
0.1531474171002735 0.0 0.009925275095382168 0.0 0.36369761509531295 
0.15121656479995368 0.0043138745251937866 0.0 0.08447714627697112 0.2870218680983814 
0.1643524939387646 0.0 0.005265948564675234 0.15020031425614236 0.20461668151703324 
0.14422028188180513 0.0 0.009746866863949537 0.23511599633022376 0.12950311898517045 
0.15653977144490877 0.013052895212671878 0.012933236444685393 0.26775011307095853 0.05706605604324068 
0.12570732578420596 0.006687815712534005 0.0014394410274441638 0.3701317023468423 0.0 
0.12232419671641961 0.0 0.07054055536613635 0.043820597928059445 0.30768048088866906 
0.20232255593278267 0.0 0.06905572710683029 0.08940764941254835 0.17854075239557893 
0.14089752585078524 0.0 0.0604915216745615 0.17835153309712176 0.1694023311568411 
0.1743321481621821 0.02087528959116421 0.07561880557007133 0.2569645532969428 0.056731056655138376 
0.16927074806395864 0.0 0.04358768573297842 0.30724215321480286 0.0 
0.16402403023807505 0.0 0.11871492208040978 0.006671573563749528 0.24169466431918488 
0.1635889220482885 0.0 0.1571652633181092 0.09932798672966807 0.1094922754393529 
0.1474712883542995 0.03838379939629834 0.13732608706408275 0.14803751379512248 0.0767492444334217 
0.1864962388983548 0.0 0.1497852226498789 0.22897667399624966 0.004956177588859932 
0.22497190742623813 0.006835246191971233 0.17068250578363614 0.0036391245907561867 0.13485900226396166 
0.14088537633516174 0.0 0.24364293158054365 0.10383405124183638 0.07083615288409437 
0.13676363153903254 0.028633162851401047 0.2069304355692166 0.16794724763370764 0.012075597085117688 
0.12962877452683985 0.01080895158353664 0.3442539779643805 0.0 0.06142775310018537 
0.14426332848213613 1.6825746089503858E-4 0.30471914377530973 0.08652998371288886 0.0 
0.17942092490669265 0.0022194096314465785 0.3560319734103357 0.0034671508068482115 0.006448408872584227 
0.1900112555951437 0.08358815772295425 0.020864852079451615 0.0 0.2375204667651769 
0.12777549016991588 0.0698428197417179 0.019530177831084825 0.12702690579659107 0.21568926984889975 
0.1557383968645688 0.08512750578856468 0.02380424118779254 0.1548259892497403 0.13685737331611472 
0.10001883282962629 0.07951973614791749 0.0 0.2741649102989038 0.0659677848418785 
0.16530689437252882 0.07132044180999803 0.0 0.3237733579962113 0.0011124421094334028 
0.13469759580102528 0.12698152162896723 0.07542187815027065 0.03511735713625445 0.25832945350791714 
0.13733982800612574 0.06494113477224851 0.06904153073852574 0.0893892691279075 0.17850404826712252 
0.1271379821590651 0.10728476987158762 0.0790613729886221 0.17478960295786333 0.046173829426578 
0.11284391095228773 0.07905289650115847 0.08375559199710068 0.24405692580308935 0.0 
0.19172768599717827 0.04990284631101624 0.16094007141703023 0.027863387249225435 0.1336188754246501 
0.12413874428454279 0.06771495165340953 0.1524290442474992 0.08632554875019573 0.09888266667479778 
0.13647297486833151 0.10087213426517722 0.11244318026814556 0.15582300065786503 0.0010223524964561076 
0.1564871460896267 0.09502739880381214 0.21933633878428996 0.0 0.0637112060136413 
0.13188637308066462 0.0876222285447584 0.21122870760365375 0.08505082705197067 0.0 
0.11573127685774848 0.08554119164719814 0.29237678560610086 0.0 0.014467461226177777 
0.1763880680404384 0.16761291086198696 0.013474603374837855 0.0 0.17583693745549006 
0.20304897659785484 0.11489248699058605 0.0 0.06577045935811437 0.140064306276494 
0.15367427050719354 0.1550570129792225 0.0 0.1835551910560036 0.07009618970911718 
0.11746527074620047 0.1338822071752285 0.011212725656512764 0.2411681014187446 0.0 
0.16783785396668105 0.16143529015045555 0.05486422827876497 0.0 0.1522123752418079 
0.15660152718463852 0.18033894652379132 0.09711391417670297 0.0705316512902881 0.10688058292328952 
0.093461604057348 0.1535038767033377 0.06843894324348823 0.16909019312514084 0.04278126211648796 
0.15008829908864496 0.17106462723420393 0.13556320996438742 0.0 0.050232856973133115 
0.16156131143003716 0.13057079680655065 0.16404860590159567 0.09652426703208722 0.0 
0.1973793867050919 0.14589027619646686 0.162625354814089 0.0 0.001022926197406342 
0.1493458003023825 0.2021452624900058 0.0 0.001347544712101431 0.15457781393097905 
0.18994792542043212 0.18049817680760114 0.014510465392289595 0.07191092526465098 0.05456655594615323 
0.19231644650514546 0.19894203337272198 0.0054008877980038965 0.13068246023279134 0.001987531713280816 
0.20563430055676657 0.19778990371181548 0.06721944389214063 0.0 0.0498851083675259 
0.18162253574086487 0.24783828628185153 0.0530760167809165 0.07840980531274462 0.0 
0.16716980840431683 0.1905334468652211 0.15099162275825492 0.0 0.0 
0.1779798702630243 0.2820004934265267 0.0 0.001465776650498011 0.06026492923943955 
0.15104338520269545 0.2394473562796689 0.0 0.10386153763341406 0.018489747703814393 
0.17322448029081966 0.32708304596362797 0.047897326850257584 0.0 0.0 
0.14097960155520578 0.36522058089178006 0.005502421410535988 0.0 0.0 
0.26475833998415393 8.761074384965921E-4 0.029908968937277625 0.0 0.3433704472714343 
0.2705162965892181 0.0 0.0 0.08912366138855446 0.17797364839711405 
0.2254784618653926 0.0 0.04035974270932263 0.16036747311007313 0.1229819751071493 
0.2613786383081328 0.0 0.012480529583379021 0.23534176865928022 0.046662305660659306 
0.29283331110280886 0.0 0.0 0.29335246901317935 0.0 
0.3233105254547521 0.0 0.06652668911628543 0.006988367531314447 0.19249077544665552 
0.24145389007448015 0.0 0.07599371317542625 0.08885254051270024 0.11088345856062751 
0.2386938363895073 0.0072521549685634285 0.03680979618958793 0.18162728592359198 0.08685509082701112 
0.2691628745003195 0.008177885559118336 0.041508531188013245 0.20481183388040958 0.0 
0.28610658759170654 0.0035390950997023973 0.12932250348485871 0.00270169369571472 0.11885239610119362 
0.26545704183900487 0.0 0.08191389578706465 0.08988563893987087 0.07156318894793846 
0.2664266078505454 0.0 0.14476254153967824 0.1811086761429705 0.0 
0.2622461107360298 0.0 0.19754759741064695 0.0 0.06221505083456338 
0.2397354939113085 0.0 0.17303582379970878 0.09378533793415622 0.0 
0.2562647093936954 0.007786004924166726 0.2687361306757754 0.0 0.0 
0.27000204176295517 0.08232974810794935 0.0 0.0 0.18956855358981675 
0.24332651670541275 0.08432934416568248 0.0 0.08714890753999828 0.11221492587346447 
0.29906381713294444 0.054569626152040536 0.0 0.12134162710345942 0.041240256831803684 
0.28774896072807876 0.056181362137466044 0.08126468996252015 0.0 0.13310145259243933 
0.2582271771959764 0.0697869954089291 0.0659922417155696 0.0867510705811123 0.06092914699246827 
0.26319949715357166 0.06796513468502217 0.07680498603124859 0.1383779653561272 0.0 
0.2955621905771586 0.06443669011131582 0.105823391299874 0.07569377241228734 0.0 
0.2669701055273316 0.06613205369307577 0.20984306950716228 0.00973303898627778 0.0010971124489319343 
0.2998620387373589 0.14536434327750292 0.0 0.0 0.17947644193521178 
0.26268685149102994 0.14863776303243884 0.0 0.085088017577747 0.09028625679303855 
0.26910417033082196 0.1388904923520156 0.0 0.10851717726162627 0.003059241235872426 
0.30953046285433555 0.1395240040857016 0.043100833265751294 0.0 0.06659392348847704 
0.25145592140372275 0.1421650924121469 0.10288204916998346 0.0806792463813211 0.0 
0.2767348704049481 0.18521430744583925 0.011661814634418888 0.0 0.09401933844530633 
0.28214499508346375 0.24592308015223535 0.0 0.0962981771561507 0.0 
0.24852708577943927 0.21541006165778936 0.06191173978220872 0.0 0.0 
0.2945443297216086 0.2309048730463609 0.0 0.0 0.001062465009726084 
0.35862567155446823 0.010896003789448756 0.0 0.0 0.16188662907034293 
0.34797845854900666 0.0 0.0 0.08725221418683138 0.0999441270514362 
0.37512377057998686 0.0038683353737820445 0.002815602459347138 0.10747474798494222 0.04824594203630275 
0.34240322089141384 0.0 0.009844266981623627 0.19021940072431034 0.0 
0.3620200605843266 0.010999134375644348 0.05582835672767764 0.0 0.11026425419729069 
0.37141165915168434 0.0 0.05558776298941928 0.05356097013490259 0.08988078787410977 
0.35937752020553626 0.0 0.05867817549495344 0.15275453779137949 0.0 
0.3594650133481202 0.0 0.1286124561829368 0.0 0.04472658715753866 
0.39362101381586967 0.0 0.10288204916998346 0.0806792463813211 0.0 
0.38129952963624325 0.0 0.1362251166467422 0.008718165102849399 0.0 
0.3555942041769911 0.06942776338202127 0.002688685857196261 0.0015436674189615162 0.13437216315104203 
0.2954973350009709 0.07741416595560505 0.01057188463004738 0.14256288028574704 0.0 
0.33588011608785473 0.07322656159992096 0.10841796859520977 0.008718165102849399 0.0 
0.3479019534977827 0.12057191287518708 0.0 0.0 0.058545827911588175 
0.31038567817370094 0.1339136143284958 0.0 0.07033833873473798 0.001021598613338667 
0.3303554353958316 0.14133672840102054 0.07059636271245162 0.0 0.02683150678165541 
0.3417474993217879 0.16923833711447173 0.0 5.0264644870352794E-5 0.0 
0.4071261203832741 0.012369576698878278 0.0 0.0 0.11063321590290885 
0.40578188953659594 0.0 0.0 0.055951622506676124 0.06697368263031078 
0.40229714204464634 0.006527752736689233 0.0 0.11007035271283061 0.0 
0.4472446349056793 0.0 0.04292712322722652 0.0 0.0663255288395065 
0.44442552209915165 0.0 0.029818717292523285 0.04474413152066789 0.0 
0.43060608764801545 0.03445819470512969 0.0 0.0 0.05115104486710296 
0.4462933490222831 0.027943873132543696 0.06629752668637649 0.0 0.0 
0.46838229665503756 0.09144900249360637 0.0 0.0020205092618296467 0.0 
0.49077948922213155 0.0 0.0 0.0 0.052019374106254485 
0.469306991002601 0.0 0.05041856523976609 0.0 0.0 
0.45988022324178657 0.07380837027205014 0.003376110137950422 0.0019383414424674885 0.0 
1.0822877005804195 0.0 0.0 0.0 0.0 
0.12108064785976928 0.31367051728247064 0.004725767003421933 0.0 0.07222567171186002 
0.26135632924875507 0.22642942001911742 0.00673333930572802 0.04639119370191999 0.005062211345650885 
0.2711985787577215 0.2805417720964904 0.00761616139163318 0.0 0.0 
0.0 0.49816710080372695 0.0 0.0813637212993783 0.012953009990953812 
0.2541131064044673 0.01393881944920835 0.13341292805636992 0.0 0.11701090297933449 
0.1946072843326606 0.016227112551463207 0.18432678224201549 0.0763627935538564 0.05975893115376682 
0.24111441378769274 0.020105057956745345 0.12475485586995387 0.10167819421296023 0.0788043399948761 
0.03665552312444823 0.18796280260268258 0.07575473402884722 0.16747925545115824 0.04424266914523688 
0.013035227535524144 0.014857029847213255 0.043138478473623745 0.37486365885363077 0.09704227567287299 
0.032909212797175805 0.06237312421074083 0.24438874318353762 0.2026103614018459 0.012120454448611139 
0.19322084697068118 0.30631080548916645 0.0 0.0 0.018683466455484743 
