0.0 0.0 0.0 0.0 0.0 0.0 0.0 0.0 0.0 0.0 0.0 0.0 0.0 0.0 0.5002078179288656 
0.0 0.0 0.0 0.0 0.0 0.0 0.0 0.0 0.0 0.0 0.0 0.0 0.0 0.25102173911147896 0.24909869663833853 
0.0 0.0 0.0 0.0 0.0 0.0 0.0 0.0 0.0 0.0 0.0 0.0 0.0 0.5000505807356443 0.0 
0.21284500015797284 0.0019153850101098174 0.0 0.0 0.0 0.0 0.006994209437291991 0.0 0.037247495121806674 0.0 0.0 0.011443584802106718 0.10593059972488818 0.015241584420347584 0.11159225348108123 
0.0 0.0 0.0 0.0 0.0 0.0 0.0 0.0 0.0 0.0 0.0 0.0 0.24986591584487947 0.2505027698209841 0.0 
0.0 0.0 0.0 0.0 0.0 0.0 0.0 0.0 0.0 0.0 0.0 0.0 0.500071401477042 0.0 0.0 
0.31299474139982364 0.0 0.0 0.0 0.0 0.0 0.01954615596214718 0.0038257430728055003 0.015923031438262913 0.0 0.0 0.05628220700859911 0.0 0.0 0.09967679154555278 
0.0 0.0 0.0 0.0 0.0 0.0 0.0 0.0 0.0 0.0 0.0 0.25155500379546325 0.001067273246287612 0.24781476462452823 0.0 
0.0 0.0 0.0 0.0 0.0 0.0 0.0 2.0328820744986975E-6 2.0249734022813195E-6 4.691106090552944E-8 0.0 0.2504457527425991 0.2502738298742159 0.0 0.0 
0.0 0.0 0.0 0.0 0.0 0.0 0.0 0.0 0.0 0.0 0.0 0.5000988882013608 0.0 0.0 0.0 
0.2608877698351884 0.0 0.010503949916800408 0.0 0.0027076847326849758 0.0 0.025567342815133804 0.0034475398115753754 0.02240240717312731 0.0 0.02193371522309089 0.008119183265490697 2.325207532757511E-4 0.010034837442918412 0.1401289509605193 
0.44839762330961647 0.0 0.0 0.01409065513438128 0.0024173961659057107 0.0016447188700847322 0.00547869499779611 0.0 0.008271570460884758 0.0 0.02593786056106725 0.003485134427593026 0.0 0.0 0.0 
0.32286872132591843 0.0 0.0055903193356495184 0.0054121063275860935 0.0 0.008372201428796052 0.020877324953822638 0.030621297298366594 0.0 0.03221157166225284 2.32622339063762E-4 0.0010303577541346562 0.012222122657348806 0.018622393048419072 0.04984249244384546 
0.0 0.0 0.0 0.0 0.0 0.0 0.0 0.0 0.0 0.2506434650992704 0.0 0.0 0.0 0.2506434650992704 0.0 
0.3705934469247355 0.0 0.0 0.020435406249154926 0.0 0.0 0.030491785830561342 0.0 0.0 0.03448411213897605 4.98340047920761E-4 0.0018904824940766726 0.0459964850153783 0.0017566277204231321 0.0 
0.3679300482812745 0.0 0.0 0.0056738105402130545 0.0 0.014271830107747114 0.0 0.0 0.0 0.0569983970609273 3.2144856959374044E-5 0.032910461251612046 0.0 0.0 0.0226471584095365 
0.07542757845362177 0.0 0.003036890180489838 0.008609824387625127 0.0 0.0 0.008122083680764206 0.02150722546900048 0.008625266856708513 0.3204692253559552 0.030038423899305857 0.011119295849533301 3.184393013788141E-4 0.01374280179190419 0.004410984910946912 
0.0 0.0 0.0 0.0 0.0 0.0 0.0 0.0 0.0 0.5004291905735254 0.0 0.0 0.0 0.0 0.0 
0.4839716913751825 0.0 0.0 0.0 0.002529688568699447 0.0017211190218045136 0.0 0.0 0.00855533461678596 0.0 5.428984868528143E-4 0.0 0.0 0.0 0.009512893318144927 
0.4477285702208501 0.0 0.0 0.013038705299096079 5.540485074938031E-5 0.0 0.0 0.0 0.021814571199815502 0.0 0.0 0.007559811997363202 0.0 0.013595916504227664 0.0022936170525640026 
0.0 0.0 0.0 0.0 0.0 0.0 0.0 0.0 0.2507324540595413 0.0 0.0 0.0 0.2507324540595413 4.496885001430361E-5 0.0 
0.0 0.0 0.0 0.0 0.0 0.0 0.0 0.0 0.2508731112013699 0.0 0.0 0.2508731112013699 5.098979894568453E-4 0.0 0.0 
0.10857082686883048 0.033925744620680244 0.0012230421998761442 0.017368206588398112 0.013493087624761252 0.015590309153961913 0.007923615028362306 0.018047534219212336 0.21618251247886974 0.0 0.02755961040363127 0.015208256081106195 0.0 0.0 0.02741475616031622 
0.0 0.0 0.0 0.0 0.0 0.0 0.0 0.0 0.2563964924473832 0.24406774398633704 0.0 0.0 5.085951753270555E-4 0.0 0.0 
0.0 0.0 0.0 0.0 0.0 0.0 0.0 0.0 0.501415984986286 0.0 0.0 0.0 0.0 0.0 0.0 
0.23756260953391828 0.0 0.0 0.0 0.01632148259092763 0.0 0.023851712380699084 0.08747580549993994 0.0 0.0 2.1677007728945413E-4 0.004625323163241516 0.010586766928394529 0.0 0.12639288089736198 
0.13212483968343963 0.0 0.0 0.015421749386798266 0.0 0.007590130663564727 0.003927557181303847 0.15503808743331837 0.0 0.0 3.432635008931844E-4 0.0024763562661812423 0.0 0.18602528559638443 0.0 
0.29455272339661975 0.0 0.007569649596517452 0.01665974798072282 0.0 0.002993878240145487 0.025091562358660904 0.046630607776575746 0.00272579039092157 0.03241462029498545 4.684332125482983E-4 0.002140900587595586 0.07062585032650545 0.001747864278987845 0.0 
0.0 0.0 0.0 0.0 0.0 0.0 0.0 0.2503982494196925 0.0 0.002894742702489289 0.0 0.24793446572731348 0.0 0.0 0.0 
0.3429857739930345 0.0 0.0 0.0 0.0 0.0012133970511981878 0.005803202806123609 0.11023691970129029 0.0 0.0 0.011706678881396473 0.01210024469709486 0.0 0.0 0.023590881230819576 
0.3271355733059055 0.0 0.008406989526106586 0.018502616930372622 0.0 0.01821288578838327 0.029028070732737922 0.05394628526915049 0.0031534280384488346 0.03750001204579816 5.41923704592357E-4 0.0024767773644447343 0.002695497689883575 0.0017469110571425661 0.0 
0.3027361128168594 0.024126208453769338 0.03357905621555871 0.0014666471840900307 0.0 0.0 0.025102425185263618 0.03512911037323463 0.04190249282138844 0.0 0.0 0.007268545203492584 0.0 0.019086007176521508 0.016192197607787506 
0.0 0.0 0.0 0.0 0.0 0.0 0.0 0.5003845309911821 0.0 0.0 0.0 0.0 0.0 0.0 0.0 
0.0 0.0 0.0 0.0 0.0 0.0 0.24932999179306745 0.002909909768858923 0.00581926297530077 0.010692254258996057 0.0 0.004008083742164394 0.0025456359699837614 0.0 0.22571406126136484 
0.4441575511631403 0.0 0.0 0.0 0.0 0.0 0.027094234465597108 0.0 0.0 0.0 0.0 0.014482028863832557 0.0 0.019670084024494838 0.002957724635965515 
0.0 0.0 0.0 0.0 0.0 0.0 0.2507324540595413 0.0 0.0 0.0 0.0 0.0 0.2507324540595413 4.496885001430361E-5 0.0 
0.3571642640003416 0.0 0.0 0.0 0.0 0.0 0.03625710973372577 0.004526147331642035 0.018838166830449345 0.0 0.0 0.06658616541232813 0.0 0.0 0.022910457323090997 
0.40204010650969035 0.0 0.0 0.02216945003522313 0.0 0.0 0.03307916242102154 0.0 0.0 0.037410257068203646 5.406266290099754E-4 0.002050899144548691 0.0070131071010643845 0.0017563266437097714 0.0 
0.4081087018156987 0.0 0.0 0.0 0.0 0.0 0.041428674356418824 0.005171738323017817 0.021525165266127754 0.0 0.0 0.007459518737891788 0.0 0.019587472345413554 0.0029453025945480552 
0.38136667597210616 0.0 0.0 0.0 4.585734466315663E-5 0.0 0.03871864424339837 0.04069150281052785 0.021814571199815502 0.0 0.0 0.007559811997363202 0.0 0.013595916504227664 0.0022936170525640026 
0.0 0.0 0.0 0.0 0.0 0.0 0.504344991981986 0.0 0.0 0.0 0.0 0.0 0.0 0.0 0.0 
0.40847109850703966 0.0 0.0 0.0 0.008885178176313163 0.03401029935156003 0.0 0.0 0.0 4.4589137124148066E-4 0.0 0.0 0.0 0.010701162367226473 0.04351387035532165 
0.46385758532042176 0.0 0.0 0.013508412815291105 5.7400760177017396E-5 0.018931634598922102 0.0 0.0 0.0 0.0 0.0 0.0 0.0 0.013766711580707344 0.002322430005319777 
0.0 0.0 0.0 0.0 0.0 0.24891729367750443 0.004632258573467039 0.0 0.0017563561586350634 3.5789614322395664E-4 0.0 0.0024500319886102714 0.24733371732713536 0.0 0.0 
0.0 0.0 0.0 0.0 0.0 0.2506061266775584 0.0 0.0 0.0 0.0024156137373559467 0.0 0.24766895247108192 0.0 0.0 0.0 
0.4298801956344695 0.0 0.0 0.0 0.00224695583685241 0.06033394038187217 0.0 0.0 0.0 0.0 0.008249383405741911 0.0 0.0 0.0 0.0 
0.3900394109583964 0.0 0.006753348084607525 0.006538059045753819 0.0016825146959736858 0.02697061864501172 0.019688632599147757 0.0 0.0 0.0369508076153511 0.0 0.0011714873653596793 0.014012410040249144 0.0 0.0 
0.312165095430893 0.0 0.005404991111358266 0.005232686155831192 0.0 0.03752034958558101 0.016422530392948255 0.03419737017554209 0.040791100118003694 0.0 9.422407067281772E-4 0.007976519662963057 0.01317869451929177 0.011222684222282944 0.01753816851379288 
0.45684071453809244 0.0 0.0 0.0 0.0 0.028908459004091308 0.0 0.017351872305391786 0.0 0.0 0.0 0.0 0.0 0.0 0.0 
0.33299238178873947 0.006367850398247589 0.0 0.0 0.0014156581949014303 0.06816605095970273 0.03784501007246243 0.005140095843705019 0.02139346687883569 0.0 0.0 0.007413878828715285 0.0 0.019467629431915545 0.00292728221714359 
0.0 0.0 0.0 0.0 0.0 0.5006145338811159 0.0 0.0 0.0 0.0 0.0 0.0 0.0 0.0 0.0 
0.0 0.0 0.003864095069417504 0.006219840986588658 0.23812645002712576 0.0 0.0 0.0 0.008371967673832385 0.010502159019075499 0.0 0.0028789932562558753 2.2807273678992934E-4 0.0079781492476247 0.22806264848816743 
0.31539816014472577 0.0 0.0 0.0 0.07441701994192615 0.0 0.039571629036941655 0.0 0.012454064491218572 0.0 6.835468014387849E-5 0.007400862533539623 0.0 0.05365173573346897 0.0 
0.0 0.0 0.0 0.0 0.253617761514279 0.0 0.0 0.0 0.0 0.0 0.0 0.0 0.25339686827211255 0.0 2.4104806263576062E-4 
0.33740388826469875 0.006452212127843046 0.0 0.0 0.038371028457813476 0.012183505170136298 0.025386435217363446 0.004829588608082105 0.0 0.0 0.0 0.06783884787535721 0.0 0.0 0.013195630611529771 
0.0 0.0 0.0 0.0 0.38799799756740794 0.0 0.0 0.0044637536712970605 0.0 0.0 0.06529010030247306 0.04668066861893561 0.0 0.0 0.0 
0.3752923112708882 0.0 0.006498009022374214 0.006290859901765698 0.03862058599081802 0.013601136031521417 0.0 0.00972778505985968 0.0 0.036816485955945014 0.0 0.0014304717061301036 0.013969003898553541 0.0 0.0 
0.33561692319804354 0.0 0.0 0.0 0.07918756169984068 0.0 0.0 0.004772151026402491 0.06041009318152251 0.0 0.0 0.0 0.0034028944600796884 0.019575154597879882 0.002943450416118387 
0.004175068665571858 7.16513154806778E-4 0.00203449550059648 8.847829105329427E-4 0.25451662485805265 0.0 0.0 0.23866093620962983 0.0 0.0 6.445795275934543E-4 0.0 0.0 0.0 0.0 
0.3434404217703548 0.0 0.0 0.009603335494841355 0.08329935822301904 0.0 0.04429485761710153 0.0 0.013940568705871043 0.0 7.651342383729218E-5 0.008284221806002632 0.0 2.254952093693149E-5 0.0 
0.3512390586249668 0.0 0.0027258956677680556 0.0 0.0506217846353663 0.036785946787464094 0.02692435376179247 0.0 0.0032439275954330667 0.0 0.0 0.0 0.0 0.02923494757605262 0.0044088618944998145 
0.0 0.0 0.0 0.0 0.5044325201601136 0.0 0.0 0.0 0.0 0.0 0.0 0.0 0.0 0.0 0.0 
0.0 0.0 0.0 0.2340811181170201 0.0 0.008919831479698642 0.006015730618686312 0.0 0.007119215424453721 0.008987814628373395 1.7181824196632836E-4 0.003056952009762679 0.0 0.0074429207965799864 0.22632014576577414 
0.0 0.0 0.0 0.24736496417054482 0.0 0.0 0.0011188614508624542 0.0 0.0 0.0 3.529192806758844E-4 0.0 0.24862001577781603 0.003454457526619434 2.3814634057417656E-4 
0.0 0.0 0.0 0.24662876180012233 4.063543396906546E-4 0.0 0.0 0.0 0.0 0.008976156287506755 0.0 0.24545063898741845 0.0 0.002735549557661214 0.0 
4.057728245381524E-4 1.5027306053006962E-5 4.208001305911594E-4 0.25316024352659494 0.0 0.0 0.0 0.0 0.0 0.24738049410878268 3.622792165511271E-5 0.0 2.109251921697386E-5 0.0 0.0 
0.47153828743607284 0.0 0.0 0.01776563157614354 0.0025575597759198115 0.0013281209994292682 0.0 0.0 0.008642375278976898 0.0 0.0 0.0 0.00469485350732948 0.0 0.0 
0.3410341634277064 0.0 0.008764166522789753 0.0634588156870882 0.0 0.021258883399519892 0.0 0.0597748936756994 0.0034239891120167207 0.0 5.439225630604114E-4 0.003923941939201831 2.1888348971999268E-4 0.0017497027691108654 0.0 
0.35286664108304133 0.0 0.0 0.06741306327588585 0.0 0.014159651308090326 0.04410159968034514 0.0 0.013879746170474355 0.0 7.617959667945854E-5 0.008248077844829985 0.0 0.0 0.0029304595904291234 
0.4247723620444681 0.0 0.0 0.021477409228226694 0.0 0.03632114854537766 0.0 0.0 0.0 0.0 2.6354229974834146E-4 0.0 0.0 0.0 0.0183369207992437 
0.48094421851242414 0.0 0.0 0.011258498484684167 0.012274878633892719 0.0017847143332149979 0.0 0.0 0.0 0.0 5.532634981881783E-4 0.0 0.0 0.0 0.0 
2.0743826633042366E-5 1.8524593758800374E-5 1.7592848382327264E-5 0.5057191187224108 0.0 0.0 0.0 0.0 0.0 0.0 0.0 0.0 0.0 0.0 0.0 
0.2933677253432667 0.0 0.08645158752446189 0.0 0.0014906176956097604 0.0 0.023260441335936955 0.002313895733413462 0.0 0.0 0.0 0.0 0.0 0.01647702402794619 0.0840393858307299 
0.0 0.0 0.24871591005983115 0.003552024593387586 0.0019544542044947263 0.0 0.0 0.0 0.0 0.0039024003836919713 1.4797692699704626E-4 8.466238876250144E-6 0.0 0.24195296972534197 0.0 
0.0 0.0 0.2533397123114503 0.0 0.0 0.0 0.0 0.0 0.0 0.0 3.5981605165648193E-4 0.0 0.25347856390453877 0.0 2.411257769897557E-4 
0.24622897107848088 0.0 0.12102337361911628 0.0 0.0 0.0 0.0 0.0 0.0 0.0014555034209562192 0.0 0.13270813686773264 0.0 0.0 0.0 
0.29820834588821377 0.0 0.08787805435964133 0.023180029616867305 0.0 0.0 0.0 0.002340754320311704 0.030420841667912476 0.0 0.02978949012634451 0.014499414311518308 0.0 0.019693697650734476 0.0 
0.0 0.0 0.2514184173801727 0.002440158235080199 0.0 0.0 0.0 0.0 0.0 0.24724096066768392 0.0 0.0 2.107909901863585E-5 0.0 0.0 
0.0 0.0 0.2531237771869197 0.00450503519610525 0.0 0.0 7.013179524045264E-4 0.0 0.24127380321098543 0.0 0.0 0.0 0.0 0.002679211639606749 0.0 
0.3557022055311417 0.0 0.03654182075528723 0.0015960531519474967 0.0 0.0 0.027317275260937482 0.04172735410285665 0.0 0.0 0.0 0.007250417085734184 3.0743960067082065E-4 0.01905085566572336 0.016162375749093245 
0.2740211109668576 0.0 0.11324827691067892 0.011692755569160428 0.008041145464056234 0.0 0.09181906273887556 0.0 0.0 0.0 0.0 0.0 0.0 0.0 0.0029192081081553917 
0.21721396454012104 0.0 0.10676228175217345 0.0 0.0 0.13273239219909855 0.014873859845842795 0.0 0.0 0.0 0.0 0.0 0.0041182694374693575 0.0 0.025715217211580873 
0.27540179519377495 0.0 0.11381889028095701 0.011751670749551375 0.09369961369577241 0.0 0.0 0.0056909928289894844 0.0 0.0 0.0 0.0 0.0 0.0 0.0029282240722517438 
0.0 0.0 0.2513952237262652 0.2513952237262652 0.0 0.0 0.0 0.0 0.0 0.0 2.8823804779134593E-4 1.6491031509758614E-5 0.0 0.0 4.785968408688627E-4 
0.0 0.0 0.5059936971485541 0.0 0.0 0.0 0.0 0.0 0.0 0.0 0.0 0.0 0.0 0.0 0.0 
0.18539229040103256 0.11406629158148346 0.0 0.0 0.0 0.0 0.025813655235463927 0.004697831933593348 0.015620228504214875 0.0 0.0 0.005413170388089819 0.0 0.01421409731691179 0.13961306533399565 
0.22316791175859038 0.1465902821237309 0.0 0.005702002181066301 0.010987954457778422 0.014762487644236173 0.0 0.0 0.0 0.015766373022567847 0.0 0.0 0.0 0.07866741206103167 0.006853559211079563 
0.007434439747164003 0.24511737482923063 0.0 0.0 0.0016677652185725182 0.0 0.0 0.0 0.003546562270529106 0.005936742205682704 0.0 0.0 0.23083470100214296 0.006794456618044513 0.0 
0.2653348740303178 0.09834719051576013 0.0 0.0 0.0 0.0 0.036918756582048406 0.004608743852407705 0.016191305512548593 0.0 0.0 0.06732349234252598 0.0 0.007019615175749373 0.013902103974567613 
0.1475050016744515 0.2964043944377255 0.0 0.0 0.0 0.0 0.0 0.0 0.0 0.0 0.039392096653061634 0.0 0.0 0.019571585687908587 0.0 
0.346013100815587 0.054322726121929746 0.0 0.0 0.0 0.015293002931285783 0.0 0.0 0.0 0.06107672574228471 0.0 0.0 0.0 0.0 0.02589540709687872 
0.29609787108047764 0.0838560919479328 0.03903324015523892 0.0 0.0 0.0 0.0035588033714928297 0.04186493870649038 0.0 0.0 0.0 0.007274323364537797 0.0 0.01910117967942113 0.012258646390716341 
0.3543695284873523 0.05563465312903159 0.0 0.02853473004043857 0.00131289292140887 0.0 0.062031359136606005 0.0 0.0 0.0 0.0 0.0 3.0736901076327125E-5 0.0 4.7747308745613843E-4 
0.3841833635441598 0.06031531057413369 0.0 0.0 0.00966886013015663 0.037010043117834325 0.0 0.0 0.0 4.852194538170248E-4 0.0 0.0 0.0 0.0 0.012280535435516717 
0.27613711617447045 0.06130928038372512 0.023516368761417935 0.0 0.06512412709041415 0.033746305117173525 0.005309579968422749 0.0 0.0 0.0 0.001247446029973304 0.008218168844399992 0.0021575755963038935 0.0 0.02751130781836876 
0.4380885902858534 0.03043935886384889 0.0 0.03857441450447438 0.0 0.0 0.0 0.0 0.0 0.0 0.0 0.0 0.0 0.0 0.0 
0.470276303713307 0.01741611443156724 0.013689919751685702 0.0 0.0 0.0 0.0 0.0 0.0 0.0 3.622792165511271E-5 0.0 2.109251921697386E-5 0.0 0.0 
0.0 0.5093847716111022 0.0 0.0 0.0 0.0 0.0 0.0 0.0 0.0 0.0 0.0 4.2857049172379554E-5 0.0 0.0 
89.46712956499731 0.0 0.0 0.0 0.0 0.0 0.0 0.0 0.0 0.0 0.0 0.0 0.0 0.0 0.0 
0.3226671054416293 0.0 0.0055868284518881955 0.00939140168999781 0.0014085044178826318 0.02257824885894537 0.016482189465762225 0.0 0.0 0.03093308836772692 7.004717813301247E-6 9.807185575814328E-4 0.008064591995648863 0.0 0.0838464654370229 
0.36635189815411756 0.0 0.0 0.0 0.0 0.0 0.01992467023752205 0.004443949353101117 0.01849605263941223 0.0 0.0 0.006409783596776474 0.0 0.08589552412048575 0.0029350062765417396 
0.2572026626895875 0.0 0.0 0.014182768054971954 0.0 0.03154395530391874 0.013806682784519825 0.02875027360468447 0.03429372735414128 0.03194851364024127 8.587959414765061E-4 0.0072701196888922005 0.04459506513904434 0.011000542614347063 0.030471709813485154 
0.38699177121479933 0.0 0.0 0.01126993449525907 4.788888346977283E-5 0.015794474505288834 0.0 0.0 0.019602990660578426 0.0 0.0 0.05649000380847886 0.0 0.013595916504227664 0.0022936170525640026 
0.45666093133236757 0.0 0.0 0.0 0.0 0.0016155510504857443 0.0 0.0 0.008030577579065 0.0 0.007811268313511532 0.0 0.006898840625878075 0.015974879995943488 0.005390516249700837 
0.39847070098253634 0.0 0.0 0.006144774730310775 0.0 0.0154564873782479 0.0 0.0 0.0 0.06172964490898461 0.0 0.0 0.0013330655809580191 0.0 0.0228992156755138 
0.49292955035119534 0.0 0.0 0.0 0.002576510715232961 0.0017529753095854163 0.0 0.0 0.00871368578144191 0.0 5.529470251664907E-4 0.0 0.0 0.0 0.0 
0.3768809595874158 0.0 0.0 0.0 0.0 0.001333309657984243 0.019458565564118322 0.07915525172977762 0.0 0.005389071726238909 0.0 0.003747268164437244 0.002112707483241219 0.012432803872384122 0.0029290841995435156 
0.3652045895054835 0.025375218175457258 0.0 0.011338520409245819 0.0 0.0 0.06262944363038417 0.0 0.02199091076368484 0.008062096648528255 0.0 0.0 0.008212519038863176 0.0017511363725937958 0.0 
0.39546231216774863 0.0 0.0 0.006098382683110127 0.016141788577254013 0.058319956630136005 0.0 0.0 0.0 0.0 0.0 0.00838789620534843 0.0 0.0 0.016580858710323314 
0.37913226984473836 0.0 0.0 0.01144707301543118 0.08295100068938774 0.02163015192734436 0.0 0.0056966131099228014 0.0 0.0 0.0 0.0 0.0 0.0 0.002931115912465972 
0.38456094392338647 0.0 0.009882752263968505 0.07592163764055909 0.0 0.024196657922506006 0.0 0.0 0.003425866826922569 0.0 5.442208500791117E-4 0.0039260938281325125 2.190035253795247E-4 0.0017506623057398905 0.0 
0.34269943416125664 0.0 0.10098898947493042 0.02663836590448544 0.0 0.0 0.0 0.002689982329944718 0.0 0.0 0.0 0.014536268619476277 0.0 0.01974375467941561 0.0 
0.4509685384593636 0.04282112895964147 0.0 0.011559199608604824 0.002641425676143411 0.0017971413683663643 0.0 0.0 0.0 0.0 5.571158933933913E-4 0.0 0.0 0.0 0.0 
0.16277687456380213 0.1453625470345244 0.13805113805707084 0.0 0.0 0.0241879778313062 0.0 0.002690278296629011 0.0 3.910545733013544E-4 0.0 0.010211803598601587 0.0 0.018482819115780508 0.0 
0.0 0.0 0.1689456107533344 0.002412788808710991 0.0013276048934237929 0.0 0.016122150726071097 0.0021721583645956956 0.0 0.015623876838429744 0.0 5.517535178476936E-4 0.05428190460829832 0.2449100279420385 0.0 
0.24096941024118418 0.06824349309938742 0.031765905055946814 0.06563083599615656 0.0 0.0753824864403035 0.0 0.0 0.003338794487651853 0.0 5.303888522548259E-4 0.0 0.0 0.01967524720101265 0.0 
0.0 0.0 0.0 0.0 0.0 0.478525038037664 0.025808648177805052 0.0 0.0 0.0 0.0 0.0 0.0 1.130576651698757E-5 0.0 
0.0 0.0 0.14558884154021187 0.23434709227748826 0.032367348718778416 0.00772748581180984 0.0 0.03812637934445766 0.021125629098196475 0.019617498488342263 0.0 0.008799489569276342 0.012209763922629312 0.015351758314213516 0.4388439663662803 
9.347039527039793E-5 7.35771093575452E-4 5.265730852510389E-4 4.2944644916001316E-4 0.25226516435058133 0.0 0.0 0.0 0.0 0.0 0.0 0.24884618245464601 0.0 0.0 0.0 
0.4190184758507845 0.0 0.0 0.0 0.0021901823336437187 0.001490129861160102 0.04988519161276511 0.0 0.008281294059726944 0.0 0.02596835166938979 0.0 0.0 0.0 0.0 
0.2857380498668354 0.0 0.08420322309902226 0.0 0.0 0.0 0.02256693725456179 0.002244907526705639 0.0 0.0 0.0 0.01213114988556372 0.0 0.01647702402794619 0.0840393858307299 
0.2289128058069667 0.0 0.003963517058032655 0.003837164652201687 0.02355696196154171 0.018424496742617313 0.012702144107971599 0.02645024327492833 0.019752811270957 0.027618674334683277 0.0 0.10073945496039345 0.013330475019509121 0.011351937132921852 0.013758992822814398 
0.0 0.0 0.0 0.0 0.0 0.0 0.0 0.0 0.4301478476410433 0.0 0.0715983747616965 0.0 5.098979894568453E-4 0.0 0.0 
0.0 0.0 0.0 0.4301467523507953 0.0 0.016391055260555776 0.011054488330628873 0.0 0.013082248661267804 0.016515980888270894 3.1573268006816426E-4 7.151534817694418E-4 0.0 0.013541120585468584 0.0 
0.2607809582631457 0.0 0.10777634639248247 0.0 0.08612483263477419 0.0 0.0033198927064584504 0.0244913777741164 0.0 0.0 0.0 0.011425822804367573 0.0 0.0068682523336217665 0.0029307084490821306 
0.0037382932295904445 0.002300059212932482 0.0 0.0 8.448430613403213E-4 0.0 5.933389334802742E-4 1.0798186323176699E-4 3.590382546318403E-4 0.337646743100581 0.0 0.005413170388089819 0.0 0.01421409731691179 0.13961306533399565 
0.0 0.0 0.0 0.24320945079133494 4.007205609819943E-4 0.0 0.0 0.0 0.0 0.0117386228193797 0.0 0.2448154883957424 4.2081284025165155E-5 0.002728700358343868 0.0 
0.3786136477512313 0.0 0.0 0.0 0.0 0.001339439471136967 0.0910280634753214 0.005418439924224816 0.008348156665669723 0.0 0.007360827288181888 0.0 0.003554447129921729 0.0070053132874387716 0.0054520828532424 
0.2892585536173042 0.11468215225743257 0.0 0.0036261831087916014 0.0293968131387412 0.0 0.04435785573857701 0.0 0.01396039560425192 0.0 7.66222446401735E-5 0.008296003995623281 0.0 2.258159187102228E-5 0.0 
0.0 0.0 0.23782986471958786 0.00963614609708051 0.0 0.010143029751893032 7.012641295098485E-4 0.0 0.24125528656749406 0.0 0.0 0.0 0.0 0.0026790060225604377 0.0 
0.2655675921865062 0.05896258422538913 0.022616247737569133 0.0 0.06263141248176858 0.032454619354743225 0.0 0.0 0.0 0.021984474772629752 0.0012449630421847479 0.008201810931997663 0.002153281034671737 0.0 0.02745654774080318 
0.0 0.0 0.0 0.0 0.0 0.0 0.0 0.0 0.0 0.44736727489629946 0.05388554802177468 0.0 0.0 0.0 0.0 
0.3152469115583887 0.0 4.1835218529662254E-4 0.0 0.07448004204021998 0.0 0.0 0.0044884575486234665 0.056818851133061905 0.0 0.0 0.0 0.022657915243774175 0.027874806752003475 0.002937718527501813 
0.0 0.0 0.3488917559028739 0.0632943491631831 0.0 0.007186462852813559 0.0 0.05769165918552318 0.021997434654416847 0.0 5.453943447139119E-4 0.003934559600883346 2.1947575914638208E-4 0.0017544372306124564 0.0 
0.0 0.0 0.0 0.0 0.0 0.0 0.0 0.2509620457418947 0.0 0.0 0.0 0.0 0.2507856581176165 0.0 2.3854402780888498E-4 
