0.0 0.0 0.5000026455388102 
0.0 0.04182028694662084 0.45819915899636837 
0.0 0.08330909228506575 0.416773072717647 
0.0 0.1246246799156912 0.3753888408134229 
0.0 0.16675481567396921 0.33339557887315785 
0.0 0.2084207688617155 0.29169924958439925 
0.0 0.25041847365337827 0.24961290821270524 
0.0 0.29163991023483493 0.20838292669502334 
0.0 0.3333271236130279 0.16668761628538506 
0.0 0.3750399246880689 0.1249627708442618 
0.0 0.4166336166694415 0.08337208338201157 
0.0 0.4580436243931198 0.04198321464373981 
0.0 0.5000162424929062 0.0 
0.041870457677001774 0.0 0.45818627854698385 
0.04279168824818388 0.04312013055681252 0.414163282095169 
0.042154314487323784 0.08290733596578381 0.3749554252821182 
0.04178403355382233 0.12562757115826434 0.33269374018485237 
0.04101190741293939 0.16698194022242502 0.29207681296813726 
0.03929836111104449 0.21020109035296614 0.2505607440134809 
0.04069484853629251 0.24952578616329568 0.20979187514410608 
0.04136297374556116 0.29136623843250514 0.16729970025686877 
0.043969641286259506 0.3341780239661093 0.12186987503769606 
0.03921905991625275 0.3775361154548904 0.0833964083567822 
0.043093216827401574 0.41483007798283256 0.04226614874061238 
0.040723840118195694 0.45931380466433996 0.0 
0.08339361337634496 0.0 0.41667342131025664 
0.08311981443925441 0.04165602214873359 0.3753419525895348 
0.08328514973639697 0.08323773856842612 0.33349939213244983 
0.08349413890276255 0.12463124604446982 0.2918802398257705 
0.08357008511815674 0.16683810199690108 0.2496026547649138 
0.08329447291298084 0.20832110323010145 0.20843323153050933 
0.08195993206783521 0.2515910036913849 0.16649160079119527 
0.08130735334447237 0.2930599256972384 0.1256569119512314 
0.08070866336091886 0.33301077255754913 0.08635999104751409 
0.08330381494955684 0.3689597139876229 0.04775983385407738 
0.08307906643865842 0.4169359801928823 0.0 
0.12512738923312383 0.0 0.37496438665940623 
0.12519827710553827 0.0396882840967984 0.3351231715946761 
0.1253919436726621 0.0835629365438231 0.29107731211920085 
0.12520482659551554 0.12520482659551554 0.24960411612470096 
0.12565106740730247 0.16735424276264343 0.20704258269528333 
0.12467033881360726 0.20805165877439016 0.1672960726861241 
0.12524741278945456 0.25080716680154824 0.12402347962173524 
0.12451936188896552 0.2923493785388565 0.08314606869987992 
0.1268935245220453 0.3318293980941561 0.04142113621621724 
0.1257261637441712 0.37434602151977286 0.0 
0.1666831367112146 0.0 0.3333732891585398 
0.16724974720276123 0.04100601433932601 0.29181763727800125 
0.1668025060575527 0.08360923855726332 0.24960620082063273 
0.16659526429504337 0.12284620095932851 0.21056776150942558 
0.166765161839267 0.166765161839267 0.1664813122926748 
0.16704821560524274 0.20701357080894556 0.12597887792322016 
0.16580913182336526 0.25045788050022655 0.08379945485905485 
0.16709212387349223 0.28945623043723967 0.04349051652022211 
0.16668036848202367 0.33339959996388596 0.0 
0.20838864782066285 0.0 0.29165429397070436 
0.20799108059542526 0.042465504319155294 0.24965089687466602 
0.2085593846306569 0.08347438579103114 0.2080493572699755 
0.2113962606992674 0.12215157687181108 0.16649005433382416 
0.20790399603276918 0.1661356730923512 0.12597142912368844 
0.20828216488041912 0.20828216488041912 0.08344564879429951 
0.20937010295473146 0.24860654046992103 0.042069224925487814 
0.20786967614527402 0.2921425035568617 0.0 
0.24984355368969335 0.0 0.25017364414754983 
0.2493349285797819 0.04229422627261514 0.2083752417452223 
0.2500804594325324 0.08352698908434418 0.1664150563294655 
0.250335500354544 0.125479892737782 0.12419503590183119 
0.24984227794314565 0.1664983714761494 0.08370640911222092 
0.24839531570369805 0.20925701866459379 0.042439793337128176 
0.2500070557341525 0.2500070557341525 0.0 
0.2916385000349304 0.0 0.2083819190771596 
0.2928005462754288 0.040727086007510224 0.16647996888537794 
0.2925709016198737 0.08113544442263554 0.12630538320768409 
0.29243867249430855 0.12463894467749666 0.0829440537504071 
0.29036780617549574 0.16616866378691966 0.043489384424482615 
0.2913061942412223 0.2089256597645055 0.0 
0.33325316558254525 0.0 0.16683680481702967 
0.3288251548001222 0.04522460024243018 0.12597482592231118 
0.33306266119517014 0.08324198716419229 0.08370191892668585 
0.33149508311004966 0.12505461167603418 0.04348287279330496 
0.33306729455185924 0.1669489478545384 0.0 
0.37480165865379933 0.0 0.1252232899567559 
0.3722422194816537 0.0443996584295996 0.08336650653548358 
0.3719948577695871 0.08455803199856983 0.0434909485651177 
0.3748254238077807 0.12519186486608955 0.0 
0.41663844587318793 0.0 0.08336581981377131 
0.4146037850097884 0.044006764320977526 0.04141098928670141 
0.416895164057639 0.08313775625323835 0.0 
0.4583615791174766 0.0 0.041684827652861044 
0.4570656036024356 0.04282757123152116 1.688305362149331E-4 
0.5000087674045801 0.0 0.0 
