0.0 0.0 0.5000172306829249 
0.0 0.04246615733902855 0.4577699189120526 
0.0 0.08331045676476857 0.4167133344162567 
0.0 0.12504033338666473 0.37517756335904867 
0.0 0.16662481685529185 0.3333947416463709 
0.0 0.20795033892099316 0.29207191476838695 
0.0 0.2497158047272052 0.250331517973353 
0.0 0.29174551622237427 0.20833472176841067 
0.0 0.33329841527252607 0.1667254463641849 
0.0 0.3750498129333535 0.124960759036435 
0.0 0.41666639063067973 0.08336377400171222 
0.0 0.4581964658476848 0.041849498951748484 
0.0 0.5000050629916704 0.0 
0.04201112909522281 0.0 0.45821658677960037 
0.04075842196749243 0.043423763758699226 0.4160130776238307 
0.039999480971993184 0.08211416185508405 0.3779287069365298 
0.04311638411100359 0.12622246418700026 0.3307089257851301 
0.04024109125174346 0.16771939497544935 0.29208616693631734 
0.04210745385851369 0.20866817525633904 0.2492778551549603 
0.042127492990721924 0.2501515764085948 0.20778256130633327 
0.04355827342300474 0.2913159786486025 0.16522485670393477 
0.042115938312707386 0.33236956024184966 0.12551770281638905 
0.04153101014174976 0.375545067781561 0.08298967306552056 
0.04211064640410589 0.41333945668376204 0.0445808856088519 
0.042297363810135005 0.45772267958298796 0.0 
0.08416314752012422 0.0 0.41591899426604867 
0.08321461857615185 0.04187646061624055 0.3751155030722356 
0.08381940892432586 0.08306125750249437 0.3332974841712755 
0.08055764193405199 0.12734578148721903 0.2922817896286925 
0.08339362959124867 0.1657180253672844 0.25090245286331103 
0.08291352066753345 0.20882953233117552 0.2083329627867351 
0.08549705416176767 0.25029113826531757 0.16425583441060143 
0.08402409618092986 0.2922835264935718 0.12376076497326527 
0.08338213553505168 0.3337962310919683 0.08301002644114786 
0.081221630696198 0.37665935846530374 0.042186609353683756 
0.08395910254371201 0.4160686794985103 0.0 
0.12454072006478387 0.0 0.3754783423657835 
0.12496173142750779 0.04136838893922874 0.33369483931469623 
0.12817845993111832 0.07966375795774477 0.29219574360668393 
0.12523867779757825 0.12523867779757825 0.24954887179976604 
0.12584064335133696 0.1657277838691192 0.2084623777617534 
0.12625677146101905 0.20640945027165725 0.1673499901561773 
0.12512044275336243 0.2496981149354031 0.12530363288942348 
0.12153645698076375 0.29552628366803074 0.08298701921863201 
0.12634736713677427 0.33067600881041687 0.04301953264468848 
0.12500442161407488 0.37501326484222464 0.0 
0.1666272511731003 0.0 0.3333996124019531 
0.1672463806698325 0.04075748052593234 0.2920303823755026 
0.1683057547776694 0.08247900231003065 0.24928692861038865 
0.16460176051452663 0.1272301270675939 0.2082345263173261 
0.16727004253056596 0.16630101885214735 0.16649236649223897 
0.16445610747187664 0.21284008386169803 0.12277544526481195 
0.16688799314359673 0.25016384706065703 0.08298485025144212 
0.16607669620512638 0.29211659807739937 0.04193694336001146 
0.16694593353113577 0.3331676581502142 0.0 
0.2084143676501921 0.0 0.2916974445289678 
0.20805526882101721 0.04185401755798534 0.25052547668432584 
0.20768918884788193 0.0846920360883404 0.20785518415665738 
0.20815824136120337 0.12542418167714275 0.16649803733468477 
0.2068028677002235 0.16734771075302174 0.12585712186633674 
0.20793013708732877 0.2104698441025133 0.08162381373547692 
0.20443067602480836 0.2526766793648893 0.04295823986526344 
0.20708134951454207 0.2929986194685379 0.0 
0.25010983519544916 0.0 0.2500160403652367 
0.24801153126095518 0.04425307373839312 0.2077722784965536 
0.24875875758199867 0.08393755725542647 0.167365128695814 
0.24986100590471186 0.1257386592925098 0.12446949675605391 
0.24882127318012562 0.1682186420315819 0.08298247741999695 
0.2513180391034089 0.20585894316529615 0.04296478329129718 
0.25000690595305386 0.25000690595305386 0.0 
0.291757696172371 0.0 0.2083434194393349 
0.29321090582064785 0.040499090756582465 0.1664194473011413 
0.29039175147015356 0.0846791497963515 0.12496778534074596 
0.2919691841261667 0.12586315001267273 0.08246383963795315 
0.28936494544774016 0.16775754912494362 0.042959662622185674 
0.29185151288085887 0.20820864388795193 0.0 
0.33331712199808594 0.0 0.16673480400594398 
0.3334164602333683 0.041732606619987005 0.12499382889743231 
0.3354242525941224 0.08174196289496329 0.0830076086113611 
0.333326547874086 0.125221072170549 0.04152178295284739 
0.3326598522005011 0.1674058889848833 0.0 
0.3750301352397787 0.0 0.12498586838611245 
0.37322910394928327 0.04379791349743957 0.08297991102658335 
0.37591438461288423 0.08155735012448848 0.04258015743385397 
0.37501286750089735 0.12501514934821004 0.0 
0.4162691265326675 0.0 0.08376894807222365 
0.4163471025848551 0.042341753429596715 0.04141093196769222 
0.4162819157333277 0.08374251086697033 0.0 
0.45850940597031786 0.0 0.04151832264375368 
0.4574965433705027 0.04251563966412288 0.0 
0.5000403730543219 0.0 0.0 
