0.0 0.0 0.500012673481864 
2.597584596151386E-4 0.041710969479608 0.45804826327648795 
0.0 0.08328258183882326 0.41672286179467627 
0.0 0.1250162256965834 0.3750166021546095 
0.0 0.16652811121179625 0.3335546381734144 
0.0 0.20841507001791482 0.2915893071933897 
0.0 0.2501098028995711 0.24991316930501195 
0.0 0.29167042892772654 0.20833210353060536 
0.0 0.33335846084497966 0.16666449698834365 
0.0 0.37507785594624266 0.12492661990189391 
0.0 0.4167099134430066 0.08330313373579742 
0.0 0.4583804174651257 0.0416529653453014 
0.0 0.5000077361798745 0.0 
0.0419706551566352 0.0 0.4580474689624592 
0.04172196105223765 0.04172196105223765 0.41658362561523005 
0.04183538455233305 0.08417344415758062 0.3740142913401386 
0.04184035458520513 0.12466608289242835 0.33351122583597825 
0.040999644414691554 0.1668853655550564 0.2921287903526036 
0.04225553760547105 0.20807036736981624 0.24969664330693184 
0.04050363624376866 0.24957422051294034 0.20996555174714912 
0.04174284426769666 0.2915498836200534 0.16673018673160747 
0.041279898630216694 0.33405799006199327 0.1246806564997499 
0.041561880281825 0.3756863472803569 0.08281196815249763 
0.04276056458987394 0.41585367331772877 0.04140237536271227 
0.04164239881723823 0.45840681769820263 0.0 
0.08344349224287548 0.0 0.416581479583509 
0.0824722392323074 0.04046853852559322 0.37709195004652146 
0.08325686161346164 0.08325686161346164 0.3335258191406792 
0.08196232965629334 0.12628985569165077 0.2917497829546879 
0.08297794392326854 0.1663803526063212 0.2506542000460956 
0.08284331108916729 0.20851236953091232 0.20864542263931538 
0.08644286805904011 0.2472695822010059 0.16636986548182126 
0.08111786295666502 0.29214261659264296 0.12679324483851936 
0.08246058399738924 0.33480277395271724 0.08281497110642332 
0.08455310531874947 0.3738688293412295 0.04158754279271037 
0.08440252421882319 0.415606219121362 0.0 
0.12499151024851467 0.0 0.37502464722622125 
0.12609983500107075 0.04125612795505181 0.3327995632734168 
0.1251488403407912 0.08311061725527125 0.29175997097171436 
0.12511414382432995 0.1250082171561348 0.24993139414672924 
0.12401007495853866 0.16738163743946094 0.2086712256904746 
0.12625272200219714 0.20707707433034014 0.16674873027667786 
0.1247610466740456 0.2501602950822277 0.12508170119939194 
0.12501504137395789 0.2888894949931743 0.08611079911082202 
0.12602574208646683 0.33241243626914396 0.04158901640323405 
0.12564683920106548 0.3743730048729186 0.0 
0.16693545766311177 0.0 0.3330826406976982 
0.16558024423753678 0.042704853686108074 0.29179589165122394 
0.1671558838334165 0.08327047987181702 0.2497968495067693 
0.16753504988588397 0.12414444819557664 0.20833858137575959 
0.16738840424708964 0.16631278278416176 0.16634030321119028 
0.165558588344483 0.20776619187844136 0.1268150872019621 
0.16616045416965505 0.2528343733408532 0.08101234219156829 
0.1663421113417452 0.29179014413526877 0.041879656310275924 
0.16639248480275481 0.3336361324899141 0.0 
0.20841524677698098 0.0 0.2915895544934225 
0.20853843905057534 0.041622521594636815 0.2499049946819432 
0.20868514072919478 0.08347228398229146 0.20785168536591733 
0.21400171905103546 0.11961262297684282 0.16646143169204258 
0.20847604437127326 0.16661870550016644 0.12493224673626518 
0.2085426331127641 0.2081788639420722 0.08330544937824859 
0.2083037803255292 0.25031455811207537 0.0414027455467761 
0.20865903088461146 0.29138709639134297 0.0 
0.250153603068254 0.0 0.24989764463329506 
0.2523104050936584 0.03670888742064105 0.21099360954583196 
0.25005324238840143 0.0833040219297061 0.16666389877779042 
0.2498154407307033 0.12559105761399872 0.12463410192808617 
0.2510582714781682 0.16616139628965818 0.08280629984134763 
0.2502964333696582 0.20788523263454597 0.041975320432224024 
0.250354339980381 0.24966626171157139 0.0 
0.2916710180341646 0.0 0.20833252431300656 
0.2913323178374971 0.04132188307561394 0.16735648490782817 
0.2914754165773532 0.08146109084890903 0.12712029550698373 
0.2876130445764826 0.12910484227277774 0.08330472767370498 
0.2907970918150471 0.16763072780035335 0.04158807666951015 
0.2922176412918148 0.20781164874715718 0.0 
0.3333470635115341 0.0 0.16665879882534848 
0.33465580835297487 0.0405359907479361 0.12491577791882573 
0.3322518442233811 0.08402823615867241 0.08398309570415914 
0.33256754159641605 0.12607623827800282 0.04140504232657422 
0.33282345158907606 0.1670517510589493 1.3300998032975806E-4 
0.3750849260943264 0.0 0.12492897474553054 
0.37217748116663546 0.04508089373201159 0.08281398211169187 
0.37651256242437947 0.08161505042770928 0.04187923190982405 
0.3751156267634647 0.12490210712027454 0.0 
0.4166452333519816 0.0 0.08336257477252092 
0.4156084912805202 0.042997834176133495 0.0414016610493806 
0.41662964104150446 0.0833832335840834 0.0 
0.4583546026040915 0.0 0.041650619552437915 
0.45832565645548123 0.041692016916751125 0.0 
0.500004494331618 0.0 0.0 
