0.0 0.0 0.0 0.0 0.0 0.0 0.0 0.0 0.0 0.0 0.0 0.0 0.0 0.0 0.5000647676613674 
2.24508081015836E-4 0.0 8.820994210870534E-4 0.001016236448668901 9.845025057411537E-5 5.270175264337409E-4 6.692884583432422E-5 1.7898525684673775E-4 1.9229949423965216E-4 0.0 0.0 0.0 8.000490472527917E-5 0.25032110282415293 0.2471410792191232 
0.0 0.0 0.0 0.0 0.0 0.0 0.0 0.0 0.0 0.0 0.0 0.0 0.0 0.5003181985934297 0.0 
0.0 0.0 0.0 0.0 0.0 0.0 0.0 0.0 0.0 0.0 0.0 0.0 0.2536242951010692 0.0 0.2468284905022973 
0.0 0.0 0.0 6.510018617290441E-5 4.945295002455988E-5 0.0 1.3172037281488597E-4 2.8546904971528234E-5 3.0099228226811993E-7 4.096610662602075E-5 1.9839806412432807E-7 1.1229052877663619E-4 0.24962254308645132 0.25019295081881704 0.0 
0.0 0.0 0.0 0.0 0.0 0.0 0.0 0.0 0.0 0.0 0.0 0.0 0.5000513971111449 0.0 0.0 
5.135068350399347E-4 0.0011007082127778252 0.0 5.468115166213119E-4 1.832800912723049E-4 9.965123447186636E-5 3.512594635333844E-4 9.93567912343119E-5 7.636693927717003E-6 0.0 4.605397567133218E-4 0.24934352979967522 6.215019766291857E-4 7.359967973207819E-4 0.24725619869601567 
0.0 0.0 0.0 0.0 0.0 0.0 0.0 0.0 0.0 0.0 0.0 0.2501390403213786 0.0 0.2501323271119013 0.0 
5.739981269723575E-4 7.551099826134098E-4 5.662106617986551E-4 0.0 2.298867277327497E-4 2.2932200153864205E-4 1.707197836613007E-4 3.473026542782836E-5 8.240228377335882E-4 1.7935963764643178E-4 2.4652120870217363E-4 0.2466520057138176 0.2504618869476447 0.0 0.0 
0.0 0.0 0.0 0.0 0.0 0.0 0.0 0.0 0.0 0.0 0.0 0.5000923099073624 0.0 0.0 0.0 
5.9185812922020284E-5 9.612280661010922E-5 1.3962154897247475E-4 2.9493016850460426E-4 0.0 6.011961754668227E-4 7.879669762833593E-5 2.678776528855497E-5 0.0012484567435423275 7.697972991666809E-4 0.24975388740270235 0.0 0.0 7.059367461064843E-4 0.24697488398992473 
0.0 0.0 0.0 0.0 0.0 0.0 0.0 0.0 0.0 0.0 0.250060201325774 0.0 0.0 0.25020203776968697 0.0 
0.0 0.0 0.0 0.0 0.0 0.0 0.0 0.0 0.0 0.0 0.2502199950254633 0.0 0.2502199950254633 0.0 0.0 
0.0 0.0 0.0 0.0 0.0 0.0 0.0 0.0 0.0 0.0 0.2497637557373239 0.2511131580535465 0.0 0.0 0.0 
0.0 0.0 0.0 0.0 0.0 0.0 0.0 0.0 0.0 0.0 0.5002091278870076 0.0 0.0 0.0 0.0 
9.914434751414417E-6 8.247080905142941E-7 2.2046004147782147E-7 0.0 3.569986771510781E-4 9.667263928368748E-4 8.762293876701742E-4 0.0022042149468469063 5.4963207938051776E-5 0.24699397981846935 0.0 0.0026754731694458122 0.0 0.0 0.24732993459660105 
0.0 0.0 0.0 0.0 0.0 0.0 0.0 0.0 0.0 0.2494444039844633 0.0 0.0 0.0 0.2510343624527431 0.0 
0.0 0.0 0.0 0.0 0.0 0.0 0.0 0.0 0.0 0.2508326880717835 0.0 0.0 0.2508326880717835 0.0 0.0 
5.130594237025659E-4 0.0 0.0 6.559746620756468E-5 1.387970422198563E-4 5.4077448418061266E-5 9.088454907204813E-6 7.947909628713705E-6 2.070224242511782E-5 0.25062202301488723 3.996104453112759E-4 0.2487571000414361 0.0 0.0 0.0 
0.0 0.0 0.0 0.0 0.0 0.0 0.0 0.0 0.0 0.2501122575592868 0.2501122575592868 0.0 2.542513186327637E-4 0.0 0.0 
0.0 0.0 0.0 0.0 0.0 0.0 0.0 0.0 0.0 0.5003663621936045 0.0 0.0 0.0 0.0 0.0 
0.0 0.0 0.0 0.0 0.0 0.0 0.0 0.0 0.24747490493422178 0.0011113969371993723 9.274064033306833E-4 0.0 0.001145771731177022 0.0029911538731124264 0.24685412353877725 
0.0 0.0 0.0 0.0 0.0 0.0 0.0 0.0 0.2513510994390013 0.0 0.0 0.0 0.0 0.2498023743375815 0.0 
0.0 0.0 0.0 0.0 0.0 0.0 0.0 0.0 0.2504427014337591 0.0 0.0 0.0 0.249771000073753 0.0 0.0 
0.0 0.0 0.0 0.0 0.0 0.0 0.0 0.0 0.2517674009082085 0.0 0.0 0.24869437260268734 0.0 0.0 0.0 
0.0 0.0 0.0 0.0 0.0 0.0 0.0 0.0 0.24715228132810355 0.0 0.2529304865300636 0.0 0.0 0.0 0.0 
0.0 0.0 0.0 0.0 0.0 0.0 0.0 0.0 0.25029330464537125 0.25029330464537125 0.0 0.0 0.0 0.0 0.0 
0.0 0.0 0.0 0.0 0.0 0.0 0.0 0.0 0.5001110709017649 0.0 0.0 0.0 0.0 0.0 0.0 
0.0 0.0 0.0 0.0 0.0 0.0 0.0 0.25064975928989985 9.80754542932239E-4 0.0 0.0011000759363060332 0.0010894935012689796 2.5585504173215434E-4 1.3806456524152608E-5 0.2472814685532024 
0.0010835405472757829 0.0 0.0010634480271381644 8.350005602293477E-4 0.0 0.0 3.3681738021971834E-4 0.2504905576021752 0.0 0.0020911494932771123 0.0033764200688528516 1.1429860369885101E-4 0.0 0.2443110547043835 0.0 
1.3744934797209505E-6 6.959632564483274E-5 1.2459983305355702E-4 0.0 1.1682244504795518E-4 8.714845374913792E-8 9.488229986611533E-4 0.24902414329967543 0.0014952454330648076 0.0 0.0 0.0 0.2512741146545715 0.0 0.0 
0.0 0.0 0.0 0.0 0.0 0.0 0.0 0.251345532125515 0.0 0.0 3.9947414190293095E-4 0.2486722513069161 0.0 2.3153838155909882E-4 0.0 
0.0 0.0 0.0 0.0 0.0 0.0 0.0 0.24599643625003353 0.0 0.0 0.2542545611239626 0.0 0.0 0.0 0.0 
3.0684387067136094E-5 4.537435313379884E-5 1.5639383047331618E-4 2.972033831797536E-5 8.73816416885025E-5 3.068587187371256E-5 0.0 0.2502216445324764 0.006318054930015425 0.2427757166728875 0.0024875469802415045 0.0 0.0 0.0 0.0 
0.0 0.0 0.0 0.0 0.0 0.0 0.0 0.25030640954884753 0.25030640954884753 0.0 0.0 0.0 2.521860937654051E-4 1.3608102925647185E-5 0.0 
0.0 0.0 0.0 0.0 0.0 0.0 0.0 0.5002921848701654 0.0 0.0 0.0 0.0 0.0 0.0 0.0 
5.108851742173175E-4 7.554683838083423E-4 1.7852369984351648E-4 2.769129490012559E-4 3.5813134249111086E-4 1.8467578412018437E-4 0.24868236371675523 0.0 7.276854236303203E-4 0.0 0.001124001880790068 3.1614496659726427E-5 0.0 0.0010015671989702655 0.24703046460032912 
0.0 0.0 0.0010825607951920628 0.0 0.0013750900669272828 0.0015370202952842576 0.247975497551298 0.0021411195820962713 0.0013079881733591865 0.0014449759872757573 0.0 0.0 0.0 0.24428538418214849 3.6791303106108994E-4 
0.0 0.0 0.0 0.0 0.0 0.0 0.2509827357121628 0.0 0.0 0.0 0.0 0.0 0.2509827357121628 0.0 0.0 
0.0 0.0 0.0 0.0 0.0 0.0 0.24840973209626832 9.926228270514428E-4 0.0 9.973235391135022E-4 0.0012465206688072423 0.2485746501931433 0.0 0.0 0.0 
0.0 0.0 0.0 0.0 0.0 0.0 0.25183147661294414 0.0 0.0 0.0 0.25183147661294414 0.0 2.55998988721693E-4 0.0 0.0 
0.0 0.0 0.0 0.0 0.0 0.0 0.25084443835874026 0.0 0.0 0.2505834127741 0.0 0.0 0.0 0.0 0.0 
5.405464084034244E-4 3.830796210230038E-6 7.080110902015693E-4 4.4149945405517696E-4 0.0 5.718171719164426E-4 0.24880399126836747 0.0 0.24718797679193458 0.0 0.0 0.0 0.0 0.0 0.0022856756076551675 
0.0 0.0 0.0 0.0 0.0 0.0 0.252054218630941 0.25129048932189424 0.0 4.4749109234751397E-4 0.0 0.0 0.0 0.0 0.0 
0.0 0.0 0.0 0.0 0.0 0.0 0.5009860250829608 0.0 0.0 0.0 0.0 0.0 0.0 0.0 0.0 
3.3763343207410875E-4 0.0 9.324686199804003E-4 0.001365264597669754 0.0 0.25116394392918345 0.0 0.0 4.460033523499445E-4 0.0 0.0 9.83667083853107E-4 0.0 0.0 0.2483901792266971 
0.0 0.0 0.0 0.0 0.0 0.25444880012679594 0.0 0.0 0.0 0.0 0.0 0.0 0.0 0.2484231331675835 0.0 
0.0 0.0 0.0 0.0 0.0 0.25041665420260273 0.0 0.0 0.0 0.0 0.0 0.0 0.25041665420260273 9.814438502857327E-4 0.0 
0.0 0.0 0.0 0.0 0.0 0.2515200396489859 0.0 0.0 4.898780352693971E-4 0.0 0.0 0.2495403879222128 0.0 0.0 0.0 
3.754518110719452E-4 0.0021760938856020045 0.0020336494251444576 0.0018661858519876564 5.902787940018333E-4 0.2459706064896111 0.0 0.0 0.0 0.0 0.24646965707641721 0.0021532110931669957 0.0 0.0 9.88732665307419E-4 
0.0016656639717917592 0.0020627304917607715 2.703049567394314E-4 0.0 0.003989148810056393 0.24886556659227962 0.0023945489337813264 1.535590287575726E-4 7.953932285501369E-4 0.24587228531023791 0.0 0.0 0.0 0.0 0.0 
0.0 0.0 0.0 0.0 0.0 0.25022775457146246 0.0 0.0 0.24991167734509748 0.0 0.0 0.0 0.0 4.630339099114371E-4 0.0 
0.0 0.0 0.0 0.0 0.0 0.25326534081213703 0.0 0.251213123197235 0.0 0.0 0.0 0.0 0.0 0.0 0.0 
0.0 0.0 4.8435078746895336E-5 1.079184465071911E-5 1.821432206274125E-5 0.2505184003263995 0.2505958415718599 0.0 0.0 0.0 0.0 0.0 0.0 0.0 0.0 
0.0 0.0 0.0 0.0 0.0 0.50256618013732 0.0 0.0 0.0 0.0 0.0 0.0 0.0 0.0 0.0 
4.886555874694596E-4 7.225965158805642E-4 0.0013749327877254202 0.0 0.24945153148271865 0.0 7.23269803479256E-4 0.0 7.750315984596605E-4 0.0 0.001108406400692853 3.1845325716494314E-5 2.5671809228839325E-4 0.0 0.24810211688158165 
0.0011920584084536027 2.3275253099369584E-5 0.0011082507009596689 0.0023451464395586436 0.24720777444325945 0.0 0.0011416440826632508 0.0 0.0 0.0016393077780444362 0.002548117684396384 0.0 0.0 0.24412062721320268 0.0 
0.0 0.0 0.0 0.0 0.25079198235033545 0.0 0.0 0.0 5.434316815549246E-4 0.0 0.0 0.0 0.24998084042687044 0.0 0.0 
2.1579289556215275E-4 7.809062170523283E-4 9.96699112614481E-4 0.0026768325448788036 0.2472871972619557 0.0 0.0 0.0 0.0 4.4839661431817635E-4 0.0 0.24993241525914442 0.0 0.0 3.6878562998273704E-4 
0.0 0.0 0.0 0.0 0.2507533872425074 0.0 0.0 0.0 0.0 0.0 0.2507533872425074 0.0 2.54903058251462E-4 5.030058350728073E-4 0.0 
0.0 2.526326508126757E-4 2.7983567047069294E-4 0.00208503301986374 0.24773565916600124 0.0 0.0023339494784414476 3.9121385528520557E-4 0.005362935093568099 0.24421328248685548 0.0 0.0 0.0 0.0 0.0 
7.114761369487125E-4 3.7531188725426217E-4 0.0014134647213599688 0.0 0.2511415829016302 9.405715610927147E-4 0.0 0.0 0.2506463787538333 0.0 0.0 0.0 0.0 0.0 0.0 
0.0 0.0 0.0 0.0 0.24935617926996864 0.0 0.0 0.25359399361987983 0.0 0.0 0.0 0.0 0.0 0.0 0.0 
0.0 0.0 0.0 0.0 0.2457841768022057 0.0 0.2457841768022057 0.0 0.0 0.003947204188265243 0.004958158186505815 0.0 0.0 5.017146799067618E-4 0.0 
0.0 0.0 0.0 0.0 0.24855008459145023 0.24855008459145023 0.0 0.0 0.0 0.0 0.0 0.0 0.0 0.003143270844080855 0.0 
0.0 0.0 0.0 0.0 0.5001159631049852 0.0 0.0 0.0 0.0 0.0 0.0 0.0 0.0 0.0 0.0 
0.0 0.0 0.0 0.2513777472179147 0.0 0.001575713604041783 0.0 0.0 0.0 0.0 0.0 0.0 0.0013789105676857679 0.0 0.2475175940497288 
0.0 0.0 0.0 0.25142550201241076 0.0 0.0026607220264561627 0.0 0.0 0.0018975229909142704 0.0 0.0 0.0 0.0 0.24656705751371844 0.0 
0.0 0.0 0.0 0.24560717997800707 0.0 0.006005503955221703 0.003162978971272696 0.0 0.011227958029965655 0.0 0.005380317692194181 0.0 0.23343471156553405 0.0 0.0 
0.0 0.0 0.0 0.2490048531140001 0.0 8.16907524569587E-4 0.0 0.0 0.0 0.0027265682807656256 0.0028841981093501276 0.2429785833930789 0.0 0.004559543724730252 0.0 
0.0 0.0 0.0 0.24543616948433167 0.0 0.0 0.009441628332961695 0.005243482092999404 0.0026424164979948856 0.004365819703727865 0.22884553448758704 0.0 0.0 0.004537258263906944 0.0 
0.0 0.0 0.0 0.2509742645891147 0.0 0.0 0.0 0.0 0.0 0.25071310390892315 0.0 0.0 0.0 0.0 0.0 
0.0 0.0 0.0 0.25039068569464007 0.0 0.0 0.0 0.0 0.25039068569464007 0.0 0.0 0.0 0.0 0.0 0.0 
0.0 0.0 0.0 0.24344740690655986 0.003902682174094717 0.0 0.0 0.24845896220471897 0.006040228233114567 7.427191793750492E-4 0.0029926157352551733 0.0 0.0 0.0 0.0 
0.0 0.0 0.0 0.24824350791534772 0.0 0.0 0.24824350791534772 0.0 0.0 0.003986700148487032 0.0 0.0 0.0 5.017146799067618E-4 0.0 
0.0 0.0 0.0 0.25079803211734397 0.0 0.25079803211734397 0.0 0.0 0.0 0.0 0.0 0.0 0.0 0.0 0.0 
0.0 0.0 0.0 0.2520149913829553 0.24197914399904416 0.0 0.0035709304641173586 0.0 0.0 0.0 0.0 0.0 0.0 0.002520531798737577 1.834985831128928E-4 
0.0 0.0 0.0 0.501618147240201 0.0 0.0 0.0 0.0 0.0 0.0 0.0 0.0 0.0 0.0 0.0 
0.0 0.0 0.25109187216051576 8.681641312991897E-4 0.0 0.0 0.0 0.0 7.725756756552705E-4 0.0 0.0011048940786644301 0.0 0.0 0.0 0.24703598850917438 
0.0 0.0 0.24764946340121496 0.0023088157799111587 0.0 0.0 0.0 0.0 0.005299878840300857 0.0 0.002554128333536328 0.0 0.0 0.2458666983404133 0.0 
0.0 0.0 0.2512498395845315 0.0 5.834474777395949E-4 0.0 0.0 0.0 0.0 0.0 7.310743709672095E-4 0.0 0.2512031644093968 0.0 0.0 
0.0 0.0 0.23848625137777052 0.0 0.0 0.012208349137810116 0.0 0.0 0.0030541043976464784 0.007491189370849625 0.0 0.24243338236751874 0.0 2.3304491111231403E-4 0.0 
0.003486786052074749 0.013531647333801168 0.23184072237209888 0.0 0.0 0.005395372872092017 0.0 0.005230659866621399 0.00263595482578521 0.004355143682035812 0.22828592367996878 0.0013834225702024053 0.0 0.004538818781034762 0.0 
0.022692975579152688 0.015305762632810478 0.19814959014974773 0.012736100817544449 0.01185467278203105 0.022418365427431496 0.013230208713865484 0.012774168142100806 0.0 0.17200773769822017 0.008280841978652498 0.0018936682204485392 0.0 0.004464973619391789 0.013214420449104885 
0.0 0.0 0.2527221097521324 0.0 0.0 8.257817695345846E-4 0.0 0.0 0.24962785742921187 0.0 0.0 0.0 0.0 0.0 0.0 
0.010973581941947641 0.011982781819297812 0.22306024900940288 0.001141475481746888 0.0 0.01280226121476639 0.004285331783704971 0.21818305365530624 0.018985731447788076 2.8765125753026706E-4 0.0052171348616675 0.0 0.0 0.0 0.0 
0.0 0.0 0.2507386848102975 0.0 0.0 0.0 0.2507386848102975 0.0 0.0 0.0 0.0 0.0 0.0 0.0 0.0 
0.0 0.0 0.24765185323574423 0.0 2.9645751976067723E-4 0.2479483107555049 0.0 6.50080143715922E-4 0.0 0.0017705118469724067 0.0 0.0 0.0014856120726590128 0.0 7.343877135417387E-4 
0.016636127180257292 0.001578113884734905 0.23509191613720365 0.0 0.24321889246791953 0.0 0.003589225658910541 0.0 0.0 0.0 0.0 0.0 0.001229973430701027 0.0 0.0 
0.0056040731728491874 3.743383629708242E-4 0.2534717097594867 0.23826213844639516 0.0 0.0 0.0 0.0019215235181837317 3.2973573714266906E-4 2.1420771785117873E-4 0.0 0.0 0.00135515894992166 0.0 0.0 
0.0 0.0 0.5035117166624854 0.0 0.0 0.0 0.0 0.0 0.0 0.0 0.0 0.0 0.0 0.0 0.0 
0.0 0.2515872933331452 0.0 0.0 0.0 0.0 0.0025581268912079082 0.0 0.0 0.0 0.0 3.178292127375434E-5 0.0 0.0014220241275481648 0.24875050482151329 
0.0 0.2498876261097231 0.0 4.1347522393185636E-4 0.0 0.0 0.0 0.0 5.423680100059457E-4 0.002014227290125938 0.0 0.0019837304029924046 0.0 0.24692448141761936 0.0 
0.01425273488438022 0.23617836168918516 0.005141010856321659 0.0 0.0 0.0041262248191592165 0.0 0.0 0.005011533125607461 0.001985624893709698 0.0 0.003172230915908062 0.2321305158083127 0.0 0.0 
0.0 0.2366198223464316 0.0 0.0 0.0 0.0 0.0024059384022058605 0.0 0.0 0.0 0.0 0.26314643771753987 0.0 0.0028094611694726864 0.0 
0.0 0.24400545036104587 0.0 0.0 0.005211238524594373 2.1147134670172678E-4 0.004423880244115182 0.002157110810397562 0.0031188492818549234 0.005250303321092433 0.23800214435618458 0.0 0.0 0.0 0.0 
0.002140566950863802 0.24892793508253339 0.002550865062556595 0.0 0.0 0.0 0.0023643991086717267 0.0010228879824677691 1.6252531949641105E-4 0.2430112348960762 0.0 0.0 0.0 2.3142879644023776E-4 7.352825765518307E-4 
0.0 0.25387338206526333 0.0 0.0 0.0 4.312114141838645E-4 0.0 0.0 0.2503728602265119 0.0 0.0 0.0 0.0 0.0 0.0 
0.0 0.2543099710347601 0.0 0.0 0.0 0.0 0.0 0.24419498815106835 0.0 0.0 0.0 0.0029370193582970894 0.0 0.0 0.0 
0.0 0.2521318120130287 0.0 0.0 0.0 0.0 0.2521318120130287 0.0 0.0 0.0 0.0 0.0 0.0 0.0 0.0 
0.0 0.24860134671270287 0.0 0.0 0.0 0.24860134671270287 0.0 0.0 0.0 0.0 0.0 0.00390067659607834 0.0 0.0 0.001146734659894246 
0.0 0.24720399161854148 0.005074762767185517 0.0 0.24223240332016258 0.0 0.003574667858217352 0.0 0.0 0.0 0.0 0.0 0.0 0.0025231698284522708 0.0 
0.0 0.2476727292912421 0.005084385316050622 0.24707889116835663 0.0 0.0 0.0 0.0 0.0 0.0 0.0 0.0 0.0 0.0 0.001450475574999204 
0.0 0.24786397736791826 0.2451150711366612 0.0 0.0 0.0 0.0 0.0 0.0015707476226340677 0.0 0.0 0.010896757171186405 0.0016318335965774917 0.0015010442336766577 0.0010993168927037065 
0.0 0.5014419785441255 0.0 0.0 0.0 0.0 0.0 0.0 0.0 0.0 0.0 0.0 0.0 0.0 0.0 
0.239477036561096 0.0 0.011962407727209665 0.0 0.0 0.0 0.0025566235695876757 0.0 0.0 0.0 0.0 3.176424356356365E-5 0.0 0.001562068658946621 0.24874142821050438 
0.2508133979883264 0.0 0.0 4.150070474189755E-4 0.0 0.0 0.0 0.0 5.443773494011548E-4 0.002021689504287335 0.0 0.0019910796337262804 0.0 0.24783927557767416 0.0 
0.25183453954504814 0.0 0.0 0.0 0.0 0.0 0.0 0.0 0.0 0.0 0.0 0.0 0.2511591051972292 0.0 0.0 
0.25904918460474013 0.0 0.0 6.79517481567796E-4 0.0 0.0 0.0 0.0 0.0 0.0 0.0 0.24751606991729272 0.0 0.0 0.0 
0.2510917454747954 0.0 0.0 0.0 0.0 0.0 0.0 0.01484719979829097 0.0 0.0 0.23897457133282454 0.0 0.0 0.004634549088176281 0.0 
0.2519897897240775 0.0 0.0 0.0 0.0 4.28012077134107E-4 0.0029734212596984654 0.0 0.0018468996803590139 0.24307638259623734 0.0 0.0 0.0 0.0 0.0 
0.25419477570173304 0.0 0.0 0.0 0.0 0.0 0.0 0.0 0.25202706425728666 0.0 0.0 0.0 0.0 0.0 0.0 
0.2529322721393691 0.0 0.0 4.1851303119946523E-4 0.0 0.0 0.0 0.24327395316456002 0.0010761174026617457 0.0 0.0 0.003904584801119587 0.0 0.0 0.0 
0.22089660667081157 0.01837474583839311 0.004911916442035148 0.0 0.0 0.0 0.24938526987101328 0.0 0.0 0.00586977730089492 0.0 0.0 0.0 0.0 0.0034107736345690897 
0.2074628079257676 0.02010423223963166 0.0 0.0 0.01919568032788662 0.24676272049328588 0.0 0.006909557445917541 0.0 0.0 0.0 0.003926034818508021 0.0 0.0 0.0011541895595397736 
0.24567158649054607 0.002544357655711433 0.005095536780485986 0.0 0.24322400418886062 0.0 0.00358930109351094 0.0 0.0 0.0 0.0 0.0 0.0 0.002533498658779975 1.8444259042372894E-4 
0.25061407313607376 0.0 0.0 0.25061407313607376 0.0 0.0 0.0 0.0 0.0 0.0 0.0 0.0 0.0 0.0 0.0 
0.251278064901013 0.0 0.251278064901013 0.0 0.0 0.0 0.0 0.0 0.0 0.0 0.0 0.0 0.0 0.0 3.689455912525832E-4 
0.20307038058657692 0.17610379478953234 0.0 0.0 0.03792760744307016 0.0 0.010649398819547452 0.00791511249964903 2.875200826266184E-4 0.013600165591668996 0.026389298421363477 0.00847601351874895 0.011986962088993252 0.0043607885113087245 0.002433153576234553 
0.5014419785441255 0.0 0.0 0.0 0.0 0.0 0.0 0.0 0.0 0.0 0.0 0.0 0.0 0.0 0.0 
0.008415108538757337 0.032206963906727816 0.04228990458219567 0.0126953492631743 0.025977826170903776 0.030404917463198358 0.00806571497718924 0.0036886929299271625 0.005067441427164894 0.010871789853000679 0.01102069309396267 0.05235170216338247 0.013061215512448184 7.299886907140255E-4 0.25337959476308386 
0.02287810376742156 0.003889506943591104 0.016010362230459377 0.03364402455413352 0.024938235108674458 0.0075408563286173515 0.009248424569263041 0.03378508934064444 0.03732362130101378 0.02996613505776183 0.020123784175023248 0.0 0.0 0.24221488817743703 0.02304705917303444 
0.02051048721185395 0.003486988398948654 0.014353476718319654 0.030162260928088592 0.022357419018749464 0.005674354770512289 0.008199082662892005 0.03484409045941863 0.034290645651242756 0.02328141432443789 0.01809839806368862 0.0244077382654725 0.20615238719911044 0.03507415742156441 0.023014987491141708 
0.02752936190001117 0.00668137366614255 0.037894484713889044 0.0 0.04307143244664601 0.0239754709773708 0.06530785996733529 0.018172449954490483 0.0 0.008206923600521778 0.015390228740761654 0.22850365763837696 0.02551095444295917 0.0033146235868361084 0.0 
0.015381446446282292 0.025880469802860743 0.019887176721523483 0.02321034260801509 0.03174252252167132 0.020542868042040006 0.0061926307236873784 0.04115441952279492 0.02934483965494208 0.001747727910115594 0.23874733949088356 0.0051188410007882304 0.02363950402275 0.00810840821162819 0.012690496929852364 
0.01224053692175837 0.026237741348743376 0.0 0.013034425448154618 0.0043688741242702694 0.0 0.003419207661891231 0.0021078631891000375 0.024200410412300175 0.3042011493258601 0.055690810312591835 0.008824961982718321 0.011887751348304231 0.026419868755010796 0.009098222394567205 
0.0055544314013225345 0.016420266215144197 0.02287691911017372 0.004309384561118703 0.013357720536560374 0.01563411764089336 0.005783723941101565 0.0019344268511665827 0.3077831563161112 0.025352031865345938 0.02569926077252352 0.003977569059934367 0.024111081196690275 0.008380343601713285 0.02231282178925846 
0.005012653924696678 0.011153269802135869 0.02544460254492666 0.0 0.02485568956620353 0.016621271312547807 0.006148913998860905 0.29678547193501736 0.0 0.02486049978728323 0.02520099652611963 0.03916844422036462 0.025538821073630997 0.0033182442820757553 0.0 
0.02526943119628808 0.009950409953428125 0.016975052753710584 0.01981159999329307 0.03262016440740895 0.018512449491709253 0.30451126323694766 0.007270922926151884 0.03277722066992142 0.003831547436816151 0.0 0.0 0.01246294163597769 0.018349626200499475 0.0 
0.01771375044469669 0.030505457966448282 0.006797684133729724 0.02423091908279817 0.021052383322936487 0.27460779829682563 0.021785220192614318 0.02717266124512322 0.01634198120087378 0.012124276915241485 0.011021032978485721 0.02536221129153237 0.018704040783492634 3.063260619022805E-5 0.0 
0.002813750066922039 0.003854849372338334 0.010496143934024796 0.007527914922519587 0.248282864086122 0.06826325467746895 0.025253476367792654 0.008446288804346827 0.014274777238456174 0.025066034648705587 0.025409346453636007 0.03949227040341987 0.018339141439571265 0.0032965737653138866 0.0 
0.028362605172595177 0.021223292936573112 0.027618679936748325 0.27989536794524306 0.0 0.0013242218217274836 0.0243948741593714 0.0056652309698683135 0.01657190400190779 0.02533099136859605 0.009505645280147619 0.024047485979329482 0.03676225190701804 0.0 0.0 
0.03583618592103837 0.02417048189469554 0.312912933256197 0.020112535494283264 0.00823488421788117 0.034500965287708386 0.02036076060334372 0.019658932453241944 5.210981867755528E-4 0.0 0.0 0.001842823605086886 0.012311593257595413 0.0028364704117819347 0.013147539295755468 
0.0 0.32427428302148864 0.0 0.02070166603316504 0.0 0.029653215040658185 0.017761781367050086 0.017831193026147753 0.06179554449829471 0.018406070748635633 0.009919547672417312 0.0 0.0 9.273038153216687E-4 0.018863858363084157 
0.2690873671835301 0.021081722643907824 0.0 0.018524390940853685 0.0 0.026534470568037268 0.015893705430378935 0.017429171798261076 0.05551821071964852 0.03597561045521407 0.009305085244701534 0.005225634590812103 0.025767931832512313 9.273038153216687E-4 0.018863858363084157 
