0.0 0.0 0.0 0.0 0.0 0.0 0.0 0.0 0.0 0.0 0.0 0.0 0.0 0.0 0.5000071855349226 
0.006142104135248582 0.006001893027369674 7.205749860348549E-4 0.009041880902440734 0.029142909862021504 0.00237664635534728 0.01142214775806121 0.009505686854631297 0.005118131393874151 0.021948463967106632 0.01706567627006349 0.006985261151027729 0.03747022635128677 0.16419987781564285 0.17517901611412903 
0.0 0.0 0.0 0.0 0.0 0.0 0.0 0.0 0.0 0.0 0.0 0.0 0.0 0.5000289401664855 0.0 
0.0 0.0 0.0 0.0 0.0 0.0 0.0 0.0 0.0 0.0 0.0 0.0 0.24854715400340854 0.0 0.2515325488428255 
0.0 2.723696251005656E-6 3.136943751938165E-7 4.246162333171517E-6 7.133312407302519E-5 4.039288077416202E-6 1.7724051532259324E-5 3.0531052728099376E-5 0.0 1.309110693701711E-4 7.123950448289723E-7 0.0 0.252416074915659 0.24741340207895227 0.0 
0.0 0.0 0.0 0.0 0.0 0.0 0.0 0.0 0.0 0.0 0.0 0.0 0.5000796291955485 0.0 0.0 
0.0011876071123516773 0.015728010277220983 0.01691561738957266 0.005748378437820892 0.02243436663987217 0.005946733574448967 0.01511790925078352 0.0 0.029230236754996017 0.005817408572283071 0.03964275673166594 0.1606565585434621 0.0 0.0 0.18346494358537416 
0.0 0.0 0.0 0.0 0.0 0.0 0.0 0.0 0.0 0.0 0.0 0.2513645188973907 0.0035803789497408545 0.24573623385137847 0.0 
0.0 0.0 0.0 0.0 0.0 0.0 0.0 0.0 0.0 0.0 0.0 0.25032162086078064 0.24989385096684422 0.0 0.0 
0.0 0.0 0.0 0.0 0.0 0.0 0.0 0.0 0.0 0.0 0.0 0.5001377357166543 0.0 0.0 0.0 
0.0 0.013477840566912891 0.018363691172154972 7.994951639394933E-4 0.009694334311480163 1.601070497058792E-4 0.016432382082707416 0.0043952851515396615 0.015225504424967534 0.02422406082929462 0.16498885467856234 8.953488550473217E-4 0.0 0.0010889710205404357 0.23535831684652955 
0.0 0.0 0.0 0.0 0.0 0.0 0.0 0.0 0.0 0.0 0.25032577153862196 0.0012015498391674951 0.0035826978711874543 0.24589539103302982 0.0 
0.0 0.0032588898985509117 0.007484207005838835 0.012094426127757293 0.00326250329030672 9.870704044693115E-5 0.0012002767028286955 0.0 5.750899142625154E-4 0.04342579910533151 0.22696755617118847 0.015101385185445737 0.1876901682020449 0.0 0.0010831974266325053 
0.0 0.0 0.0 0.0 0.0 0.0 0.0 0.0 0.0 0.0 0.24785469620059006 0.2523910037207074 0.0 0.0 0.0 
0.0 0.0 0.0 0.0 0.0 0.0 0.0 0.0 0.0 0.0 0.5001485470020324 0.0 0.0 0.0 0.0 
0.0 0.0 0.0 0.0015941186186528324 2.350643744411737E-5 8.130128428123457E-5 9.930099511011741E-5 5.275385045161784E-4 1.3886056211345329E-4 0.2466802417567584 0.0 0.0 0.0 1.7816972760882923E-5 0.25663543019204804 
0.0 0.0 0.0 0.0 0.0 0.0 0.0 0.0 0.0 0.2525225037015978 0.0023594400339269047 0.0 1.0903047600134037E-4 0.24578064592768 0.0 
0.0 0.0 0.0 0.0 0.0 0.0 0.0 0.0 0.0 0.24956142531910153 0.0 0.0018599638607191367 0.2553204514204518 2.1255985643111913E-5 0.0 
0.0 0.0 0.0 0.0 0.0 0.0 0.0 0.0 0.0 0.252676042907076 0.0 0.24892966191487373 0.0 0.0 0.0 
5.970395922182783E-6 4.711974408628199E-6 3.7873614734907013E-6 0.0 1.3793765836041047E-6 0.0 6.516354688972997E-4 8.048925704213406E-6 0.0019088867885274931 0.2479270484951894 0.25153425249535605 0.0 0.0 0.0 0.0 
0.0 0.0 0.0 0.0 0.0 0.0 0.0 0.0 0.0 0.5003529930320045 0.0 0.0 0.0 0.0 0.0 
0.0 0.0 0.0 0.0 0.0 0.0 0.0 0.0 0.24065899643214045 0.0 0.02655284845375393 0.0 0.0 0.0 0.2331473279517551 
0.0 0.0 0.0 0.0 0.0 0.0 0.0 0.0 0.24837671709698791 0.0019622524207794974 0.001183958310914779 0.0 0.0035826352904747612 0.24589109585956778 0.0 
0.012165898266815913 0.0032788199989582274 0.0173885977520535 0.01661726431649609 0.010421561738973935 0.002951773428503733 0.03215117885433818 0.004769974601701544 0.1956154452464185 0.005340665240770954 0.006444337106168332 0.0 0.1950344232815061 0.0 0.0011077774645905927 
0.0 0.0 0.0 0.0 0.0 0.0 0.0 0.0 0.25074698191832856 0.0 0.0 0.24946519864519057 0.0 0.0 0.0 
0.002124409825597222 0.0 3.763959089637605E-5 0.010859045631521635 0.0 5.214618154878089E-4 0.0032751433810921755 0.0 0.23214349386299432 0.0 0.2537784405997574 0.001642803604587019 0.0 0.0 0.0 
0.0 0.0 0.0 0.0 0.0 0.0 0.0 0.0 0.2510391174560244 0.2510391174560244 0.0 0.0 3.184734773763777E-5 1.0967379340356835E-4 0.0 
0.0 0.0 0.0 0.0 0.0 0.0 0.0 0.0 0.5003321756929964 0.0 0.0 0.0 0.0 0.0 0.0 
0.0 0.0 0.0 0.0 0.0 0.0 0.0 0.25245870662135883 0.0 0.0 0.0 0.0 0.0 0.0 0.24967318890986223 
0.0 0.0 0.0 0.0 0.0 0.0 0.0 0.2502379405430032 0.005120413421466748 0.0 0.0 0.0 0.0 0.24613475584572123 0.0 
0.010176674331339142 0.026478592617952643 0.02698131783919021 0.0 0.038073179792513345 0.0015636904802503412 0.012905864633247771 0.14766646470387684 0.0 0.0 0.030428236100247932 0.0019472226181997052 0.17736313078909982 0.03105126273782569 6.81912487368492E-4 
0.0 0.0 0.0 0.0 0.0 0.0 0.0 0.25068691382571184 0.0 0.0 0.0 0.24940543761220735 0.0 0.0 0.0 
0.0 0.0 0.0 0.0 0.0 0.0 0.0 0.24666849446584715 0.0 0.0 0.25374030688834043 0.0 0.0 4.798489339469984E-5 0.0 
0.0 0.0 0.0 0.0 0.0 0.0 0.0 0.250273471728307 0.0 0.250273471728307 0.0 0.0 0.0 3.5795364050696244E-5 0.0 
0.0 0.0 0.0 0.0 0.0 0.0 0.0 0.25024809441250273 0.25024809441250273 0.0 0.0 0.0 0.0 0.0 0.0 
0.0 0.0 0.0 0.0 0.0 0.0 0.0 0.5004269484864317 0.0 0.0 0.0 0.0 0.0 0.0 0.0 
0.00822990167224466 0.007359086045012257 0.006171764920855098 0.0 0.0018567995147542999 4.417298805009462E-5 0.23639851234029263 0.0 0.0 0.0 0.0 0.0043729140049055025 0.0 0.002973365787236344 0.23331718324758174 
0.0 0.0 0.0 0.0 0.0 0.0 0.24713971154553313 0.0031845114708863556 0.003265434092760578 0.0012795921708570672 0.0 0.0 0.0 0.24566331772663536 0.0 
0.0 0.0 0.0 0.0 0.0 0.0 0.24923664102915968 0.0013317032753317596 0.0032686186106918947 0.007507969290724186 0.0 0.0 0.2409387638258388 0.0 0.0 
0.0 0.0 0.0 0.0 0.0 0.0 0.25044433894233004 0.0 0.0 3.8020607959649336E-4 0.0 0.2495423652571217 0.0 0.0 0.0 
0.0 0.0 0.0 0.0 0.0 0.0 0.2500415662991677 0.0 0.0 0.0 0.2510624314984125 0.0 0.0 0.0 0.0 
0.0 0.0 0.0 0.0 0.0 0.0 0.2510071466296635 0.0 0.0 0.2510071466296635 0.0 0.0 3.1843291851706945E-5 1.0965982601139148E-4 0.0 
0.0 0.0 0.0 0.0 0.0 0.0 0.2532910005658404 0.0 0.24712750028422303 0.0 0.0 0.0 0.0 0.0 0.0 
0.0 0.0 0.0 0.0 0.0 0.0 0.2521702920981113 0.24835844408645716 0.0 0.0 0.0 0.0 0.0 0.0 0.0 
0.0 0.0 0.0 0.0 0.0 0.0 0.5003382718374745 0.0 0.0 0.0 0.0 0.0 0.0 0.0 0.0 
0.07529870855236932 2.0924367256353114E-4 0.09737103389072806 0.008396126847815568 0.02083715848358906 0.022039974077649193 0.0192328016297652 0.0 0.0 0.0 0.0 9.035986441960666E-4 0.0 0.003954602926547194 0.25286688314467376 
0.08225653283929227 0.0 0.03938514950242087 0.09062994579164502 0.0 0.035889805543936844 0.0 0.0 0.0 0.0 0.0 0.25270335519441783 0.0 0.0 0.0 
0.10602911742256094 0.0 0.030863176133616586 0.0805312808707692 0.0 0.014271325794935478 0.0 0.0 0.0 0.21891180152410153 0.0 0.05686686616780112 0.0 1.2322059154148724E-4 0.0 
0.05003302720017278 0.013484354923451356 0.07151170963466026 0.0683395520253112 0.042859332744595656 0.01213935518759909 0.13222375946743256 0.019616822675727362 0.006966021763365024 0.007543277554673173 0.009102128902707582 0.0 0.04561200678521603 0.023460722407207514 0.0011093483819009748 
5.342276190057126E-4 3.846136467447056E-4 0.025470662115610797 0.013120716389099618 0.22294319520770997 9.9256604294681E-4 0.0 0.0 0.0 0.0 0.0012041793354828963 8.849448819556139E-4 0.0 0.0029857564862399008 0.23428946960480976 
0.0031995251035632243 0.004812097760881081 0.0 0.0 0.2415674774750381 2.994448604976904E-5 0.0 0.0 0.0032561047229585625 0.0 0.0023222460019177377 0.0 0.0 0.24596997248597788 0.0 
3.365327536055044E-5 1.9321545247549173E-4 9.639406892669604E-4 9.693618945875788E-4 0.22219060521369385 2.4314743765803726E-4 0.019270698701769173 0.0 0.0 0.0 0.0 0.0018175059886939245 0.247281453567215 2.0678037585860684E-5 0.013608721087092593 
0.0 0.0 0.0 0.0 0.2514016240028783 0.0 0.0 0.0 0.0 0.0 0.0 0.24935905926394222 0.0 0.0 0.0 
2.405371044675646E-4 0.0012168328617120571 0.0 0.006552017277597369 0.24150006875469118 0.0 0.0 0.0 0.0 0.0 0.25052814870736995 0.0 0.0 0.0 0.0 
0.0 0.0 0.0 0.0 0.25029665516884336 0.0 0.0 0.0 0.0 0.25029665516884336 0.0 0.0013095846815647813 0.0 7.178979694570134E-5 0.0 
0.0 0.0 0.0 0.0 0.24554916946961328 0.0 0.0 0.0 0.2547039200521268 0.0 0.0 0.0 0.0 0.0 0.0 
0.001608169899404269 5.909632454216888E-4 0.001860687253060042 0.0010590700422090681 0.2461679518537771 0.0 0.0 0.25128684229387216 0.0 0.0 0.0022972028010916946 0.0 0.0 3.610458009768645E-5 0.0 
0.0 0.0 0.01184689541049831 9.81922802384473E-4 0.22354826630852923 0.0 0.244625038997158 0.0 0.0 0.014043778306997809 0.0012635135842904042 0.0 8.333032371384532E-5 0.005581589142290337 0.002800177317033115 
0.0 0.0 0.0 0.0 0.30966115680376405 0.03376798360606873 0.029467046006705404 0.0 0.0 0.0 0.0017044628284808758 0.12638121079403192 0.0 0.0 0.0 
0.0 0.0 0.0 0.0 0.5002245717880989 0.0 0.0 0.0 0.0 0.0 0.0 0.0 0.0 0.0 0.0 
0.0 0.0 0.0 0.2523872117809636 0.0 0.0 0.0 0.0 0.0 0.0 0.0 0.0 0.0 6.128260366545917E-5 0.24966308935043588 
0.0 0.0 0.0 0.25187319684787657 0.0 3.021973161640099E-5 0.0 0.0 0.0032860343864029146 0.0 0.0 0.0 0.0 0.24597195365942023 0.0 
0.002106286500185883 0.002198270290372511 0.008810529038198924 0.21576496993110253 0.0 2.480561910724737E-4 0.019659742933376186 0.0 0.0 0.0 0.0 0.0018541984943345037 0.2522736660750516 2.1095493712814372E-5 0.0 
0.00378721556899364 0.0 7.644483742360426E-5 0.24416171923517857 0.0 0.0 0.0 0.0 0.0 0.0 0.0 0.2525648110588547 0.0 4.881190948628941E-5 0.0 
0.0 0.0 0.0 0.24966663742956394 0.0 0.0 0.0 0.0 8.836372705425048E-5 0.0 0.2507746963728651 0.0 0.0 0.0 0.0 
0.007875502573729338 0.007856718673422632 0.02062085039708363 0.20298434852600558 0.0 2.5938969925292293E-4 0.0 0.0 0.0 0.2395968098694941 0.006200877168065934 0.0 0.0 0.009704473552581949 0.006782890351278905 
0.0 0.0 0.0 0.2522110428033262 0.0 0.0 0.0 0.0 0.24898413708839584 0.0 0.0 0.0 0.0 0.0 0.0 
8.823311875099602E-4 0.003691195293323086 0.009229032416582857 0.22707504505560647 0.0 0.0 0.0 0.24087760395302235 0.0 0.0 0.0 0.01009571251682124 0.0 7.035201042894855E-5 0.009740177902104703 
0.0 0.015040402540033084 0.0 0.2474396312898095 0.0 0.0 0.23664361239123521 0.0031951361020397715 0.0 0.0 0.0 0.0 0.0 0.0 1.781722006499035E-4 
0.021864684419825583 0.05688951543725726 0.0579696254962376 0.1668163890347223 0.060432472075182875 0.011751156546190338 0.046953411740581985 0.0 0.0 0.0 0.04217107666875188 0.007816426679856754 4.849166321690016E-4 0.031022761040888493 0.0010897106019994599 
0.0 0.0 0.0 0.2506190191290445 0.2506190191290445 0.0 0.0 0.0 0.0 0.0 0.0 0.0 0.0 0.0 0.0 
0.0 0.0 0.0 0.5000442902771347 0.0 0.0 0.0 0.0 0.0 0.0 0.0 0.0 0.0 0.0 0.0 
0.006462571237338591 0.002302977164125349 0.24298464807126424 0.0 0.0 9.520878070677842E-4 0.0 0.0 0.0 0.008591755724422598 0.0033812058008960972 3.3373564397969875E-5 0.0 0.0029764632308638735 0.23356023670085868 
0.0 0.0 0.2513841517815713 0.0 0.0 0.0 0.0019348094886581131 0.0 0.0 0.003030335824422761 0.0 8.376732611217153E-4 0.0 0.24351740308992964 0.0 
0.0 0.0 0.18546258919405148 0.0 0.0 0.001766898035417281 0.03659982936584279 0.0 0.0 0.01142082313489953 0.011970752706680698 0.0 0.2488302342910623 0.0 0.005051991045083951 
0.0 0.0 0.24998682892153443 0.0 0.0 0.0 0.0 0.0 0.0 0.0 0.0 0.25456215934436116 0.0 0.0 0.0 
0.0 0.0 0.24611841911438573 0.0 0.0 0.0 0.0 0.0 0.0 0.002944199118584769 0.2501636403468794 0.0016313229363284242 0.0 0.0 1.7765391351327737E-4 
0.0 0.0 0.2483549920334264 0.0 0.0 0.0 0.0 0.0 0.0 0.2526556439766358 0.0 0.0016371537510721293 0.0 0.0 0.0 
0.0 0.0 0.2521792448909691 0.0 0.0 0.0 0.0 0.0 0.24895274601336026 0.0 0.0 6.318898739265967E-5 0.0 0.0 0.0 
0.0 0.0 0.25728801497593323 0.0 0.0015690407217226672 0.0 0.0 0.21420801119084248 0.0 0.0037057899792054044 0.0218414291436455 0.0 3.162749897263245E-5 0.0024404252459340166 6.958917227312514E-4 
0.0 0.0 0.2254941993524994 0.01868995112031092 0.0 0.0 0.25270451851473025 0.0 0.0 0.0 0.0012682169084331767 0.0 8.093997614977252E-4 0.003008049218390906 0.002800177317033115 
0.02296388199433107 0.018592665509675397 0.17407329323676876 0.09143352206178539 0.0 0.015776771891142148 0.0 0.0 0.0 0.0 0.01500123104809206 0.0977631396519277 0.06843198469054688 0.0 0.0 
4.8820657389555275E-4 0.0033001656364681498 0.23453612241577154 0.0 0.23832449462613525 1.290410648222829E-4 0.0 0.002043616085631682 0.0 0.0 0.015518822483850623 0.0 0.0 2.410007856734658E-5 0.006348000843971261 
4.8051357585832474E-4 0.003526787465236667 0.24808989068180098 0.24748049361978974 0.0 4.831714232783239E-4 0.0 0.001158149197584589 0.0 0.0 0.0 0.0 0.0 0.0 0.0 
0.0 0.0 0.5021647846779604 0.0 0.0 0.0 0.0 0.0 0.0 0.0 0.0 0.0 0.0 0.0 0.0 
0.011411035070723548 0.21401632387489875 0.0 0.02267474009116928 0.0 0.0 0.01784276271454884 0.0 0.0 0.04862184802733069 0.0 0.012335358082761006 0.0 0.0 0.17398418743163227 
0.0 0.24699260387209962 0.0 0.0 0.0 0.0 0.0 0.0031826159192950114 0.0032634903727119763 0.0 0.0 0.0 0.0017486853863018272 0.24596997248597788 0.0 
0.0 0.23261739265929682 0.0 0.01043082624270689 0.0 0.0 0.0 0.0012986377437877643 0.003187460432455682 0.00732155013864097 0.0 0.0 0.2349563738722887 0.0 0.010688849409917411 
0.0 0.24602107660145395 0.0 0.0 0.0 0.0 0.0 0.0 0.0 0.001943642136696216 7.780210120961389E-5 0.25258226597972144 0.0 0.0 0.0 
0.0 0.2538610245644319 0.0 0.0 0.0 0.0 0.0 0.0 0.0 0.0 0.2468302324341432 0.0 0.0 0.0 0.0 
0.0 0.24980112840383592 4.4099466660268864E-5 0.0 0.0 0.0 0.0 0.0 0.0 0.2541716855589256 0.0 0.0 0.0 9.667103044207124E-5 0.0 
0.0 0.21431025832190465 0.0 0.02012212621706461 0.0 2.540737076444419E-4 0.0066638761126171 0.0042810546245529175 0.23965427518268725 0.0 0.0 0.013895236694002219 0.0 0.0 0.0031844775208683543 
0.0 0.24732047969781498 0.003071324625112101 0.0 0.0 0.0 0.0 0.24449526589437004 0.006455712082837306 0.0 0.0 0.0 0.0 3.4549784072622615E-5 0.0 
0.005412754025404513 0.22264465660533703 0.02033587138576972 0.0 0.0 0.0 0.22394344702122257 0.0 0.01542468044088466 0.010276082010737682 0.0 0.0 0.00411729562303872 3.213371685085865E-4 0.0 
0.016474080450586688 0.22009417710318877 0.04707901260684703 0.05853621552116877 0.01736498373549234 0.01804767918239822 0.07693433133241356 0.0 0.003826853607321487 0.0 0.023323609063044013 0.0 0.003982075387030701 0.011599036544307023 0.005064323637636905 
0.003165164268918767 0.258024175482274 0.001772041386237176 0.0 0.24660405749329672 0.0 0.0 0.0 0.0 0.0 0.0 0.0 6.464863853671631E-5 0.0 0.0 
0.004066579394726684 0.24253972401167853 0.0 0.23650797986159733 0.004815841271172058 0.0 0.0 0.0 0.0 0.014246054566678955 0.0 0.0 0.0021602302905125033 0.0 0.0 
0.0 0.2536237748111232 0.2536237748111232 0.0 0.0 0.0 0.0 0.0 0.0 0.008440050138432536 0.0 0.0 0.0 0.0031088546981686534 0.0028940166120089085 
0.0 0.5011440187785983 0.0 0.0 0.0 0.0 0.0 0.0 0.0 0.0 0.0 0.0 0.0 0.0 0.0 
0.22649027970599306 0.0 0.0 0.0 0.0 0.0 0.013238190275257883 0.0 0.0 9.353019185393412E-4 0.005389103512570678 0.0 0.0 6.360031473125004E-4 0.25408743062512884 
0.24957910033948238 0.0 0.0 0.0 0.0 2.994448604976904E-5 0.0 0.0 0.0032561047229585625 0.0 0.0023222460019177377 0.0 0.0 0.24596997248597788 0.0 
0.24073799853454717 0.0 0.0 0.010794963368920421 0.0 0.0 0.0 0.0 0.0 0.007439821733949568 0.0 0.0 0.2387518358495466 0.0 0.002776471012130528 
0.24807670572123824 0.0 0.0 0.0 0.0 0.0 0.0 0.0 0.0 0.0 0.0 0.2526170765230827 0.0 0.0 0.0 
0.2498207104074627 0.0 0.0 0.0 0.0 5.995414211809061E-5 0.024268269569113595 0.011920187937979365 0.0068201703891181105 0.0 0.21459505646688767 0.0031111478627128663 0.0 0.0 0.0028482689829217784 
0.25052802453813783 0.0 0.0 0.0 0.0 0.0 0.0 0.0 0.0 0.25052802453813783 0.0 0.0 0.0 0.0 0.0 
0.2522386666842651 0.0 0.0 0.0 0.0 0.0 0.0 0.0 0.25414216295367553 0.0 0.0 0.0 6.424460674796581E-5 0.003957974835532384 0.0 
0.25243595645724987 0.0 0.0 0.0 0.0 0.0 0.0 0.2486200926190258 0.0 0.0 0.0 0.0 0.0 0.0 0.0 
0.2509065159853675 0.0 0.0 0.009984344650500066 0.0 0.0 0.23521086461286 0.0031757912986641558 0.0 0.0 0.0 0.001631490432121531 0.0 0.0 1.7767215409733328E-4 
0.3015023319040392 0.044208964701472196 0.0 0.01678998682396668 0.04166869113934221 0.04407399757908301 0.03846041059226455 0.0 0.0 0.0 0.0 0.006483988394634033 0.0 0.00798385110962575 0.0 
0.25024700894528745 0.0 0.0 0.0 0.25024700894528745 0.0 0.0 0.0 0.0 0.0 0.0 0.0 0.0 1.0739009710218732E-4 0.0 
0.24410759157831824 0.0 0.0 0.24935045619138324 0.0 0.0 0.0 0.0014024631486293793 0.0 0.0020671933866734083 0.0 0.0 0.002137652727665986 0.001902808756246937 0.0 
0.2458707846825686 0.0 0.2458707846825686 0.0 0.0 5.899912510268978E-5 0.0 0.0 0.0 0.0 0.0 0.001502892227971849 0.0021220621817537428 0.0029867035103713965 0.002780306708850641 
0.23891068266582355 0.2575018705088534 0.0 0.0 0.0 6.673340446258468E-4 0.0 0.0011512452229147506 0.0 0.0 0.0 0.0 0.002573375675551219 0.0 0.0 
0.5007607461387504 0.0 0.0 0.0 0.0 0.0 0.0 0.0 0.0 0.0 0.0 0.0 0.0 0.0 0.0 
0.04578731032106787 0.005380348169059051 0.05246189287325905 0.0 0.006908636757559065 3.61784397510441E-4 0.0 0.042790027213412685 0.0 0.05122999991062272 0.0 0.013600087052896831 0.04964037643408572 0.0 0.23397501509575575 
0.013938949055374135 0.013938949055374135 0.03202793250368264 7.427500222791188E-4 0.005175016552485868 1.3216074735121938E-4 0.04124081251963195 0.01165139134888136 0.00709585397567673 0.011391913305220467 0.06379721886939577 0.001676926923127903 0.04071205512904095 0.23662924124578535 0.023532983032780116 
0.03610390955958408 0.0029493347404685832 0.0 0.022010160822831196 0.01261950483264247 1.5988577299045012E-4 8.582271051426341E-4 0.0 0.0 0.025186149889245106 0.0054457671065081805 0.00162018946094829 0.31997223204145 0.011913252285779882 0.06468640616296832 
0.006963441488820369 0.028669104042473702 0.03563254553129407 0.012108890364417061 0.00453138766439428 0.0 0.019554612149915957 0.0 0.037808531147555426 0.027696675238897062 0.058046503726265415 0.2352397333834497 0.017247152261993456 0.0 0.018391949870375623 
0.015165725201238938 0.0068346785844408 0.009021315761614555 0.024295321698009156 0.03391951022400643 2.0776233327799975E-5 0.035334337521569135 0.0357681144752799 0.00957432978266521 0.009572141190563797 0.24116249100522108 0.022732707739875666 0.0310300221182919 0.023216056024087252 0.003696157177017815 
0.05543383575880065 0.0340859900137573 0.002579345759568534 0.016646940562110305 0.02131656265895517 0.0029587162549816483 0.036191200315809344 0.00867589024889234 0.05510147304895621 0.22013540502807646 0.03516443930550446 0.013981254409000509 0.0 0.009216972524293375 0.0 
0.020881016666667102 0.005627623504956942 0.0291218777461168 0.028155152522539337 0.01765757917159628 0.0 0.046346816824031294 0.007422523431665246 0.3043957981284069 0.008310571061774985 0.0 0.023986905523271308 0.008932851097110284 0.0 0.0011048188081896806 
0.011132940767189285 0.01740223320027417 0.032783053520753065 0.04329510930842225 0.008926437252938691 0.0030597118664654334 0.07290731983059269 0.1895068057466356 0.022629123807452713 0.03632952671676371 0.005286576757910679 0.003695628628790709 0.04699304116361258 0.006023233425498456 0.0037134122927877733 
0.017824698454404996 0.029683815234286526 0.0 0.028751169710890905 0.014981171642690336 0.0 0.26745659005342437 0.030446392995004342 0.03140137069093488 0.05935718110172593 0.001224862556209411 0.024664001587323257 8.492232389926919E-5 0.0 0.0 
0.1395287811303874 0.12359932830720548 0.07659187763407702 0.1364955746750377 0.0 0.03125800616707724 0.0 0.0 0.0 0.0 0.0 0.0 0.0 1.2322059154148724E-4 0.0 
0.020034190145767128 0.007753090883297391 0.027053140939250646 0.03310119405399979 0.21703880350737573 0.007848260678934455 0.030381745438117298 0.02897988173662495 0.0 0.003775131233968503 0.04148173749353341 0.01340760621932153 0.06153283708667686 0.01368316194523206 0.0 
0.014767658427495117 0.019382515052321605 0.011383391159938906 0.2532349436911362 0.024784280822833533 0.0 0.051821992435918375 0.031861972469982645 0.032861351051944016 0.012518854076270933 0.018629568739799363 0.02760946338392865 0.0 6.438950585621821E-4 0.001389311997472528 
0.02648009151584909 0.0 0.26983396926774084 0.0 0.02032881178156062 0.008148378213428203 0.03154354356225178 0.01121999838104327 0.0 0.010731466187511009 0.0417378026746269 0.012026594197688742 0.05613144001164952 0.013566292920634647 0.0 
0.01662438806376622 0.22210229103308735 0.04750855609712008 0.046720204329272395 0.01689668272694359 0.0011450435493618428 0.07151485085455543 0.0 0.0035572787886766167 0.0 0.021680625471697624 0.02851612847713879 0.003937310250876902 0.016057366537118024 0.005054125693098621 
0.2850398709465453 0.07728009946323014 0.032308059178480765 0.0 0.0 0.0 0.05598847198353711 0.0 0.015309440063967915 0.009573385680025482 0.02067482444719453 0.0 0.004101891319887375 3.2013492907506045E-4 0.0010529387583976953 
0.0 0.05373871014128307 3.645907543702582E-4 0.0 0.37005698429538736 0.0 0.0 0.0 0.0 0.0 0.0 0.0 0.07753961776096079 0.0 0.0 
0.0 0.23613707027585443 0.0029324445744493104 0.0 0.0 0.0 0.0 0.23343960781231912 0.006163795815244424 0.0 0.0 0.0 0.0 3.29875018823383E-5 0.022136631694944956 
2.438355088247113E-4 2.3293682684595178E-4 5.787496093179491E-4 0.0011384588846745384 0.22566817998734884 0.0022330490976286174 0.019742722264004843 0.0 0.0 0.0 0.0 0.0018620246470178808 0.2533384561904201 2.118453302291637E-5 0.0 
0.0028167426426381975 0.0028100244157703083 0.02115066931938985 0.16389204802512616 0.0 2.0664424384956226E-4 0.0 0.0 0.0 0.17921547506221353 0.004789071642443759 0.0 0.004239636778298162 0.007579737853958566 0.11564238045282027 
0.0 0.0 0.0 0.0 0.0 0.0 0.0 0.0 0.0 0.0 0.0 0.0 0.0 0.4376693464609401 0.06575342273637425 
0.017119291096404355 0.022469027096627864 0.013196106064344073 0.2935606032679252 0.028730981292955534 0.0 0.06007423438602855 0.0 0.03511378764251013 9.801756863364163E-4 0.0 0.02760932737771346 0.0 6.438918866885141E-4 0.0013893051536210605 
