0.0 0.0 0.0 0.0 0.0 0.0 0.0 0.0 0.0 2.2018320987975066 
0.3278548115437277 0.0 0.003959733538562741 0.5148535952563518 0.09989457016625618 0.058651135967302495 0.0 0.0 0.21310038029881945 0.11445273453223483 
0.0 0.0 0.0 0.0 0.0 0.0 0.0 0.0 2.4561420012957242 0.0 
0.11892663135161566 0.02367301625755617 0.08077803309707866 0.40298057166442147 0.04499747819898429 0.0 0.008897720722982469 0.9006038877182617 0.1419769406877436 1.1307331189389909 
0.3863395258840499 0.005245988908039987 0.004431857905807454 0.06700905137401904 0.0 0.08922618178661768 0.0065044607445121985 0.08515713923799893 0.13454603168441587 0.06641289392118252 
0.22860838357139282 0.006104114360809138 0.6198998925068452 0.0 0.20961895830191377 0.002457828856545038 0.00888746589973854 0.3227431240552745 0.5052949710577475 0.014640180714546404 
0.6843954538196881 0.002279246195722947 0.19339325963070578 0.0 0.0 0.0 0.011902088104548746 0.1895115223147599 0.0 0.07416355879617852 
0.21372225861968144 0.0 0.0 0.5283980847914435 0.0 0.06640488101901813 0.007696686025181836 0.30912276275492445 0.12469484936263805 0.0 
0.0 0.0 0.0 0.0 0.0 0.0 0.0 2.8491950849855225 0.0 0.0 
0.9777235580695172 0.0 0.11550365363431464 0.2760986436392188 0.0 0.0 0.08111370426320177 0.22784974219509843 0.006106319866215739 0.09539229342359087 
0.0 0.0 0.0 0.37306678258318837 0.25862694588308366 0.028394861452035312 0.09279241681281235 0.21644738897727264 0.15807690630172125 0.013231274730869158 
0.5022397843600951 0.0 0.4897080003027488 0.9809179108722255 0.0 0.0 0.09172458140295155 0.5102892378846079 0.0 0.005215505568386551 
0.4095006615194196 0.0 0.12078576210574515 0.8249977840111135 0.0 0.0 0.18353353456745355 0.050343067522566044 0.0 0.1074250010324235 
0.25613640908559876 0.015624776976148185 0.4204129839069397 0.47366501007898404 0.10796599209179362 0.04066893878666688 0.2204446863823099 0.0 0.13343907716637302 0.011004057752837554 
0.9228784359818194 0.0 0.9501692555678937 0.0 0.0 0.0 0.253649427409093 0.28892752721351445 0.0 0.0 
0.0 0.0 0.0 0.0 0.0 0.0 1.5136403103988112 0.0 0.0 0.0 
0.6097738207195506 0.0 0.0 0.0 0.1728600416860671 0.21255680551520367 2.2294894375060197E-4 0.0 0.3113380106724371 0.03855223098656241 
0.10597477406410254 0.0 0.022905673130409237 0.8186573538550684 0.03357231589891786 0.4056174325829038 0.0 0.4279169642175397 0.0 0.0 
0.5567408914540877 0.0 0.4009228825920349 0.0 0.11299044633221791 0.20340845049808912 0.09054125772846451 0.012874692581522535 0.09842984895961959 0.0 
0.14274203462262613 0.0 0.044862370934925316 1.3361956873631953 0.0 0.5378309241983645 0.2791875131531905 0.0 0.07480611590001861 0.0 
0.11574197839499288 0.008951365724324749 0.0 0.3575400532601276 0.050567939620868016 0.832258462696965 0.03199971781557963 0.0 0.11888553055337793 0.0 
0.5392851417169394 0.009536329144859381 0.0 0.47971432137976805 0.0 0.3799944477629702 8.908695818890183E-4 0.0787608992040464 0.0 0.0 
0.2559191532222322 0.0 0.0 0.2559191532222322 0.09633491043146541 1.3594768256065495 0.19340629964814657 0.20874531379266878 0.028564487445884183 0.0 
0.0 0.0 0.0 0.0 0.0 5.052665109579568 0.0 0.0 0.0 0.0 
0.7996750448286265 0.0 0.009316844007688516 0.5820466028925038 0.5431545577744907 0.04209746590616889 0.037921886291749654 0.0 0.14288183663736323 0.1461404910454708 
0.03339404457236238 0.0 0.0 0.6041878872879174 0.1879786143649769 0.0013003178209565565 0.0 0.014418360804526567 0.176892600786908 0.0 
0.2030572984887827 0.003590718682680452 0.058199804996622716 0.2314984016218749 0.5087757851600131 0.05355720350548355 0.014317636635886515 0.11185701286170172 0.0242953340040597 0.08291847958379155 
0.14107852421148429 0.0 0.10159413376476029 0.26495561825620056 0.4308791915700217 0.13878253487766876 0.0 0.15093385001795007 0.165810415317509 0.018205450844613662 
0.21597526073862433 0.0 0.22855691517078786 0.4395892405332156 0.454442561898346 0.0 0.06223394774021647 0.34622467911184907 0.0 0.0035386533905875325 
0.4001854223179636 0.008038394343582637 0.5482922602876896 0.21866541490691482 0.5941267513344877 0.0 0.0876289859983343 0.010975395376064928 8.530796362260862E-4 0.16110592310900052 
0.15247157252606017 0.0 0.028586553804338753 0.21468872884819085 0.3846181668541111 0.08728923734025229 0.13069998120309917 0.0 0.2086063641186004 0.018226079849435122 
0.7665087626979079 0.0 0.26092011694058614 0.581385592038346 0.3491451139776285 0.04527239796205492 0.0992145874633975 0.2404826978183591 0.0 0.0015606511808931483 
0.2184974196087285 0.0 0.0 0.9017517275520107 0.6349940700832779 0.0 0.21942292254694987 0.07945108788933493 0.00887683845112267 0.0034416830219141663 
0.09018245441494302 0.029764263022790293 0.20698830132394425 0.0 0.37000550287213546 0.3314651167990231 0.0 0.020379013767350736 0.18002368934330962 0.0 
0.0 0.0 0.8377876408295643 0.07313435304135432 0.2986869721891086 0.23557474549354984 0.061932769537162945 0.13976148320266227 0.0 0.0 
0.24375027860480358 0.028682584859264906 0.45850343985491726 0.22628905833349838 0.48393647990091426 0.451974282829724 0.09376184142868704 0.0 0.031925650935402575 0.011048010563052104 
0.29867029889618674 0.0 0.2093733734838284 0.6910384628065066 0.3385063671482718 0.5498415681455919 0.008241512241131004 0.03085464043599455 0.0 8.92990863897333E-4 
0.41224557176966564 0.0072898530977323905 0.11815685555888145 0.22406719662535826 0.7808355487842576 0.08219606673576643 0.0 0.0 0.033316211853993125 0.11370618045271531 
0.23572622658282083 0.0 0.40294429926983333 0.0 0.3391730985818492 0.0 8.30647076795449E-4 0.0 0.0737841917101514 0.0 
0.12481482228986233 0.01129807424704314 0.04978159461458314 0.20296390307920872 0.6775308613543711 0.15769315549821028 0.0 0.11685153894613773 0.013963891143933238 0.017694346984789222 
0.5763307711951955 0.0 0.020736705439282 0.0 0.5795633083874363 0.00969283901201089 0.050111863686075224 0.0 0.0 0.0 
0.18575145013352168 0.004690140673156053 0.05547145678990929 0.0 0.27830968118200267 0.11272122816861072 0.0 0.012621760502439698 0.0 0.0 
0.0 0.0 0.0 0.0 6.433417930585216 0.0 0.0 0.0 0.0 0.0 
0.03449224078670742 0.0 0.10430528435984396 0.34315726838606475 0.0 0.0 0.004481900860444826 0.015260120977170532 0.00687490680910468 0.06246224013098229 
0.0 0.0 0.0 1.0151421811642105 0.09163495170661348 0.0567191087923877 0.0036893207266189437 0.043616662262273356 0.10526181044357956 0.11760709782842413 
0.23548777720474642 0.0 0.044151076176360916 0.35275129496582597 0.0 0.009900201404221437 0.0 0.0 0.1342067265550377 0.0 
0.08275031006083454 0.0 0.22037788937095754 0.7494416401010633 0.0 0.0 0.0 0.09649947796049443 0.01846334666505395 0.07108687686545145 
0.21590449472913695 0.031729935644446365 0.0 0.6122411375535206 0.0 0.07694161100193338 0.008917950202846608 0.09655889078269815 0.07393703055137194 0.0 
0.12633527819674156 4.92134340876703E-4 0.0393989623106202 0.6272964795227967 0.04427140124481205 0.030980241965602326 0.017162216965634882 0.25469986219389845 0.0 0.0 
0.29528425665113317 0.02283698110722819 0.0 0.9121664439640396 0.12901037867496282 0.0 0.05837827341883685 0.0 0.12063995913270428 0.037773614894786534 
0.24845853330258835 0.0 0.18543725490108168 0.4900072711560274 0.0 0.0 0.03809592457317082 0.09999770886708051 0.01706425608777056 0.0021856744578357683 
0.0 0.0 0.0 2.1275150687084263 0.0 0.0 0.2881095774638939 0.0 0.0 0.0 
0.08888943197827684 0.0 0.012964164855615865 1.4820611959629304 0.008782987735768931 0.2355214453369415 0.0 0.013543181248785868 0.09305911455803559 0.0 
0.032106805465617116 0.008377585207605363 0.0013554688116304235 0.8467195557048428 0.0 0.1778707186098912 0.0 0.10701897993924628 0.0 0.0 
0.14957926941388647 0.0 0.0 0.369813607591748 0.06123171626229133 0.08522545269291336 0.0328614421182219 0.021919443905293955 0.00987502880099936 0.0 
0.0 0.0 0.0 0.8261686356558507 0.0 0.7609532846998622 0.0 0.0 0.01962630604067549 0.00652225683325626 
0.5066945006529938 0.0 0.1327824104593199 0.5492201020332341 0.19170352433986715 0.0439083182201458 0.0 0.0 0.019463640878025754 0.06986781381522462 
0.35242375855147795 0.0 0.12561565264822322 1.0059996725100127 0.29608726749987563 0.15761250401914084 0.01145113940366789 0.011520653750640783 0.10990579177626607 0.03126798043706172 
0.044111175058901095 0.0 0.11747542275076532 0.3995000303760136 0.09748898646394479 0.0 0.0 0.06037813418576184 0.011552211949967672 0.0 
0.07618117371274698 0.0 0.12058728233625568 1.0892540941436106 0.27257829574001 0.0 0.04346432100259059 0.043546368490236374 0.0 0.0 
0.0 0.0 0.054252532534545636 1.0979166949674692 0.42485091662476426 0.3156859310732981 0.0 0.07288978485282688 0.0 0.0 
0.0 0.0 0.0 1.3489145666885605 0.9149315004576818 0.03740956801625666 0.02889058580202961 0.0 0.0 0.036153986549931044 
0.0 0.0 0.0 2.299517642805027 0.0 0.037999033110734805 0.0058851722092976835 0.0 0.0 0.07222279804726123 
0.005026504558230669 0.0 5.856273642127537E-5 2.052433938041335 0.0 0.04478163966139205 0.040339821189772945 0.0 0.15199211602698068 0.008602147169929573 
0.1268725423913994 0.0 0.067755835419985 1.310765587220528 0.0 0.0 0.004034841778604898 0.11599114221849888 0.0 0.0 
0.143712738021273 0.0 0.005170865178757758 1.0094920104798826 0.0 0.027948010354011215 0.050111863686075224 0.0 0.0 0.0 
0.04313145166849891 5.2284588653638986E-5 0.042247129481637405 1.8735713383139705 0.0 0.24495696404540504 2.0175335257459492E-5 0.05042874770315801 0.017349933255841523 0.0 
0.1695894100914147 0.002844534215655562 0.012922240331217343 2.5512399541719892 0.32287868408010323 0.058984795838483206 0.0 0.0 0.0 0.0 
0.0 0.0 0.0 21.939784523607575 0.0 0.0 0.0 0.0 0.0 0.0 
0.0 0.0 0.6955014857831994 0.41513757088503583 0.1579021678250853 0.0 0.0 0.0 0.0 0.1622869653338504 
0.3016152502132764 0.0 1.3094859725980177 0.0966054338211594 0.0 0.0 0.007397986816797364 0.0 0.12096717707710358 0.15265212297641348 
0.06016097848534011 0.0019549082264766673 0.8627471181952692 0.0 0.0 0.06076979505623346 0.00271023427071318 0.0 0.13954554465084454 0.0019358094670078006 
0.0 0.0 0.67788474524104 0.1998446332886764 0.004867109267499258 0.014584716611399479 0.0357020418292134 0.1370716734104104 0.0 0.17288144607268352 
0.04195404625799115 0.0061656853853841315 0.4518820243070462 0.10168015186293389 0.0 0.053838458754535676 0.006240169498906069 0.06756528478013515 0.06930100054461333 0.0 
0.1975118976281885 0.06697857682314191 0.6708484956450511 0.0 0.0 0.0 0.01264957632837979 0.2014134364970653 0.0 0.0 
0.0 0.0 0.9083364843354869 0.0 0.0 0.015566575024210584 0.03809592457317082 0.09999770886708051 0.01706425608777056 0.0021856744578357683 
0.7367337815561131 0.0 0.7585200406466985 0.0 0.0 0.0016520412077167155 0.15489672125555926 0.002124542098565732 0.0 0.0 
0.0 0.0 1.0594306322150722 0.0 0.044480880261069375 0.24139170126120932 0.0 0.010739528517028286 0.0 0.11232584834636426 
0.4940937457138466 0.0 0.5365925071694185 0.0 0.005715272538439234 0.16673465314986896 2.6953421977024534E-4 0.0 0.12639718929992638 0.0 
0.0 0.0 1.0185329342338272 0.0 0.06628024896711557 0.4121693863805686 0.09773180896309348 0.02566603712443673 0.05292320422090766 0.006792424469275386 
0.3254371931954194 0.0 0.4254346623064732 0.0 0.0 0.36299942496840554 0.007481438920579266 0.0 0.0 0.0 
0.14059983006018525 0.0 0.3744408180682344 0.03466289822968155 0.09551117224692239 0.0 0.016877800266416033 0.02077066153215324 0.00935748560647949 0.03828529477528185 
0.0 0.0 0.9873326896526301 0.08618883112530307 0.35200258065834467 0.0 0.013908606314037803 0.13348487175988621 0.0 0.0 
0.39696609934722155 0.0 0.6687288496980816 0.06713061570577875 0.24448710502773544 0.0 0.0729057418840932 0.0 0.0 0.004870643040251317 
0.0 0.0 1.7284597992108537 0.024903783635471625 0.3300068040640509 0.45930424843248235 0.0 0.0 0.05290245720857844 0.0 
0.35503040393570456 0.04177714071463738 0.6678255400951708 0.32959755470322116 0.7048696104959391 0.0 0.0 0.012406695721858981 9.643296765647734E-4 0.0 
0.0 0.0 0.8477019187601015 0.8284678992786357 0.018067297620890578 0.0 0.02291295711831839 0.0 0.0 0.08309724825867201 
0.6910656654454089 0.0 0.7115014538033163 0.9560607865466689 0.0 0.0 0.056996740376926154 0.0 0.0 0.0 
0.0026663579133746765 8.122305961076659E-4 0.69847327407538 1.0441193471846268 0.0 0.20713029323256157 0.0 0.0 0.0 0.007928611116785332 
0.3150227288388109 0.0 0.49864990119556424 0.5261929707220502 0.2839905738201486 0.0 0.0 0.0 0.025334503949565754 0.006969642318794867 
0.16132902617750255 0.0052423256466934175 0.6861407364411313 0.28424164622619724 0.02381423970066333 0.0 0.0 0.0 0.0 0.029590217779841475 
0.0623986087257522 0.0020276191742525664 0.8948361747582791 0.0 0.0 0.06303006964858583 0.006866339786858127 0.0 0.09027261295049593 0.001921294346653568 
0.037307345133964394 0.0 0.5181734690703681 0.011208218880960144 0.0 0.0 0.005800651412092483 0.03551678035403898 0.0 0.01363811019350833 
0.0 0.0 1.4957751310382672 0.03924618819624535 0.21823759259103329 0.0 0.06467027331930207 0.0 0.056821372235252056 0.0 
0.06798838892364956 0.002209256966193213 0.9749972173227064 0.0 0.0 0.06867641725774898 0.007481438920579266 0.0 0.0 0.0 
0.0 0.0 0.7536201871917836 0.453686729611485 0.0 0.029128570916730965 0.0 0.0 0.0 0.0 
0.0 0.0 18.822036930049144 0.0 0.0 0.0 0.0 0.0 0.0 0.0 
0.7060364350378356 0.1435637393736106 0.0 0.013716255334355332 0.0 0.10241219501542731 0.012572553770642156 0.0 0.30598571046477097 0.07633142714959137 
0.4459952289350547 0.06554472119532782 0.18143658812007413 0.11942668794675004 0.0 0.07269378889025517 0.00842560457128003 0.14877140025584018 0.07393703055137194 0.0 
0.23911037974446447 0.11610816972111765 0.10004281963628231 0.39793523089791827 0.0597768270363673 0.1793494374777878 0.0 0.021593708821084523 0.003676690676803483 0.07663995026816768 
0.4451984829722272 0.44014942096354626 0.0 0.31188038172488164 0.0 0.5282854737807227 0.14706041005296866 0.0 0.0792757367190533 0.04047360576692051 
0.2610234818318823 0.09880406352278802 0.0 0.11603422576434787 0.4039155122733019 0.15960044365371928 0.009130539201447775 0.03777229528664655 0.1466480484511375 0.01610148453233978 
0.8953235189146991 0.18496725897083885 0.1587403739882292 0.0 0.4599872946281445 0.08706975347191491 0.13395163765674128 0.011348362251854264 0.07250372732259244 0.0 
0.0 0.21705459030799484 0.30013743254413355 0.5054571414946029 0.894179697717249 0.0 0.025812002978327697 0.0572773939728792 0.0 0.0 
0.22881058251672817 0.08661065729032656 0.13413714297180568 1.3600261477848972 0.0 0.12930180742641667 0.0 0.0 0.17910673629887355 0.0 
0.4052360115391877 0.07644547564932407 0.04625488434282987 1.2199117515661628 0.0 0.0 0.0 0.10904687312050727 0.008024545376477784 0.023996585218843635 
0.6319554434385888 0.18159671247176454 0.0 1.210119370296664 0.0 0.24006104349259708 0.004438751485279103 0.0 0.0 0.009207164915795858 
0.43482203696635174 0.08983103718226519 0.009001057798894999 2.5051280346132643 0.0 0.0 0.013145605572890186 0.0 0.0 0.0 
0.0 0.32149480992122065 0.010026602568689159 0.3619627425024187 0.0818210799243727 0.11209289666398041 0.0 0.0 0.17375162833175153 0.10133987214853656 
0.24597182014348923 0.36691385631174844 0.17261151277014924 0.0 0.0 0.10127855793206035 0.00519430059321831 0.1895115223147599 0.0 0.07416355879617852 
0.5106242901934103 0.5240177456231448 0.10428887049854617 0.7478822413762924 0.0 0.8684529119587967 0.0 0.0 0.011906843179050856 0.002132160355326783 
0.0 2.09542260965774 0.20019210765652629 0.2712649410683437 0.0 0.0 0.0 0.0 0.017138053977461886 0.03354286748102169 
1.0358403266081395 0.0 0.13878278082613082 0.33659350647878106 0.0 0.0 0.0 0.009076393939962337 0.0 0.1259312826365921 
1.2655320269159778 0.0 0.0075791442696894655 0.0 0.0018119949048179774 0.1343251382068986 0.0035480683589996912 0.0 0.19593056415213747 0.0956144799364264 
0.3764810694219614 0.0 0.13185622259929117 0.0 0.012584009833501567 0.008155133057642146 0.0 0.0 0.11055065120394877 0.0 
1.606351719615188 0.014078306797857825 0.0 0.14145482202764048 0.304487619878081 0.0 0.020161259378957616 0.18420928073155093 0.0 0.11290434655628667 
1.4095731910314366 0.0 0.0 0.0 0.0 0.17023036499872235 0.0 0.3353053527620142 0.252997245531117 0.0 
0.4598889592444518 0.0013576330294030523 0.1160139535751517 0.0 0.0 0.0 0.042057191020382016 0.010242503116488758 0.008023795914305175 0.054408791049589296 
1.2829471929117577 0.0 0.09526589949401384 0.4423228462784949 0.0 0.032838211678350465 0.0801199340439211 0.007811878520475413 0.09949371419961066 0.0024241537747725296 
0.5402021108887186 0.0 0.0 0.16962925634562864 0.003936095692290871 0.05854292324711589 0.030732986354173958 0.03780560403057242 0.0 3.218407963073831E-4 
0.470464358996956 0.0 0.12328807899495314 0.3299266324202069 0.0 0.14520265270162816 0.0 0.0 0.014606614230075416 0.05243274934495374 
1.2400479094697197 0.0 0.18085598219545407 0.17119363551078867 0.008828361928890853 0.23673818340678435 0.0 0.01361314729450457 0.09353987148981581 0.0 
0.5879771580397518 0.0 0.0 0.1846311335259578 0.004284200880145112 0.06372041304605235 0.0 0.039574299141496 0.0 9.039466095094307E-5 
1.4247817059829224 0.0 0.3586333621510152 0.501703644506913 0.0 0.5736065555747504 0.0 0.0 0.012353940680761259 0.09582488651176672 
0.9974830168679119 0.0 0.07806422463378278 0.07238571306723779 0.19945372897472122 0.0 0.03524551233990004 0.0433748827325617 0.019541016554738753 0.0799502783620419 
0.5158519542678869 0.0 0.0 0.029274442820124907 0.1632782480640096 0.0 0.0 0.020687090197385967 0.07275961125711129 0.0 
1.3762837592952688 0.0 0.0 0.12014216662078811 0.490670915758443 0.0 0.019387780010785005 0.186070068417747 0.0 0.0 
1.0171657355299015 0.0 0.012285027199356488 0.08850151377606975 0.13190216663074114 0.0699820579356086 0.03189412717738732 0.024671235933095687 0.0 4.2401874784979936E-4 
0.8965353042421687 0.0 0.0 0.0 0.25415182613359333 0.17015877047690234 2.959043004971617E-4 0.0 0.008661096938108745 0.0 
1.416242165577021 0.0 0.0 0.04075768189786071 0.851264472558959 0.08371038102410605 0.0 0.0076208840190939015 0.0 0.0 
0.5117410579717975 0.0 0.13410489184494437 0.3588731020725024 0.0 0.0 0.0 0.0 0.013729810589147504 0.049285324157612526 
0.8754690582363602 0.004114607026926374 0.0 0.7518105330023422 0.004650483584288717 0.0 0.0 0.0 0.18395540774071648 0.0 
1.2782909897840888 0.0 0.0 1.354642051151042 0.0 0.0 0.0 0.1642666267483401 0.01208805867112114 0.0 
1.6154640909120561 0.0 0.34917076018451837 0.9454188265447282 0.06203561390381753 0.0 0.07983848058854619 0.0 0.0 0.0 
1.4224104675603022 0.0 0.0 0.8358888721098955 0.0 0.2043060815509257 0.021633054808727212 0.013687552799882019 0.0 0.0 
0.6791460479633432 0.0 0.0 0.4135625042209628 0.2358290268822555 0.0 0.0 0.018912266387642332 0.015893744942616698 3.774450480105909E-4 
1.250590681487137 0.0 0.4311279425781423 2.2939061378213976 0.11369314210752707 0.0 0.020492102560558348 0.0 0.0 0.016682910214723238 
0.8710249206507655 0.0 1.3787465184571408 0.0446318678840428 0.008412257613346873 0.0 0.03015713419379648 0.0 0.0 0.0765880899688462 
0.5248157366993793 0.0 0.8307315355170061 0.23779331345280455 0.0 0.0 0.03295633719719769 0.0 0.0 0.0 
0.4530004422642859 0.0 0.5921944209482632 0.0 0.0 0.06867641725774898 0.007481438920579266 0.0 0.0 0.0 
0.7060435612856574 0.0 1.2183077147097026 0.0 0.24471164009693538 0.0 0.0 0.006391216836748626 0.0 0.0 
0.38803130826060755 0.0 0.663290656573985 0.0 0.0 0.06907900954210323 9.51745014181571E-4 0.0 0.0 0.0 
0.5122953011311511 0.04123457463352567 0.0 0.119322244755396 0.0 0.0663865087370563 0.0 0.0 0.06366845303772752 0.0 
2.370024344519832 0.2788855248466334 0.0 0.5241324972035732 0.12381215402806309 0.0 0.0 0.17717690542282688 0.0 0.0 
2.279457125830498 0.26822829831793626 0.0 0.04895325855499772 0.101320874856654 0.5996703026668473 0.0 0.17721857310189182 0.0 0.0 
1.3713361789852603 0.10913509024688428 0.2417785425389244 0.8052996528577017 0.0 0.05204044330656576 0.0 0.0 0.0 0.020418565515795524 
1.105360495824802 0.0 0.1328260824887907 0.3548079034302988 0.0 0.0 0.004010686618888348 0.0 0.0 0.04921912212682617 
12.115485889351103 0.0 0.0 0.0 0.0 0.0 0.1918890588749994 0.0 0.0 0.0 
1.151843662141986 0.0 0.0 0.0 0.006387104157448162 0.17127429161189434 2.9784417994160336E-4 0.0 0.0 0.0 
2.2487760049636556 0.0 0.0 0.014825158950343224 0.28785261831170067 0.0 0.0 0.008128987880106126 0.0 0.0 
1.3523531304098293 0.0 0.0 0.4831843194552183 0.0 0.0 0.023896354208369306 0.008994963053050323 0.006798126930242311 0.02684669975166313 
0.5177819361591148 0.0015285382360836867 0.3831110665813845 0.0 0.0 0.0 0.0 0.0 0.0 0.0 
3.887672302652026 0.1423072126861638 0.0 0.5406732673907076 0.0 0.0 0.07658339732865124 0.02746740906495912 0.0 0.0 
24.926848218564913 0.0 0.0 0.0 0.0 0.0 0.0 0.0 0.0 0.0 
0.5167137502733407 0.0442487548823086 0.3117909152112796 0.2572931290593492 0.04899261024084299 0.01948336783030397 0.0 0.0 0.0 0.19365517546530162 
0.056110922354198595 0.03954878667890244 0.3596790494298853 0.0 0.0953282070522208 0.065323687489073 0.0 0.0 0.18750850952123554 0.1537886963887192 
0.07293303996867308 0.0 0.22055109496081227 0.10679289406441345 0.0 0.0 0.0024181637323880795 0.01263304645550153 0.15570572312853007 0.0 
0.47073323228613106 0.0 0.35032336504935147 0.1729014141280678 0.0 0.0013362975289866901 0.011663584095471566 0.16765835856577244 7.468843836261332E-4 0.10222033701627088 
0.03495436453404165 0.005136992347237057 0.3764892879909189 0.2472321714186902 0.0 0.05939792848432371 0.006202385978037841 0.07447256706274595 0.12306200173088046 0.0 
0.5099597734158486 0.0 0.37951606474695115 0.18730941417459607 0.0 0.0014476521697622414 0.012635519004377326 0.1816294509955154 8.091228001729512E-4 0.004276475746454174 
0.21174762058945767 0.0 0.03970008735816409 0.29815280807974714 0.0 0.008604112215786655 0.08408572150799914 0.0 0.1342067265550377 0.0 
0.5389323593634283 0.0372491450268063 0.06202376494442564 0.30561137216005824 0.0 0.060064393290380436 0.050008963419931114 0.1557869980083961 0.0 0.0 
0.7478771715698043 0.0 0.29465658244379583 0.0 0.0 0.12587180938634257 0.15822629796083243 0.07891259684461212 0.0 0.0 
0.45165087569819 0.007986668046349813 0.12945111103032148 0.5149110945205793 0.0 0.2141380227603286 8.336980013007479E-4 0.07370641627232392 0.0 0.09550412246107833 
0.2923415147420082 0.009499526877693051 0.22267727899699188 0.0 4.886511919003193E-4 0.09042266606430502 0.0016922717018323713 0.004436665372853211 0.08775873038927595 0.03598505110551828 
0.5823434742308663 0.0 0.1640096871249947 0.4164406056848958 0.0 0.22554204229760885 0.021085300248060147 0.0787608992040464 0.0 0.0 
0.10789450116954992 0.0 0.28946927613745355 0.17919313726606648 0.13756291343616991 0.22479783363681283 0.05369499752068765 0.012022779943918236 0.005184572965734428 0.0243352105682015 
0.3375038599549254 0.0 0.20163436564252446 0.2995795011502694 0.0 0.24292487610430025 0.0 0.015565978732224641 0.0025746231952078506 0.033555224396270775 
0.11657380338876533 0.023703834953784475 0.4903856713641831 0.15218674301956278 0.28866815268239765 0.1271104401977003 0.009009424732713642 0.0 0.0413658261962745 0.1116144196108512 
0.1776227505199944 0.06723475375588318 0.17632794347506986 0.1358204172079709 0.4727913081882015 0.18681555981292008 0.010687481521123757 9.23638216921867E-4 0.165810415317509 0.018205450844613662 
0.7726281159003577 0.06616396814981128 0.08056287950001864 0.27103155343535906 0.25768703410700566 0.02392910312600318 0.05857623864096119 0.22489310530229117 0.0 0.01492546034160599 
0.23940162381647948 0.0 0.6860758152067942 0.349246409281166 0.4229631106780935 0.11688143429406592 0.07934892104170109 0.011027235866138551 0.06221734629968984 9.94627254799919E-4 
0.04121635400914362 0.01042917688002072 0.009682904970789866 0.3796398969227734 0.4285679837406881 0.2970080777429006 0.040416210428336506 0.0 0.0 0.018226079849435122 
0.37407091229355494 0.0066147999772290305 0.10721532450406515 0.009652536592118427 0.5100133693292123 0.05368748004210001 0.03398354559262215 0.03396659975783744 0.023154249668735166 0.010637541943965158 
0.43400983789335684 0.007674716668590369 0.12439487829295916 0.49479917495322856 0.052160424889707215 0.05930748451724709 0.01585487959653211 0.0 0.024363974939529378 0.07950230378974658 
0.25079116438676125 0.003198876156775925 0.18956570041910215 0.5009164507784319 0.0 0.0 0.008990821435991496 0.09911041321210246 0.016912842215856382 0.011704845524731493 
0.15548130689914155 0.0 0.0 0.3844055612970739 0.0636477722176562 0.08858824366296145 0.006588604002227972 0.021919443905293955 0.00987502880099936 0.0 
0.04636826443340541 0.0 0.12348642853562823 0.4199417273489873 0.10247732230367579 0.0 0.006437745457364288 0.021919443905293955 0.00987502880099936 0.0 
0.18544278234556788 0.006746749978711739 0.37320192718541384 0.02177576604690592 0.0 0.0 0.0 0.009710786208165498 0.007607258285949176 0.05158427893243688 
0.409169519568515 0.0 0.5348955190847043 0.0 0.0 0.06203149938349502 0.006757558013660129 0.10849862334050303 0.0 0.0 
0.3111098697938578 0.0 0.40670496539245504 0.2616667220974577 0.02013382456517538 0.06568153506812799 0.063384970715491 0.0 0.0 0.0 
0.14860081897838487 0.030216130765793537 0.6251122487353419 0.19399791370742503 0.16300478706220622 0.13771727256545094 0.01690675426119407 0.0 0.045062390070436706 0.0 
0.5150411858643795 0.0 0.8152593858531714 0.0 0.2819632226561044 0.0 0.033347741051795034 0.0 0.0 0.0 
0.5538809988732355 0.0 0.8767389781057993 0.945068851047976 0.00871028487869219 0.0 0.031225533266617214 0.0 0.0 0.0 
0.0 0.0 1.7031024455004684 0.015251598565149599 0.0956183667665496 0.0 0.01593505977323506 0.02650198348072282 0.0 0.015877901628848615 
0.5509744866385548 0.11203381819388329 0.1411820257967726 0.19406092807776718 0.04653510261452224 0.1239393354492528 0.015215316486465845 0.0 0.04055411913876401 0.07861786069492159 
0.30546042431266535 0.21529835285419568 0.0 0.0 0.10902432444274177 0.07470895675928955 0.009171587190990827 0.0 0.22321436630305083 0.020310400927698213 
0.4452356632854215 0.11776626033003179 0.3798964911800037 0.10964951898909503 0.0 0.1284073821862506 0.0 0.180990271932686 0.044015638610000886 0.04322227337366244 
0.5815868343970118 0.17716399543405037 0.05636377899576437 0.03193820990284392 0.05966373546036111 0.10756059930281592 0.10631739000641492 0.0 0.03838428107012862 0.007332619488540945 
0.3346477718903387 0.3308524818883136 0.3878240170818745 0.3298155489346417 0.0 0.6103202570111872 0.003858306826184003 0.10692138491130723 0.0 0.0 
0.5173640138034583 0.0714434080652136 0.3276025789940489 0.6017632515411303 0.0 0.04110310713185537 0.029302383916634544 0.0 0.006865020497607458 0.0028202311707920674 
0.6755661023937217 0.22518870079790723 0.19180813714378303 0.010769009439744442 0.051433609577585304 0.013960137418011173 0.015215316486465845 0.0 0.04055411913876401 0.07861786069492159 
1.0988218829684515 0.0 0.3916569885655705 0.32363633743667825 0.0 0.015237349056893636 0.0 0.010812356654262199 0.0 0.09230724482773423 
1.3132481126009625 0.0 0.0 0.43230443896916654 0.0 0.058728205313960204 3.3033554275351494E-5 0.051616481470573544 0.1314289437851127 0.0 
1.3344308871796795 0.011098172882626461 0.0 0.24555570410777297 0.008822746042796243 0.0 0.018714415792172236 0.15407958841104893 0.02651347145286105 0.0 
1.4442013147742143 0.0 0.10723990672612668 0.28313416100407274 0.037782182275084716 0.03377295264724418 0.08240055107354119 0.004554892913463794 0.04771371571287655 0.0024241537747725296 
0.3406355074260891 0.0 0.04741021213032842 0.2154889208574541 0.0 0.08858824366296145 0.006588604002227972 0.021919443905293955 0.00987502880099936 0.0 
0.520776364850924 0.0 0.0 0.3476872610755411 0.2601253949654111 0.05073048447436668 0.0 0.04536118706283776 0.0 0.0 
1.0256671777990083 0.0 0.4322948814579183 0.9980953113534288 0.0 0.1008902927141352 0.0 0.015112794939842165 0.0 0.0017272070308688358 
0.7642840611374299 0.0 0.5638355016322777 0.0 0.0 0.0 0.0 0.0 0.014855893259541463 0.0 
1.3579705713579067 0.0 0.0 0.48519138352786484 0.0 0.09681353833457791 0.025256004199183068 0.009506756664988274 0.0 0.028271354876338143 
0.025220808691225127 0.12044972971528752 0.25137909516665996 0.0 0.4493570309228045 0.1819989739368592 0.0 0.020379013767350736 0.18002368934330962 0.0 
0.2675319223594759 0.008693348563024122 1.1378271757946095 0.0 0.0 0.0 0.013796679248687781 0.0 0.0 0.07406691740379111 
0.002877347572987962 4.228631434104693E-4 3.8450053726230095E-5 1.3475496537514546 0.5274772405217796 0.04088238758435498 0.03682732962512985 0.0 0.12166679088847496 0.0 
0.0 0.0 0.3961712391107477 0.31796346306954704 1.244278912503585 0.0 0.02277599289591647 0.0 0.008561682775714551 0.003319492453359341 
1.673294518737765 0.0 0.06902093719574516 0.1044733490922827 0.0 0.0 0.008000507101103565 0.0 0.38755868296365187 0.030262643197182405 
0.20677535806945913 0.04204520070296094 0.8698324138082755 0.2699445961829842 0.0 0.08128191332104845 0.01913595429507229 0.0 0.05100398476801979 0.07349820783821812 
0.0 0.0 1.718354044065618 0.0 0.0956183667665496 0.0 0.01593505977323506 0.02650198348072282 0.0 0.015877901628848615 
0.840081784548167 0.0 0.6324086354139293 0.47258015270957177 0.0 0.03508452529692135 0.048445505972131916 0.01526110591758298 0.0 0.00242779099516617 
0.6843670469887291 0.0 0.021343661482264194 0.7705112666267377 0.17417279881747683 0.0 0.1172852968653225 0.0 0.0 0.0 
1.1269911055815083 0.0 0.0 0.0 0.006249293903723751 0.16757882133277266 2.9141779624779326E-4 0.0 0.0 0.03721043800444515 
0.6582274075645679 0.0 0.6879126451160138 0.24566720873969702 0.008826752372250637 0.0 0.01872291383970146 0.15414955456335322 0.026525510981269172 0.0 
0.9689171449858256 0.0 0.14442599587302785 0.0 0.0 0.243454110064121 0.0 0.0 0.0 0.11238834698570935 
0.018904079446311655 2.29158068993998E-5 0.018094525247669423 0.8119133419920226 0.3676045039369912 0.15211814934454337 0.05928314910760219 0.03267238403978776 0.01124088358759781 0.0 
0.023430262828136622 0.0 0.07494269724146387 1.042285243985245 0.047248042654007026 0.06829447480736195 0.0 0.20915725716461497 0.025637634343839515 0.041557069288634625 
1.2440405364506695 0.0219987147937556 0.0 0.5275840404833555 0.0 0.09557192737983426 0.0 0.0 0.03873779739506065 0.13220971820707045 
0.0 0.0 1.3203472075771467 0.3892465575665946 0.07411859365296594 0.029475462036144026 0.0 0.2664177857317555 0.0 0.33601903960771334 
0.06018825009809095 0.0027018054528758764 0.06849625713127389 0.8880585003093248 0.1719823409445281 0.0 0.0 0.01917535451827649 0.2491588663939174 0.09417168552646925 
0.22294148010961268 0.0 0.27669851879108137 1.051456560883898 0.10867323049690017 0.14695612621195886 0.0 0.0051969649142555195 0.0 0.027361498783889625 
7.502739176774026E-4 1.8032610862512525E-4 6.548316252328874E-4 1.5176269057627552 0.7573024824731458 0.03761891642303692 2.3799620228859573E-4 0.0 0.0 0.2497070375525301 
0.03271789545762042 0.0 0.0 0.5919545351929861 0.18417249937288965 0.0012739895113797462 0.0 0.03116030531586373 0.176892600786908 0.0 
0.16950883444057047 0.002843182715018514 0.01291610069122159 2.5500278040757283 0.3227252773308289 0.060438419475495435 0.0 0.0 0.0 0.0 
0.28370946159072025 0.0 0.02456753253578048 0.34814343157717614 0.0 0.05903453648181437 0.00681071170411684 0.2735392883918709 0.01600068155112873 0.06938547029714551 
0.5751055139558443 0.0 0.017936073135706172 0.647496515140415 0.14636551748334337 0.26349115419989905 0.1172852968653225 0.0 0.0 0.0 
0.6727408366721548 0.138983312655336 0.0 1.8756651032062228 0.0 0.0 0.011625499031612085 0.16838941282995148 0.01239144640744661 0.03705535774931879 
1.1699544488492866 0.0 0.3450881842508737 0.0 0.0 0.0 0.20516813219436425 0.05627741631458378 0.0 0.1200880638230155 
0.0 0.0 0.0 1.4957376358003984 0.008294035367878573 0.0 0.017592938266221218 0.14484623603020408 0.1295461089127634 0.0 
0.12114254313781377 0.002142197281997229 0.03472159060465979 0.5189028733101143 0.03328172653306174 0.037842013082533585 0.010116439198150173 0.24189063867481228 0.02050574094223886 0.06691246604340863 
0.46154594274436184 0.0 0.7305816935655186 0.0 0.25267684408896623 0.0 0.029884046178393357 0.1709230088482103 0.0 0.0 
0.0 0.0 0.0 2.230980836770275 0.0 0.0 0.0 0.13918914408331562 0.01024265593911488 0.0 
0.06600176115788282 0.045249716880213904 0.06302032105780804 0.3143919705971314 0.10230502049388614 0.029591091925017292 0.008224504940523592 0.8324627569914111 0.2615871356547697 1.1307331189389909 
0.6841052950684025 0.005003114983789548 0.021491532494809795 0.8146056465585465 0.17995215537215195 0.0 0.0 0.03112184346347686 0.031400482839353275 0.0 
0.13213949769127983 0.0 0.3006998754328846 0.13591620525023282 0.4321409146823694 0.11161318111626467 0.0 0.06940860574881642 0.0 4.523874452903436E-4 
0.0 0.0 0.09360849560044988 1.3299754676772246 0.2679378074429164 0.3729164725050039 0.4306702964256811 0.0 0.051912805089142484 0.0 
1.668871880856742 0.0 0.5948419350662655 0.4105262729234784 0.0 0.10985283510887517 0.0 0.016455333074161305 0.0 0.0 
0.7918102977760461 0.17460343031348927 0.3692790036270182 0.33733422256380047 0.0 0.0 0.09910381306563748 0.00857263686533556 0.00647894529346208 0.10121340906635895 
0.6433724667649943 0.6433724667649943 0.0 0.45974306639251944 0.0 0.0 0.022737044057522846 0.06994435889294615 0.0066916691002232775 0.026426283741773665 
0.5306756927323516 0.009384085864038567 0.0 0.47205589421831096 0.0 0.30846795276019795 8.352449588598145E-4 0.07384318126111637 0.0 0.09291995699559713 
0.6097738207195506 0.0 0.0 0.0 0.1728600416860671 0.21255680551520367 2.2294894375060197E-4 0.0 0.3113380106724371 0.03855223098656241 
0.7704783772492657 0.0 0.27462434600694874 0.7690124857144858 0.0 0.015237349056893636 0.0 0.010812356654262199 0.0 0.09230724482773423 
0.05112288192708332 0.017040960642361106 0.9467490823199768 0.0 0.0 0.0 0.0027907470113894624 0.0 0.14369101442458757 0.0019933164239893746 
0.5721421540002503 0.0 0.0 0.016687117337913813 0.5914436554423635 0.0 0.0 0.0 0.11778517731885846 0.0 
0.6737576856032246 0.0 0.09783184694200303 0.6198158776864398 0.0 0.0 0.0 0.11949301367709163 0.032113805147758134 0.0 
0.01017833149431462 0.0026029016678714672 4.264429756397429 0.0 0.02371762157626181 0.28398166475786446 0.07349068689639424 0.3465080597289068 0.07485609473089108 0.0 
0.0 0.0 0.0 1.3914100204693196 0.0 0.08144654089990917 0.01917471206658714 0.0 0.0511072877315148 0.07364707037740585 
0.2037155922686099 0.0 0.712153474084347 0.1923523839597612 0.0 0.1314644171930376 0.009318029029626208 0.0 0.0 0.1116144196108512 
0.04350469192175454 0.0 0.11586025691507025 0.3940073172168411 0.11158813959414637 0.0 0.0 0.06096349106667475 0.011664208897966646 0.005714122853970799 
1.087148555480923 0.0 0.0 0.6151788401979708 0.3694393002146831 0.04998530388945922 0.10508455889271089 0.11609271022253292 0.0 0.0015606511808931483 
0.0 0.0 0.0 1.1438132772145027 0.0 0.05861710346348365 0.003812776669918716 0.06396493139992014 0.11042629451733287 0.12337728153641575 
2.2002798558559866 0.0 0.0 0.06332130805801238 0.28785261831170067 0.0 0.0 0.008128987880106126 0.0 0.0 
1.498918985850289 0.0 0.11730720868479079 0.0 0.28081983367024876 0.0 0.0 0.05951268114301028 0.026811329833508233 0.10969609884116693 
0.19800797058087555 0.005287047123536214 0.5369230898754458 0.0 0.0 0.232145716507708 0.052388083335604387 0.3074923892991756 0.4814180268168763 0.29304838869668165 
1.1525973378174879 0.0 0.16936526369418964 0.0 0.49077539313627566 0.09289754953993262 0.0019853935344568627 0.01127496055874045 0.0720347701088173 0.012961258815113712 
0.04668592947207711 0.04791048131496565 0.42266561686313675 0.33966159182516226 1.0277867600359425 0.073112846240037 0.08270101734691299 0.0 0.008818096561138192 0.0015790579933212024 
0.0010037968206597528 2.4125958567264985E-4 9.223771985929731E-4 2.0747381649051393 0.26079372857075156 0.02360996701261233 0.0192398996068494 0.21243440221261906 0.0 0.27976761168558123 
0.0 0.0 0.0 0.0 0.0 0.0 1.2378994047347482 0.0 0.0 0.04103791945750437 
0.25300531963369405 0.0 0.8092483301987637 0.2020146489023819 0.052368187325868266 0.0756953653344708 0.0 0.23182307262907192 0.028415916564883098 0.04606049831858462 
0.0 0.0 0.141229704812409 0.9777104853569408 0.0 0.0 0.0 0.0 0.00241252922152759 0.0 
0.0 0.0 0.10022807149455383 0.9767488880965394 0.153116348282628 0.0 0.0 0.0 0.03844791661959931 0.1622869653338504 
0.48096780069414596 0.0 0.1418656129629026 0.9689785805988304 0.0 0.0 0.0 0.05207679669412372 0.0 0.11112453439838381 
0.40297096906275226 0.0 0.21245563954622432 0.5285642982578684 0.18449368193397003 0.042256955493428325 0.0 0.0 0.018731626253574954 0.12416713985099301 
0.0 0.0 0.0 0.7347095802335899 0.0 0.033025461229238225 0.10792489229065025 0.2517453682566351 0.0 0.013231274730869158 
0.34162648950659663 0.0021591981008505824 0.6873527023246022 0.0 0.1493556697044764 0.3716078126092642 0.0 0.0 0.0 0.0374034238108798 
0.17233611721526215 0.005107333577975135 2.036457656730256 0.0 0.0 0.0 0.0 0.04637626400939836 0.41653368277980135 0.2695636062188766 
0.0429568198909931 0.001494304166867859 0.617395664967048 0.2113604521336922 0.0 0.057375659752071304 0.0463575709056178 0.1444122475745871 0.0 0.0 
0.16342429487306612 0.0 0.3461403266609728 0.7421339945468838 0.0 0.05876594617202764 0.06173652136996197 0.17638160470585973 0.0 0.0025705770214189787 
0.5341691156481293 0.001150001228168901 0.32039904681140136 0.0 0.1353895317281275 0.10152609359914366 0.0 0.0 0.0 0.13016612931085197 
0.515191731032371 0.5093488652189573 0.0 0.3208028415431817 0.0 0.5936423353386328 0.16525399541070426 0.0 0.0 0.0 
0.009686292042077509 0.0462598671079687 0.16605152418419927 0.758002451462449 0.029253218129119074 0.23909104168378795 0.003413368528268095 0.15274796837409454 0.20840593951715677 0.1326613199803483 
0.2142664976261116 0.0 0.0 0.14305129174054815 0.10702512841342651 0.3457760017547897 0.0 0.03116030531586373 0.176892600786908 0.0 
0.0844730847471532 6.17782904286903E-4 0.19060015846020067 0.3010058359283584 0.06804187190352126 0.3794011145464779 0.0 0.1609195342438336 0.03296877765645113 0.011810215801277418 
9.798895169875562 0.0 0.05881888169471888 0.0 0.0 1.368779971600622 0.07540398141079546 1.210678200753315 0.0073781753392544525 0.0 
0.5117951213266361 0.016630588766036566 0.38983565205073606 0.0 0.0 0.06033602218862542 0.002690888704541549 0.007054761197456876 0.13954554465084454 0.0019358094670078006 
0.35137766295242673 0.0 1.5255333422136867 0.11254401606212328 0.0 0.0 0.00861855399022757 0.0 0.06245198289275675 0.027808774507935816 
0.9387080059110454 0.0 0.07777896650123059 0.0 0.048538466404462056 0.0 4.995518652162606E-4 0.23355654051075753 0.6414395444500024 0.013244696331932468 
