0.0 0.0 0.0 0.0 0.0 0.0 0.0 0.0 0.0 0.0 0.0 0.0 0.0 0.0 0.500008094663162 
3.6070515343549927E-6 8.93479174737484E-4 0.0018698251739711173 0.0 0.001872098418321079 0.0 1.5872039764609517E-4 0.0 3.9079009048954166E-4 0.002481117766204809 0.002556546024301494 5.808507329889373E-4 3.004266532012903E-4 0.24761496848385617 0.2445852264786421 
0.0 0.0 0.0 0.0 0.0 0.0 0.0 0.0 0.0 0.0 0.0 0.0 0.0 0.5000090171330402 0.0 
0.0 0.0 0.0 0.0 0.0 0.0 0.0 0.0 0.0 0.0 0.0 0.0 0.25055058219985554 0.0 0.24997933921698084 
0.0 0.0 0.0 0.0 0.0 0.0 0.0 0.0 0.0 0.0 0.0 0.0 0.2504803046434406 0.2497088252698455 0.0 
0.0 0.0 0.0 0.0 0.0 0.0 0.0 0.0 0.0 0.0 0.0 0.0 0.5000412773367042 0.0 0.0 
0.0 0.0 0.0 0.0 0.0 0.0 0.0 0.0 0.0 0.0 0.0 0.2493584463246902 0.0 0.0 0.2507896593989506 
0.0 0.0 0.0 0.0 0.0 0.0 0.0 0.0 0.0 0.0 0.0 0.2504260839887807 0.0 0.2496547716148096 0.0 
0.0 0.0 0.0 0.0 0.0 0.0 0.0 0.0 0.0 0.0 0.0 0.2500641747984531 0.2500641747984531 0.0 0.0 
0.0 0.0 0.0 0.0 0.0 0.0 0.0 0.0 0.0 0.0 0.0 0.5000509567050333 0.0 0.0 0.0 
0.0 0.0 0.0 0.0 0.0 0.0 0.0 0.0 0.0 0.0 0.2491842344901046 0.0 0.0 0.0 0.251374511028415 
2.960842901006846E-5 1.9062261553907396E-5 4.821612629559789E-6 1.1213609094946572E-4 7.918178624640372E-5 0.0 0.0 4.254918332543168E-6 0.0 0.0 0.25027386460899637 0.0 0.0 0.24975131904891926 0.0 
2.655773028365807E-7 3.9105993565140416E-8 3.046832964017211E-7 3.857105504540406E-7 0.0 0.0 0.0 3.1205219782052534E-7 0.0 0.0 0.25018794205347267 0.0 0.2501892491828137 0.0 0.0 
3.676565023289462E-4 5.11821652033051E-4 9.434037915701418E-4 0.0016912729561366403 0.0 0.001511722932201401 0.0 0.0014622484981250557 6.452157621334217E-4 1.9222594929258032E-5 0.24712909909216682 0.24082490530593958 0.004152849191312489 0.0024215717309345416 0.0 
0.0 0.0 0.0 0.0 0.0 0.0 0.0 0.0 0.0 0.0 0.5000790015947771 0.0 0.0 0.0 0.0 
1.8371714138443898E-4 2.482960402537323E-4 3.2365802076880936E-4 4.0001196943905565E-4 9.902644967968856E-4 0.002016588073702111 9.917793380799925E-4 0.002564354668087898 0.0012576547457394333 0.24321229972714492 0.0 0.0028526275926192106 0.0038041444761348787 0.0020114702886368328 0.23982537341690918 
0.0 0.0 0.0 0.0 0.0 0.0 0.0 0.0 0.0 0.25064875800743996 0.0 0.0 0.0 0.2493954672086715 0.0 
0.0 0.0 0.0 0.0 0.0 0.0 0.0 0.0 0.0 0.25002141464656713 0.0 0.0 0.25002141464656713 0.0 0.0 
0.0 0.0 0.0 0.0 0.0 0.0 0.0 0.0 0.0 0.25096257911427766 0.005334639088169057 0.24312410270780058 0.0 0.0011768117427151926 0.0 
0.0 0.0 0.0 0.0 0.0 0.0 0.0 0.0 0.0 0.24809683888533232 0.2513418798192319 0.0 0.0 0.0 6.007164355225791E-4 
0.0 0.0 0.0 0.0 0.0 0.0 0.0 0.0 0.0 0.5000843051469968 0.0 0.0 0.0 0.0 0.0 
3.593811115946342E-4 4.777533206433773E-4 6.001134994996907E-4 2.348380155348786E-4 3.8671931731744104E-4 0.0012405642373373672 5.473362501503888E-5 0.0 0.2468334300460079 0.0013520305940333847 0.0011147072998635556 5.562399588483992E-4 4.950912318089625E-5 0.0016883555368721933 0.24549753949902806 
0.0 0.0 0.0 0.0 0.0 0.0 0.0 0.0 0.24991226385824453 0.0 0.0 0.0 0.0 0.25029680333580123 0.0 
1.0055609397703305E-6 1.7060166211817377E-5 3.427704945117597E-4 0.0 1.572115006724065E-4 4.949068684339498E-4 6.336831376811695E-4 0.0 0.2506595692159138 0.0013634800524512352 4.542763611104401E-4 0.0 0.24592890479766036 0.0 0.0 
0.0 0.0 0.0 0.0 0.0 0.0 0.0 0.0 0.2500293264289519 0.0 0.0 0.2500293264289519 0.0 0.0 0.0 
0.0 0.0 0.0 0.0 0.0 0.0 0.0 0.0 0.25026568997255616 0.0 0.25026568997255616 0.0 0.0 0.0 0.0 
0.0 0.0 0.0 0.0 0.0 0.0 0.0 0.0 0.24935808977646892 0.2506479846301867 0.0 0.0 9.776396022708307E-5 0.0 0.0 
0.0 0.0 0.0 0.0 0.0 0.0 0.0 0.0 0.5000497557333112 0.0 0.0 0.0 0.0 0.0 0.0 
0.0013543114518205284 7.512150364221676E-4 0.0 0.001211019732950775 0.001608581763749351 0.0 0.0 0.24581122665057586 0.0 0.0021197604944300807 0.0 0.0 0.0 0.0026300589988993615 0.24486392339323573 
0.0 0.0 0.0 0.0 0.0 0.0 0.0 0.2504260839887807 0.0 0.0 0.0 0.0 0.0 0.2496547716148096 0.0 
0.0 0.0 0.0 9.872805973742493E-4 1.5646324193388525E-4 1.577847499015997E-4 0.0 0.25185526320657714 0.0 0.0 0.0 0.0 0.24505585718267614 0.001953313170760378 0.0 
0.0 0.0 0.0 0.0 0.0 0.0 0.0 0.23882016605150572 0.0 0.0 0.0 0.25663044265669466 0.004155734922889372 0.001093006519855853 0.0 
0.0 0.0 0.0 0.0 0.0 0.0 0.0 0.250550563324126 0.0012934710602525035 9.047832113906633E-5 0.24844768958727478 0.0 0.0 0.0 0.0 
0.005128452725529799 9.823942548260354E-4 0.006394692632886131 0.008568249074857178 0.0034317101509374263 0.001357798333203081 0.001123072904629097 0.2306804416981396 0.007099091902542693 0.2216429503633893 0.0022075860967876487 0.004075383279028994 0.009196156473377062 2.904553609008773E-4 9.06105609163737E-4 
0.0 0.0 0.0 0.0 0.0 0.0 0.0 0.2498012934798611 0.2498012934798611 6.452592833177536E-4 0.0 0.0 0.0 0.0 0.0 
0.0 0.0 0.0 0.0 0.0 0.0 0.0 0.5000509628674372 0.0 0.0 0.0 0.0 0.0 0.0 0.0 
0.0 0.0 4.3484976122992845E-5 4.371166053074251E-5 0.004510001231554707 9.655635932701809E-6 0.24531806307329643 0.0 9.390316189863054E-4 0.0 0.0 0.0 0.0 0.0 0.250534228302866 
0.0 0.0 0.0 0.0 0.0 0.0 0.245223644837076 0.0 0.0 0.0 0.0 0.0 0.0 0.2534205192230303 0.0017610156094873073 
0.0 0.0 0.0 0.0 0.0 0.0 0.2531969671609755 0.0 9.364480330175112E-4 0.0 0.0 0.0 0.24593805182835152 0.0 0.0 
0.0 0.0 0.0 0.0 0.0 0.0 0.2500254814337186 0.0 0.0 0.0 0.0 0.2500254814337186 0.0 0.0 0.0 
0.0 0.0 0.0 0.0 0.0 0.0 0.2518573542244817 0.0 0.0 5.928311362988672E-4 0.25245018536078057 0.0 0.0 0.0 0.0 
0.0 0.0 0.0 0.0 0.0 0.0 0.2510702426743469 0.0 0.0 0.24907851501413153 0.0 0.0 0.0 0.0 0.0 
0.0 0.0 0.0 0.0 0.0 0.0 0.25295829605390185 0.0 0.24759693013596706 0.0 0.0 0.0 0.0 0.0 0.0 
0.0 0.0 0.0 0.0 0.0 0.0 0.25164129202520713 0.24897063008226694 0.0 0.0 0.0 0.0 0.0 0.0 0.0 
0.0 0.0 0.0 0.0 0.0 0.0 0.5001259317876645 0.0 0.0 0.0 0.0 0.0 0.0 0.0 0.0 
0.0 0.0 0.0 0.0 0.0 0.2506317992758688 0.0 0.0 0.0 0.0 0.0 0.0 0.0 0.0 0.2500603711220624 
0.0 0.0 0.0 0.0 0.0 0.251087933841861 0.0 0.0 0.0 0.0 0.0 0.0 0.0 0.2503145829702491 0.0 
0.0 0.0 0.0 0.0 0.0 0.25020210527741443 0.0 0.0034768878206169014 9.382308041370892E-4 0.0 0.0 0.0 0.2464062585419607 0.0 0.0 
0.0 0.0 0.0 0.0 0.0 0.2411673388686152 0.0 0.0 0.0 0.0 0.0 0.25915265846872393 0.0 0.0 0.0 
0.0 0.0 0.0 0.0 0.0 0.2504215207432397 0.0 0.0 0.0 0.0 0.2499240867228726 0.0 0.0 0.0 0.0 
0.0 0.0 0.0 0.0 0.0 0.2500565189554047 0.0 0.0 0.0 0.2500565189554047 0.0 0.0 0.0 0.0 0.0 
0.0 0.0 0.0 0.0 0.0 0.2488506482399657 0.0 0.0 0.25149820937634004 0.0 0.0 0.0 0.0 0.0 0.0 
0.0 0.0 0.0 0.0 0.0 0.2502139128085254 0.0 0.2501261651490914 0.0 0.0 0.0 0.0 0.0 0.0 0.0 
0.0 0.0 0.0 0.0 0.0 0.25030626603324535 0.25030626603324535 0.0 0.0 0.0 0.0 0.0 0.0 0.0 0.0 
0.0 0.0 0.0 0.0 0.0 0.5002113579058438 0.0 0.0 0.0 0.0 0.0 0.0 0.0 0.0 0.0 
0.0 0.0 0.002361071668975754 0.0023733797850345613 0.2448762097684395 5.242649411181848E-4 0.0 0.0 9.398206785341379E-4 0.0 0.0 0.0 0.0 0.0 0.25074474988798007 
0.0 0.0 0.0 0.0 0.2461267665421991 5.610001089741449E-4 0.0018712389356892387 0.0061063035660138066 0.0 0.0 0.0 0.0033287365487014208 0.0023843351687023845 0.24032480083871413 0.0 
0.0 0.0 0.0 0.0 0.2508841942287614 0.0 0.0 0.0 0.0 0.0 0.0 0.0 0.2501009517569599 0.0 0.0 
8.121747626491547E-4 0.0028654174386031623 1.8115389465145327E-4 0.010343306083948898 0.23480178190363266 0.00470166133390857 0.003221835858157262 7.458652958334813E-4 0.001101674314292142 0.0069118462721223855 0.0 0.22870735919045732 0.0 0.006712092890439477 0.0 
0.0 0.0 0.004184804850268667 5.499662005519096E-4 0.2448927400162013 5.243003313644554E-4 0.0 0.0 0.0 0.0 0.2501518113983863 0.0 0.0 0.0011589466120550413 0.0 
7.304039917874715E-4 0.0050283734444997496 0.004595408072221908 0.010055861860492211 0.23451235247573807 0.0 0.0025467392918085 0.003577872828272281 0.007192221287856854 0.2245505717901758 0.0 0.0011072594072714281 0.007366870167643659 0.0 0.0 
0.0 0.0 0.0 0.0 0.249693396410517 0.0 0.0 0.0 0.25234992367705766 0.0 0.0 0.0 0.0 0.0 0.0 
7.504127770947721E-4 6.66495297795657E-4 0.0022584704283671072 0.006849841401544003 0.24030074594955259 0.004736066613344981 0.0 0.23548855341885921 0.0020994726059505326 0.004419745473966965 0.0 0.003230758936338211 0.0 0.0 0.0 
0.0 0.0 0.0 0.0 0.25072113023881215 0.0 0.25072113023881215 0.0 0.0 0.0 0.0 0.0 0.0 0.0 0.0 
0.0 0.0 0.0 0.0 0.25075671454010934 0.24890074569863768 0.0 0.0 0.0 6.453301546335174E-4 0.0 0.0 0.0 0.0 0.0 
0.0 0.0 0.0 0.0 0.5009851459857213 0.0 0.0 0.0 0.0 0.0 0.0 0.0 0.0 0.0 0.0 
0.0 0.002233402961055379 0.001421988860883369 0.24643111903287312 0.0 0.0 0.0 0.0 0.0 0.0 0.0 0.0 0.0 0.0 0.2515219027146309 
0.0 0.0 0.0 0.24634869722577868 0.00472508189780236 0.0 0.0010244989649463591 0.003638912937765185 7.443775398565075E-4 0.0 0.0 0.0031851029494976233 0.0 0.24050523766080284 0.0 
0.0 0.0 0.0 0.2528118299000599 0.0 5.762374654183332E-4 0.0 0.0 0.0 0.0 0.0 0.0 0.24527973200971157 0.0019550976522793163 0.0 
0.0018574888366655654 2.3841107707430606E-6 0.0 0.24740458029825632 0.0 0.008844200653629902 0.0017518845137259517 0.0021801855283509826 0.0 0.006804001182711711 0.0 0.2359028201488428 0.0 0.0 0.0 
0.0 0.0 0.0 0.2464652941644849 0.0 0.0 0.0 0.0 9.260329357017211E-4 0.0 0.24739132710018663 0.0064673162991021275 0.0 0.0010340109009329332 0.0 
0.0 0.0 0.0 0.24978922248523877 0.0 0.0 0.0 0.0 0.0 0.24978922248523877 0.0 0.0 0.0 7.717277620663807E-4 0.0 
0.0 0.0 0.0 0.25453259378080045 0.0 7.2030062741444E-4 9.644467793410532E-4 0.0 0.24264975878683898 0.0015568579613407763 0.0 0.0 0.0 0.0 0.0 
0.0021957203880167346 0.0 0.0 0.24675240698779993 0.0 0.0 0.0 0.24894812737581667 0.0 0.0 0.0 0.0 0.0 0.005666842538116 0.0 
0.0 0.0 0.0 0.251310182102736 0.0 0.0 0.2499164768483008 0.0 0.0 0.0 0.0 0.0 0.0 0.0 0.0 
0.0 0.0 0.0 0.24831244776384342 0.002187563057961182 0.2468782295902101 0.0 0.0 0.0014477252584587496 6.4425624188124E-4 0.002231898068740424 0.0 0.0 0.0 0.0 
0.0 0.0 0.0 0.26107859334915245 0.23702049323173327 0.0 0.0 0.0 0.0 0.0 0.0033183707778021198 0.0 0.0 0.0 0.0 
0.0 0.0 0.0 0.501493347959558 0.0 0.0 0.0 0.0 0.0 0.0 0.0 0.0 0.0 0.0 0.0 
0.0 0.0 0.24552577780852272 0.0 0.0 0.0 0.0 0.0 0.0 0.0 0.0 0.0 0.0 7.236752615350448E-4 0.2558034391510028 
0.0 0.0 0.2500848078890466 0.0 0.0 0.0 0.0 0.0 0.0019430622994904678 0.0 0.0 0.0 0.0 0.24854413942607076 0.0 
0.0 0.0 0.2444097024062289 0.0 0.0 5.570863811787987E-4 0.0020526613705028137 0.0 0.0 0.004688828133563517 0.0 0.003143802721845973 0.24669689769921996 0.0 0.0 
0.004898780499307359 0.001351559059658389 0.2342004410816927 0.0 0.0 0.0 0.0 6.813329614616635E-4 0.0 0.0 0.0 0.2591148062392293 0.0 7.727603939208756E-4 0.0 
0.0 0.0 0.24950807433455544 0.0 0.0 0.0 0.0 0.0 0.0 5.888136668441806E-4 0.2500968880013996 0.0 0.0 0.0 0.0 
0.0 0.0 0.25014346653245917 0.0 0.0 0.0 0.0 0.0 0.0 0.25014346653245917 0.0 0.0 0.0 7.728222046650918E-4 0.0 
0.0 0.0 0.25209400652167313 6.868292047050281E-4 0.0 0.0 0.0 0.0 0.25278083572637816 0.0 0.0 0.0 0.0 0.0 0.005765928422631764 
0.0 0.0 0.2508512291514974 0.0 0.0 0.0 0.0 0.2508512291514974 0.0 0.0 0.0 0.0 0.0 2.601501330335428E-5 0.0 
0.0 0.0 0.25089136394763045 0.0 0.0 0.0 0.25089136394763045 0.0 0.0 0.0 0.0 0.0 0.0 0.0 0.0 
0.0 0.0 0.24065394086829042 0.0 0.01565142274252194 0.23666661518480553 0.0 0.0 7.092097337661834E-4 3.186000218827726E-4 0.0011325843721520779 0.0010900762119575018 0.0 0.0 0.004580373152738692 
0.0 0.0 0.24906076598100277 0.0 0.2481577953835258 0.0023662814752529716 0.0 0.0 0.0 0.0024807575314999913 0.0 0.0 0.0 0.0 0.0 
0.0 0.0 0.2496024067436156 0.2509035681743022 0.0 0.0 0.0 0.0 0.0018805285298309502 0.0 0.0 0.0 0.0 0.0 0.0 
0.0 0.0 0.5004666610901705 0.0 0.0 0.0 0.0 0.0 0.0 0.0 0.0 0.0 0.0 0.0 0.0 
0.0 0.18627849967801222 0.0 0.0 0.010863847825006327 0.0 0.00713677474433183 0.01892310749409857 0.014258723621340787 0.01335108758689474 0.01912514925790734 0.01587626664802662 0.02273799495079539 0.010569942310332012 0.18305806068375366 
0.008845370702324374 0.243523095143448 0.0 0.0 0.0 5.752268996588066E-4 0.0019186929811219945 0.0 0.0 0.0 0.0 0.003331312541465702 0.002386180322277123 0.24051077979468746 0.0 
0.0 0.250854639188581 0.0 0.0 0.0 5.717764138315907E-4 0.0019071837437374646 0.0 0.0 0.0 0.001190982099918868 0.0 0.24631660364493616 0.0 0.0 
0.0 0.24954134679879547 0.0 0.0 0.0 0.008854025167761183 0.0017538305815319108 0.0 0.0 0.006754887008381731 0.0 0.2341999732617548 0.0 0.0033786601583703315 0.0 
0.0 0.2244003090405719 5.008374178137573E-4 0.0 0.018610445803974307 0.0 0.0 0.008920347210175214 0.006954863628372163 0.0 0.24175949144803732 0.0 0.0 7.741497101280483E-4 0.004493773812365025 
0.0 0.2511326773355247 0.0 0.0 0.0 0.0 0.0 0.0 0.0 0.2511326773355247 0.0 0.0 0.0 0.0 0.0 
0.0 0.24135572735812152 0.0 0.0 0.0 0.00979040965642129 0.0 0.001440202921672899 0.2392110314403263 0.0 0.0026787780968329225 0.0 0.0 0.005627916360442023 0.0 
0.0 0.23299397886079404 0.0 0.0 0.0 0.013005543377742929 0.0 0.22477858851326524 0.007707715746561545 0.003065452806053249 0.0 0.0031267494259411784 0.013920166350010163 0.0033617645150973026 0.0 
0.0 0.22625515271263125 0.0 0.0 0.0 5.157064674881088E-4 0.23816810304214792 0.0 0.0 0.007928346439182433 0.0 0.013466444809703378 0.0044946102107705135 0.009887355292962717 0.0 
0.0 0.23983909973214193 5.35295142480861E-4 0.0 0.0 0.24037439487462278 0.0 0.017610850003454505 0.0 0.0 0.0 5.479874371982522E-4 1.9513652564822617E-4 7.70992949678015E-4 0.004475449491814775 
0.0 0.24655322983776884 5.502803606356177E-4 5.943069156685496E-4 0.2516698329685757 0.001048837218669889 0.0 0.0 0.0 0.0 0.0 0.0 0.0 0.0019340391932358518 0.0 
0.0045861459355294384 0.2440568267002013 0.0 0.24147909880041038 0.0 0.0 0.0 0.0 0.0 0.0 0.0 0.0011012652225259284 0.007326989376845246 0.0038948594320577495 0.0 
0.0 0.2508080575607623 0.24496041277161448 0.0 0.0 0.002265186796369116 0.0 0.0028559847131820492 0.0 0.0 0.0 0.0 0.0 0.0 0.0 
0.0 0.5008411850910051 0.0 0.0 0.0 0.0 0.0 0.0 0.0 0.0 0.0 0.0 0.0 0.0 0.0 
0.20395115998968383 0.00639215400408286 0.0 0.004915344776443734 0.014643787296985815 0.0040571733379449445 0.0 0.00962706616477602 0.013532235162533001 0.0 0.012781687905289179 0.015874115115083222 0.017269798029941788 0.016713441571045498 0.18342321680357573 
0.250398224771816 0.0 0.0 0.0 0.003683176020429055 5.791312157359937E-4 0.0 0.0 0.0 0.0 0.0022671228249557126 0.0 0.0038322816875591033 0.24093828450783863 0.0 
0.250488375169312 0.0 0.0 0.0 0.0 0.0 0.0 0.0 0.0 0.0011297569763194847 0.0022400377713112057 0.0 0.24573479143314514 0.0025476433024684245 0.0 
0.2536159064807152 3.255192722223088E-4 0.0 0.0010977012466483443 0.0 0.0051687530382607755 0.00176613278362055 0.0 0.0 0.006802268999514792 0.0 0.23584276329550102 0.0 0.0 0.0 
0.24296417896362862 0.0 0.0 0.0 0.0 0.006816589629711966 0.001061402361851923 0.0 0.0 0.0 0.2373360145840404 0.006097280227974346 0.009221233212139085 0.002567550170249144 0.0 
0.25184332747894533 0.0 0.0 0.0 0.0 0.0 0.0 0.0 0.0 0.25184332747894533 0.0 0.0 0.0 0.0 0.0 
0.25156499896508516 0.0 0.0 0.0 0.0 0.0 0.0 0.0 0.25156499896508516 0.0 0.0 0.0 0.0 0.0 3.7810900983859175E-4 
0.2479657354889406 0.0 0.0 0.0 0.0 0.0 0.0 0.2479657354889406 0.0 0.0 0.0 0.0 0.0 0.005644480208291179 0.0 
0.22253130937270438 0.008756801332066851 0.0 0.002339431626417573 0.0 0.0 0.24536939524148724 0.004962479085246489 0.0 0.00388405155272487 0.003037868574553288 0.0 0.0 0.008750078801311206 0.00197213370452855 
0.24000742349938578 0.0 5.356708230728509E-4 0.0 0.0 0.24054309432245863 0.0 0.017623209642146687 0.0 0.004724699673423804 0.0 0.0 1.9690695314117946E-4 0.0 0.0 
0.21266204227862992 0.008591784668489939 0.015525454551160344 0.0 0.20534424160480147 0.016503870867333174 0.0 0.0 8.420315486323684E-4 0.0 0.0 0.011177384621773315 0.01913675466165126 0.00839591729774086 0.0022886560556275542 
0.2587298890364565 0.0 2.884068323178612E-4 0.24626278624652986 0.0 0.001151694088829055 0.0 0.0 9.347912004216153E-4 0.0 0.0 0.0 0.0 0.0 0.001931934634362639 
0.25302666364877746 0.0 0.23133731904836727 0.0048992419729938985 0.0 0.0 0.0 0.003505832866160745 0.0 0.008402917630270592 0.0 0.0 0.0 4.3115336002502106E-4 0.0 
0.25049691985914524 0.25049691985914524 0.0 0.0 0.0029277730577713127 5.736439586104306E-4 0.0 0.0 0.0 0.0 0.0 0.0 0.0 0.0 0.001781679373901134 
0.5035600708510053 0.0 0.0 0.0 0.0 0.0 0.0 0.0 0.0 0.0 0.0 0.0 0.0 0.0 0.0 
0.03143738634602268 0.02336025767613327 0.010093739251212725 0.020413046056486642 0.017553619161878427 0.022411754787541892 0.026464308609859044 0.010659705392878117 0.020648773614957677 0.022524438832162267 0.007822563036001625 0.012510203615394578 0.012918787612935353 0.014259987254790676 0.25274594059258015 
0.00672415341552139 0.015395921544709127 0.02422048042643648 0.015715830461941614 0.022645848002362228 0.029795884903135846 0.006858475351302032 0.014695004284518458 0.010163983933392146 0.0027538742224449547 0.02358915488183281 0.009689391162926358 0.018274706401806107 0.2891017557803679 0.014500698357189156 
0.024802473392722582 0.020762257998989002 0.012413395522458221 0.01580530878994601 0.033878983572357343 0.016440929981318454 0.005388992284972375 0.008377052340080158 0.011229892153830766 0.020882263303854693 0.026916397410739354 0.00608447339296722 0.24222269816319997 0.014654414201111788 0.042076988601942526 
0.02264633100304536 0.01217077021183318 0.027520927458568 0.026148566433309497 0.040237149420742926 0.022520637075588226 0.012991653130706958 0.010227347331331885 0.005194504980649171 0.01674504382552505 0.024549872145306392 0.24885993509996746 0.02034355572249373 0.003152457014474027 0.008662990927462045 
0.011664362232728147 0.028646634375767657 0.007425295302078363 0.015016525710838885 0.01291303476870662 0.016486843318770403 0.0018727144791079971 0.006605523040072253 0.012795470872390788 0.013957768454834745 0.2700732128935689 0.023301383895888306 0.024062408486143466 0.026560513928443504 0.032765878089560135 
0.011007031225543442 0.03273383346939304 0.026507105449251903 0.007848892142988792 0.007152033459085017 0.008336958272827174 0.0060956977022255466 0.006959734704067894 0.003577674676513964 0.27114847734139347 0.019439428220543356 0.0270066488453051 0.025806398759406175 0.020306135104395384 0.027063521207471672 
0.03941262840709865 0.01859525001118034 0.03914897078776187 0.017681271797830342 0.0346177652349128 0.006615035711957544 0.008197098953432453 0.01998874574139383 0.1744997421882598 0.017817346950754737 0.04550325180139908 0.024924455685552564 0.02402269066853138 0.02164333460442587 0.012720673889167491 
0.01556824678231417 0.030287198815384008 0.014076170578851039 0.021315972650191816 0.028081271781240327 0.030774097622050935 0.015030582672584397 0.24469295820161016 0.021985586215640295 0.01771727946691915 0.0019477913696554288 0.034109798641706233 0.013659066704606163 0.0 0.014992002256374773 
0.02167112033312899 0.02675452675431822 0.006423564866510137 0.029181750851970577 0.03399642196430928 0.008013315925625458 0.22775536232229543 0.012757788450180309 0.0 0.020050939116492347 0.02932957269168696 0.02204141212755984 0.02200464123486401 0.009006416806536782 0.032599410793681734 
0.015067667361743238 0.008668128592941986 0.017860429060260016 0.014573897785556948 0.02708436292322586 0.2430980292289964 0.03501188353459958 0.02963786587138139 0.021500360813573746 0.01834772237330467 0.021280795270305394 0.017677174350792416 0.007947971513200237 0.008971760200648052 0.014914843833874118 
0.01723986196362395 0.01631350368544678 0.032227062010036 0.03417242722997606 0.24722234486179226 0.009838054312308553 0.015357644972389301 0.01862473665872768 0.029210045352304707 0.01678613952146695 0.015038130832140222 0.0 0.014127126080952044 0.007990909764125845 0.031970121602872874 
0.011887548706469556 0.009817812064499729 0.0 0.2553353371278464 0.0253711132928054 0.025312970227567178 0.01208263435946105 0.01603277016033795 0.003286520005682277 0.020815561663177422 0.019366783040685582 0.02690572494772618 0.025709960198657907 0.02326423908971625 0.027135640499952797 
0.02184907014204069 0.018044936743088602 0.21644524387979427 0.017262730594137146 0.025056199030844394 0.029207425691004346 0.021355467047600198 0.02438250589075259 0.012533907912367909 0.0018268014212827247 0.019775689205024014 0.027473806738285138 0.019656407810889863 0.02036210334985681 0.027138114318873873 
0.02889272969107291 0.24586414379394064 0.026257110434771243 0.019685016794695805 0.028552551325962662 0.02477802206148841 0.0030649391294680288 0.011386723366715154 0.021361735001361036 0.006645114345982207 0.025409051507074492 0.012623785185441496 0.011159930228733801 0.015667709861780288 0.02384070917751504 
0.25855797257975904 0.022777490299836084 0.026885792607659508 0.028470183982979732 0.02997639401765695 0.0 0.003004614255631135 0.016994171914237216 0.02126195317779526 0.0025540871376654403 0.02504267325281035 0.018017150384150624 0.011135906447342478 0.01563398226412444 0.023301947966699384 
